-35.3429  0  0  166553  114637
-22.7765  0  0  -755326  -136103
-16.4934  0  0  76789.3  838643
-10.2102  0  0  -2.80077e+06  -1.43641e+06
-8.63938  0  0  -369614  874955
-7.06858  0  0  -4.2708e+06  -355845
-5.49779  0  0  -3.19728e+06  -936036
-3.92699  0  0  -2.71403e+06  -924383
-2.35619  0  0  -8.81459e+06  5.20434e+06
-0.785398  0  0  -7.34478e+06  2.90367e+06
0.785398  0  0  3.19245e+06  6.68853e+06
2.35619  0  0  2.65507e+06  1.01312e+07
3.92699  0  0  2.64108e+06  954109
5.49779  0  0  2.99806e+06  721172
7.06858  0  0  3.63233e+06  1.38111e+06
8.63938  0  0  299423  13437.1
10.2102  0  0  3.20468e+06  514519
16.4934  0  0  -347072  -45933.8
33.7721  0  0  348076  141522
62.0465  0  0  -177763  -177638
-35.3429  0  3.14159  8.59809e+06  -5.25222e+06
-22.7765  0  3.14159  -1.22084e+07  4.60059e+06
-16.4934  0  3.14159  2.07736e+07  2.22973e+06
-10.2102  0  3.14159  -6.05617e+07  8.24203e+06
-8.63938  0  3.14159  7.79019e+06  7.51034e+06
-7.06858  0  3.14159  -7.19372e+07  4.80757e+07
-5.49779  0  3.14159  -6.28383e+07  2.09225e+07
-3.92699  0  3.14159  -4.57423e+07  2.20017e+07
-2.35619  0  3.14159  -7.59895e+07  2.4708e+08
-0.785398  0  3.14159  -7.90484e+07  1.58484e+08
0.785398  0  3.14159  1.61441e+08  5.91142e+07
2.35619  0  3.14159  2.21202e+08  1.2107e+08
3.92699  0  3.14159  5.05336e+07  -1.189e+07
5.49779  0  3.14159  5.86169e+07  -2.71916e+07
7.06858  0  3.14159  8.5607e+07  -1.51455e+07
8.63938  0  3.14159  140688  1.02696e+07
10.2102  0  3.14159  5.13475e+07  -3.151e+07
16.4934  0  3.14159  -1.25212e+07  1.75616e+07
33.7721  0  3.14159  6.42749e+06  -1.19143e+06
62.0465  0  3.14159  -7.09162e+06  2.88699e+06
-35.3429  3.14159  0  8.59809e+06  -5.25222e+06
-22.7765  3.14159  0  -1.22084e+07  4.60059e+06
-16.4934  3.14159  0  2.07736e+07  2.22973e+06
-10.2102  3.14159  0  -6.05617e+07  8.24203e+06
-8.63938  3.14159  0  7.79019e+06  7.51034e+06
-7.06858  3.14159  0  -7.19372e+07  4.80757e+07
-5.49779  3.14159  0  -6.28383e+07  2.09225e+07
-3.92699  3.14159  0  -4.57423e+07  2.20017e+07
-2.35619  3.14159  0  -7.59895e+07  2.4708e+08
-0.785398  3.14159  0  -7.90484e+07  1.58484e+08
0.785398  3.14159  0  1.61441e+08  5.91142e+07
2.35619  3.14159  0  2.21202e+08  1.2107e+08
3.92699  3.14159  0  5.05336e+07  -1.189e+07
5.49779  3.14159  0  5.86169e+07  -2.71916e+07
7.06858  3.14159  0  8.5607e+07  -1.51455e+07
8.63938  3.14159  0  140688  1.02696e+07
10.2102  3.14159  0  5.13475e+07  -3.151e+07
16.4934  3.14159  0  -1.25212e+07  1.75616e+07
33.7721  3.14159  0  6.42749e+06  -1.19143e+06
62.0465  3.14159  0  -7.09162e+06  2.88699e+06
-35.3429  3.14159  3.14159  166666  115785
-22.7765  3.14159  3.14159  -753278  -133405
-16.4934  3.14159  3.14159  78143.9  839838
-10.2102  3.14159  3.14159  -2.79393e+06  -1.42383e+06
-8.63938  3.14159  3.14159  -369342  872486
-7.06858  3.14159  3.14159  -4.26306e+06  -350344
-5.49779  3.14159  3.14159  -3.18915e+06  -931927
-3.92699  3.14159  3.14159  -2.70667e+06  -913044
-2.35619  3.14159  3.14159  -8.79004e+06  5.18728e+06
-0.785398  3.14159  3.14159  -7.31493e+06  2.89423e+06
0.785398  3.14159  3.14159  3.2118e+06  6.6673e+06
2.35619  3.14159  3.14159  2.67475e+06  1.01147e+07
3.92699  3.14159  3.14159  2.63525e+06  940112
5.49779  3.14159  3.14159  2.99823e+06  713363
7.06858  3.14159  3.14159  3.62823e+06  1.37252e+06
8.63938  3.14159  3.14159  300926  14153.7
10.2102  3.14159  3.14159  3.19731e+06  502796
16.4934  3.14159  3.14159  -347125  -48535.1
33.7721  3.14159  3.14159  347774  140416
62.0465  3.14159  3.14159  -177358  -177290
