-35.3429  0  0  1.19139e-07  -5.10329e-06
-22.7765  0  0  5.89122e-07  -1.74715e-05
-16.4934  0  0  1.6663e-06  -4.10752e-05
-10.2102  0  0  5.74808e-06  -0.000130409
-8.63938  0  0  8.19951e-06  -0.00018676
-7.06858  0  0  1.22642e-05  -0.000276225
-5.49779  0  0  2.01898e-05  -0.000417252
-3.92699  0  0  3.87531e-05  -0.000612821
-2.35619  0  0  8.32478e-05  -0.000740601
-0.785398  0  0  0.000149785  -0.000397827
0.785398  0  0  0.000149786  0.000397827
2.35619  0  0  8.32477e-05  0.000740601
3.92699  0  0  3.87533e-05  0.000612821
5.49779  0  0  2.01899e-05  0.000417251
7.06858  0  0  1.22642e-05  0.000276225
8.63938  0  0  8.19962e-06  0.00018676
10.2102  0  0  5.74815e-06  0.000130409
16.4934  0  0  1.66622e-06  4.1075e-05
33.7721  0  0  1.41445e-07  5.81184e-06
62.0465  0  0  1.33721e-08  9.89315e-07
-35.3429  0  3.14159  -1.4959e-11  -5.04749e-06
-22.7765  0  3.14159  -4.11683e-11  -1.70238e-05
-16.4934  0  3.14159  -4.65925e-11  -3.91086e-05
-10.2102  0  3.14159  3.63237e-11  -0.000115692
-8.63938  0  3.14159  -6.10589e-10  -0.000160153
-7.06858  0  3.14159  -4.99609e-10  -0.000228152
-5.49779  0  3.14159  -8.17208e-10  -0.000338616
-3.92699  0  3.14159  -1.16264e-09  -0.000546107
-2.35619  0  3.14159  -3.52474e-09  -0.00113996
-0.785398  0  3.14159  -1.59068e-08  -0.0106242
0.785398  0  3.14159  -1.60315e-08  0.0106242
2.35619  0  3.14159  -3.41345e-09  0.00113996
3.92699  0  3.14159  -1.09744e-09  0.000546107
5.49779  0  3.14159  -7.64129e-10  0.000338616
7.06858  0  3.14159  -4.61086e-10  0.000228152
8.63938  0  3.14159  -5.84962e-10  0.000160153
10.2102  0  3.14159  4.35824e-11  0.000115691
16.4934  0  3.14159  -8.63786e-11  3.91085e-05
33.7721  0  3.14159  -3.90692e-11  5.74241e-06
62.0465  0  3.14159  -5.38018e-12  9.85725e-07
-35.3429  3.14159  0  -1.4959e-11  -5.04749e-06
-22.7765  3.14159  0  -4.11683e-11  -1.70238e-05
-16.4934  3.14159  0  -4.65925e-11  -3.91086e-05
-10.2102  3.14159  0  3.63237e-11  -0.000115692
-8.63938  3.14159  0  -6.10589e-10  -0.000160153
-7.06858  3.14159  0  -4.99609e-10  -0.000228152
-5.49779  3.14159  0  -8.17208e-10  -0.000338616
-3.92699  3.14159  0  -1.16264e-09  -0.000546107
-2.35619  3.14159  0  -3.52474e-09  -0.00113996
-0.785398  3.14159  0  -1.59068e-08  -0.0106242
0.785398  3.14159  0  -1.60315e-08  0.0106242
2.35619  3.14159  0  -3.41345e-09  0.00113996
3.92699  3.14159  0  -1.09744e-09  0.000546107
5.49779  3.14159  0  -7.64129e-10  0.000338616
7.06858  3.14159  0  -4.61086e-10  0.000228152
8.63938  3.14159  0  -5.84962e-10  0.000160153
10.2102  3.14159  0  4.35824e-11  0.000115691
16.4934  3.14159  0  -8.63786e-11  3.91085e-05
33.7721  3.14159  0  -3.90692e-11  5.74241e-06
62.0465  3.14159  0  -5.38018e-12  9.85725e-07
-35.3429  3.14159  3.14159  -1.19163e-07  -5.10329e-06
-22.7765  3.14159  3.14159  -5.89184e-07  -1.74715e-05
-16.4934  3.14159  3.14159  -1.66638e-06  -4.10752e-05
-10.2102  3.14159  3.14159  -5.74838e-06  -0.000130409
-8.63938  3.14159  3.14159  -8.19976e-06  -0.00018676
-7.06858  3.14159  3.14159  -1.22645e-05  -0.000276225
-5.49779  3.14159  3.14159  -2.01903e-05  -0.000417252
-3.92699  3.14159  3.14159  -3.87529e-05  -0.000612821
-2.35619  3.14159  3.14159  -8.32465e-05  -0.000740601
-0.785398  3.14159  3.14159  -0.000149791  -0.000397827
0.785398  3.14159  3.14159  -0.00014979  0.000397827
2.35619  3.14159  3.14159  -8.32466e-05  0.000740601
3.92699  3.14159  3.14159  -3.87527e-05  0.000612821
5.49779  3.14159  3.14159  -2.01902e-05  0.000417252
7.06858  3.14159  3.14159  -1.22644e-05  0.000276225
8.63938  3.14159  3.14159  -8.19963e-06  0.00018676
10.2102  3.14159  3.14159  -5.7483e-06  0.000130409
16.4934  3.14159  3.14159  -1.66644e-06  4.1075e-05
33.7721  3.14159  3.14159  -1.41516e-07  5.81184e-06
62.0465  3.14159  3.14159  -1.33867e-08  9.89315e-07
