-33.7721  0  0  -0.000391126  0.0072377
-16.4934  0  0  -0.00140487  0.0138921
-10.2102  0  0  -0.0028351  0.0200551
-7.06858  0  0  -0.00426555  0.0248502
-5.49779  0  0  -0.0052528  0.0275227
-3.92699  0  0  -0.00639481  0.0295626
-2.35619  0  0  -0.00753265  0.0284197
-0.785398  0  0  -0.00830714  0.0165568
0.785398  0  0  -0.00830714  -0.0165568
2.35619  0  0  -0.00753265  -0.0284197
3.92699  0  0  -0.00639481  -0.0295626
5.49779  0  0  -0.0052528  -0.0275227
7.06858  0  0  -0.00426555  -0.0248502
10.2102  0  0  -0.0028351  -0.0200551
16.4934  0  0  -0.00140487  -0.0138921
35.3429  0  0  -0.000358792  -0.00692923
-33.7721  0  3.14159  1.34338e-10  0.00723683
-16.4934  0  3.14159  5.96311e-19  0.0138679
-10.2102  0  3.14159  2.1684e-18  0.0199194
-7.06858  0  3.14159  6.50521e-19  0.0245293
-5.49779  0  3.14159  3.46945e-18  0.0271252
-3.92699  0  3.14159  -3.90313e-18  0.0294819
-2.35619  0  3.14159  -3.03577e-18  0.0306031
-0.785398  0  3.14159  -3.46945e-18  0.0270963
0.785398  0  3.14159  -3.46945e-18  -0.0270963
2.35619  0  3.14159  -3.03577e-18  -0.0306031
3.92699  0  3.14159  -3.90313e-18  -0.0294819
5.49779  0  3.14159  3.46945e-18  -0.0271252
7.06858  0  3.14159  6.50521e-19  -0.0245293
10.2102  0  3.14159  2.1684e-18  -0.0199194
16.4934  0  3.14159  5.96311e-19  -0.0138679
35.3429  0  3.14159  -1.21996e-10  -0.00692855
-33.7721  3.14159  0  1.34338e-10  0.00723683
-16.4934  3.14159  0  5.96311e-19  0.0138679
-10.2102  3.14159  0  2.1684e-18  0.0199194
-7.06858  3.14159  0  6.50521e-19  0.0245293
-5.49779  3.14159  0  3.46945e-18  0.0271252
-3.92699  3.14159  0  -3.90313e-18  0.0294819
-2.35619  3.14159  0  -3.03577e-18  0.0306031
-0.785398  3.14159  0  -3.46945e-18  0.0270963
0.785398  3.14159  0  -3.46945e-18  -0.0270963
2.35619  3.14159  0  -3.03577e-18  -0.0306031
3.92699  3.14159  0  -3.90313e-18  -0.0294819
5.49779  3.14159  0  3.46945e-18  -0.0271252
7.06858  3.14159  0  6.50521e-19  -0.0245293
10.2102  3.14159  0  2.1684e-18  -0.0199194
16.4934  3.14159  0  5.96311e-19  -0.0138679
35.3429  3.14159  0  -1.21996e-10  -0.00692855
-33.7721  3.14159  3.14159  0.00039112  0.00723769
-16.4934  3.14159  3.14159  0.00140486  0.0138921
-10.2102  3.14159  3.14159  0.0028351  0.0200551
-7.06858  3.14159  3.14159  0.00426555  0.0248502
-5.49779  3.14159  3.14159  0.00525279  0.0275227
-3.92699  3.14159  3.14159  0.00639479  0.0295626
-2.35619  3.14159  3.14159  0.00753263  0.0284197
-0.785398  3.14159  3.14159  0.00830705  0.0165568
0.785398  3.14159  3.14159  0.00830705  -0.0165568
2.35619  3.14159  3.14159  0.00753263  -0.0284197
3.92699  3.14159  3.14159  0.00639479  -0.0295626
5.49779  3.14159  3.14159  0.00525279  -0.0275227
7.06858  3.14159  3.14159  0.00426555  -0.0248502
10.2102  3.14159  3.14159  0.0028351  -0.0200551
16.4934  3.14159  3.14159  0.00140486  -0.0138921
35.3429  3.14159  3.14159  0.000358787  -0.00692922
