-33.7721  0  0  -0.000390988  0.00723734
-16.4934  0  0  -0.00140433  0.0138892
-10.2102  0  0  -0.00283383  0.0200446
-7.06858  0  0  -0.00426325  0.0248244
-5.49779  0  0  -0.00524949  0.0274786
-3.92699  0  0  -0.00638979  0.0294825
-2.35619  0  0  -0.00752479  0.028274
-0.785398  0  0  -0.00829601  0.0163711
0.785398  0  0  -0.00829601  -0.0163711
2.35619  0  0  -0.00752479  -0.028274
3.92699  0  0  -0.00638979  -0.0294825
5.49779  0  0  -0.00524949  -0.0274786
7.06858  0  0  -0.00426325  -0.0248244
10.2102  0  0  -0.00283383  -0.0200446
16.4934  0  0  -0.00140433  -0.0138892
35.3429  0  0  -0.000358666  -0.00692892
-33.7721  0  3.14159  1.32835e-10  0.00723648
-16.4934  0  3.14159  -1.35525e-18  0.0138652
-10.2102  0  3.14159  -1.19262e-18  0.0199102
-7.06858  0  3.14159  -2.1684e-18  0.0245086
-5.49779  0  3.14159  -2.27682e-18  0.0270914
-3.92699  0  3.14159  -1.21431e-17  0.0294209
-2.35619  0  3.14159  -6.07153e-18  0.0304648
-0.785398  0  3.14159  -4.33681e-18  0.0265589
0.785398  0  3.14159  -4.33681e-18  -0.0265589
2.35619  0  3.14159  -6.07153e-18  -0.0304648
3.92699  0  3.14159  -1.21431e-17  -0.0294209
5.49779  0  3.14159  -2.27682e-18  -0.0270914
7.06858  0  3.14159  -2.1684e-18  -0.0245086
10.2102  0  3.14159  -1.19262e-18  -0.0199102
16.4934  0  3.14159  -1.35525e-18  -0.0138652
35.3429  0  3.14159  -1.24235e-10  -0.00692824
-33.7721  3.14159  0  1.32835e-10  0.00723648
-16.4934  3.14159  0  -1.35525e-18  0.0138652
-10.2102  3.14159  0  -1.19262e-18  0.0199102
-7.06858  3.14159  0  -2.1684e-18  0.0245086
-5.49779  3.14159  0  -2.27682e-18  0.0270914
-3.92699  3.14159  0  -1.21431e-17  0.0294209
-2.35619  3.14159  0  -6.07153e-18  0.0304648
-0.785398  3.14159  0  -4.33681e-18  0.0265589
0.785398  3.14159  0  -4.33681e-18  -0.0265589
2.35619  3.14159  0  -6.07153e-18  -0.0304648
3.92699  3.14159  0  -1.21431e-17  -0.0294209
5.49779  3.14159  0  -2.27682e-18  -0.0270914
7.06858  3.14159  0  -2.1684e-18  -0.0245086
10.2102  3.14159  0  -1.19262e-18  -0.0199102
16.4934  3.14159  0  -1.35525e-18  -0.0138652
35.3429  3.14159  0  -1.24235e-10  -0.00692824
-33.7721  3.14159  3.14159  0.000390983  0.00723733
-16.4934  3.14159  3.14159  0.00140432  0.0138892
-10.2102  3.14159  3.14159  0.00283383  0.0200446
-7.06858  3.14159  3.14159  0.00426326  0.0248244
-5.49779  3.14159  3.14159  0.00524949  0.0274786
-3.92699  3.14159  3.14159  0.00638979  0.0294825
-2.35619  3.14159  3.14159  0.0075248  0.028274
-0.785398  3.14159  3.14159  0.00829599  0.0163711
0.785398  3.14159  3.14159  0.00829599  -0.0163711
2.35619  3.14159  3.14159  0.0075248  -0.028274
3.92699  3.14159  3.14159  0.00638979  -0.0294825
5.49779  3.14159  3.14159  0.00524949  -0.0274786
7.06858  3.14159  3.14159  0.00426326  -0.0248244
10.2102  3.14159  3.14159  0.00283383  -0.0200446
16.4934  3.14159  3.14159  0.00140432  -0.0138892
35.3429  3.14159  3.14159  0.000358662  -0.0069289
