-33.7721  0  0  0.00221471  0.0294239
-16.4934  0  0  0.00906925  0.0590727
-10.2102  0  0  0.022571  0.0917157
-7.06858  0  0  0.0436271  0.12425
-5.49779  0  0  0.0661939  0.148633
-3.92699  0  0  0.10893  0.179511
-2.35619  0  0  0.196938  0.207546
-0.785398  0  0  0.375903  0.163436
0.785398  0  0  0.375903  -0.163436
2.35619  0  0  0.196938  -0.207546
3.92699  0  0  0.10893  -0.179511
5.49779  0  0  0.0661939  -0.148633
7.06858  0  0  0.0436271  -0.12425
10.2102  0  0  0.022571  -0.0917157
16.4934  0  0  0.00906925  -0.0590727
35.3429  0  0  0.00202355  -0.0281315
-33.7721  0  3.14159  4.54045e-10  0.0295905
-16.4934  0  3.14159  -4.33681e-18  0.0604621
-10.2102  0  3.14159  1.73472e-18  0.0972404
-7.06858  0  3.14159  3.46945e-18  0.1394
-5.49779  0  3.14159  -1.04083e-17  0.177595
-3.92699  0  3.14159  1.04083e-17  0.243479
-2.35619  0  3.14159  6.93889e-18  0.380484
-0.785398  0  3.14159  0  0.792372
0.785398  0  3.14159  0  -0.792372
2.35619  0  3.14159  6.93889e-18  -0.380484
3.92699  0  3.14159  1.04083e-17  -0.243479
5.49779  0  3.14159  -1.04083e-17  -0.177595
7.06858  0  3.14159  3.46945e-18  -0.1394
10.2102  0  3.14159  1.73472e-18  -0.0972404
16.4934  0  3.14159  -4.33681e-18  -0.0604621
35.3429  0  3.14159  -4.21274e-10  -0.028277
-33.7721  3.14159  0  4.54045e-10  0.0295905
-16.4934  3.14159  0  -3.03577e-18  0.0604621
-10.2102  3.14159  0  4.33681e-18  0.0972404
-7.06858  3.14159  0  5.20417e-18  0.1394
-5.49779  3.14159  0  1.73472e-18  0.177595
-3.92699  3.14159  0  -2.42861e-17  0.243479
-2.35619  3.14159  0  -2.08167e-17  0.380484
-0.785398  3.14159  0  1.94289e-16  0.792372
0.785398  3.14159  0  1.94289e-16  -0.792372
2.35619  3.14159  0  -2.08167e-17  -0.380484
3.92699  3.14159  0  -2.42861e-17  -0.243479
5.49779  3.14159  0  1.73472e-18  -0.177595
7.06858  3.14159  0  5.20417e-18  -0.1394
10.2102  3.14159  0  4.33681e-18  -0.0972404
16.4934  3.14159  0  -3.03577e-18  -0.0604621
35.3429  3.14159  0  -4.21274e-10  -0.028277
-33.7721  3.14159  3.14159  -0.00221471  0.0294239
-16.4934  3.14159  3.14159  -0.00906925  0.0590727
-10.2102  3.14159  3.14159  -0.022571  0.0917157
-7.06858  3.14159  3.14159  -0.0436271  0.12425
-5.49779  3.14159  3.14159  -0.0661939  0.148633
-3.92699  3.14159  3.14159  -0.10893  0.179511
-2.35619  3.14159  3.14159  -0.196938  0.207546
-0.785398  3.14159  3.14159  -0.375903  0.163436
0.785398  3.14159  3.14159  -0.375903  -0.163436
2.35619  3.14159  3.14159  -0.196938  -0.207546
3.92699  3.14159  3.14159  -0.10893  -0.179511
5.49779  3.14159  3.14159  -0.0661939  -0.148633
7.06858  3.14159  3.14159  -0.0436271  -0.12425
10.2102  3.14159  3.14159  -0.022571  -0.0917157
16.4934  3.14159  3.14159  -0.00906925  -0.0590727
35.3429  3.14159  3.14159  -0.00202355  -0.0281315
