-33.7721  0  0  -0.000390999  0.00723738
-16.4934  0  0  -0.00140437  0.0138895
-10.2102  0  0  -0.00283394  0.0200456
-7.06858  0  0  -0.00426344  0.0248268
-5.49779  0  0  -0.00524977  0.0274827
-3.92699  0  0  -0.00639021  0.02949
-2.35619  0  0  -0.00752546  0.0282876
-0.785398  0  0  -0.00829697  0.0163883
0.785398  0  0  -0.00829697  -0.0163883
2.35619  0  0  -0.00752546  -0.0282876
3.92699  0  0  -0.00639021  -0.02949
5.49779  0  0  -0.00524977  -0.0274827
7.06858  0  0  -0.00426344  -0.0248268
10.2102  0  0  -0.00283394  -0.0200456
16.4934  0  0  -0.00140437  -0.0138895
35.3429  0  0  -0.000358677  -0.00692895
-33.7721  0  3.14159  1.32974e-10  0.00723651
-16.4934  0  3.14159  -4.33681e-19  0.0138654
-10.2102  0  3.14159  -7.58942e-19  0.0199111
-7.06858  0  3.14159  1.40946e-18  0.0245105
-5.49779  0  3.14159  -2.1684e-18  0.0270945
-3.92699  0  3.14159  -5.42101e-18  0.0294266
-2.35619  0  3.14159  8.67362e-19  0.0304777
-0.785398  0  3.14159  2.0383e-17  0.0266091
0.785398  0  3.14159  2.0383e-17  -0.0266091
2.35619  0  3.14159  8.67362e-19  -0.0304777
3.92699  0  3.14159  -5.42101e-18  -0.0294266
5.49779  0  3.14159  -2.1684e-18  -0.0270945
7.06858  0  3.14159  1.40946e-18  -0.0245105
10.2102  0  3.14159  -7.58942e-19  -0.0199111
16.4934  0  3.14159  -4.33681e-19  -0.0138654
35.3429  0  3.14159  -1.24022e-10  -0.00692826
-33.7721  3.14159  0  1.32974e-10  0.00723651
-16.4934  3.14159  0  -4.33681e-19  0.0138654
-10.2102  3.14159  0  -7.58942e-19  0.0199111
-7.06858  3.14159  0  1.40946e-18  0.0245105
-5.49779  3.14159  0  -2.1684e-18  0.0270945
-3.92699  3.14159  0  -5.42101e-18  0.0294266
-2.35619  3.14159  0  8.67362e-19  0.0304777
-0.785398  3.14159  0  2.0383e-17  0.0266091
0.785398  3.14159  0  2.0383e-17  -0.0266091
2.35619  3.14159  0  8.67362e-19  -0.0304777
3.92699  3.14159  0  -5.42101e-18  -0.0294266
5.49779  3.14159  0  -2.1684e-18  -0.0270945
7.06858  3.14159  0  1.40946e-18  -0.0245105
10.2102  3.14159  0  -7.58942e-19  -0.0199111
16.4934  3.14159  0  -4.33681e-19  -0.0138654
35.3429  3.14159  0  -1.24022e-10  -0.00692826
-33.7721  3.14159  3.14159  0.000390994  0.00723736
-16.4934  3.14159  3.14159  0.00140437  0.0138895
-10.2102  3.14159  3.14159  0.00283394  0.0200456
-7.06858  3.14159  3.14159  0.00426345  0.0248268
-5.49779  3.14159  3.14159  0.00524977  0.0274827
-3.92699  3.14159  3.14159  0.00639021  0.02949
-2.35619  3.14159  3.14159  0.00752546  0.0282876
-0.785398  3.14159  3.14159  0.00829695  0.0163883
0.785398  3.14159  3.14159  0.00829695  -0.0163883
2.35619  3.14159  3.14159  0.00752546  -0.0282876
3.92699  3.14159  3.14159  0.00639021  -0.02949
5.49779  3.14159  3.14159  0.00524977  -0.0274827
7.06858  3.14159  3.14159  0.00426345  -0.0248268
10.2102  3.14159  3.14159  0.00283394  -0.0200456
16.4934  3.14159  3.14159  0.00140437  -0.0138895
35.3429  3.14159  3.14159  0.000358672  -0.00692893
