-33.7721  0  0  -0.000390989  0.00723735
-16.4934  0  0  -0.00140433  0.0138893
-10.2102  0  0  -0.00283384  0.0200447
-7.06858  0  0  -0.00426327  0.0248247
-5.49779  0  0  -0.00524951  0.0274789
-3.92699  0  0  -0.00638982  0.0294832
-2.35619  0  0  -0.00752485  0.0282753
-0.785398  0  0  -0.00829609  0.0163727
0.785398  0  0  -0.00829609  -0.0163727
2.35619  0  0  -0.00752485  -0.0282753
3.92699  0  0  -0.00638982  -0.0294832
5.49779  0  0  -0.00524951  -0.0274789
7.06858  0  0  -0.00426327  -0.0248247
10.2102  0  0  -0.00283384  -0.0200447
16.4934  0  0  -0.00140433  -0.0138893
35.3429  0  0  -0.000358667  -0.00692892
-33.7721  0  3.14159  1.32848e-10  0.00723648
-16.4934  0  3.14159  3.25261e-19  0.0138652
-10.2102  0  3.14159  1.19262e-18  0.0199103
-7.06858  0  3.14159  -2.1684e-18  0.0245087
-5.49779  0  3.14159  -3.25261e-18  0.0270917
-3.92699  0  3.14159  -4.55365e-18  0.0294214
-2.35619  0  3.14159  -1.0842e-18  0.030466
-0.785398  0  3.14159  1.30104e-18  0.0265636
0.785398  0  3.14159  1.30104e-18  -0.0265636
2.35619  0  3.14159  -1.0842e-18  -0.030466
3.92699  0  3.14159  -4.55365e-18  -0.0294214
5.49779  0  3.14159  -3.25261e-18  -0.0270917
7.06858  0  3.14159  -2.1684e-18  -0.0245087
10.2102  0  3.14159  1.19262e-18  -0.0199103
16.4934  0  3.14159  3.25261e-19  -0.0138652
35.3429  0  3.14159  -1.24215e-10  -0.00692824
-33.7721  3.14159  0  1.32848e-10  0.00723648
-16.4934  3.14159  0  3.25261e-19  0.0138652
-10.2102  3.14159  0  1.19262e-18  0.0199103
-7.06858  3.14159  0  -2.1684e-18  0.0245087
-5.49779  3.14159  0  -3.25261e-18  0.0270917
-3.92699  3.14159  0  -4.55365e-18  0.0294214
-2.35619  3.14159  0  -1.0842e-18  0.030466
-0.785398  3.14159  0  1.30104e-18  0.0265636
0.785398  3.14159  0  1.30104e-18  -0.0265636
2.35619  3.14159  0  -1.0842e-18  -0.030466
3.92699  3.14159  0  -4.55365e-18  -0.0294214
5.49779  3.14159  0  -3.25261e-18  -0.0270917
7.06858  3.14159  0  -2.1684e-18  -0.0245087
10.2102  3.14159  0  1.19262e-18  -0.0199103
16.4934  3.14159  0  3.25261e-19  -0.0138652
35.3429  3.14159  0  -1.24215e-10  -0.00692824
-33.7721  3.14159  3.14159  0.000390984  0.00723733
-16.4934  3.14159  3.14159  0.00140433  0.0138893
-10.2102  3.14159  3.14159  0.00283384  0.0200447
-7.06858  3.14159  3.14159  0.00426327  0.0248247
-5.49779  3.14159  3.14159  0.00524951  0.0274789
-3.92699  3.14159  3.14159  0.00638982  0.0294832
-2.35619  3.14159  3.14159  0.00752485  0.0282753
-0.785398  3.14159  3.14159  0.00829607  0.0163727
0.785398  3.14159  3.14159  0.00829607  -0.0163727
2.35619  3.14159  3.14159  0.00752485  -0.0282753
3.92699  3.14159  3.14159  0.00638982  -0.0294832
5.49779  3.14159  3.14159  0.00524951  -0.0274789
7.06858  3.14159  3.14159  0.00426327  -0.0248247
10.2102  3.14159  3.14159  0.00283384  -0.0200447
16.4934  3.14159  3.14159  0.00140433  -0.0138893
35.3429  3.14159  3.14159  0.000358662  -0.00692891
