-33.7721  0  0  -0.000390988  0.00723734
-16.4934  0  0  -0.00140433  0.0138892
-10.2102  0  0  -0.00283383  0.0200446
-7.06858  0  0  -0.00426326  0.0248245
-5.49779  0  0  -0.0052495  0.0274787
-3.92699  0  0  -0.0063898  0.0294827
-2.35619  0  0  -0.00752481  0.0282744
-0.785398  0  0  -0.00829603  0.0163715
0.785398  0  0  -0.00829603  -0.0163715
2.35619  0  0  -0.00752481  -0.0282744
3.92699  0  0  -0.0063898  -0.0294827
5.49779  0  0  -0.0052495  -0.0274787
7.06858  0  0  -0.00426326  -0.0248245
10.2102  0  0  -0.00283383  -0.0200446
16.4934  0  0  -0.00140433  -0.0138892
35.3429  0  0  -0.000358667  -0.00692892
-33.7721  0  3.14159  1.32839e-10  0.00723648
-16.4934  0  3.14159  1.0842e-19  0.0138652
-10.2102  0  3.14159  5.42101e-19  0.0199103
-7.06858  0  3.14159  -4.33681e-19  0.0245086
-5.49779  0  3.14159  -3.36103e-18  0.0270915
-3.92699  0  3.14159  -3.68629e-18  0.029421
-2.35619  0  3.14159  0  0.0304652
-0.785398  0  3.14159  7.37257e-18  0.0265604
0.785398  0  3.14159  7.37257e-18  -0.0265604
2.35619  0  3.14159  0  -0.0304652
3.92699  0  3.14159  -3.68629e-18  -0.029421
5.49779  0  3.14159  -3.36103e-18  -0.0270915
7.06858  0  3.14159  -4.33681e-19  -0.0245086
10.2102  0  3.14159  5.42101e-19  -0.0199103
16.4934  0  3.14159  1.0842e-19  -0.0138652
35.3429  0  3.14159  -1.24229e-10  -0.00692824
-33.7721  3.14159  0  1.32839e-10  0.00723648
-16.4934  3.14159  0  1.0842e-19  0.0138652
-10.2102  3.14159  0  5.42101e-19  0.0199103
-7.06858  3.14159  0  -4.33681e-19  0.0245086
-5.49779  3.14159  0  -3.36103e-18  0.0270915
-3.92699  3.14159  0  -3.68629e-18  0.029421
-2.35619  3.14159  0  0  0.0304652
-0.785398  3.14159  0  7.37257e-18  0.0265604
0.785398  3.14159  0  7.37257e-18  -0.0265604
2.35619  3.14159  0  0  -0.0304652
3.92699  3.14159  0  -3.68629e-18  -0.029421
5.49779  3.14159  0  -3.36103e-18  -0.0270915
7.06858  3.14159  0  -4.33681e-19  -0.0245086
10.2102  3.14159  0  5.42101e-19  -0.0199103
16.4934  3.14159  0  1.0842e-19  -0.0138652
35.3429  3.14159  0  -1.24229e-10  -0.00692824
-33.7721  3.14159  3.14159  0.000390983  0.00723733
-16.4934  3.14159  3.14159  0.00140432  0.0138892
-10.2102  3.14159  3.14159  0.00283383  0.0200446
-7.06858  3.14159  3.14159  0.00426326  0.0248245
-5.49779  3.14159  3.14159  0.0052495  0.0274787
-3.92699  3.14159  3.14159  0.0063898  0.0294827
-2.35619  3.14159  3.14159  0.00752481  0.0282744
-0.785398  3.14159  3.14159  0.00829601  0.0163715
0.785398  3.14159  3.14159  0.00829601  -0.0163715
2.35619  3.14159  3.14159  0.00752481  -0.0282744
3.92699  3.14159  3.14159  0.0063898  -0.0294827
5.49779  3.14159  3.14159  0.0052495  -0.0274787
7.06858  3.14159  3.14159  0.00426326  -0.0248245
10.2102  3.14159  3.14159  0.00283383  -0.0200446
16.4934  3.14159  3.14159  0.00140432  -0.0138892
35.3429  3.14159  3.14159  0.000358662  -0.0069289
