-54.6637  0  0  -5.70987e-05  0.00252013
-27.0177  0  0  -0.000257286  0.00510233
-13.1947  0  0  -0.00112301  0.0100954
-10.6814  0  0  -0.00162296  0.0120594
-8.16814  0  0  -0.00242304  0.0146504
-6.9115  0  0  -0.00298696  0.0161392
-5.65487  0  0  -0.00368947  0.0175562
-4.39823  0  0  -0.0045394  0.0184112
-3.14159  0  0  -0.00549735  0.0176348
-1.88496  0  0  -0.00642899  0.0135672
-0.628319  0  0  -0.00707525  0.00523676
0.628319  0  0  -0.00706881  -0.00523905
1.88496  0  0  -0.00642858  -0.0135678
3.14159  0  0  -0.00550018  -0.017634
4.39823  0  0  -0.00454162  -0.0184094
5.65487  0  0  -0.00369081  -0.0175548
6.9115  0  0  -0.00298684  -0.0161364
8.16814  0  0  -0.00242308  -0.014647
10.6814  0  0  -0.00162674  -0.0120548
15.708  0  0  -0.000808475  -0.00861697
33.3009  0  0  -0.000164175  -0.00413888
-54.6637  0  3.14159  7.75094e-07  0.00252515
-27.0177  0  3.14159  -3.93299e-07  0.00513429
-13.1947  0  3.14159  -5.21447e-06  0.0102664
-10.6814  0  3.14159  -6.62712e-06  0.0123103
-8.16814  0  3.14159  -8.76677e-06  0.0151163
-6.9115  0  3.14159  -1.25997e-05  0.0169279
-5.65487  0  3.14159  -1.90273e-05  0.0191414
-4.39823  0  3.14159  -3.19877e-05  0.0219902
-3.14159  0  3.14159  -5.17109e-05  0.0257904
-1.88496  0  3.14159  -8.20048e-05  0.0283423
-0.628319  0  3.14159  -0.000102427  0.0167234
0.628319  0  3.14159  -0.00010149  -0.016724
1.88496  0  3.14159  -8.59803e-05  -0.0283425
3.14159  0  3.14159  -5.40587e-05  -0.0257899
4.39823  0  3.14159  -3.37821e-05  -0.0219896
5.65487  0  3.14159  -2.17744e-05  -0.0191402
6.9115  0  3.14159  -1.64756e-05  -0.0169275
8.16814  0  3.14159  -1.21404e-05  -0.0151144
10.6814  0  3.14159  -6.1229e-06  -0.0123037
15.708  0  3.14159  -4.17216e-06  -0.00873336
33.3009  0  3.14159  -3.02976e-06  -0.00415449
-54.6637  3.14159  0  7.75094e-07  0.00252515
-27.0177  3.14159  0  -3.93299e-07  0.00513429
-13.1947  3.14159  0  -5.21447e-06  0.0102664
-10.6814  3.14159  0  -6.62712e-06  0.0123103
-8.16814  3.14159  0  -8.76677e-06  0.0151163
-6.9115  3.14159  0  -1.25997e-05  0.0169279
-5.65487  3.14159  0  -1.90273e-05  0.0191414
-4.39823  3.14159  0  -3.19877e-05  0.0219902
-3.14159  3.14159  0  -5.17109e-05  0.0257904
-1.88496  3.14159  0  -8.20048e-05  0.0283423
-0.628319  3.14159  0  -0.000102427  0.0167234
0.628319  3.14159  0  -0.00010149  -0.016724
1.88496  3.14159  0  -8.59803e-05  -0.0283425
3.14159  3.14159  0  -5.40587e-05  -0.0257899
4.39823  3.14159  0  -3.37821e-05  -0.0219896
5.65487  3.14159  0  -2.17744e-05  -0.0191402
6.9115  3.14159  0  -1.64756e-05  -0.0169275
8.16814  3.14159  0  -1.21404e-05  -0.0151144
10.6814  3.14159  0  -6.1229e-06  -0.0123037
15.708  3.14159  0  -4.17216e-06  -0.00873336
33.3009  3.14159  0  -3.02976e-06  -0.00415449
-54.6637  3.14159  3.14159  5.66504e-05  0.00251954
-27.0177  3.14159  3.14159  0.00025577  0.00510141
-13.1947  3.14159  3.14159  0.00111854  0.0100953
-10.6814  3.14159  3.14159  0.00161451  0.0120599
-8.16814  3.14159  3.14159  0.00240326  0.0146525
-6.9115  3.14159  3.14159  0.00295873  0.0161428
-5.65487  3.14159  3.14159  0.00365182  0.017562
-4.39823  3.14159  3.14159  0.00448992  0.0184177
-3.14159  3.14159  3.14159  0.00543436  0.0176409
-1.88496  3.14159  3.14159  0.00633223  0.0135734
-0.628319  3.14159  3.14159  0.00687964  0.00523635
0.628319  3.14159  3.14159  0.00688624  -0.00524033
1.88496  3.14159  3.14159  0.00633182  -0.013574
3.14159  3.14159  3.14159  0.0054315  -0.0176406
4.39823  3.14159  3.14159  0.00448792  -0.0184171
5.65487  3.14159  3.14159  0.00365044  -0.0175615
6.9115  3.14159  3.14159  0.00295833  -0.0161411
8.16814  3.14159  3.14159  0.00240283  -0.0146502
10.6814  3.14159  3.14159  0.00161247  -0.0120571
15.708  3.14159  3.14159  0.000799981  -0.00861887
33.3009  3.14159  3.14159  0.000161396  -0.00413913
