-54.6637  0  0  -8.95816e-51  -3.92706e-50
-27.0177  0  0  1.49005e-50  -5.59486e-50
-13.1947  0  0  4.68788e-50  -6.27454e-50
-10.6814  0  0  5.44741e-50  -6.41597e-50
-8.16814  0  0  7.2477e-50  -6.76947e-50
-6.9115  0  0  4.11828e-50  -5.34707e-50
-5.65487  0  0  6.36643e-50  -4.81599e-50
-4.39823  0  0  6.02447e-50  -5.96975e-50
-3.14159  0  0  4.86198e-50  -6.79115e-50
-1.88496  0  0  9.12491e-50  -8.27328e-50
-0.628319  0  0  1.62688e-49  2.56827e-50
0.628319  0  0  1.05243e-50  5.0475e-50
1.88496  0  0  2.58602e-50  -7.15975e-50
3.14159  0  0  7.41221e-50  -7.00095e-50
4.39823  0  0  6.77348e-50  -6.1468e-50
5.65487  0  0  6.80096e-50  -5.67912e-50
6.9115  0  0  8.64113e-50  -6.2441e-50
8.16814  0  0  5.26366e-50  -6.51732e-50
10.6814  0  0  6.98755e-50  -6.37701e-50
15.708  0  0  8.03286e-50  -6.38643e-50
33.3009  0  0  9.26099e-50  -5.75692e-50
-54.6637  0  3.14159  4.39005e-50  2.44415e-50
-27.0177  0  3.14159  4.45214e-50  5.83825e-50
-13.1947  0  3.14159  6.59676e-51  8.98702e-50
-10.6814  0  3.14159  -3.79879e-51  9.70001e-50
-8.16814  0  3.14159  -3.37603e-50  1.16411e-49
-6.9115  0  3.14159  1.9596e-50  7.11464e-50
-5.65487  0  3.14159  -2.30795e-50  7.41433e-50
-4.39823  0  3.14159  -1.18418e-50  9.242e-50
-3.14159  0  3.14159  1.9886e-50  1.03663e-49
-1.88496  0  3.14159  -5.72773e-50  1.55506e-49
-0.628319  0  3.14159  -2.57036e-49  -2.97685e-50
0.628319  0  3.14159  3.16415e-50  -1.68179e-49
1.88496  0  3.14159  7.17691e-50  9.54277e-50
3.14159  0  3.14159  -2.11108e-50  1.2399e-49
4.39823  0  3.14159  -1.07906e-50  9.99096e-50
5.65487  0  3.14159  -1.59615e-50  9.04215e-50
6.9115  0  3.14159  -4.49255e-50  1.14341e-49
8.16814  0  3.14159  2.39807e-50  9.9776e-50
10.6814  0  3.14159  -8.32553e-51  1.0827e-49
15.708  0  3.14159  -2.28344e-50  1.15728e-49
33.3009  0  3.14159  -3.53689e-50  1.18047e-49
-54.6637  3.14159  0  4.39005e-50  2.44415e-50
-27.0177  3.14159  0  4.45214e-50  5.83825e-50
-13.1947  3.14159  0  6.59676e-51  8.98702e-50
-10.6814  3.14159  0  -3.79879e-51  9.70001e-50
-8.16814  3.14159  0  -3.37603e-50  1.16411e-49
-6.9115  3.14159  0  1.9596e-50  7.11464e-50
-5.65487  3.14159  0  -2.30795e-50  7.41433e-50
-4.39823  3.14159  0  -1.18418e-50  9.242e-50
-3.14159  3.14159  0  1.9886e-50  1.03663e-49
-1.88496  3.14159  0  -5.72773e-50  1.55506e-49
-0.628319  3.14159  0  -2.57036e-49  -2.97685e-50
0.628319  3.14159  0  3.16415e-50  -1.68179e-49
1.88496  3.14159  0  7.17691e-50  9.54277e-50
3.14159  3.14159  0  -2.11108e-50  1.2399e-49
4.39823  3.14159  0  -1.07906e-50  9.99096e-50
5.65487  3.14159  0  -1.59615e-50  9.04215e-50
6.9115  3.14159  0  -4.49255e-50  1.14341e-49
8.16814  3.14159  0  2.39807e-50  9.9776e-50
10.6814  3.14159  0  -8.32553e-51  1.0827e-49
15.708  3.14159  0  -2.28344e-50  1.15728e-49
33.3009  3.14159  0  -3.53689e-50  1.18047e-49
-54.6637  3.14159  3.14159  -8.94588e-51  -3.92765e-50
-27.0177  3.14159  3.14159  1.4929e-50  -5.59771e-50
-13.1947  3.14159  3.14159  4.68133e-50  -6.28164e-50
-10.6814  3.14159  3.14159  5.44402e-50  -6.41928e-50
-8.16814  3.14159  3.14159  7.24591e-50  -6.78235e-50
-6.9115  3.14159  3.14159  4.11659e-50  -5.36285e-50
-5.65487  3.14159  3.14159  6.36505e-50  -4.83731e-50
-4.39823  3.14159  3.14159  6.04485e-50  -6.00273e-50
-3.14159  3.14159  3.14159  4.87752e-50  -6.81359e-50
-1.88496  3.14159  3.14159  9.12021e-50  -8.28619e-50
-0.628319  3.14159  3.14159  1.62727e-49  2.54197e-50
0.628319  3.14159  3.14159  1.04242e-50  5.0304e-50
1.88496  3.14159  3.14159  2.56694e-50  -7.18927e-50
3.14159  3.14159  3.14159  7.39625e-50  -7.03097e-50
4.39823  3.14159  3.14159  6.75974e-50  -6.1741e-50
5.65487  3.14159  3.14159  6.80295e-50  -5.69202e-50
6.9115  3.14159  3.14159  8.64263e-50  -6.25047e-50
8.16814  3.14159  3.14159  5.26407e-50  -6.51789e-50
10.6814  3.14159  3.14159  6.98662e-50  -6.37685e-50
15.708  3.14159  3.14159  8.03636e-50  -6.38785e-50
33.3009  3.14159  3.14159  9.2621e-50  -5.75713e-50
