-54.6637  0  0  -4.10531  -2.39225
-27.0177  0  0  13.186  2.1437
-13.1947  0  0  46.3212  55.5304
-10.6814  0  0  13.8575  -45.0262
-8.16814  0  0  43.8274  12.6066
-6.9115  0  0  119.896  202.878
-5.65487  0  0  46.346  148.329
-4.39823  0  0  -40.8077  14.2668
-3.14159  0  0  45.2501  -96.3193
-1.88496  0  0  44.9052  1.29461
-0.628319  0  0  -86.5287  112.091
0.628319  0  0  -156.78  -47.6502
1.88496  0  0  37.0963  74.3858
3.14159  0  0  22.0388  -59.1514
4.39823  0  0  -17.3577  69.77
5.65487  0  0  -66.5154  -135.316
6.9115  0  0  -136.815  -182.571
8.16814  0  0  -48.0712  -12.7806
10.6814  0  0  -17.6768  -4.81652
15.708  0  0  20.8931  -22.7067
33.3009  0  0  -1.56265  6.21481
-54.6637  0  3.14159  -1.21113  -0.156417
-27.0177  0  3.14159  0.753697  -5.83766
-13.1947  0  3.14159  36.3992  33.0505
-10.6814  0  3.14159  -34.9641  -21.9432
-8.16814  0  3.14159  -2.44035  -11.9225
-6.9115  0  3.14159  132.948  117.494
-5.65487  0  3.14159  102.496  114.709
-4.39823  0  3.14159  -31.0596  -4.45084
-3.14159  0  3.14159  -30.7174  -40.6656
-1.88496  0  3.14159  28.0197  -78.8326
-0.628319  0  3.14159  -36.598  153.38
0.628319  0  3.14159  -152.936  44.0235
1.88496  0  3.14159  90.9639  -3.4556
3.14159  0  3.14159  7.78963  8.59271
4.39823  0  3.14159  20.8022  37.1954
5.65487  0  3.14159  -114.162  -94.575
6.9115  0  3.14159  -138.392  -107.577
8.16814  0  3.14159  -2.33308  14.7384
10.6814  0  3.14159  3.79648  34.0216
15.708  0  3.14159  -25.3882  -25.4427
33.3009  0  3.14159  6.38059  5.41986
-54.6637  3.14159  0  -1.21113  -0.156417
-27.0177  3.14159  0  0.753697  -5.83766
-13.1947  3.14159  0  36.3992  33.0505
-10.6814  3.14159  0  -34.9641  -21.9432
-8.16814  3.14159  0  -2.44035  -11.9225
-6.9115  3.14159  0  132.948  117.494
-5.65487  3.14159  0  102.496  114.709
-4.39823  3.14159  0  -31.0596  -4.45084
-3.14159  3.14159  0  -30.7174  -40.6656
-1.88496  3.14159  0  28.0197  -78.8326
-0.628319  3.14159  0  -36.598  153.38
0.628319  3.14159  0  -152.936  44.0235
1.88496  3.14159  0  90.9639  -3.4556
3.14159  3.14159  0  7.78963  8.59271
4.39823  3.14159  0  20.8022  37.1954
5.65487  3.14159  0  -114.162  -94.575
6.9115  3.14159  0  -138.392  -107.577
8.16814  3.14159  0  -2.33308  14.7384
10.6814  3.14159  0  3.79648  34.0216
15.708  3.14159  0  -25.3882  -25.4427
33.3009  3.14159  0  6.38059  5.41986
-54.6637  3.14159  3.14159  -3.57972  -2.12988
-27.0177  3.14159  3.14159  12.2845  2.15113
-13.1947  3.14159  3.14159  39.7107  57.4054
-10.6814  3.14159  3.14159  13.5415  -44.4146
-8.16814  3.14159  3.14159  39.2181  11.1859
-6.9115  3.14159  3.14159  100.896  210.529
-5.65487  3.14159  3.14159  34.2476  151.638
-4.39823  3.14159  3.14159  -40.9837  6.57225
-3.14159  3.14159  3.14159  45.3641  -87.4635
-1.88496  3.14159  3.14159  45.9871  -6.56953
-0.628319  3.14159  3.14159  -94.3741  113.857
0.628319  3.14159  3.14159  -156.449  -69.8729
1.88496  3.14159  3.14159  38.7569  84.1392
3.14159  3.14159  3.14159  19.8792  -52.1983
4.39823  3.14159  3.14159  -21.1113  70.5795
5.65487  3.14159  3.14159  -55.3752  -141.746
6.9115  3.14159  3.14159  -119.357  -191.764
8.16814  3.14159  3.14159  -45.5811  -10.7284
10.6814  3.14159  3.14159  -18.6985  -2.6219
15.708  3.14159  3.14159  20.1895  -24.6524
33.3009  3.14159  3.14159  -1.71519  6.61794
