-54.6637  0  0  2.69763e-05  -3.33411e-05
-27.0177  0  0  5.05564e-05  -3.20085e-05
-13.1947  0  0  7.13142e-05  -2.00463e-05
-10.6814  0  0  7.60973e-05  -1.50209e-05
-8.16814  0  0  8.7902e-05  -7.77218e-06
-6.9115  0  0  6.32686e-05  -1.8523e-05
-5.65487  0  0  6.99921e-05  -2.37493e-06
-4.39823  0  0  7.88776e-05  -1.04283e-05
-3.14159  0  0  7.69062e-05  -2.19139e-05
-1.88496  0  0  0.000110371  -2.79999e-06
-0.628319  0  0  8.97346e-05  0.000105335
0.628319  0  0  -6.49359e-06  3.32202e-05
1.88496  0  0  6.73459e-05  -3.37999e-05
3.14159  0  0  9.3341e-05  -8.37601e-06
4.39823  0  0  8.2989e-05  -3.10712e-06
5.65487  0  0  8.17161e-05  -1.07169e-06
6.9115  0  0  9.36742e-05  4.48743e-06
8.16814  0  0  7.89054e-05  -1.64621e-05
10.6814  0  0  8.8557e-05  -6.98501e-06
15.708  0  0  9.46187e-05  -2.28125e-06
33.3009  0  0  9.64809e-05  6.03493e-06
-54.6637  0  3.14159  -2.58682e-05  4.39544e-06
-27.0177  0  3.14159  -4.07449e-05  -1.78751e-06
-13.1947  0  3.14159  -4.87271e-05  -2.45411e-05
-10.6814  0  3.14159  -4.85365e-05  -3.09352e-05
-8.16814  0  3.14159  -5.41845e-05  -4.79218e-05
-6.9115  0  3.14159  -4.19994e-05  -1.41271e-05
-5.65487  0  3.14159  -3.43834e-05  -3.17736e-05
-4.39823  0  3.14159  -4.74839e-05  -3.4933e-05
-3.14159  0  3.14159  -5.81038e-05  -2.10658e-05
-1.88496  0  3.14159  -6.86626e-05  -6.95777e-05
-0.628319  0  3.14159  6.60875e-05  -0.000144104
0.628319  0  3.14159  8.68723e-05  2.05736e-05
1.88496  0  3.14159  -5.99087e-05  5.12635e-06
3.14159  0  3.14159  -6.17371e-05  -4.34341e-05
4.39823  0  3.14159  -4.56403e-05  -3.41034e-05
5.65487  0  3.14159  -4.05822e-05  -3.67442e-05
6.9115  0  3.14159  -4.85134e-05  -5.16283e-05
8.16814  0  3.14159  -5.47263e-05  -1.74491e-05
10.6814  0  3.14159  -5.45657e-05  -3.49099e-05
15.708  0  3.14159  -5.60782e-05  -4.253e-05
33.3009  0  3.14159  -5.38941e-05  -4.58722e-05
-54.6637  3.14159  0  -2.58682e-05  4.39544e-06
-27.0177  3.14159  0  -4.07449e-05  -1.78751e-06
-13.1947  3.14159  0  -4.87271e-05  -2.45411e-05
-10.6814  3.14159  0  -4.85365e-05  -3.09352e-05
-8.16814  3.14159  0  -5.41845e-05  -4.79218e-05
-6.9115  3.14159  0  -4.19994e-05  -1.41271e-05
-5.65487  3.14159  0  -3.43834e-05  -3.17736e-05
-4.39823  3.14159  0  -4.74839e-05  -3.4933e-05
-3.14159  3.14159  0  -5.81038e-05  -2.10658e-05
-1.88496  3.14159  0  -6.86626e-05  -6.95777e-05
-0.628319  3.14159  0  6.60875e-05  -0.000144104
0.628319  3.14159  0  8.68723e-05  2.05736e-05
1.88496  3.14159  0  -5.99087e-05  5.12635e-06
3.14159  3.14159  0  -6.17371e-05  -4.34341e-05
4.39823  3.14159  0  -4.56403e-05  -3.41034e-05
5.65487  3.14159  0  -4.05822e-05  -3.67442e-05
6.9115  3.14159  0  -4.85134e-05  -5.16283e-05
8.16814  3.14159  0  -5.47263e-05  -1.74491e-05
10.6814  3.14159  0  -5.45657e-05  -3.49099e-05
15.708  3.14159  0  -5.60782e-05  -4.253e-05
33.3009  3.14159  0  -5.38941e-05  -4.58722e-05
-54.6637  3.14159  3.14159  2.72889e-05  -3.32107e-05
-27.0177  3.14159  3.14159  5.10097e-05  -3.19773e-05
-13.1947  3.14159  3.14159  7.18653e-05  -1.99813e-05
-10.6814  3.14159  3.14159  7.66955e-05  -1.49226e-05
-8.16814  3.14159  3.14159  8.8647e-05  -7.8275e-06
-6.9115  3.14159  3.14159  6.38994e-05  -1.86017e-05
-5.65487  3.14159  3.14159  7.06353e-05  -2.42653e-06
-4.39823  3.14159  3.14159  7.95612e-05  -1.0586e-05
-3.14159  3.14159  3.14159  7.76325e-05  -2.18934e-05
-1.88496  3.14159  3.14159  0.000111055  -2.85298e-06
-0.628319  3.14159  3.14159  9.06168e-05  0.000105316
0.628319  3.14159  3.14159  -5.93485e-06  3.31424e-05
1.88496  3.14159  3.14159  6.77152e-05  -3.38932e-05
3.14159  3.14159  3.14159  9.39296e-05  -8.49548e-06
4.39823  3.14159  3.14159  8.36763e-05  -3.26239e-06
5.65487  3.14159  3.14159  8.2306e-05  -1.19235e-06
6.9115  3.14159  3.14159  9.40249e-05  4.41211e-06
8.16814  3.14159  3.14159  7.94496e-05  -1.65933e-05
10.6814  3.14159  3.14159  8.9133e-05  -7.1597e-06
15.708  3.14159  3.14159  9.52504e-05  -2.43462e-06
33.3009  3.14159  3.14159  9.70118e-05  5.85328e-06
