-54.6637  0  0  9264.96  44605
-27.0177  0  0  12265.2  12059.2
-13.1947  0  0  66330.5  442738
-10.6814  0  0  68339.7  483604
-8.16814  0  0  144811  7207.46
-6.9115  0  0  -551708  -335768
-5.65487  0  0  -197706  -341128
-4.39823  0  0  222296  691912
-3.14159  0  0  -258877  176799
-1.88496  0  0  522867  -168912
-0.628319  0  0  4.0159e+06  -1.28852e+06
0.628319  0  0  3.98963e+06  -1.26767e+06
1.88496  0  0  555877  -94908.9
3.14159  0  0  -219666  -45444.2
4.39823  0  0  -265952  -657286
5.65487  0  0  2562.45  403710
6.9115  0  0  -313004  573767
8.16814  0  0  120613  -72579
10.6814  0  0  -249909  -442005
15.708  0  0  16492.8  142614
33.3009  0  0  -32532.6  -87803.5
-54.6637  0  3.14159  -12448.2  -10481.5
-27.0177  0  3.14159  -7858.65  -1128.46
-13.1947  0  3.14159  -99134.7  -118219
-10.6814  0  3.14159  -89096.5  -135579
-8.16814  0  3.14159  -35318.5  25081.6
-6.9115  0  3.14159  213665  3927.39
-5.65487  0  3.14159  131544  60256.2
-4.39823  0  3.14159  -134933  -179546
-3.14159  0  3.14159  16459.6  -103064
-1.88496  0  3.14159  -109209  153796
-0.628319  0  3.14159  -936755  1.03832e+06
0.628319  0  3.14159  -965541  1.04452e+06
1.88496  0  3.14159  -146790  144543
3.14159  0  3.14159  86850  -49827.4
4.39823  0  3.14159  144255  169274
5.65487  0  3.14159  -85116.4  -111174
6.9115  0  3.14159  -3210.96  -223270
8.16814  0  3.14159  -27014.5  49088.1
10.6814  0  3.14159  134358  90287.9
15.708  0  3.14159  -22403.7  -41937.3
33.3009  0  3.14159  18699.1  22856.6
-54.6637  3.14159  0  -12448.2  -10481.5
-27.0177  3.14159  0  -7858.65  -1128.46
-13.1947  3.14159  0  -99134.7  -118219
-10.6814  3.14159  0  -89096.5  -135579
-8.16814  3.14159  0  -35318.5  25081.6
-6.9115  3.14159  0  213665  3927.39
-5.65487  3.14159  0  131544  60256.2
-4.39823  3.14159  0  -134933  -179546
-3.14159  3.14159  0  16459.6  -103064
-1.88496  3.14159  0  -109209  153796
-0.628319  3.14159  0  -936755  1.03832e+06
0.628319  3.14159  0  -965541  1.04452e+06
1.88496  3.14159  0  -146790  144543
3.14159  3.14159  0  86850  -49827.4
4.39823  3.14159  0  144255  169274
5.65487  3.14159  0  -85116.4  -111174
6.9115  3.14159  0  -3210.96  -223270
8.16814  3.14159  0  -27014.5  49088.1
10.6814  3.14159  0  134358  90287.9
15.708  3.14159  0  -22403.7  -41937.3
33.3009  3.14159  0  18699.1  22856.6
-54.6637  3.14159  3.14159  9224.7  44587.3
-27.0177  3.14159  3.14159  12241.3  12079.6
-13.1947  3.14159  3.14159  65940.4  442480
-10.6814  3.14159  3.14159  67886.2  483253
-8.16814  3.14159  3.14159  144670  7288.9
-6.9115  3.14159  3.14159  -551002  -336009
-5.65487  3.14159  3.14159  -197365  -341042
-4.39823  3.14159  3.14159  221417  691491
-3.14159  3.14159  3.14159  -258821  176662
-1.88496  3.14159  3.14159  522616  -168424
-0.628319  3.14159  3.14159  4.0137e+06  -1.28474e+06
0.628319  3.14159  3.14159  3.98763e+06  -1.26381e+06
1.88496  3.14159  3.14159  555639  -94472.1
3.14159  3.14159  3.14159  -219494  -45575.5
4.39823  3.14159  3.14159  -265034  -656896
5.65487  3.14159  3.14159  2323.89  403445
6.9115  3.14159  3.14159  -313293  573127
8.16814  3.14159  3.14159  120639  -72444.3
10.6814  3.14159  3.14159  -249375  -441848
15.708  3.14159  3.14159  16355.2  142488
33.3009  3.14159  3.14159  -32401.9  -87755.7
