-54.6637  0  0  -8.31165e+11  -1.30745e+11
-27.0177  0  0  1.65244e+13  -1.67957e+13
-13.1947  0  0  1.28936e+13  -4.29717e+11
-10.6814  0  0  -6.15396e+13  3.00381e+13
-8.16814  0  0  8.82437e+13  1.95666e+13
-6.9115  0  0  5.64927e+13  -5.09101e+13
-5.65487  0  0  -3.8259e+13  2.50523e+14
-4.39823  0  0  2.73372e+14  3.43071e+14
-3.14159  0  0  4.81922e+14  -9.91166e+13
-1.88496  0  0  6.6347e+14  4.86019e+14
-0.628319  0  0  5.4176e+14  3.17497e+15
0.628319  0  0  -4.17686e+15  -1.73346e+15
1.88496  0  0  -5.56694e+14  -7.27443e+14
3.14159  0  0  1.04981e+14  -3.76217e+14
4.39823  0  0  -3.40643e+14  -2.76924e+14
5.65487  0  0  -2.52433e+14  3.50104e+13
6.9115  0  0  7.14284e+13  -4.43433e+13
8.16814  0  0  -2.00749e+13  -7.13183e+13
10.6814  0  0  -3.33543e+13  5.94628e+13
15.708  0  0  -4.11628e+12  2.51134e+13
33.3009  0  0  -1.87022e+12  1.87693e+12
-54.6637  0  3.14159  6.69225e+10  1.70865e+09
-27.0177  0  3.14159  2.02717e+12  2.86091e+12
-13.1947  0  3.14159  -1.30933e+11  2.26396e+12
-10.6814  0  3.14159  -2.37589e+12  -9.70756e+12
-8.16814  0  3.14159  -6.96846e+12  1.27325e+13
-6.9115  0  3.14159  6.27116e+12  9.39094e+12
-5.65487  0  3.14159  -3.86045e+13  -1.22271e+13
-4.39823  0  3.14159  -6.39942e+13  3.3142e+13
-3.14159  0  3.14159  -5.1556e+12  6.94566e+13
-1.88496  0  3.14159  -1.03037e+14  9.30008e+13
-0.628319  0  3.14159  -4.95175e+14  9.01735e+13
0.628319  0  3.14159  3.99498e+14  -4.6279e+14
1.88496  0  3.14159  1.33492e+14  -5.60281e+13
3.14159  0  3.14159  5.98157e+13  1.89076e+13
4.39823  0  3.14159  5.57536e+13  -4.28314e+13
5.65487  0  3.14159  5.25729e+12  -3.86996e+13
6.9115  0  3.14159  4.66129e+12  1.13972e+13
8.16814  0  3.14159  1.27431e+13  -1.31333e+12
10.6814  0  3.14159  -8.16591e+12  -6.14437e+12
15.708  0  3.14159  -3.85369e+12  -1.5626e+12
33.3009  0  3.14159  -2.30198e+11  -2.52895e+11
-54.6637  3.14159  0  6.69225e+10  1.70865e+09
-27.0177  3.14159  0  2.02717e+12  2.86091e+12
-13.1947  3.14159  0  -1.30933e+11  2.26396e+12
-10.6814  3.14159  0  -2.37589e+12  -9.70756e+12
-8.16814  3.14159  0  -6.96846e+12  1.27325e+13
-6.9115  3.14159  0  6.27116e+12  9.39094e+12
-5.65487  3.14159  0  -3.86045e+13  -1.22271e+13
-4.39823  3.14159  0  -6.39942e+13  3.3142e+13
-3.14159  3.14159  0  -5.1556e+12  6.94566e+13
-1.88496  3.14159  0  -1.03037e+14  9.30008e+13
-0.628319  3.14159  0  -4.95175e+14  9.01735e+13
0.628319  3.14159  0  3.99498e+14  -4.6279e+14
1.88496  3.14159  0  1.33492e+14  -5.60281e+13
3.14159  3.14159  0  5.98157e+13  1.89076e+13
4.39823  3.14159  0  5.57536e+13  -4.28314e+13
5.65487  3.14159  0  5.25729e+12  -3.86996e+13
6.9115  3.14159  0  4.66129e+12  1.13972e+13
8.16814  3.14159  0  1.27431e+13  -1.31333e+12
10.6814  3.14159  0  -8.16591e+12  -6.14437e+12
15.708  3.14159  0  -3.85369e+12  -1.5626e+12
33.3009  3.14159  0  -2.30198e+11  -2.52895e+11
-54.6637  3.14159  3.14159  -8.24304e+11  -1.36226e+11
-27.0177  3.14159  3.14159  1.65674e+13  -1.67105e+13
-13.1947  3.14159  3.14159  1.28471e+13  -3.56912e+11
-10.6814  3.14159  3.14159  -6.14906e+13  2.97626e+13
-8.16814  3.14159  3.14159  8.80659e+13  1.99308e+13
-6.9115  3.14159  3.14159  5.65629e+13  -5.05469e+13
-5.65487  3.14159  3.14159  -3.91159e+13  2.50265e+14
-4.39823  3.14159  3.14159  2.71826e+14  3.43738e+14
-3.14159  3.14159  3.14159  4.80614e+14  -9.62709e+13
-1.88496  3.14159  3.14159  6.61513e+14  4.8731e+14
-0.628319  3.14159  3.14159  5.37441e+14  3.1661e+15
0.628319  3.14159  3.14159  -4.15618e+15  -1.75463e+15
1.88496  3.14159  3.14159  -5.52269e+14  -7.29402e+14
3.14159  3.14159  3.14159  1.05396e+14  -3.74708e+14
4.39823  3.14159  3.14159  -3.38812e+14  -2.78008e+14
5.65487  3.14159  3.14159  -2.52188e+14  3.40465e+13
6.9115  3.14159  3.14159  7.14064e+13  -4.39919e+13
8.16814  3.14159  3.14159  -1.98135e+13  -7.12971e+13
10.6814  3.14159  3.14159  -3.34508e+13  5.92435e+13
15.708  3.14159  3.14159  -4.20642e+12  2.50358e+13
33.3009  3.14159  3.14159  -1.87071e+12  1.86887e+12
