-54.6637  0  0  -4.28013e-92  -1.05208e-91
-27.0177  0  0  5.13053e-92  4.13445e-92
-13.1947  0  0  -2.19594e-91  -1.41761e-91
-10.6814  0  0  -3.57176e-91  -7.89175e-91
-8.16814  0  0  1.94617e-91  9.42419e-93
-6.9115  0  0  -6.39132e-91  -4.50569e-91
-5.65487  0  0  -5.25014e-91  -4.24289e-91
-4.39823  0  0  -3.18203e-91  -4.85561e-91
-3.14159  0  0  -5.33079e-91  -9.35259e-91
-1.88496  0  0  4.39254e-91  3.27617e-92
-0.628319  0  0  -5.58909e-90  -4.77095e-90
0.628319  0  0  2.1576e-90  7.05881e-90
1.88496  0  0  4.12796e-91  1.16999e-93
3.14159  0  0  6.66165e-91  9.2534e-91
4.39823  0  0  3.33731e-91  5.22812e-91
5.65487  0  0  9.69543e-92  6.84708e-91
6.9115  0  0  1.22402e-91  8.18635e-91
8.16814  0  0  6.4082e-92  -2.15349e-91
10.6814  0  0  5.16748e-91  7.09071e-91
15.708  0  0  3.39186e-92  3.12269e-92
33.3009  0  0  -4.75228e-92  -8.5975e-92
-54.6637  0  3.14159  4.21334e-91  2.64363e-91
-27.0177  0  3.14159  -2.61235e-91  -7.81801e-92
-13.1947  0  3.14159  8.06597e-91  9.78077e-92
-10.6814  0  3.14159  2.94961e-90  1.98434e-90
-8.16814  0  3.14159  -7.4527e-91  2.63277e-91
-6.9115  0  3.14159  3.21189e-90  4.59976e-91
-5.65487  0  3.14159  2.82748e-90  3.97147e-91
-4.39823  0  3.14159  2.14595e-90  1.25242e-90
-3.14159  0  3.14159  3.87783e-90  2.28195e-90
-1.88496  0  3.14159  -1.43305e-90  1.65577e-90
-0.628319  0  3.14159  2.90486e-89  6.11685e-90
0.628319  0  3.14159  -2.18255e-89  -2.04738e-89
1.88496  0  3.14159  -1.55397e-90  1.52179e-90
3.14159  0  3.14159  -4.0979e-90  -1.84879e-90
4.39823  0  3.14159  -2.25414e-90  -1.22586e-90
5.65487  0  3.14159  -1.8581e-90  -2.22838e-90
6.9115  0  3.14159  -2.24131e-90  -2.64022e-90
8.16814  0  3.14159  2.44707e-91  8.67276e-91
10.6814  0  3.14159  -3.3145e-90  -1.33403e-90
15.708  0  3.14159  -2.8723e-91  -2.34891e-92
33.3009  0  3.14159  3.65241e-91  2.31147e-91
-54.6637  3.14159  0  4.21334e-91  2.64363e-91
-27.0177  3.14159  0  -2.61235e-91  -7.81801e-92
-13.1947  3.14159  0  8.06597e-91  9.78077e-92
-10.6814  3.14159  0  2.94961e-90  1.98434e-90
-8.16814  3.14159  0  -7.4527e-91  2.63277e-91
-6.9115  3.14159  0  3.21189e-90  4.59976e-91
-5.65487  3.14159  0  2.82748e-90  3.97147e-91
-4.39823  3.14159  0  2.14595e-90  1.25242e-90
-3.14159  3.14159  0  3.87783e-90  2.28195e-90
-1.88496  3.14159  0  -1.43305e-90  1.65577e-90
-0.628319  3.14159  0  2.90486e-89  6.11685e-90
0.628319  3.14159  0  -2.18255e-89  -2.04738e-89
1.88496  3.14159  0  -1.55397e-90  1.52179e-90
3.14159  3.14159  0  -4.0979e-90  -1.84879e-90
4.39823  3.14159  0  -2.25414e-90  -1.22586e-90
5.65487  3.14159  0  -1.8581e-90  -2.22838e-90
6.9115  3.14159  0  -2.24131e-90  -2.64022e-90
8.16814  3.14159  0  2.44707e-91  8.67276e-91
10.6814  3.14159  0  -3.3145e-90  -1.33403e-90
15.708  3.14159  0  -2.8723e-91  -2.34891e-92
33.3009  3.14159  0  3.65241e-91  2.31147e-91
-54.6637  3.14159  3.14159  -4.28013e-92  -1.05208e-91
-27.0177  3.14159  3.14159  5.13053e-92  4.13445e-92
-13.1947  3.14159  3.14159  -2.19594e-91  -1.41761e-91
-10.6814  3.14159  3.14159  -3.57176e-91  -7.89175e-91
-8.16814  3.14159  3.14159  1.94617e-91  9.42422e-93
-6.9115  3.14159  3.14159  -6.39132e-91  -4.50569e-91
-5.65487  3.14159  3.14159  -5.25014e-91  -4.24289e-91
-4.39823  3.14159  3.14159  -3.18203e-91  -4.85561e-91
-3.14159  3.14159  3.14159  -5.33079e-91  -9.35259e-91
-1.88496  3.14159  3.14159  4.39254e-91  3.27617e-92
-0.628319  3.14159  3.14159  -5.58909e-90  -4.77095e-90
0.628319  3.14159  3.14159  2.1576e-90  7.05881e-90
1.88496  3.14159  3.14159  4.12796e-91  1.16998e-93
3.14159  3.14159  3.14159  6.66165e-91  9.2534e-91
4.39823  3.14159  3.14159  3.33731e-91  5.22812e-91
5.65487  3.14159  3.14159  9.69543e-92  6.84708e-91
6.9115  3.14159  3.14159  1.22402e-91  8.18635e-91
8.16814  3.14159  3.14159  6.4082e-92  -2.15349e-91
10.6814  3.14159  3.14159  5.16748e-91  7.09071e-91
15.708  3.14159  3.14159  3.39185e-92  3.12269e-92
33.3009  3.14159  3.14159  -4.75228e-92  -8.5975e-92
