-54.6637  0  0  2.90205e-06  -0.00849739
-27.0177  0  0  -3.56954e-06  -0.0166378
-13.1947  0  0  -2.16722e-05  -0.0304283
-10.6814  0  0  3.19016e-05  -0.0350947
-8.16814  0  0  -2.24191e-05  -0.0402905
-6.9115  0  0  -1.58772e-05  -0.0425824
-5.65487  0  0  0.000193187  -0.0443081
-4.39823  0  0  0.000193579  -0.0436589
-3.14159  0  0  0.000577901  -0.0388484
-1.88496  0  0  0.000686567  -0.0280161
-0.628319  0  0  0.00121131  -0.0101952
0.628319  0  0  0.00127075  0.0101474
1.88496  0  0  0.000683249  0.0280081
3.14159  0  0  0.000581627  0.0388975
4.39823  0  0  0.000183115  0.0436306
5.65487  0  0  0.000254993  0.0443002
6.9115  0  0  9.74387e-05  0.0425752
8.16814  0  0  3.24878e-06  0.0402902
10.6814  0  0  3.40515e-05  0.0351067
15.708  0  0  1.03236e-05  0.0266899
33.3009  0  0  4.46433e-07  0.0136171
-54.6637  0  3.14159  1.33959e-07  -0.00850229
-27.0177  0  3.14159  -1.47538e-07  -0.0169313
-13.1947  0  3.14159  -5.13936e-07  -0.0333599
-10.6814  0  3.14159  2.64396e-07  -0.0405225
-8.16814  0  3.14159  -1.6665e-06  -0.0518084
-6.9115  0  3.14159  -3.1273e-06  -0.060564
-5.65487  0  3.14159  -5.04777e-08  -0.0734765
-4.39823  0  3.14159  -1.67002e-06  -0.0923546
-3.14159  0  3.14159  4.72231e-07  -0.126881
-1.88496  0  3.14159  1.613e-07  -0.198977
-0.628319  0  3.14159  8.16218e-06  -0.147113
0.628319  0  3.14159  9.85778e-06  0.147115
1.88496  0  3.14159  -1.45889e-06  0.198976
3.14159  0  3.14159  1.05977e-06  0.126883
4.39823  0  3.14159  -1.22221e-06  0.0923528
5.65487  0  3.14159  1.85313e-06  0.0734772
6.9115  0  3.14159  2.08808e-06  0.0605634
8.16814  0  3.14159  3.61568e-07  0.0518078
10.6814  0  3.14159  6.75106e-07  0.0405231
15.708  0  3.14159  5.9864e-12  0.028287
33.3009  0  3.14159  3.94175e-07  0.0138688
-54.6637  3.14159  0  1.33959e-07  -0.00850229
-27.0177  3.14159  0  -1.47538e-07  -0.0169313
-13.1947  3.14159  0  -5.13936e-07  -0.0333599
-10.6814  3.14159  0  2.64396e-07  -0.0405225
-8.16814  3.14159  0  -1.6665e-06  -0.0518084
-6.9115  3.14159  0  -3.1273e-06  -0.060564
-5.65487  3.14159  0  -5.04777e-08  -0.0734765
-4.39823  3.14159  0  -1.67002e-06  -0.0923546
-3.14159  3.14159  0  4.72231e-07  -0.126881
-1.88496  3.14159  0  1.613e-07  -0.198977
-0.628319  3.14159  0  8.16218e-06  -0.147113
0.628319  3.14159  0  9.85778e-06  0.147115
1.88496  3.14159  0  -1.45889e-06  0.198976
3.14159  3.14159  0  1.05977e-06  0.126883
4.39823  3.14159  0  -1.22221e-06  0.0923528
5.65487  3.14159  0  1.85313e-06  0.0734772
6.9115  3.14159  0  2.08808e-06  0.0605634
8.16814  3.14159  0  3.61568e-07  0.0518078
10.6814  3.14159  0  6.75106e-07  0.0405231
15.708  3.14159  0  5.9864e-12  0.028287
33.3009  3.14159  0  3.94175e-07  0.0138688
-54.6637  3.14159  3.14159  -2.1784e-06  -0.00849739
-27.0177  3.14159  3.14159  -1.20197e-05  -0.0166378
-13.1947  3.14159  3.14159  -1.41778e-05  -0.0304283
-10.6814  3.14159  3.14159  2.7355e-05  -0.0350947
-8.16814  3.14159  3.14159  -9.57949e-05  -0.0402906
-6.9115  3.14159  3.14159  -0.000177289  -0.0425825
-5.65487  3.14159  3.14159  -0.000126259  -0.0443081
-4.39823  3.14159  3.14159  -0.000393158  -0.0436589
-3.14159  3.14159  3.14159  -0.000422448  -0.0388484
-1.88496  3.14159  3.14159  -0.000844832  -0.0280162
-0.628319  3.14159  3.14159  -0.00075282  -0.0101952
0.628319  3.14159  3.14159  -0.000693345  0.0101475
1.88496  3.14159  3.14159  -0.000848203  0.028008
3.14159  3.14159  3.14159  -0.000418753  0.0388974
4.39823  3.14159  3.14159  -0.000403665  0.0436305
5.65487  3.14159  3.14159  -6.43803e-05  0.0443002
6.9115  3.14159  3.14159  -6.39247e-05  0.0425752
8.16814  3.14159  3.14159  -7.00998e-05  0.0402902
10.6814  3.14159  3.14159  2.95094e-05  0.0351067
15.708  3.14159  3.14159  1.49844e-05  0.0266899
33.3009  3.14159  3.14159  -8.1627e-06  0.013617
