-54.6637  0  0  -1.49544e-69  -1.25093e-69
-27.0177  0  0  -1.33361e-69  -7.67797e-70
-13.1947  0  0  -5.65e-69  -1.76509e-68
-10.6814  0  0  4.53996e-69  -2.08818e-68
-8.16814  0  0  1.85544e-69  1.76954e-69
-6.9115  0  0  1.62842e-68  1.50682e-68
-5.65487  0  0  2.01787e-68  8.23485e-69
-4.39823  0  0  2.54407e-68  -3.77197e-68
-3.14159  0  0  -7.27793e-69  -1.77321e-68
-1.88496  0  0  -1.01307e-68  1.85696e-68
-0.628319  0  0  -1.38526e-67  5.34885e-68
0.628319  0  0  -1.62149e-67  6.17182e-68
1.88496  0  0  -2.21685e-68  2.00813e-68
3.14159  0  0  1.51053e-68  -1.72107e-68
4.39823  0  0  -2.33092e-68  3.803e-68
5.65487  0  0  -1.30224e-68  -1.17916e-68
6.9115  0  0  1.72782e-68  -2.38187e-68
8.16814  0  0  -9.32416e-69  8.90314e-69
10.6814  0  0  2.67904e-69  1.95489e-68
15.708  0  0  4.09663e-69  -6.95606e-69
33.3009  0  0  -3.85296e-69  5.38116e-69
-54.6637  0  3.14159  1.97677e-68  -7.72108e-69
-27.0177  0  3.14159  3.38535e-69  -1.02909e-68
-13.1947  0  3.14159  2.33405e-67  -3.65054e-68
-10.6814  0  3.14159  2.80833e-67  -6.34263e-69
-8.16814  0  3.14159  3.86842e-69  -5.6287e-68
-6.9115  0  3.14159  -1.89664e-67  2.74258e-67
-5.65487  0  3.14159  -1.61156e-67  1.28287e-67
-4.39823  0  3.14159  4.31307e-67  -1.16916e-68
-3.14159  0  3.14159  8.18178e-68  7.85311e-68
-1.88496  0  3.14159  -1.05606e-67  -2.3979e-67
-0.628319  0  3.14159  -5.59825e-67  -2.15835e-66
0.628319  0  3.14159  -5.88622e-67  -2.20232e-66
1.88496  0  3.14159  -8.66103e-68  -2.75409e-67
3.14159  0  3.14159  4.08754e-68  1.33724e-67
4.39823  0  3.14159  -4.24786e-67  5.01192e-68
5.65487  0  3.14159  1.90925e-67  -2.1262e-68
6.9115  0  3.14159  3.01565e-67  1.80019e-67
8.16814  0  3.14159  -5.31049e-68  -7.04712e-68
10.6814  0  3.14159  -2.59174e-67  9.73718e-68
15.708  0  3.14159  8.77134e-68  5.9663e-69
33.3009  0  3.14159  -5.45515e-68  4.39162e-69
-54.6637  3.14159  0  1.97677e-68  -7.72108e-69
-27.0177  3.14159  0  3.38535e-69  -1.02909e-68
-13.1947  3.14159  0  2.33405e-67  -3.65054e-68
-10.6814  3.14159  0  2.80833e-67  -6.34263e-69
-8.16814  3.14159  0  3.86842e-69  -5.6287e-68
-6.9115  3.14159  0  -1.89664e-67  2.74258e-67
-5.65487  3.14159  0  -1.61156e-67  1.28287e-67
-4.39823  3.14159  0  4.31307e-67  -1.16916e-68
-3.14159  3.14159  0  8.18178e-68  7.85311e-68
-1.88496  3.14159  0  -1.05606e-67  -2.3979e-67
-0.628319  3.14159  0  -5.59825e-67  -2.15835e-66
0.628319  3.14159  0  -5.88622e-67  -2.20232e-66
1.88496  3.14159  0  -8.66103e-68  -2.75409e-67
3.14159  3.14159  0  4.08754e-68  1.33724e-67
4.39823  3.14159  0  -4.24786e-67  5.01192e-68
5.65487  3.14159  0  1.90925e-67  -2.1262e-68
6.9115  3.14159  0  3.01565e-67  1.80019e-67
8.16814  3.14159  0  -5.31049e-68  -7.04712e-68
10.6814  3.14159  0  -2.59174e-67  9.73718e-68
15.708  3.14159  0  8.77134e-68  5.9663e-69
33.3009  3.14159  0  -5.45515e-68  4.39162e-69
-54.6637  3.14159  3.14159  -1.49543e-69  -1.25088e-69
-27.0177  3.14159  3.14159  -1.33356e-69  -7.67792e-70
-13.1947  3.14159  3.14159  -5.64995e-69  -1.7651e-68
-10.6814  3.14159  3.14159  4.54011e-69  -2.08818e-68
-8.16814  3.14159  3.14159  1.85541e-69  1.76969e-69
-6.9115  3.14159  3.14159  1.62844e-68  1.50684e-68
-5.65487  3.14159  3.14159  2.01789e-68  8.23491e-69
-4.39823  3.14159  3.14159  2.54411e-68  -3.77198e-68
-3.14159  3.14159  3.14159  -7.27774e-69  -1.77316e-68
-1.88496  3.14159  3.14159  -1.01307e-68  1.85696e-68
-0.628319  3.14159  3.14159  -1.38525e-67  5.3489e-68
0.628319  3.14159  3.14159  -1.62148e-67  6.17185e-68
1.88496  3.14159  3.14159  -2.21687e-68  2.00814e-68
3.14159  3.14159  3.14159  1.51052e-68  -1.7211e-68
4.39823  3.14159  3.14159  -2.3309e-68  3.80301e-68
5.65487  3.14159  3.14159  -1.30226e-68  -1.17914e-68
6.9115  3.14159  3.14159  1.72783e-68  -2.38189e-68
8.16814  3.14159  3.14159  -9.3242e-69  8.90306e-69
10.6814  3.14159  3.14159  2.67885e-69  1.95489e-68
15.708  3.14159  3.14159  4.09659e-69  -6.95603e-69
33.3009  3.14159  3.14159  -3.85297e-69  5.38113e-69
