-54.6637  0  0  0.000227646  0.000191801
-27.0177  0  0  0.000119337  -0.000429589
-13.1947  0  0  -0.000358297  0.0020119
-10.6814  0  0  0.00116554  -0.000630452
-8.16814  0  0  0.000277565  -0.00118062
-6.9115  0  0  -0.0126616  -0.00753948
-5.65487  0  0  -0.0150836  0.000496805
-4.39823  0  0  -0.00928894  -0.00302135
-3.14159  0  0  0.0110261  0.0201725
-1.88496  0  0  -0.0228247  -0.0563371
-0.628319  0  0  -0.121012  0.0558937
0.628319  0  0  -0.0134418  -0.123756
1.88496  0  0  -0.0641518  0.0441046
3.14159  0  0  0.0215874  0.0222661
4.39823  0  0  -0.0211247  0.00528003
5.65487  0  0  -0.00767306  -0.00376408
6.9115  0  0  -0.0119293  0.00368308
8.16814  0  0  -0.00120974  0.00444997
10.6814  0  0  0.000509398  0.00359321
15.708  0  0  -0.000626903  0.00134187
33.3009  0  0  0.000499614  0.000607575
-54.6637  0  3.14159  -0.000473563  -0.000178325
-27.0177  0  3.14159  0.00022524  0.000403019
-13.1947  0  3.14159  -0.00147565  -0.0052683
-10.6814  0  3.14159  -0.00250814  -0.00195733
-8.16814  0  3.14159  -0.00114686  -0.0031183
-6.9115  0  3.14159  0.00789597  -0.00870913
-5.65487  0  3.14159  0.00984819  -0.0089611
-4.39823  0  3.14159  -0.0107985  -0.0126273
-3.14159  0  3.14159  -0.04262  -0.0355652
-1.88496  0  3.14159  0.0609454  0.0170283
-0.628319  0  3.14159  0.0605212  -0.142082
0.628319  0  3.14159  0.171336  0.056146
1.88496  0  3.14159  0.0257072  -0.08742
3.14159  0  3.14159  -0.0468691  -0.0274973
4.39823  0  3.14159  -0.00238061  -0.0213991
5.65487  0  3.14159  0.0109267  0.00858758
6.9115  0  3.14159  0.00360956  -0.012158
8.16814  0  3.14159  -0.00193941  -0.00224459
10.6814  0  3.14159  -0.00365949  -0.00300606
15.708  0  3.14159  0.000245859  -0.00108404
33.3009  0  3.14159  -0.00123484  -0.000647776
-54.6637  3.14159  0  -0.000473563  -0.000178325
-27.0177  3.14159  0  0.00022524  0.000403019
-13.1947  3.14159  0  -0.00147565  -0.0052683
-10.6814  3.14159  0  -0.00250814  -0.00195733
-8.16814  3.14159  0  -0.00114686  -0.0031183
-6.9115  3.14159  0  0.00789597  -0.00870913
-5.65487  3.14159  0  0.00984819  -0.0089611
-4.39823  3.14159  0  -0.0107985  -0.0126273
-3.14159  3.14159  0  -0.04262  -0.0355652
-1.88496  3.14159  0  0.0609454  0.0170283
-0.628319  3.14159  0  0.0605212  -0.142082
0.628319  3.14159  0  0.171336  0.056146
1.88496  3.14159  0  0.0257072  -0.08742
3.14159  3.14159  0  -0.0468691  -0.0274973
4.39823  3.14159  0  -0.00238061  -0.0213991
5.65487  3.14159  0  0.0109267  0.00858758
6.9115  3.14159  0  0.00360956  -0.012158
8.16814  3.14159  0  -0.00193941  -0.00224459
10.6814  3.14159  0  -0.00365949  -0.00300606
15.708  3.14159  0  0.000245859  -0.00108404
33.3009  3.14159  0  -0.00123484  -0.000647776
-54.6637  3.14159  3.14159  0.000246049  0.000167907
-27.0177  3.14159  3.14159  4.76222e-05  -0.000371849
-13.1947  3.14159  3.14159  -0.00075543  0.00300241
-10.6814  3.14159  3.14159  0.000797638  -0.000311905
-8.16814  3.14159  3.14159  -0.000537606  -0.00109958
-6.9115  3.14159  3.14159  -0.0155519  -0.00474667
-5.65487  3.14159  3.14159  -0.0155913  0.00313808
-4.39823  3.14159  3.14159  -0.0109132  0.00291556
-3.14159  3.14159  3.14159  0.010018  0.023596
-1.88496  3.14159  3.14159  -0.0452955  -0.0532902
-0.628319  3.14159  3.14159  -0.105863  0.110732
0.628319  3.14159  3.14159  -0.0699042  -0.130496
1.88496  3.14159  3.14159  -0.0665789  0.0625419
3.14159  3.14159  3.14159  0.0181546  0.0281397
4.39823  3.14159  3.14159  -0.0239751  0.0117073
5.65487  3.14159  3.14159  -0.00909777  -0.00443584
6.9115  3.14159  3.14159  -0.0141301  0.00766334
8.16814  3.14159  3.14159  -0.000930387  0.00502625
10.6814  3.14159  3.14159  0.000579613  0.00410273
15.708  3.14159  3.14159  -0.000588125  0.00119021
33.3009  3.14159  3.14159  0.000526074  0.000572447
