-54.6637  0  0  -4.61348e+14  -2.37901e+15
-27.0177  0  0  9.21131e+14  6.00581e+15
-13.1947  0  0  1.05536e+16  4.37613e+16
-10.6814  0  0  5.93676e+15  -4.85494e+14
-8.16814  0  0  -8.57604e+14  2.24389e+16
-6.9115  0  0  2.89704e+16  1.33527e+17
-5.65487  0  0  1.63099e+16  8.29475e+16
-4.39823  0  0  -3.74356e+16  -1.47169e+16
-3.14159  0  0  4.42852e+16  -8.86468e+15
-1.88496  0  0  -9.95172e+15  -2.66799e+16
-0.628319  0  0  -4.47772e+16  7.89607e+16
0.628319  0  0  -8.80616e+16  -3.2176e+16
1.88496  0  0  1.37222e+16  1.02983e+16
3.14159  0  0  4.84383e+16  -7.91172e+15
4.39823  0  0  -2.11084e+16  2.48851e+16
5.65487  0  0  -3.29081e+16  -7.53999e+16
6.9115  0  0  -4.37276e+16  -1.30637e+17
8.16814  0  0  -1.43654e+15  -2.12519e+16
10.6814  0  0  1.28054e+16  1.49307e+15
15.708  0  0  -4.47213e+15  1.85269e+15
33.3009  0  0  7.69047e+14  1.65056e+15
-54.6637  0  3.14159  -4.60517e+13  6.08645e+14
-27.0177  0  3.14159  1.51058e+13  -1.46037e+15
-13.1947  0  3.14159  1.25051e+15  -1.01152e+16
-10.6814  0  3.14159  -2.66003e+15  5.95956e+14
-8.16814  0  3.14159  1.55296e+14  -4.76791e+15
-6.9115  0  3.14159  7.44943e+15  -3.14206e+16
-5.65487  0  3.14159  6.00694e+15  -1.88286e+16
-4.39823  0  3.14159  5.51536e+15  5.80293e+15
-3.14159  0  3.14159  -1.13852e+16  -5.01971e+14
-1.88496  0  3.14159  -2.93702e+15  3.12355e+15
-0.628319  0  3.14159  1.99967e+16  -9.30317e+15
0.628319  0  3.14159  1.21418e+16  1.67093e+16
1.88496  0  3.14159  1.41152e+15  -5.96362e+15
3.14159  0  3.14159  -1.107e+16  -1.59944e+15
4.39823  0  3.14159  8.1339e+15  -4.20331e+15
5.65487  0  3.14159  -1.49832e+15  1.98259e+16
6.9115  0  3.14159  -3.93474e+15  3.18559e+16
8.16814  0  3.14159  2.99427e+14  5.09738e+15
10.6814  0  3.14159  -1.56241e+15  -3.12012e+14
15.708  0  3.14159  -1.25246e+15  1.65169e+14
33.3009  0  3.14159  1.55902e+14  -4.8641e+14
-54.6637  3.14159  0  -4.60517e+13  6.08645e+14
-27.0177  3.14159  0  1.51058e+13  -1.46037e+15
-13.1947  3.14159  0  1.25051e+15  -1.01152e+16
-10.6814  3.14159  0  -2.66003e+15  5.95956e+14
-8.16814  3.14159  0  1.55296e+14  -4.76791e+15
-6.9115  3.14159  0  7.44943e+15  -3.14206e+16
-5.65487  3.14159  0  6.00694e+15  -1.88286e+16
-4.39823  3.14159  0  5.51536e+15  5.80293e+15
-3.14159  3.14159  0  -1.13852e+16  -5.01971e+14
-1.88496  3.14159  0  -2.93702e+15  3.12355e+15
-0.628319  3.14159  0  1.99967e+16  -9.30317e+15
0.628319  3.14159  0  1.21418e+16  1.67093e+16
1.88496  3.14159  0  1.41152e+15  -5.96362e+15
3.14159  3.14159  0  -1.107e+16  -1.59944e+15
4.39823  3.14159  0  8.1339e+15  -4.20331e+15
5.65487  3.14159  0  -1.49832e+15  1.98259e+16
6.9115  3.14159  0  -3.93474e+15  3.18559e+16
8.16814  3.14159  0  2.99427e+14  5.09738e+15
10.6814  3.14159  0  -1.56241e+15  -3.12012e+14
15.708  3.14159  0  -1.25246e+15  1.65169e+14
33.3009  3.14159  0  1.55902e+14  -4.8641e+14
-54.6637  3.14159  3.14159  -4.436e+14  -2.40332e+15
-27.0177  3.14159  3.14159  8.82687e+14  6.06318e+15
-13.1947  3.14159  3.14159  1.04479e+16  4.41288e+16
-10.6814  3.14159  3.14159  5.98695e+15  -3.86904e+14
-8.16814  3.14159  3.14159  -9.95965e+14  2.26638e+16
-6.9115  3.14159  3.14159  2.86071e+16  1.34516e+17
-5.65487  3.14159  3.14159  1.61022e+16  8.35148e+16
-4.39823  3.14159  3.14159  -3.76383e+16  -1.49761e+16
-3.14159  3.14159  3.14159  4.47089e+16  -8.62228e+15
-1.88496  3.14159  3.14159  -1.00736e+16  -2.68871e+16
-0.628319  3.14159  3.14159  -4.51895e+16  7.928e+16
0.628319  3.14159  3.14159  -8.85575e+16  -3.24994e+16
1.88496  3.14159  3.14159  1.37219e+16  1.02238e+16
3.14159  3.14159  3.14159  4.88709e+16  -7.64729e+15
4.39823  3.14159  3.14159  -2.14052e+16  2.49068e+16
5.65487  3.14159  3.14159  -3.28358e+16  -7.60333e+16
6.9115  3.14159  3.14159  -4.34913e+16  -1.31685e+17
8.16814  3.14159  3.14159  -1.30046e+15  -2.14655e+16
10.6814  3.14159  3.14159  1.29605e+16  1.55687e+15
15.708  3.14159  3.14159  -4.5291e+15  1.93158e+15
33.3009  3.14159  3.14159  7.77861e+14  1.65877e+15
