-54.6637  0  0  5.44339e-05  -0.00251866
-27.0177  0  0  0.000249973  -0.00509912
-13.1947  0  0  0.00110715  -0.0100963
-10.6814  0  0  0.00160222  -0.0120634
-8.16814  0  0  0.00239182  -0.0146578
-6.9115  0  0  0.00294957  -0.016147
-5.65487  0  0  0.00364911  -0.0175691
-4.39823  0  0  0.00450237  -0.0184278
-3.14159  0  0  0.00546018  -0.0176474
-1.88496  0  0  0.00639833  -0.0135798
-0.628319  0  0  0.00701519  -0.00525149
0.628319  0  0  0.00700659  0.00522852
1.88496  0  0  0.00639993  0.0135791
3.14159  0  0  0.0054639  0.0176473
4.39823  0  0  0.00449696  0.0184272
5.65487  0  0  0.00365283  0.017569
6.9115  0  0  0.00295511  0.0161501
8.16814  0  0  0.00239267  0.0146582
10.6814  0  0  0.0016011  0.0120662
15.708  0  0  0.000792997  0.00862465
33.3009  0  0  0.000159227  0.00414188
-54.6637  0  3.14159  -3.43511e-06  -0.0025226
-27.0177  0  3.14159  -8.12608e-06  -0.005126
-13.1947  0  3.14159  -1.63013e-05  -0.0102558
-10.6814  0  3.14159  -1.958e-05  -0.0123033
-8.16814  0  3.14159  -2.34511e-05  -0.015114
-6.9115  0  3.14159  -2.42297e-05  -0.0169277
-5.65487  0  3.14159  -2.68054e-05  -0.0191398
-4.39823  0  3.14159  -3.12909e-05  -0.0219884
-3.14159  0  3.14159  -2.46264e-05  -0.025789
-1.88496  0  3.14159  -5.79572e-06  -0.0283406
-0.628319  0  3.14159  3.28132e-05  -0.0167103
0.628319  0  3.14159  3.54368e-05  0.016734
1.88496  0  3.14159  -3.32406e-06  0.0283446
3.14159  0  3.14159  -2.19185e-05  0.02579
4.39823  0  3.14159  -2.22731e-05  0.021989
5.65487  0  3.14159  -2.44873e-05  0.0191396
6.9115  0  3.14159  -2.22129e-05  0.0169249
8.16814  0  3.14159  -1.89584e-05  0.0151152
10.6814  0  3.14159  -1.6435e-05  0.0123094
15.708  0  3.14159  -1.29732e-05  0.00874483
33.3009  0  3.14159  -1.95131e-06  0.00416045
-54.6637  3.14159  0  -3.43511e-06  -0.0025226
-27.0177  3.14159  0  -8.12608e-06  -0.005126
-13.1947  3.14159  0  -1.63013e-05  -0.0102558
-10.6814  3.14159  0  -1.958e-05  -0.0123033
-8.16814  3.14159  0  -2.34511e-05  -0.015114
-6.9115  3.14159  0  -2.42297e-05  -0.0169277
-5.65487  3.14159  0  -2.68054e-05  -0.0191398
-4.39823  3.14159  0  -3.12909e-05  -0.0219884
-3.14159  3.14159  0  -2.46264e-05  -0.025789
-1.88496  3.14159  0  -5.79572e-06  -0.0283406
-0.628319  3.14159  0  3.28132e-05  -0.0167103
0.628319  3.14159  0  3.54368e-05  0.016734
1.88496  3.14159  0  -3.32406e-06  0.0283446
3.14159  3.14159  0  -2.19185e-05  0.02579
4.39823  3.14159  0  -2.22731e-05  0.021989
5.65487  3.14159  0  -2.44873e-05  0.0191396
6.9115  3.14159  0  -2.22129e-05  0.0169249
8.16814  3.14159  0  -1.89584e-05  0.0151152
10.6814  3.14159  0  -1.6435e-05  0.0123094
15.708  3.14159  0  -1.29732e-05  0.00874483
33.3009  3.14159  0  -1.95131e-06  0.00416045
-54.6637  3.14159  3.14159  -5.8274e-05  -0.00251857
-27.0177  3.14159  3.14159  -0.000262967  -0.00509663
-13.1947  3.14159  3.14159  -0.00113707  -0.0100867
-10.6814  3.14159  3.14159  -0.00163666  -0.0120507
-8.16814  3.14159  3.14159  -0.00243398  -0.0146395
-6.9115  3.14159  3.14159  -0.00299385  -0.016125
-5.65487  3.14159  3.14159  -0.00369113  -0.0175439
-4.39823  3.14159  3.14159  -0.0045272  -0.0184041
-3.14159  3.14159  3.14159  -0.00547116  -0.0176256
-1.88496  3.14159  3.14159  -0.00636301  -0.0135619
-0.628319  3.14159  3.14159  -0.00694745  -0.00524292
0.628319  3.14159  3.14159  -0.00695641  0.00522854
1.88496  3.14159  3.14159  -0.00636185  0.0135626
3.14159  3.14159  3.14159  -0.00546668  0.0176254
4.39823  3.14159  3.14159  -0.00453146  0.0184045
5.65487  3.14159  3.14159  -0.00368833  0.0175447
6.9115  3.14159  3.14159  -0.00298986  0.0161283
8.16814  3.14159  3.14159  -0.00243353  0.0146414
10.6814  3.14159  3.14159  -0.00163553  0.0120553
15.708  3.14159  3.14159  -0.000812661  0.00861872
33.3009  3.14159  3.14159  -0.000167042  0.00414177
