-54.6637  0  0  2.34763e+13  8.02733e+13
-27.0177  0  0  1.29933e+13  -4.51237e+13
-13.1947  0  0  -1.99752e+13  -2.09937e+14
-10.6814  0  0  2.6159e+13  1.76963e+14
-8.16814  0  0  1.15372e+14  -1.34862e+13
-6.9115  0  0  -9.83181e+13  -3.68672e+14
-5.65487  0  0  -5.06604e+14  2.65087e+14
-4.39823  0  0  3.53453e+14  3.89397e+14
-3.14159  0  0  -5.86217e+14  1.22047e+14
-1.88496  0  0  3.3101e+14  -5.18477e+14
-0.628319  0  0  1.34326e+15  5.10297e+14
0.628319  0  0  1.12655e+15  -5.4726e+14
1.88496  0  0  3.36606e+14  4.73758e+14
3.14159  0  0  -3.94517e+14  -2.40769e+14
4.39823  0  0  2.2579e+14  -2.49944e+14
5.65487  0  0  -1.19604e+14  -2.32645e+14
6.9115  0  0  1.37306e+14  3.53638e+14
8.16814  0  0  7.40739e+13  -3.73894e+13
10.6814  0  0  -7.73982e+13  -1.98285e+14
15.708  0  0  3.12301e+12  -3.35977e+13
33.3009  0  0  -2.34769e+13  3.95817e+13
-54.6637  0  3.14159  4.56729e+13  -2.29522e+13
-27.0177  0  3.14159  -2.72674e+13  -1.79091e+12
-13.1947  0  3.14159  -9.56075e+13  4.52586e+13
-10.6814  0  3.14159  1.0908e+14  -3.88244e+13
-8.16814  0  3.14159  -1.49274e+13  -6.83138e+13
-6.9115  0  3.14159  -2.27089e+14  9.7196e+13
-5.65487  0  3.14159  1.25817e+14  2.19736e+14
-4.39823  0  3.14159  1.55989e+14  -1.99468e+14
-3.14159  0  3.14159  1.14304e+14  2.61621e+14
-1.88496  0  3.14159  -3.22709e+14  -1.21269e+14
-0.628319  0  3.14159  1.1063e+14  -7.4333e+14
0.628319  0  3.14159  -4.95623e+14  -4.99046e+14
1.88496  0  3.14159  1.72607e+14  -2.60306e+14
3.14159  0  3.14159  -1.14119e+11  2.28451e+14
4.39823  0  3.14159  -1.91246e+14  -5.91285e+13
5.65487  0  3.14159  -6.92822e+12  1.19815e+14
6.9115  0  3.14159  2.18768e+14  -1.16805e+14
8.16814  0  3.14159  -3.6257e+13  -4.68316e+13
10.6814  0  3.14159  -1.11128e+14  5.75808e+13
15.708  0  3.14159  -1.09442e+13  2.8009e+12
33.3009  0  3.14159  1.41911e+13  7.30318e+12
-54.6637  3.14159  0  4.56729e+13  -2.29522e+13
-27.0177  3.14159  0  -2.72674e+13  -1.79091e+12
-13.1947  3.14159  0  -9.56075e+13  4.52586e+13
-10.6814  3.14159  0  1.0908e+14  -3.88244e+13
-8.16814  3.14159  0  -1.49274e+13  -6.83138e+13
-6.9115  3.14159  0  -2.27089e+14  9.7196e+13
-5.65487  3.14159  0  1.25817e+14  2.19736e+14
-4.39823  3.14159  0  1.55989e+14  -1.99468e+14
-3.14159  3.14159  0  1.14304e+14  2.61621e+14
-1.88496  3.14159  0  -3.22709e+14  -1.21269e+14
-0.628319  3.14159  0  1.1063e+14  -7.4333e+14
0.628319  3.14159  0  -4.95623e+14  -4.99046e+14
1.88496  3.14159  0  1.72607e+14  -2.60306e+14
3.14159  3.14159  0  -1.14119e+11  2.28451e+14
4.39823  3.14159  0  -1.91246e+14  -5.91285e+13
5.65487  3.14159  0  -6.92822e+12  1.19815e+14
6.9115  3.14159  0  2.18768e+14  -1.16805e+14
8.16814  3.14159  0  -3.6257e+13  -4.68316e+13
10.6814  3.14159  0  -1.11128e+14  5.75808e+13
15.708  3.14159  0  -1.09442e+13  2.8009e+12
33.3009  3.14159  0  1.41911e+13  7.30318e+12
-54.6637  3.14159  3.14159  2.36944e+13  8.02397e+13
-27.0177  3.14159  3.14159  1.28873e+13  -4.52146e+13
-13.1947  3.14159  3.14159  -2.04867e+13  -2.10204e+14
-10.6814  3.14159  3.14159  2.65752e+13  1.76839e+14
-8.16814  3.14159  3.14159  1.15443e+14  -1.39067e+13
-6.9115  3.14159  3.14159  -9.93748e+13  -3.68453e+14
-5.65487  3.14159  3.14159  -5.06771e+14  2.67526e+14
-4.39823  3.14159  3.14159  3.55282e+14  3.88867e+14
-3.14159  3.14159  3.14159  -5.87086e+14  1.23869e+14
-1.88496  3.14159  3.14159  3.30342e+14  -5.19814e+14
-0.628319  3.14159  3.14159  1.34608e+15  5.07372e+14
0.628319  3.14159  3.14159  1.12659e+15  -5.50149e+14
1.88496  3.14159  3.14159  3.3824e+14  4.73611e+14
3.14159  3.14159  3.14159  -3.95972e+14  -2.4069e+14
4.39823  3.14159  3.14159  2.25879e+14  -2.5037e+14
5.65487  3.14159  3.14159  -1.20144e+14  -2.33562e+14
6.9115  3.14159  3.14159  1.38285e+14  3.53292e+14
8.16814  3.14159  3.14159  7.38968e+13  -3.75079e+13
10.6814  3.14159  3.14159  -7.80621e+13  -1.98127e+14
15.708  3.14159  3.14159  3.08339e+12  -3.381e+13
33.3009  3.14159  3.14159  -2.33901e+13  3.97153e+13
