-54.6637  0  0  4.56096e-92  2.38322e-92
-27.0177  0  0  -1.70767e-92  -2.77414e-92
-13.1947  0  0  -1.14326e-91  -8.80922e-92
-10.6814  0  0  8.06028e-92  6.18939e-92
-8.16814  0  0  3.7868e-92  -6.39677e-92
-6.9115  0  0  -2.05803e-91  -1.09206e-91
-5.65487  0  0  -5.64242e-92  3.99824e-91
-4.39823  0  0  3.56143e-91  -3.09607e-92
-3.14159  0  0  -2.03934e-91  3.81743e-91
-1.88496  0  0  -8.24599e-92  -4.13953e-91
-0.628319  0  0  8.46571e-91  -4.32501e-91
0.628319  0  0  2.74267e-91  -7.86424e-91
1.88496  0  0  4.00841e-91  3.23574e-92
3.14159  0  0  -3.43177e-91  1.03898e-91
4.39823  0  0  2.3677e-92  -2.41675e-91
5.65487  0  0  -2.2125e-91  -7.05047e-92
6.9115  0  0  2.11573e-91  9.06538e-92
8.16814  0  0  1.68177e-92  -4.1425e-92
10.6814  0  0  -1.21697e-91  -3.94066e-92
15.708  0  0  -2.51505e-92  -2.33164e-92
33.3009  0  0  9.6001e-93  2.72972e-92
-54.6637  0  3.14159  -1.94011e-91  -1.94469e-92
-27.0177  0  3.14159  9.44558e-92  6.38625e-92
-13.1947  0  3.14159  4.81777e-91  7.09133e-92
-10.6814  0  3.14159  -4.03931e-91  -1.11134e-91
-8.16814  0  3.14159  -6.47435e-92  2.48498e-91
-6.9115  0  3.14159  8.96221e-91  1.30929e-91
-5.65487  0  3.14159  -2.70274e-91  -1.10987e-90
-4.39823  0  3.14159  -9.8029e-91  5.23649e-91
-3.14159  0  3.14159  1.94429e-92  -1.35201e-90
-1.88496  0  3.14159  9.05333e-91  1.17092e-90
-0.628319  0  3.14159  -1.99544e-90  2.54967e-90
0.628319  0  3.14159  4.88426e-91  2.96616e-90
1.88496  0  3.14159  -1.2595e-90  5.64637e-91
3.14159  0  3.14159  7.08651e-91  -9.2015e-91
4.39823  0  3.14159  4.54164e-91  7.84228e-91
5.65487  0  3.14159  6.14119e-91  -3.80063e-91
6.9115  0  3.14159  -9.05697e-91  -5.99781e-92
8.16814  0  3.14159  7.46541e-93  2.09778e-91
10.6814  0  3.14159  4.6319e-91  3.34787e-93
15.708  0  3.14159  8.17766e-92  6.64785e-93
33.3009  0  3.14159  -5.80186e-92  -6.00206e-92
-54.6637  3.14159  0  -1.94011e-91  -1.94469e-92
-27.0177  3.14159  0  9.44558e-92  6.38625e-92
-13.1947  3.14159  0  4.81777e-91  7.09133e-92
-10.6814  3.14159  0  -4.03931e-91  -1.11134e-91
-8.16814  3.14159  0  -6.47435e-92  2.48498e-91
-6.9115  3.14159  0  8.96221e-91  1.30929e-91
-5.65487  3.14159  0  -2.70274e-91  -1.10987e-90
-4.39823  3.14159  0  -9.8029e-91  5.23649e-91
-3.14159  3.14159  0  1.94429e-92  -1.35201e-90
-1.88496  3.14159  0  9.05333e-91  1.17092e-90
-0.628319  3.14159  0  -1.99544e-90  2.54967e-90
0.628319  3.14159  0  4.88426e-91  2.96616e-90
1.88496  3.14159  0  -1.2595e-90  5.64637e-91
3.14159  3.14159  0  7.08651e-91  -9.2015e-91
4.39823  3.14159  0  4.54164e-91  7.84228e-91
5.65487  3.14159  0  6.14119e-91  -3.80063e-91
6.9115  3.14159  0  -9.05697e-91  -5.99781e-92
8.16814  3.14159  0  7.46541e-93  2.09778e-91
10.6814  3.14159  0  4.6319e-91  3.34787e-93
15.708  3.14159  0  8.17766e-92  6.64785e-93
33.3009  3.14159  0  -5.80186e-92  -6.00206e-92
-54.6637  3.14159  3.14159  4.56096e-92  2.38322e-92
-27.0177  3.14159  3.14159  -1.70767e-92  -2.77414e-92
-13.1947  3.14159  3.14159  -1.14326e-91  -8.80922e-92
-10.6814  3.14159  3.14159  8.06028e-92  6.1894e-92
-8.16814  3.14159  3.14159  3.78679e-92  -6.39676e-92
-6.9115  3.14159  3.14159  -2.05803e-91  -1.09206e-91
-5.65487  3.14159  3.14159  -5.64243e-92  3.99824e-91
-4.39823  3.14159  3.14159  3.56143e-91  -3.09609e-92
-3.14159  3.14159  3.14159  -2.03934e-91  3.81743e-91
-1.88496  3.14159  3.14159  -8.24599e-92  -4.13953e-91
-0.628319  3.14159  3.14159  8.46571e-91  -4.32501e-91
0.628319  3.14159  3.14159  2.74267e-91  -7.86424e-91
1.88496  3.14159  3.14159  4.00841e-91  3.23575e-92
3.14159  3.14159  3.14159  -3.43177e-91  1.03899e-91
4.39823  3.14159  3.14159  2.3677e-92  -2.41675e-91
5.65487  3.14159  3.14159  -2.2125e-91  -7.05046e-92
6.9115  3.14159  3.14159  2.11573e-91  9.06538e-92
8.16814  3.14159  3.14159  1.68178e-92  -4.1425e-92
10.6814  3.14159  3.14159  -1.21698e-91  -3.94066e-92
15.708  3.14159  3.14159  -2.51505e-92  -2.33164e-92
33.3009  3.14159  3.14159  9.60008e-93  2.72972e-92
