-54.6637  0  0  6.34508e-91  8.35505e-91
-27.0177  0  0  -1.49168e-90  -2.01164e-90
-13.1947  0  0  -1.13133e-89  -1.08377e-89
-10.6814  0  0  -3.16654e-90  9.24638e-91
-8.16814  0  0  -4.95773e-90  -7.84509e-90
-6.9115  0  0  -3.1304e-89  -3.3212e-89
-5.65487  0  0  -1.84467e-89  -2.0202e-89
-4.39823  0  0  1.36502e-89  -2.70056e-90
-3.14159  0  0  -1.37786e-89  1.15457e-89
-1.88496  0  0  8.3174e-90  2.51862e-90
-0.628319  0  0  -1.55214e-90  -2.61643e-89
0.628319  0  0  2.62092e-89  -8.22732e-90
1.88496  0  0  -1.63644e-90  -3.52904e-91
3.14159  0  0  -1.51329e-89  1.17822e-89
4.39823  0  0  2.98356e-90  -1.14615e-89
5.65487  0  0  2.26073e-89  1.53629e-89
6.9115  0  0  3.54666e-89  2.95421e-89
8.16814  0  0  5.07095e-90  7.36878e-90
10.6814  0  0  -4.36804e-90  3.30097e-90
15.708  0  0  -4.80886e-91  -2.22449e-90
33.3009  0  0  -4.29485e-91  -1.17178e-91
-54.6637  0  3.14159  -4.02889e-90  1.44499e-91
-27.0177  0  3.14159  9.87507e-90  -2.41721e-91
-13.1947  0  3.14159  6.40071e-89  4.0624e-91
-10.6814  0  3.14159  5.09807e-92  -1.57814e-89
-8.16814  0  3.14159  3.43378e-89  1.84092e-90
-6.9115  0  3.14159  1.93141e-88  1.84629e-89
-5.65487  0  3.14159  1.16232e-88  1.67964e-89
-4.39823  0  3.14159  -3.07191e-89  4.37424e-89
-3.14159  0  3.14159  -1.81536e-90  -7.22778e-89
-1.88496  0  3.14159  -2.14919e-89  -4.43267e-91
-0.628319  0  3.14159  6.86897e-89  9.9308e-89
0.628319  0  3.14159  -7.82694e-89  8.59998e-89
1.88496  0  3.14159  2.37583e-89  4.66546e-90
3.14159  0  3.14159  2.12804e-90  -7.47922e-89
4.39823  0  3.14159  2.77011e-89  4.4892e-89
5.65487  0  3.14159  -1.15235e-88  9.51118e-90
6.9115  0  3.14159  -1.93724e-88  4.1512e-90
8.16814  0  3.14159  -3.52083e-89  4.73658e-91
10.6814  0  3.14159  7.10862e-92  -1.55103e-89
15.708  0  3.14159  3.8512e-90  -2.31529e-90
33.3009  0  3.14159  2.25276e-90  3.94231e-91
-54.6637  3.14159  0  -4.02889e-90  1.44499e-91
-27.0177  3.14159  0  9.87507e-90  -2.41721e-91
-13.1947  3.14159  0  6.40071e-89  4.0624e-91
-10.6814  3.14159  0  5.09807e-92  -1.57814e-89
-8.16814  3.14159  0  3.43378e-89  1.84092e-90
-6.9115  3.14159  0  1.93141e-88  1.84629e-89
-5.65487  3.14159  0  1.16232e-88  1.67964e-89
-4.39823  3.14159  0  -3.07191e-89  4.37424e-89
-3.14159  3.14159  0  -1.81536e-90  -7.22778e-89
-1.88496  3.14159  0  -2.14919e-89  -4.43267e-91
-0.628319  3.14159  0  6.86897e-89  9.9308e-89
0.628319  3.14159  0  -7.82694e-89  8.59998e-89
1.88496  3.14159  0  2.37583e-89  4.66546e-90
3.14159  3.14159  0  2.12804e-90  -7.47922e-89
4.39823  3.14159  0  2.77011e-89  4.4892e-89
5.65487  3.14159  0  -1.15235e-88  9.51118e-90
6.9115  3.14159  0  -1.93724e-88  4.1512e-90
8.16814  3.14159  0  -3.52083e-89  4.73658e-91
10.6814  3.14159  0  7.10862e-92  -1.55103e-89
15.708  3.14159  0  3.8512e-90  -2.31529e-90
33.3009  3.14159  0  2.25276e-90  3.94231e-91
-54.6637  3.14159  3.14159  6.34508e-91  8.35505e-91
-27.0177  3.14159  3.14159  -1.49168e-90  -2.01164e-90
-13.1947  3.14159  3.14159  -1.13133e-89  -1.08377e-89
-10.6814  3.14159  3.14159  -3.16654e-90  9.24638e-91
-8.16814  3.14159  3.14159  -4.95773e-90  -7.84509e-90
-6.9115  3.14159  3.14159  -3.1304e-89  -3.3212e-89
-5.65487  3.14159  3.14159  -1.84467e-89  -2.0202e-89
-4.39823  3.14159  3.14159  1.36502e-89  -2.70056e-90
-3.14159  3.14159  3.14159  -1.37786e-89  1.15457e-89
-1.88496  3.14159  3.14159  8.3174e-90  2.51862e-90
-0.628319  3.14159  3.14159  -1.55214e-90  -2.61643e-89
0.628319  3.14159  3.14159  2.62092e-89  -8.22732e-90
1.88496  3.14159  3.14159  -1.63644e-90  -3.52904e-91
3.14159  3.14159  3.14159  -1.51329e-89  1.17822e-89
4.39823  3.14159  3.14159  2.98356e-90  -1.14615e-89
5.65487  3.14159  3.14159  2.26073e-89  1.53629e-89
6.9115  3.14159  3.14159  3.54666e-89  2.95421e-89
8.16814  3.14159  3.14159  5.07095e-90  7.36878e-90
10.6814  3.14159  3.14159  -4.36804e-90  3.30097e-90
15.708  3.14159  3.14159  -4.80886e-91  -2.22449e-90
33.3009  3.14159  3.14159  -4.29485e-91  -1.17178e-91
