-54.6637  0  0  5.64796  -81.7918
-27.0177  0  0  67.3959  998.533
-13.1947  0  0  28.651  -480.114
-10.6814  0  0  153.493  806.369
-8.16814  0  0  840.148  775.578
-6.9115  0  0  -838.855  985.951
-5.65487  0  0  -26.9004  -361.746
-4.39823  0  0  -2129.87  -694.875
-3.14159  0  0  598.63  -1557.92
-1.88496  0  0  3383.33  8706.14
-0.628319  0  0  2513.64  -11157.6
0.628319  0  0  5330.82  11323.7
1.88496  0  0  361.043  -8983.48
3.14159  0  0  865.694  1331.03
4.39823  0  0  -1567.91  582.882
5.65487  0  0  3.32146  163.537
6.9115  0  0  -939.264  -915.19
8.16814  0  0  706.844  -791.755
10.6814  0  0  214.052  -825.971
15.708  0  0  -161.553  108.643
33.3009  0  0  74.6343  413.939
-54.6637  0  3.14159  122.91  49.7308
-27.0177  0  3.14159  -722.945  -908.268
-13.1947  0  3.14159  155.843  573.701
-10.6814  0  3.14159  -724  -532.417
-8.16814  0  3.14159  -1102.75  -92.6032
-6.9115  0  3.14159  -321.594  -1089
-5.65487  0  3.14159  218.9  226.524
-4.39823  0  3.14159  2588.13  -327.217
-3.14159  0  3.14159  210.406  1431.55
-1.88496  0  3.14159  -10962.5  -6134.29
-0.628319  0  3.14159  7715.7  12413.9
0.628319  0  3.14159  -14405.8  -6853.26
1.88496  0  3.14159  7461.98  9193.17
3.14159  0  3.14159  -2263.44  -1060.72
4.39823  0  3.14159  988.62  -1666.51
5.65487  0  3.14159  -388.42  -159.899
6.9115  0  3.14159  2063.96  -57.169
8.16814  0  3.14159  -58.5087  1488.37
10.6814  0  3.14159  422.252  852.647
15.708  0  3.14159  113.738  -232.031
33.3009  0  3.14159  -451.476  -362.798
-54.6637  3.14159  0  122.91  49.7308
-27.0177  3.14159  0  -722.945  -908.268
-13.1947  3.14159  0  155.843  573.701
-10.6814  3.14159  0  -724  -532.417
-8.16814  3.14159  0  -1102.75  -92.6032
-6.9115  3.14159  0  -321.594  -1089
-5.65487  3.14159  0  218.9  226.524
-4.39823  3.14159  0  2588.13  -327.217
-3.14159  3.14159  0  210.406  1431.55
-1.88496  3.14159  0  -10962.5  -6134.29
-0.628319  3.14159  0  7715.7  12413.9
0.628319  3.14159  0  -14405.8  -6853.26
1.88496  3.14159  0  7461.98  9193.17
3.14159  3.14159  0  -2263.44  -1060.72
4.39823  3.14159  0  988.62  -1666.51
5.65487  3.14159  0  -388.42  -159.899
6.9115  3.14159  0  2063.96  -57.169
8.16814  3.14159  0  -58.5087  1488.37
10.6814  3.14159  0  422.252  852.647
15.708  3.14159  0  113.738  -232.031
33.3009  3.14159  0  -451.476  -362.798
-54.6637  3.14159  3.14159  6.55102  -85.5078
-27.0177  3.14159  3.14159  66.8423  1026.34
-13.1947  3.14159  3.14159  32.3757  -485.613
-10.6814  3.14159  3.14159  160.489  834.578
-8.16814  3.14159  3.14159  868.05  792.215
-6.9115  3.14159  3.14159  -861.081  1027.63
-5.65487  3.14159  3.14159  -36.6548  -368.332
-4.39823  3.14159  3.14159  -2174.32  -704.428
-3.14159  3.14159  3.14159  601.887  -1591.03
-1.88496  3.14159  3.14159  3380.45  8937.49
-0.628319  3.14159  3.14159  2716.61  -11468.4
0.628319  3.14159  3.14159  5404.52  11619.2
1.88496  3.14159  3.14159  458.275  -9204.41
3.14159  3.14159  3.14159  859.621  1382.63
4.39823  3.14159  3.14159  -1626.44  586.277
5.65487  3.14159  3.14159  -6.04278  178.647
6.9115  3.14159  3.14159  -962.148  -961.185
8.16814  3.14159  3.14159  739.525  -810.852
10.6814  3.14159  3.14159  219.987  -854.801
15.708  3.14159  3.14159  -166.723  107.108
33.3009  3.14159  3.14159  72.387  424.189
