-54.6637  0  0  0.0238636  0.00261445
-27.0177  0  0  -0.00627388  -0.00889716
-13.1947  0  0  -0.0598368  0.00253579
-10.6814  0  0  0.0453442  0.00438263
-8.16814  0  0  0.0168169  -0.0213452
-6.9115  0  0  -0.0575943  -0.0036512
-5.65487  0  0  0.0851669  0.104444
-4.39823  0  0  0.196741  -0.0393162
-3.14159  0  0  0.0783545  0.119779
-1.88496  0  0  -0.100432  -0.145614
-0.628319  0  0  0.329368  -0.482317
0.628319  0  0  0.0306942  -0.341902
1.88496  0  0  0.17054  -0.0927903
3.14159  0  0  -0.0967734  0.0608103
4.39823  0  0  -0.109299  -0.108235
5.65487  0  0  -0.0866289  0.0338058
6.9115  0  0  0.0523011  -0.0163547
8.16814  0  0  -0.0373559  -0.0130139
10.6814  0  0  -0.0695487  0.018242
15.708  0  0  -0.0183016  -0.013371
33.3009  0  0  0.0201016  0.00387721
-54.6637  0  3.14159  0.0899072  0.0641834
-27.0177  0  3.14159  -0.0218605  -0.0484844
-13.1947  0  3.14159  -0.194392  -0.133245
-10.6814  0  3.14159  0.174622  0.186829
-8.16814  0  3.14159  0.128622  -0.0211567
-6.9115  0  3.14159  -0.329112  -0.304182
-5.65487  0  3.14159  -0.166111  0.269937
-4.39823  0  3.14159  0.519943  0.0593849
-3.14159  0  3.14159  -0.138623  0.353994
-1.88496  0  3.14159  -0.181564  -0.660494
-0.628319  0  3.14159  1.18333  -0.736095
0.628319  0  3.14159  0.224985  -1.76273
1.88496  0  3.14159  0.657592  -0.178719
3.14159  0  3.14159  -0.387714  0.300781
4.39823  0  3.14159  -0.276865  -0.481873
5.65487  0  3.14159  -0.256875  0.239974
6.9115  0  3.14159  0.37619  0.256545
8.16814  0  3.14159  0.0309381  -0.149584
10.6814  0  3.14159  -0.196771  -0.139103
15.708  0  3.14159  -0.0264705  0.00710623
33.3009  0  3.14159  0.0188914  0.0220578
-54.6637  3.14159  0  0.0899072  0.0641834
-27.0177  3.14159  0  -0.0218605  -0.0484844
-13.1947  3.14159  0  -0.194392  -0.133245
-10.6814  3.14159  0  0.174622  0.186829
-8.16814  3.14159  0  0.128622  -0.0211567
-6.9115  3.14159  0  -0.329112  -0.304182
-5.65487  3.14159  0  -0.166111  0.269937
-4.39823  3.14159  0  0.519943  0.0593849
-3.14159  3.14159  0  -0.138623  0.353994
-1.88496  3.14159  0  -0.181564  -0.660494
-0.628319  3.14159  0  1.18333  -0.736095
0.628319  3.14159  0  0.224985  -1.76273
1.88496  3.14159  0  0.657592  -0.178719
3.14159  3.14159  0  -0.387714  0.300781
4.39823  3.14159  0  -0.276865  -0.481873
5.65487  3.14159  0  -0.256875  0.239974
6.9115  3.14159  0  0.37619  0.256545
8.16814  3.14159  0  0.0309381  -0.149584
10.6814  3.14159  0  -0.196771  -0.139103
15.708  3.14159  0  -0.0264705  0.00710623
33.3009  3.14159  0  0.0188914  0.0220578
-54.6637  3.14159  3.14159  0.0417216  0.00645885
-27.0177  3.14159  3.14159  -0.0138858  -0.0178467
-13.1947  3.14159  3.14159  -0.0919874  -0.00762359
-10.6814  3.14159  3.14159  0.0803183  0.0123126
-8.16814  3.14159  3.14159  0.0273518  -0.0394888
-6.9115  3.14159  3.14159  -0.145233  -0.0323521
-5.65487  3.14159  3.14159  0.067901  0.17152
-4.39823  3.14159  3.14159  0.303612  -0.068988
-3.14159  3.14159  3.14159  0.0732072  0.201271
-1.88496  3.14159  3.14159  -0.132928  -0.263311
-0.628319  3.14159  3.14159  0.511306  -0.706311
0.628319  3.14159  3.14159  0.0318245  -0.61389
1.88496  3.14159  3.14159  0.30971  -0.176847
3.14159  3.14159  3.14159  -0.138714  0.118806
4.39823  3.14159  3.14159  -0.147043  -0.170313
5.65487  3.14159  3.14159  -0.103935  0.0782261
6.9115  3.14159  3.14159  0.147875  0.00469163
8.16814  3.14159  3.14159  -0.0359356  -0.0342774
10.6814  3.14159  3.14159  -0.108404  0.0172617
15.708  3.14159  3.14159  -0.0237463  -0.0138687
33.3009  3.14159  3.14159  0.0217454  0.00492132
