-54.6637  0  0  -0.000958018  0.0180104
-27.0177  0  0  -0.00343291  0.0348928
-13.1947  0  0  -0.00943109  0.0624269
-10.6814  0  0  -0.0116238  0.0719262
-8.16814  0  0  -0.0142371  0.0837505
-6.9115  0  0  -0.0156439  0.0902979
-5.65487  0  0  -0.0170477  0.0964322
-4.39823  0  0  -0.0183661  0.100061
-3.14159  0  0  -0.0194971  0.096184
-1.88496  0  0  -0.0203317  0.0754953
-0.628319  0  0  -0.0207764  0.0298311
0.628319  0  0  -0.0207764  -0.0298311
1.88496  0  0  -0.0203317  -0.0754953
3.14159  0  0  -0.0194971  -0.096184
4.39823  0  0  -0.0183661  -0.100061
5.65487  0  0  -0.0170477  -0.0964322
6.9115  0  0  -0.0156439  -0.0902979
8.16814  0  0  -0.014237  -0.0837505
10.6814  0  0  -0.0116237  -0.0719262
15.708  0  0  -0.00767775  -0.054889
33.3009  0  0  -0.00239434  -0.0288461
-54.6637  0  3.14159  1.07304e-10  0.018006
-27.0177  0  3.14159  -5.05474e-09  0.0347751
-13.1947  0  3.14159  -2.75594e-09  0.0605095
-10.6814  0  3.14159  -1.38355e-09  0.0683877
-8.16814  0  3.14159  -1.20355e-09  0.0774716
-6.9115  0  3.14159  -1.3893e-09  0.0825497
-5.65487  0  3.14159  -1.09036e-09  0.0883987
-4.39823  0  3.14159  -1.03809e-09  0.0964199
-3.14159  0  3.14159  -1.01971e-09  0.111474
-1.88496  0  3.14159  -1.05645e-09  0.153557
-0.628319  0  3.14159  -1.16618e-09  0.405205
0.628319  0  3.14159  -1.37585e-09  -0.405205
1.88496  0  3.14159  -1.72823e-09  -0.153557
3.14159  0  3.14159  -2.27609e-09  -0.111474
4.39823  0  3.14159  -3.02806e-09  -0.0964198
5.65487  0  3.14159  -3.76984e-09  -0.0883987
6.9115  0  3.14159  -3.67838e-09  -0.0825497
8.16814  0  3.14159  -2.3587e-09  -0.0774716
10.6814  0  3.14159  3.06811e-09  -0.0683877
15.708  0  3.14159  6.94647e-09  -0.0538281
33.3009  0  3.14159  -6.92081e-09  -0.0288004
-54.6637  3.14159  0  1.07304e-10  0.018006
-27.0177  3.14159  0  -5.05474e-09  0.0347751
-13.1947  3.14159  0  -2.75594e-09  0.0605095
-10.6814  3.14159  0  -1.38355e-09  0.0683877
-8.16814  3.14159  0  -1.20355e-09  0.0774716
-6.9115  3.14159  0  -1.3893e-09  0.0825497
-5.65487  3.14159  0  -1.09036e-09  0.0883987
-4.39823  3.14159  0  -1.03809e-09  0.0964199
-3.14159  3.14159  0  -1.01971e-09  0.111474
-1.88496  3.14159  0  -1.05645e-09  0.153557
-0.628319  3.14159  0  -1.16618e-09  0.405205
0.628319  3.14159  0  -1.37585e-09  -0.405205
1.88496  3.14159  0  -1.72823e-09  -0.153557
3.14159  3.14159  0  -2.27609e-09  -0.111474
4.39823  3.14159  0  -3.02806e-09  -0.0964198
5.65487  3.14159  0  -3.76984e-09  -0.0883987
6.9115  3.14159  0  -3.67838e-09  -0.0825497
8.16814  3.14159  0  -2.3587e-09  -0.0774716
10.6814  3.14159  0  3.06811e-09  -0.0683877
15.708  3.14159  0  6.94647e-09  -0.0538281
33.3009  3.14159  0  -6.92081e-09  -0.0288004
-54.6637  3.14159  3.14159  0.000958018  0.0180104
-27.0177  3.14159  3.14159  0.0034329  0.0348928
-13.1947  3.14159  3.14159  0.00943109  0.0624269
-10.6814  3.14159  3.14159  0.0116238  0.0719262
-8.16814  3.14159  3.14159  0.014237  0.0837505
-6.9115  3.14159  3.14159  0.0156439  0.0902979
-5.65487  3.14159  3.14159  0.0170477  0.0964322
-4.39823  3.14159  3.14159  0.0183661  0.100061
-3.14159  3.14159  3.14159  0.0194971  0.096184
-1.88496  3.14159  3.14159  0.0203317  0.0754953
-0.628319  3.14159  3.14159  0.0207764  0.0298311
0.628319  3.14159  3.14159  0.0207764  -0.0298311
1.88496  3.14159  3.14159  0.0203317  -0.0754953
3.14159  3.14159  3.14159  0.0194971  -0.096184
4.39823  3.14159  3.14159  0.0183661  -0.100061
5.65487  3.14159  3.14159  0.0170477  -0.0964322
6.9115  3.14159  3.14159  0.0156438  -0.0902979
8.16814  3.14159  3.14159  0.014237  -0.0837505
10.6814  3.14159  3.14159  0.0116238  -0.0719262
15.708  3.14159  3.14159  0.00767777  -0.054889
33.3009  3.14159  3.14159  0.00239432  -0.0288461
