-54.6637  0  0  -0.000915762  0.0179555
-27.0177  0  0  -0.00328358  0.0343174
-13.1947  0  0  -0.00892407  0.0585074
-10.6814  0  0  -0.0109615  0.0655535
-8.16814  0  0  -0.0133865  0.0726988
-6.9115  0  0  -0.0146946  0.0754434
-5.65487  0  0  -0.0160041  0.0764423
-4.39823  0  0  -0.0172394  0.0738611
-3.14159  0  0  -0.0183081  0.0648183
-1.88496  0  0  -0.01913  0.0460586
-0.628319  0  0  -0.0196312  0.016921
0.628319  0  0  -0.0196171  -0.016934
1.88496  0  0  -0.01913  -0.0460666
3.14159  0  0  -0.0183126  -0.0648221
4.39823  0  0  -0.0172423  -0.0738627
5.65487  0  0  -0.0160067  -0.0764424
6.9115  0  0  -0.0146974  -0.0754423
8.16814  0  0  -0.0133889  -0.0726961
10.6814  0  0  -0.010963  -0.0655459
15.708  0  0  -0.00729442  -0.0523195
33.3009  0  0  -0.00231614  -0.0285217
-54.6637  0  3.14159  8.12087e-06  0.0179513
-27.0177  0  3.14159  -6.88214e-06  0.0342417
-13.1947  0  3.14159  -5.72317e-05  0.0575112
-10.6814  0  3.14159  -7.49673e-05  0.063998
-8.16814  0  3.14159  -9.9951e-05  0.0708983
-6.9115  0  3.14159  -0.000120079  0.0743241
-5.65487  0  3.14159  -0.000149576  0.0776212
-4.39823  0  3.14159  -0.000192222  0.0807163
-3.14159  0  3.14159  -0.000254759  0.0826644
-1.88496  0  3.14159  -0.000329831  0.0755138
-0.628319  0  3.14159  -0.000375772  0.0362857
0.628319  0  3.14159  -0.000376096  -0.0362927
1.88496  0  3.14159  -0.000330086  -0.0755197
3.14159  0  3.14159  -0.000255915  -0.0826689
4.39823  0  3.14159  -0.000194297  -0.0807195
5.65487  0  3.14159  -0.00015244  -0.0776241
6.9115  0  3.14159  -0.000123404  -0.0743275
8.16814  0  3.14159  -0.000101967  -0.0709003
10.6814  0  3.14159  -7.43022e-05  -0.0639909
15.708  0  3.14159  -5.21793e-05  -0.0517171
33.3009  0  3.14159  -3.28591e-05  -0.0284923
-54.6637  3.14159  0  8.12087e-06  0.0179513
-27.0177  3.14159  0  -6.88214e-06  0.0342417
-13.1947  3.14159  0  -5.72317e-05  0.0575112
-10.6814  3.14159  0  -7.49673e-05  0.063998
-8.16814  3.14159  0  -9.9951e-05  0.0708983
-6.9115  3.14159  0  -0.000120079  0.0743241
-5.65487  3.14159  0  -0.000149576  0.0776212
-4.39823  3.14159  0  -0.000192222  0.0807163
-3.14159  3.14159  0  -0.000254759  0.0826644
-1.88496  3.14159  0  -0.000329831  0.0755138
-0.628319  3.14159  0  -0.000375772  0.0362857
0.628319  3.14159  0  -0.000376096  -0.0362927
1.88496  3.14159  0  -0.000330086  -0.0755197
3.14159  3.14159  0  -0.000255915  -0.0826689
4.39823  3.14159  0  -0.000194297  -0.0807195
5.65487  3.14159  0  -0.00015244  -0.0776241
6.9115  3.14159  0  -0.000123404  -0.0743275
8.16814  3.14159  0  -0.000101967  -0.0709003
10.6814  3.14159  0  -7.43022e-05  -0.0639909
15.708  3.14159  0  -5.21793e-05  -0.0517171
33.3009  3.14159  0  -3.28591e-05  -0.0284923
-54.6637  3.14159  3.14159  0.000931876  0.0179532
-27.0177  3.14159  3.14159  0.00326792  0.0343165
-13.1947  3.14159  3.14159  0.00880765  0.0585123
-10.6814  3.14159  3.14159  0.0108037  0.0655603
-8.16814  3.14159  3.14159  0.0131634  0.0727073
-6.9115  3.14159  3.14159  0.0144252  0.0754525
-5.65487  3.14159  3.14159  0.015679  0.0764514
-4.39823  3.14159  3.14159  0.0168521  0.0738697
-3.14159  3.14159  3.14159  0.0178517  0.0648255
-1.88496  3.14159  3.14159  0.0185585  0.0460638
-0.628319  3.14159  3.14159  0.0188728  0.0169236
0.628319  3.14159  3.14159  0.0188869  -0.0169342
1.88496  3.14159  3.14159  0.0185583  -0.0460695
3.14159  3.14159  3.14159  0.0178468  -0.0648272
4.39823  3.14159  3.14159  0.0168488  -0.0738694
5.65487  3.14159  3.14159  0.0156758  -0.0764499
6.9115  3.14159  3.14159  0.0144217  -0.0754499
8.16814  3.14159  3.14159  0.0131599  -0.0727035
10.6814  3.14159  3.14159  0.0107999  -0.0655524
15.708  3.14159  3.14159  0.00718809  -0.0523243
33.3009  3.14159  3.14159  0.00225045  -0.0285225
