-54.6637  0  0  3.52135e-07  -2.60165e-05
-27.0177  0  0  5.16608e-06  -0.000198849
-13.1947  0  0  4.9707e-05  -0.0013301
-10.6814  0  0  8.31089e-05  -0.00220085
-8.16814  0  0  0.000147082  -0.00394649
-6.9115  0  0  0.000205143  -0.00545285
-5.65487  0  0  0.000305419  -0.00763415
-4.39823  0  0  0.000501142  -0.0105775
-3.14159  0  0  0.000906229  -0.0136117
-1.88496  0  0  0.00165167  -0.013807
-0.628319  0  0  0.00247259  -0.00638746
0.628319  0  0  0.00247239  0.00638743
1.88496  0  0  0.00165161  0.0138071
3.14159  0  0  0.000906244  0.0136117
4.39823  0  0  0.000501176  0.0105775
5.65487  0  0  0.000305423  0.00763414
6.9115  0  0  0.000205145  0.00545283
8.16814  0  0  0.000147087  0.00394649
10.6814  0  0  8.31395e-05  0.00220086
15.708  0  0  3.07911e-05  0.000858071
33.3009  0  0  2.391e-06  0.000109946
-54.6637  0  3.14159  9.34449e-10  -2.58776e-05
-27.0177  0  3.14159  7.85972e-10  -0.000194669
-13.1947  0  3.14159  -4.05717e-09  -0.00122301
-10.6814  0  3.14159  9.53032e-09  -0.00194994
-8.16814  0  3.14159  5.4174e-09  -0.00330824
-6.9115  0  3.14159  9.20419e-09  -0.00443641
-5.65487  0  3.14159  -1.12105e-08  -0.0061158
-4.39823  0  3.14159  -7.60415e-08  -0.00882793
-3.14159  0  3.14159  -1.24577e-07  -0.0140808
-1.88496  0  3.14159  4.91787e-07  -0.0302029
-0.628319  0  3.14159  2.66827e-05  -0.315575
0.628319  0  3.14159  2.68441e-05  0.315575
1.88496  0  3.14159  5.91812e-07  0.0302028
3.14159  0  3.14159  -7.0138e-08  0.0140808
4.39823  0  3.14159  -3.10584e-08  0.00882793
5.65487  0  3.14159  2.03939e-08  0.0061158
6.9115  0  3.14159  3.89002e-08  0.00443641
8.16814  0  3.14159  3.40293e-08  0.00330823
10.6814  0  3.14159  3.49464e-08  0.00194994
15.708  0  3.14159  1.70316e-08  0.000807604
33.3009  0  3.14159  4.44556e-09  0.000108401
-54.6637  3.14159  0  9.34449e-10  -2.58776e-05
-27.0177  3.14159  0  7.85972e-10  -0.000194669
-13.1947  3.14159  0  -4.05717e-09  -0.00122301
-10.6814  3.14159  0  9.53032e-09  -0.00194994
-8.16814  3.14159  0  5.4174e-09  -0.00330824
-6.9115  3.14159  0  9.20419e-09  -0.00443641
-5.65487  3.14159  0  -1.12105e-08  -0.0061158
-4.39823  3.14159  0  -7.60415e-08  -0.00882793
-3.14159  3.14159  0  -1.24577e-07  -0.0140808
-1.88496  3.14159  0  4.91787e-07  -0.0302029
-0.628319  3.14159  0  2.66827e-05  -0.315575
0.628319  3.14159  0  2.68441e-05  0.315575
1.88496  3.14159  0  5.91812e-07  0.0302028
3.14159  3.14159  0  -7.0138e-08  0.0140808
4.39823  3.14159  0  -3.10584e-08  0.00882793
5.65487  3.14159  0  2.03939e-08  0.0061158
6.9115  3.14159  0  3.89002e-08  0.00443641
8.16814  3.14159  0  3.40293e-08  0.00330823
10.6814  3.14159  0  3.49464e-08  0.00194994
15.708  3.14159  0  1.70316e-08  0.000807604
33.3009  3.14159  0  4.44556e-09  0.000108401
-54.6637  3.14159  3.14159  -3.52797e-07  -2.60165e-05
-27.0177  3.14159  3.14159  -5.15667e-06  -0.000198849
-13.1947  3.14159  3.14159  -4.97168e-05  -0.0013301
-10.6814  3.14159  3.14159  -8.31196e-05  -0.00220085
-8.16814  3.14159  3.14159  -0.000147032  -0.00394649
-6.9115  3.14159  3.14159  -0.000205165  -0.00545284
-5.65487  3.14159  3.14159  -0.000305452  -0.00763415
-4.39823  3.14159  3.14159  -0.000500995  -0.0105775
-3.14159  3.14159  3.14159  -0.000906321  -0.0136117
-1.88496  3.14159  3.14159  -0.0016513  -0.013807
-0.628319  3.14159  3.14159  -0.00247367  -0.00638745
0.628319  3.14159  3.14159  -0.00247386  0.00638742
1.88496  3.14159  3.14159  -0.00165136  0.0138071
3.14159  3.14159  3.14159  -0.000906304  0.0136117
4.39823  3.14159  3.14159  -0.000500961  0.0105775
5.65487  3.14159  3.14159  -0.000305447  0.00763414
6.9115  3.14159  3.14159  -0.000205161  0.00545283
8.16814  3.14159  3.14159  -0.000147025  0.00394649
10.6814  3.14159  3.14159  -8.30892e-05  0.00220086
15.708  3.14159  3.14159  -3.0755e-05  0.000858072
33.3009  3.14159  3.14159  -2.38269e-06  0.000109946
