-29.531  0  0  -0.00115654  0.00931277
-14.4513  0  0  -0.00293039  0.0200193
-8.16814  0  0  0.00134024  0.0357755
-5.65487  0  0  -0.00830077  0.0434385
-4.39823  0  0  -0.00327558  0.0241704
-3.14159  0  0  -0.01859  0.0485469
-1.88496  0  0  -0.000539476  0.0273116
-0.628319  0  0  0.0142155  0.0121144
0.628319  0  0  0.0107104  -0.0153714
1.88496  0  0  -0.00169726  -0.0301022
3.14159  0  0  -0.0176098  -0.0477941
4.39823  0  0  -0.00305815  -0.025229
5.65487  0  0  -0.00931383  -0.0446221
8.16814  0  0  0.00101183  -0.0361812
10.6814  0  0  -0.00375714  -0.0274314
14.4513  0  0  -0.00319161  -0.0198853
33.3009  0  0  -0.000938867  -0.0111805
-29.531  0  3.14159  -5.79804e-06  0.016807
-14.4513  0  3.14159  -1.69184e-05  0.0336733
-8.16814  0  3.14159  -3.23453e-05  0.0424762
-5.65487  0  3.14159  -7.44339e-06  0.0519247
-4.39823  0  3.14159  -3.73921e-05  0.0469549
-3.14159  0  3.14159  -1.39871e-05  0.05763
-1.88496  0  3.14159  -0.000121933  0.139062
-0.628319  0  3.14159  -0.000180505  0.456586
0.628319  0  3.14159  0.000357284  -0.456559
1.88496  0  3.14159  5.5364e-05  -0.139046
3.14159  0  3.14159  4.78548e-05  -0.0576419
4.39823  0  3.14159  -3.34819e-06  -0.0469426
5.65487  0  3.14159  5.93441e-05  -0.0519238
8.16814  0  3.14159  1.817e-05  -0.0424693
10.6814  0  3.14159  3.77025e-05  -0.0539888
14.4513  0  3.14159  2.22022e-05  -0.0336748
33.3009  0  3.14159  1.19559e-05  -0.0180067
-29.531  3.14159  0  -5.79804e-06  0.016807
-14.4513  3.14159  0  -1.69184e-05  0.0336733
-8.16814  3.14159  0  -3.23453e-05  0.0424762
-5.65487  3.14159  0  -7.44339e-06  0.0519247
-4.39823  3.14159  0  -3.73921e-05  0.0469549
-3.14159  3.14159  0  -1.39871e-05  0.05763
-1.88496  3.14159  0  -0.000121933  0.139062
-0.628319  3.14159  0  -0.000180505  0.456586
0.628319  3.14159  0  0.000357284  -0.456559
1.88496  3.14159  0  5.5364e-05  -0.139046
3.14159  3.14159  0  4.78548e-05  -0.0576419
4.39823  3.14159  0  -3.34819e-06  -0.0469426
5.65487  3.14159  0  5.93441e-05  -0.0519238
8.16814  3.14159  0  1.817e-05  -0.0424693
10.6814  3.14159  0  3.77025e-05  -0.0539888
14.4513  3.14159  0  2.22022e-05  -0.0336748
33.3009  3.14159  0  1.19559e-05  -0.0180067
-29.531  3.14159  3.14159  0.000430549  0.00931418
-14.4513  3.14159  3.14159  0.0017789  0.0200263
-8.16814  3.14159  3.14159  0.00974438  0.035772
-5.65487  3.14159  3.14159  0.00251043  0.0434503
-4.39823  3.14159  3.14159  0.00908007  0.0241709
-3.14159  3.14159  3.14159  -0.00435329  0.0485747
-1.88496  3.14159  3.14159  0.0156787  0.0272946
-0.628319  3.14159  3.14159  0.0319202  0.0121068
0.628319  3.14159  3.14159  0.0284183  -0.0153739
1.88496  3.14159  3.14159  0.0145308  -0.0300738
3.14159  3.14159  3.14159  -0.0033889  -0.0478274
4.39823  3.14159  3.14159  0.00929845  -0.0252244
5.65487  3.14159  3.14159  0.00149291  -0.044631
8.16814  3.14159  3.14159  0.00942  -0.0361789
10.6814  3.14159  3.14159  0.00284703  -0.0274512
14.4513  3.14159  3.14159  0.00151314  -0.0198933
33.3009  3.14159  3.14159  0.000344488  -0.011178
