-33.7721  0  0  -4.88374e-06  0.000162625
-16.4934  0  0  -2.03846e-05  0.000329213
-10.2102  0  0  -5.24133e-05  0.000518909
-7.06858  0  0  -0.000104156  0.000717285
-5.49779  0  0  -0.000159523  0.000874098
-3.92699  0  0  -0.000260337  0.00108777
-2.35619  0  0  -0.000447445  0.00132054
-0.785398  0  0  -0.00075174  0.00111263
0.785398  0  0  -0.00075174  -0.00111263
2.35619  0  0  -0.000447445  -0.00132055
3.92699  0  0  -0.000260337  -0.00108777
5.49779  0  0  -0.000159523  -0.000874098
7.06858  0  0  -0.000104157  -0.000717284
10.2102  0  0  -5.24133e-05  -0.000518909
16.4934  0  0  -2.03847e-05  -0.000329213
35.3429  0  0  -4.46034e-06  -0.000155445
-33.7721  0  3.14159  0  0.000163066
-16.4934  0  3.14159  0  0.000332937
-10.2102  0  3.14159  0  0.000533932
-7.06858  0  3.14159  0  0.000758126
-5.49779  0  3.14159  0  0.000950566
-3.92699  0  3.14159  0  0.00125223
-2.35619  0  3.14159  0  0.0017691
-0.785398  0  3.14159  0  0.0027886
0.785398  0  3.14159  0  -0.0027886
2.35619  0  3.14159  0  -0.0017691
3.92699  0  3.14159  0  -0.00125223
5.49779  0  3.14159  0  -0.000950566
7.06858  0  3.14159  0  -0.000758126
10.2102  0  3.14159  0  -0.000533932
16.4934  0  3.14159  0  -0.000332937
35.3429  0  3.14159  0  -0.00015583
-33.7721  3.14159  0  0  0.000163066
-16.4934  3.14159  0  0  0.000332937
-10.2102  3.14159  0  0  0.000533932
-7.06858  3.14159  0  0  0.000758126
-5.49779  3.14159  0  0  0.000950566
-3.92699  3.14159  0  0  0.00125223
-2.35619  3.14159  0  0  0.0017691
-0.785398  3.14159  0  0  0.0027886
0.785398  3.14159  0  0  -0.0027886
2.35619  3.14159  0  0  -0.0017691
3.92699  3.14159  0  0  -0.00125223
5.49779  3.14159  0  0  -0.000950566
7.06858  3.14159  0  0  -0.000758126
10.2102  3.14159  0  0  -0.000533932
16.4934  3.14159  0  0  -0.000332937
35.3429  3.14159  0  0  -0.00015583
-33.7721  3.14159  3.14159  4.88381e-06  0.000162625
-16.4934  3.14159  3.14159  2.03839e-05  0.000329213
-10.2102  3.14159  3.14159  5.24142e-05  0.000518909
-7.06858  3.14159  3.14159  0.00010416  0.000717285
-5.49779  3.14159  3.14159  0.000159526  0.000874098
-3.92699  3.14159  3.14159  0.000260338  0.00108777
-2.35619  3.14159  3.14159  0.000447449  0.00132054
-0.785398  3.14159  3.14159  0.000751726  0.00111263
0.785398  3.14159  3.14159  0.000751726  -0.00111263
2.35619  3.14159  3.14159  0.000447449  -0.00132055
3.92699  3.14159  3.14159  0.000260338  -0.00108777
5.49779  3.14159  3.14159  0.000159526  -0.000874098
7.06858  3.14159  3.14159  0.000104159  -0.000717285
10.2102  3.14159  3.14159  5.24141e-05  -0.000518909
16.4934  3.14159  3.14159  2.03838e-05  -0.000329213
35.3429  3.14159  3.14159  4.45977e-06  -0.000155445
