-33.7721  0  0  -1.92378e-05  0.000812621
-16.4934  0  0  -8.90824e-05  0.00166174
-10.2102  0  0  -0.000242842  0.00263421
-7.06858  0  0  -0.000477315  0.00362253
-5.49779  0  0  -0.000702949  0.00436116
-3.92699  0  0  -0.00106172  0.00527147
-2.35619  0  0  -0.00160839  0.00599208
-0.785398  0  0  -0.00228447  0.00440319
0.785398  0  0  -0.00228447  -0.00440319
2.35619  0  0  -0.00160839  -0.00599208
3.92699  0  0  -0.00106172  -0.00527147
5.49779  0  0  -0.00070295  -0.00436116
7.06858  0  0  -0.000477316  -0.00362253
10.2102  0  0  -0.000242843  -0.00263421
16.4934  0  0  -8.90832e-05  -0.00166174
35.3429  0  0  -1.74915e-05  -0.000776432
-33.7721  0  3.14159  0  0.000813701
-16.4934  0  3.14159  0  0.00167131
-10.2102  0  3.14159  0  0.00266931
-7.06858  0  3.14159  0  0.00370297
-5.49779  0  3.14159  0  0.00449911
-3.92699  0  3.14159  0  0.00557803
-2.35619  0  3.14159  0  0.00703166
-0.785398  0  3.14159  0  0.00882012
0.785398  0  3.14159  0  -0.00882012
2.35619  0  3.14159  0  -0.00703166
3.92699  0  3.14159  0  -0.00557803
5.49779  0  3.14159  0  -0.00449911
7.06858  0  3.14159  0  -0.00370297
10.2102  0  3.14159  0  -0.00266931
16.4934  0  3.14159  0  -0.00167131
35.3429  0  3.14159  0  -0.000777369
-33.7721  3.14159  0  0  0.000813701
-16.4934  3.14159  0  0  0.00167131
-10.2102  3.14159  0  0  0.00266931
-7.06858  3.14159  0  0  0.00370297
-5.49779  3.14159  0  0  0.00449911
-3.92699  3.14159  0  0  0.00557803
-2.35619  3.14159  0  0  0.00703166
-0.785398  3.14159  0  0  0.00882012
0.785398  3.14159  0  0  -0.00882012
2.35619  3.14159  0  0  -0.00703166
3.92699  3.14159  0  0  -0.00557803
5.49779  3.14159  0  0  -0.00449911
7.06858  3.14159  0  0  -0.00370297
10.2102  3.14159  0  0  -0.00266931
16.4934  3.14159  0  0  -0.00167131
35.3429  3.14159  0  0  -0.000777369
-33.7721  3.14159  3.14159  1.92383e-05  0.000812621
-16.4934  3.14159  3.14159  8.90829e-05  0.00166174
-10.2102  3.14159  3.14159  0.000242843  0.00263421
-7.06858  3.14159  3.14159  0.000477315  0.00362253
-5.49779  3.14159  3.14159  0.00070295  0.00436116
-3.92699  3.14159  3.14159  0.00106172  0.00527147
-2.35619  3.14159  3.14159  0.00160839  0.00599208
-0.785398  3.14159  3.14159  0.00228447  0.00440319
0.785398  3.14159  3.14159  0.00228447  -0.00440319
2.35619  3.14159  3.14159  0.00160839  -0.00599208
3.92699  3.14159  3.14159  0.00106172  -0.00527147
5.49779  3.14159  3.14159  0.000702949  -0.00436116
7.06858  3.14159  3.14159  0.000477314  -0.00362253
10.2102  3.14159  3.14159  0.000242842  -0.00263421
16.4934  3.14159  3.14159  8.90822e-05  -0.00166174
35.3429  3.14159  3.14159  1.74904e-05  -0.00077643
