-33.7721  0  0  -0.00038673  0.00723423
-16.4934  0  0  -0.00138643  0.0138681
-10.2102  0  0  -0.00278984  0.0199832
-7.06858  0  0  -0.00418362  0.0247082
-5.49779  0  0  -0.00513804  0.0273166
-3.92699  0  0  -0.0062314  0.029263
-2.35619  0  0  -0.00730398  0.0280116
-0.785398  0  0  -0.00801542  0.0161863
0.785398  0  0  -0.00801542  -0.0161863
2.35619  0  0  -0.00730398  -0.0280116
3.92699  0  0  -0.0062314  -0.029263
5.49779  0  0  -0.00513804  -0.0273166
7.06858  0  0  -0.00418362  -0.0247082
10.2102  0  0  -0.00278984  -0.0199832
16.4934  0  0  -0.00138644  -0.0138681
35.3429  0  0  -0.000354789  -0.00692619
-33.7721  0  3.14159  0  0.00723317
-16.4934  0  3.14159  0  0.0138427
-10.2102  0  3.14159  0  0.0198451
-7.06858  0  3.14159  0  0.0243846
-5.49779  0  3.14159  0  0.0269152
-3.92699  0  3.14159  0  0.0291645
-2.35619  0  3.14159  0  0.0300776
-0.785398  0  3.14159  0  0.0259892
0.785398  0  3.14159  0  -0.0259892
2.35619  0  3.14159  0  -0.0300776
3.92699  0  3.14159  0  -0.0291645
5.49779  0  3.14159  0  -0.0269152
7.06858  0  3.14159  0  -0.0243846
10.2102  0  3.14159  0  -0.0198451
16.4934  0  3.14159  0  -0.0138427
35.3429  0  3.14159  0  -0.00692533
-33.7721  3.14159  0  0  0.00723317
-16.4934  3.14159  0  0  0.0138427
-10.2102  3.14159  0  0  0.0198451
-7.06858  3.14159  0  0  0.0243846
-5.49779  3.14159  0  0  0.0269152
-3.92699  3.14159  0  0  0.0291645
-2.35619  3.14159  0  0  0.0300776
-0.785398  3.14159  0  0  0.0259892
0.785398  3.14159  0  0  -0.0259892
2.35619  3.14159  0  0  -0.0300776
3.92699  3.14159  0  0  -0.0291645
5.49779  3.14159  0  0  -0.0269152
7.06858  3.14159  0  0  -0.0243846
10.2102  3.14159  0  0  -0.0198451
16.4934  3.14159  0  0  -0.0138427
35.3429  3.14159  0  0  -0.00692533
-33.7721  3.14159  3.14159  0.000386734  0.00723422
-16.4934  3.14159  3.14159  0.00138643  0.0138681
-10.2102  3.14159  3.14159  0.00278984  0.0199832
-7.06858  3.14159  3.14159  0.00418361  0.0247082
-5.49779  3.14159  3.14159  0.00513804  0.0273166
-3.92699  3.14159  3.14159  0.0062314  0.029263
-2.35619  3.14159  3.14159  0.00730398  0.0280116
-0.785398  3.14159  3.14159  0.00801542  0.0161863
0.785398  3.14159  3.14159  0.00801542  -0.0161863
2.35619  3.14159  3.14159  0.00730398  -0.0280116
3.92699  3.14159  3.14159  0.0062314  -0.029263
5.49779  3.14159  3.14159  0.00513804  -0.0273166
7.06858  3.14159  3.14159  0.00418361  -0.0247082
10.2102  3.14159  3.14159  0.00278984  -0.0199832
16.4934  3.14159  3.14159  0.00138643  -0.0138681
35.3429  3.14159  3.14159  0.000354781  -0.00692617
