-33.7721  0  0  8.0285e-08  -3.62559e-06
-16.4934  0  0  1.22626e-06  -2.60158e-05
-10.2102  0  0  6.26587e-06  -8.21877e-05
-7.06858  0  0  1.82596e-05  -0.000172128
-5.49779  0  0  3.41676e-05  -0.000262077
-3.92699  0  0  6.91277e-05  -0.000409212
-2.35619  0  0  0.000151421  -0.00061732
-0.785398  0  0  0.000324827  -0.000618434
0.785398  0  0  0.000324827  0.000618434
2.35619  0  0  0.000151421  0.00061732
3.92699  0  0  6.91278e-05  0.000409212
5.49779  0  0  3.41677e-05  0.000262077
7.06858  0  0  1.82597e-05  0.000172128
10.2102  0  0  6.26594e-06  8.21877e-05
16.4934  0  0  1.22633e-06  2.60158e-05
35.3429  0  0  6.71867e-08  3.18081e-06
-33.7721  0  3.14159  0  -3.62533e-06
-16.4934  0  3.14159  0  -2.60403e-05
-10.2102  0  3.14159  0  -8.25435e-05
-7.06858  0  3.14159  0  -0.000173868
-5.49779  0  3.14159  0  -0.000266982
-3.92699  0  3.14159  0  -0.000429289
-2.35619  0  3.14159  0  -0.000740123
-0.785398  0  3.14159  0  -0.00149929
0.785398  0  3.14159  0  0.00149929
2.35619  0  3.14159  0  0.000740123
3.92699  0  3.14159  0  0.000429289
5.49779  0  3.14159  0  0.000266982
7.06858  0  3.14159  0  0.000173868
10.2102  0  3.14159  0  8.25435e-05
16.4934  0  3.14159  0  2.60403e-05
35.3429  0  3.14159  0  3.18056e-06
-33.7721  3.14159  0  0  -3.62533e-06
-16.4934  3.14159  0  0  -2.60403e-05
-10.2102  3.14159  0  0  -8.25435e-05
-7.06858  3.14159  0  0  -0.000173868
-5.49779  3.14159  0  0  -0.000266982
-3.92699  3.14159  0  0  -0.000429289
-2.35619  3.14159  0  0  -0.000740123
-0.785398  3.14159  0  0  -0.00149929
0.785398  3.14159  0  0  0.00149929
2.35619  3.14159  0  0  0.000740123
3.92699  3.14159  0  0  0.000429289
5.49779  3.14159  0  0  0.000266982
7.06858  3.14159  0  0  0.000173868
10.2102  3.14159  0  0  8.25435e-05
16.4934  3.14159  0  0  2.60403e-05
35.3429  3.14159  0  0  3.18056e-06
-33.7721  3.14159  3.14159  -8.0315e-08  -3.62559e-06
-16.4934  3.14159  3.14159  -1.22635e-06  -2.60158e-05
-10.2102  3.14159  3.14159  -6.2659e-06  -8.21877e-05
-7.06858  3.14159  3.14159  -1.82597e-05  -0.000172128
-5.49779  3.14159  3.14159  -3.41677e-05  -0.000262077
-3.92699  3.14159  3.14159  -6.91278e-05  -0.000409212
-2.35619  3.14159  3.14159  -0.000151421  -0.00061732
-0.785398  3.14159  3.14159  -0.000324827  -0.000618434
0.785398  3.14159  3.14159  -0.000324827  0.000618434
2.35619  3.14159  3.14159  -0.000151421  0.00061732
3.92699  3.14159  3.14159  -6.91277e-05  0.000409212
5.49779  3.14159  3.14159  -3.41676e-05  0.000262077
7.06858  3.14159  3.14159  -1.82596e-05  0.000172128
10.2102  3.14159  3.14159  -6.26584e-06  8.21877e-05
16.4934  3.14159  3.14159  -1.22628e-06  2.60158e-05
35.3429  3.14159  3.14159  -6.71702e-08  3.18081e-06
