-33.7721  0  0  5.54012e-07  -0.000155887
-16.4934  0  0  1.27759e-06  -0.000282057
-10.2102  0  0  2.18001e-06  -0.000375285
-7.06858  0  0  6.30517e-06  -0.000428733
-5.49779  0  0  1.39667e-05  -0.000449743
-3.92699  0  0  3.29164e-05  -0.000458424
-2.35619  0  0  7.53275e-05  -0.000439686
-0.785398  0  0  0.000146473  -0.00030828
0.785398  0  0  0.000146473  0.00030828
2.35619  0  0  7.53275e-05  0.000439686
3.92699  0  0  3.29164e-05  0.000458424
5.49779  0  0  1.39667e-05  0.000449743
7.06858  0  0  6.30518e-06  0.000428733
10.2102  0  0  2.18001e-06  0.000375285
16.4934  0  0  1.27757e-06  0.000282057
35.3429  0  0  5.15764e-07  0.00014953
-33.7721  0  3.14159  0  -0.000156127
-16.4934  0  3.14159  0  -0.000284395
-10.2102  0  3.14159  0  -0.000386153
-7.06858  0  3.14159  0  -0.000460121
-5.49779  0  3.14159  0  -0.000507178
-3.92699  0  3.14159  0  -0.000566077
-2.35619  0  3.14159  0  -0.000640689
-0.785398  0  3.14159  0  -0.000715431
0.785398  0  3.14159  0  0.000715431
2.35619  0  3.14159  0  0.000640689
3.92699  0  3.14159  0  0.000566077
5.49779  0  3.14159  0  0.000507178
7.06858  0  3.14159  0  0.000460121
10.2102  0  3.14159  0  0.000386153
16.4934  0  3.14159  0  0.000284395
35.3429  0  3.14159  0  0.000149738
-33.7721  3.14159  0  0  -0.000156127
-16.4934  3.14159  0  0  -0.000284395
-10.2102  3.14159  0  0  -0.000386153
-7.06858  3.14159  0  0  -0.000460121
-5.49779  3.14159  0  0  -0.000507178
-3.92699  3.14159  0  0  -0.000566077
-2.35619  3.14159  0  0  -0.000640689
-0.785398  3.14159  0  0  -0.000715431
0.785398  3.14159  0  0  0.000715431
2.35619  3.14159  0  0  0.000640689
3.92699  3.14159  0  0  0.000566077
5.49779  3.14159  0  0  0.000507178
7.06858  3.14159  0  0  0.000460121
10.2102  3.14159  0  0  0.000386153
16.4934  3.14159  0  0  0.000284395
35.3429  3.14159  0  0  0.000149738
-33.7721  3.14159  3.14159  -5.54099e-07  -0.000155887
-16.4934  3.14159  3.14159  -1.27771e-06  -0.000282058
-10.2102  3.14159  3.14159  -2.18007e-06  -0.000375285
-7.06858  3.14159  3.14159  -6.30523e-06  -0.000428733
-5.49779  3.14159  3.14159  -1.39667e-05  -0.000449743
-3.92699  3.14159  3.14159  -3.29164e-05  -0.000458424
-2.35619  3.14159  3.14159  -7.53275e-05  -0.000439686
-0.785398  3.14159  3.14159  -0.000146474  -0.00030828
0.785398  3.14159  3.14159  -0.000146474  0.00030828
2.35619  3.14159  3.14159  -7.53275e-05  0.000439686
3.92699  3.14159  3.14159  -3.29164e-05  0.000458424
5.49779  3.14159  3.14159  -1.39667e-05  0.000449743
7.06858  3.14159  3.14159  -6.30522e-06  0.000428733
10.2102  3.14159  3.14159  -2.18007e-06  0.000375285
16.4934  3.14159  3.14159  -1.27773e-06  0.000282058
35.3429  3.14159  3.14159  -5.15829e-07  0.00014953
