-33.7721  0  0  1.92363e-05  -0.000812617
-16.4934  0  0  8.90812e-05  -0.00166174
-10.2102  0  0  0.000242844  -0.0026342
-7.06858  0  0  0.000477315  -0.00362252
-5.49779  0  0  0.00070295  -0.00436114
-3.92699  0  0  0.00106172  -0.00527144
-2.35619  0  0  0.00160839  -0.00599203
-0.785398  0  0  0.00228446  -0.00440314
0.785398  0  0  0.00228446  0.00440314
2.35619  0  0  0.00160839  0.00599203
3.92699  0  0  0.00106172  0.00527144
5.49779  0  0  0.000702951  0.00436114
7.06858  0  0  0.000477316  0.00362252
10.2102  0  0  0.000242843  0.0026342
16.4934  0  0  8.90825e-05  0.00166174
35.3429  0  0  1.74911e-05  0.000776427
-33.7721  0  3.14159  0  -0.000813697
-16.4934  0  3.14159  0  -0.0016713
-10.2102  0  3.14159  0  -0.00266929
-7.06858  0  3.14159  0  -0.00370295
-5.49779  0  3.14159  0  -0.00449909
-3.92699  0  3.14159  0  -0.00557799
-2.35619  0  3.14159  0  -0.0070316
-0.785398  0  3.14159  0  -0.00881994
0.785398  0  3.14159  0  0.00881994
2.35619  0  3.14159  0  0.0070316
3.92699  0  3.14159  0  0.00557799
5.49779  0  3.14159  0  0.00449909
7.06858  0  3.14159  0  0.00370295
10.2102  0  3.14159  0  0.00266929
16.4934  0  3.14159  0  0.0016713
35.3429  0  3.14159  0  0.000777366
-33.7721  3.14159  0  0  -0.000813697
-16.4934  3.14159  0  0  -0.0016713
-10.2102  3.14159  0  0  -0.00266929
-7.06858  3.14159  0  0  -0.00370295
-5.49779  3.14159  0  0  -0.00449909
-3.92699  3.14159  0  0  -0.00557799
-2.35619  3.14159  0  0  -0.0070316
-0.785398  3.14159  0  0  -0.00881994
0.785398  3.14159  0  0  0.00881994
2.35619  3.14159  0  0  0.0070316
3.92699  3.14159  0  0  0.00557799
5.49779  3.14159  0  0  0.00449909
7.06858  3.14159  0  0  0.00370295
10.2102  3.14159  0  0  0.00266929
16.4934  3.14159  0  0  0.0016713
35.3429  3.14159  0  0  0.000777366
-33.7721  3.14159  3.14159  -1.92409e-05  -0.000812617
-16.4934  3.14159  3.14159  -8.90847e-05  -0.00166174
-10.2102  3.14159  3.14159  -0.000242841  -0.0026342
-7.06858  3.14159  3.14159  -0.000477316  -0.00362252
-5.49779  3.14159  3.14159  -0.000702951  -0.00436114
-3.92699  3.14159  3.14159  -0.00106172  -0.00527144
-2.35619  3.14159  3.14159  -0.00160839  -0.00599203
-0.785398  3.14159  3.14159  -0.00228447  -0.00440314
0.785398  3.14159  3.14159  -0.00228446  0.00440314
2.35619  3.14159  3.14159  -0.00160839  0.00599203
3.92699  3.14159  3.14159  -0.00106172  0.00527144
5.49779  3.14159  3.14159  -0.00070295  0.00436114
7.06858  3.14159  3.14159  -0.000477315  0.00362252
10.2102  3.14159  3.14159  -0.000242842  0.0026342
16.4934  3.14159  3.14159  -8.9083e-05  0.00166174
35.3429  3.14159  3.14159  -1.74901e-05  0.000776427
