-33.7721  0  0  8.02864e-08  -3.62568e-06
-16.4934  0  0  1.22627e-06  -2.60166e-05
-10.2102  0  0  6.26588e-06  -8.21908e-05
-7.06858  0  0  1.82594e-05  -0.000172136
-5.49779  0  0  3.4167e-05  -0.000262092
-3.92699  0  0  6.91261e-05  -0.000409244
-2.35619  0  0  0.000151419  -0.000617387
-0.785398  0  0  0.000324837  -0.000618527
0.785398  0  0  0.000324837  0.000618527
2.35619  0  0  0.000151419  0.000617387
3.92699  0  0  6.91262e-05  0.000409244
5.49779  0  0  3.41671e-05  0.000262092
7.06858  0  0  1.82595e-05  0.000172136
10.2102  0  0  6.26594e-06  8.21908e-05
16.4934  0  0  1.22634e-06  2.60166e-05
35.3429  0  0  6.71879e-08  3.18088e-06
-33.7721  0  3.14159  0  -3.62542e-06
-16.4934  0  3.14159  0  -2.6041e-05
-10.2102  0  3.14159  0  -8.25464e-05
-7.06858  0  3.14159  0  -0.000173876
-5.49779  0  3.14159  0  -0.000266997
-3.92699  0  3.14159  0  -0.000429318
-2.35619  0  3.14159  0  -0.000740202
-0.785398  0  3.14159  0  -0.00149971
0.785398  0  3.14159  0  0.00149971
2.35619  0  3.14159  0  0.000740202
3.92699  0  3.14159  0  0.000429318
5.49779  0  3.14159  0  0.000266997
7.06858  0  3.14159  0  0.000173876
10.2102  0  3.14159  0  8.25465e-05
16.4934  0  3.14159  0  2.60411e-05
35.3429  0  3.14159  0  3.18064e-06
-33.7721  3.14159  0  0  -3.62542e-06
-16.4934  3.14159  0  0  -2.6041e-05
-10.2102  3.14159  0  0  -8.25464e-05
-7.06858  3.14159  0  0  -0.000173876
-5.49779  3.14159  0  0  -0.000266997
-3.92699  3.14159  0  0  -0.000429318
-2.35619  3.14159  0  0  -0.000740202
-0.785398  3.14159  0  0  -0.00149971
0.785398  3.14159  0  0  0.00149971
2.35619  3.14159  0  0  0.000740202
3.92699  3.14159  0  0  0.000429318
5.49779  3.14159  0  0  0.000266997
7.06858  3.14159  0  0  0.000173876
10.2102  3.14159  0  0  8.25465e-05
16.4934  3.14159  0  0  2.60411e-05
35.3429  3.14159  0  0  3.18064e-06
-33.7721  3.14159  3.14159  -8.03164e-08  -3.62568e-06
-16.4934  3.14159  3.14159  -1.22636e-06  -2.60166e-05
-10.2102  3.14159  3.14159  -6.2659e-06  -8.21908e-05
-7.06858  3.14159  3.14159  -1.82595e-05  -0.000172136
-5.49779  3.14159  3.14159  -3.41671e-05  -0.000262092
-3.92699  3.14159  3.14159  -6.91262e-05  -0.000409244
-2.35619  3.14159  3.14159  -0.000151419  -0.000617387
-0.785398  3.14159  3.14159  -0.000324837  -0.000618527
0.785398  3.14159  3.14159  -0.000324837  0.000618527
2.35619  3.14159  3.14159  -0.000151419  0.000617387
3.92699  3.14159  3.14159  -6.91261e-05  0.000409244
5.49779  3.14159  3.14159  -3.4167e-05  0.000262092
7.06858  3.14159  3.14159  -1.82594e-05  0.000172136
10.2102  3.14159  3.14159  -6.26585e-06  8.21908e-05
16.4934  3.14159  3.14159  -1.22629e-06  2.60166e-05
35.3429  3.14159  3.14159  -6.71714e-08  3.18088e-06
