-33.7721  0  0  1.41473e-07  -5.81164e-06
-16.4934  0  0  1.66619e-06  -4.10744e-05
-10.2102  0  0  5.74777e-06  -0.000130408
-7.06858  0  0  1.22639e-05  -0.000276223
-5.49779  0  0  2.01888e-05  -0.000417249
-3.92699  0  0  3.87515e-05  -0.000612817
-2.35619  0  0  8.32457e-05  -0.000740598
-0.785398  0  0  0.000149801  -0.000397836
0.785398  0  0  0.000149804  0.000397832
2.35619  0  0  8.32451e-05  0.000740598
3.92699  0  0  3.87506e-05  0.000612817
5.49779  0  0  2.01881e-05  0.00041725
7.06858  0  0  1.22633e-05  0.000276224
10.2102  0  0  5.74724e-06  0.000130408
16.4934  0  0  1.66583e-06  4.10744e-05
35.3429  0  0  1.19053e-07  5.10315e-06
-33.7721  0  3.14159  0  -5.74223e-06
-16.4934  0  3.14159  0  -3.91079e-05
-10.2102  0  3.14159  0  -0.000115691
-7.06858  0  3.14159  0  -0.000228151
-5.49779  0  3.14159  0  -0.000338615
-3.92699  0  3.14159  0  -0.000546102
-2.35619  0  3.14159  0  -0.00113994
-0.785398  0  3.14159  0  -0.010624
0.785398  0  3.14159  0  0.010624
2.35619  0  3.14159  0  0.00113994
3.92699  0  3.14159  0  0.000546102
5.49779  0  3.14159  0  0.000338615
7.06858  0  3.14159  0  0.000228151
10.2102  0  3.14159  0  0.000115691
16.4934  0  3.14159  0  3.91079e-05
35.3429  0  3.14159  0  5.04734e-06
-33.7721  3.14159  0  0  -5.74223e-06
-16.4934  3.14159  0  0  -3.91079e-05
-10.2102  3.14159  0  0  -0.000115691
-7.06858  3.14159  0  0  -0.000228151
-5.49779  3.14159  0  0  -0.000338615
-3.92699  3.14159  0  0  -0.000546102
-2.35619  3.14159  0  0  -0.00113994
-0.785398  3.14159  0  0  -0.010624
0.785398  3.14159  0  0  0.010624
2.35619  3.14159  0  0  0.00113994
3.92699  3.14159  0  0  0.000546102
5.49779  3.14159  0  0  0.000338615
7.06858  3.14159  0  0  0.000228151
10.2102  3.14159  0  0  0.000115691
16.4934  3.14159  0  0  3.91079e-05
35.3429  3.14159  0  0  5.04734e-06
-33.7721  3.14159  3.14159  -1.41484e-07  -5.81164e-06
-16.4934  3.14159  3.14159  -1.66646e-06  -4.10744e-05
-10.2102  3.14159  3.14159  -5.74859e-06  -0.000130408
-7.06858  3.14159  3.14159  -1.22646e-05  -0.000276224
-5.49779  3.14159  3.14159  -2.01911e-05  -0.000417249
-3.92699  3.14159  3.14159  -3.87541e-05  -0.000612817
-2.35619  3.14159  3.14159  -8.32483e-05  -0.000740599
-0.785398  3.14159  3.14159  -0.000149774  -0.000397835
0.785398  3.14159  3.14159  -0.000149771  0.000397831
2.35619  3.14159  3.14159  -8.32489e-05  0.000740598
3.92699  3.14159  3.14159  -3.8755e-05  0.000612817
5.49779  3.14159  3.14159  -2.01917e-05  0.000417249
7.06858  3.14159  3.14159  -1.22651e-05  0.000276223
10.2102  3.14159  3.14159  -5.74908e-06  0.000130408
16.4934  3.14159  3.14159  -1.66682e-06  4.10744e-05
35.3429  3.14159  3.14159  -1.19248e-07  5.10315e-06
