-33.7721  0  0  -1.92378e-05  0.00081263
-16.4934  0  0  -8.90823e-05  0.00166176
-10.2102  0  0  -0.000242842  0.00263424
-7.06858  0  0  -0.000477313  0.00362257
-5.49779  0  0  -0.000702948  0.00436121
-3.92699  0  0  -0.00106172  0.00527154
-2.35619  0  0  -0.00160839  0.00599218
-0.785398  0  0  -0.00228447  0.00440329
0.785398  0  0  -0.00228447  -0.00440329
2.35619  0  0  -0.00160839  -0.00599218
3.92699  0  0  -0.00106172  -0.00527154
5.49779  0  0  -0.000702949  -0.00436121
7.06858  0  0  -0.000477314  -0.00362257
10.2102  0  0  -0.000242842  -0.00263424
16.4934  0  0  -8.90831e-05  -0.00166176
35.3429  0  0  -1.74915e-05  -0.00077644
-33.7721  0  3.14159  0  0.00081371
-16.4934  0  3.14159  0  0.00167133
-10.2102  0  3.14159  0  0.00266934
-7.06858  0  3.14159  0  0.00370302
-5.49779  0  3.14159  0  0.00449917
-3.92699  0  3.14159  0  0.00557811
-2.35619  0  3.14159  0  0.00703179
-0.785398  0  3.14159  0  0.00882055
0.785398  0  3.14159  0  -0.00882055
2.35619  0  3.14159  0  -0.00703179
3.92699  0  3.14159  0  -0.00557811
5.49779  0  3.14159  0  -0.00449917
7.06858  0  3.14159  0  -0.00370302
10.2102  0  3.14159  0  -0.00266934
16.4934  0  3.14159  0  -0.00167133
35.3429  0  3.14159  0  -0.000777378
-33.7721  3.14159  0  0  0.00081371
-16.4934  3.14159  0  0  0.00167133
-10.2102  3.14159  0  0  0.00266934
-7.06858  3.14159  0  0  0.00370302
-5.49779  3.14159  0  0  0.00449917
-3.92699  3.14159  0  0  0.00557811
-2.35619  3.14159  0  0  0.00703179
-0.785398  3.14159  0  0  0.00882055
0.785398  3.14159  0  0  -0.00882055
2.35619  3.14159  0  0  -0.00703179
3.92699  3.14159  0  0  -0.00557811
5.49779  3.14159  0  0  -0.00449917
7.06858  3.14159  0  0  -0.00370302
10.2102  3.14159  0  0  -0.00266934
16.4934  3.14159  0  0  -0.00167133
35.3429  3.14159  0  0  -0.000777378
-33.7721  3.14159  3.14159  1.92383e-05  0.00081263
-16.4934  3.14159  3.14159  8.90828e-05  0.00166176
-10.2102  3.14159  3.14159  0.000242842  0.00263424
-7.06858  3.14159  3.14159  0.000477314  0.00362257
-5.49779  3.14159  3.14159  0.000702949  0.00436121
-3.92699  3.14159  3.14159  0.00106172  0.00527154
-2.35619  3.14159  3.14159  0.00160839  0.00599218
-0.785398  3.14159  3.14159  0.00228447  0.00440329
0.785398  3.14159  3.14159  0.00228447  -0.00440329
2.35619  3.14159  3.14159  0.00160839  -0.00599218
3.92699  3.14159  3.14159  0.00106172  -0.00527154
5.49779  3.14159  3.14159  0.000702947  -0.00436121
7.06858  3.14159  3.14159  0.000477313  -0.00362257
10.2102  3.14159  3.14159  0.000242841  -0.00263424
16.4934  3.14159  3.14159  8.90821e-05  -0.00166176
35.3429  3.14159  3.14159  1.74904e-05  -0.000776439
