-33.7721  0  0  -4.88385e-06  0.000162631
-16.4934  0  0  -2.03851e-05  0.000329226
-10.2102  0  0  -5.24145e-05  0.00051893
-7.06858  0  0  -0.000104158  0.000717313
-5.49779  0  0  -0.000159526  0.000874132
-3.92699  0  0  -0.000260342  0.00108781
-2.35619  0  0  -0.000447454  0.0013206
-0.785398  0  0  -0.000751759  0.00111268
0.785398  0  0  -0.000751759  -0.00111268
2.35619  0  0  -0.000447455  -0.0013206
3.92699  0  0  -0.000260342  -0.00108781
5.49779  0  0  -0.000159526  -0.000874132
7.06858  0  0  -0.000104159  -0.000717313
10.2102  0  0  -5.24144e-05  -0.00051893
16.4934  0  0  -2.03852e-05  -0.000329226
35.3429  0  0  -4.46045e-06  -0.000155451
-33.7721  0  3.14159  0  0.000163072
-16.4934  0  3.14159  0  0.00033295
-10.2102  0  3.14159  0  0.000533954
-7.06858  0  3.14159  0  0.000758157
-5.49779  0  3.14159  0  0.000950606
-3.92699  0  3.14159  0  0.00125229
-2.35619  0  3.14159  0  0.00176919
-0.785398  0  3.14159  0  0.00278884
0.785398  0  3.14159  0  -0.00278884
2.35619  0  3.14159  0  -0.00176918
3.92699  0  3.14159  0  -0.00125229
5.49779  0  3.14159  0  -0.000950606
7.06858  0  3.14159  0  -0.000758157
10.2102  0  3.14159  0  -0.000533953
16.4934  0  3.14159  0  -0.00033295
35.3429  0  3.14159  0  -0.000155837
-33.7721  3.14159  0  0  0.000163072
-16.4934  3.14159  0  0  0.00033295
-10.2102  3.14159  0  0  0.000533954
-7.06858  3.14159  0  0  0.000758157
-5.49779  3.14159  0  0  0.000950606
-3.92699  3.14159  0  0  0.00125229
-2.35619  3.14159  0  0  0.00176919
-0.785398  3.14159  0  0  0.00278884
0.785398  3.14159  0  0  -0.00278884
2.35619  3.14159  0  0  -0.00176918
3.92699  3.14159  0  0  -0.00125229
5.49779  3.14159  0  0  -0.000950606
7.06858  3.14159  0  0  -0.000758157
10.2102  3.14159  0  0  -0.000533953
16.4934  3.14159  0  0  -0.00033295
35.3429  3.14159  0  0  -0.000155837
-33.7721  3.14159  3.14159  4.88392e-06  0.000162631
-16.4934  3.14159  3.14159  2.03844e-05  0.000329226
-10.2102  3.14159  3.14159  5.24153e-05  0.000518929
-7.06858  3.14159  3.14159  0.000104162  0.000717313
-5.49779  3.14159  3.14159  0.000159529  0.000874132
-3.92699  3.14159  3.14159  0.000260343  0.00108781
-2.35619  3.14159  3.14159  0.000447459  0.0013206
-0.785398  3.14159  3.14159  0.000751745  0.00111268
0.785398  3.14159  3.14159  0.000751745  -0.00111268
2.35619  3.14159  3.14159  0.000447458  -0.0013206
3.92699  3.14159  3.14159  0.000260343  -0.00108781
5.49779  3.14159  3.14159  0.000159529  -0.000874132
7.06858  3.14159  3.14159  0.000104161  -0.000717313
10.2102  3.14159  3.14159  5.24152e-05  -0.00051893
16.4934  3.14159  3.14159  2.03842e-05  -0.000329226
35.3429  3.14159  3.14159  4.45987e-06  -0.000155451
