-54.6637  0  0  0.00083122  0.0182508
-27.0177  0  0  0.00337296  0.0366614
-13.1947  0  0  0.0136461  0.0728968
-10.6814  0  0  0.0203401  0.0883198
-8.16814  0  0  0.0332297  0.111195
-6.9115  0  0  0.0445624  0.127011
-5.65487  0  0  0.0623703  0.146919
-4.39823  0  0  0.0920909  0.171502
-3.14159  0  0  0.144928  0.198438
-1.88496  0  0  0.242482  0.21171
-0.628319  0  0  0.405209  0.137676
0.628319  0  0  0.405114  -0.137931
1.88496  0  0  0.242484  -0.211683
3.14159  0  0  0.144922  -0.198435
4.39823  0  0  0.0920897  -0.171501
5.65487  0  0  0.0623701  -0.14692
6.9115  0  0  0.0445625  -0.127011
8.16814  0  0  0.0332297  -0.111195
10.6814  0  0  0.0203401  -0.0883198
15.708  0  0  0.00976  -0.0619204
33.3009  0  0  0.002229  -0.0298407
-54.6637  0  3.14159  3.15145e-06  0.0182887
-27.0177  0  3.14159  1.28682e-05  0.0369715
-13.1947  0  3.14159  5.34023e-05  0.0754419
-10.6814  0  3.14159  8.09388e-05  0.0929777
-8.16814  0  3.14159  0.000136585  0.12103
-6.9115  0  3.14159  0.000188453  0.142429
-5.65487  0  3.14159  0.00027597  0.172859
-4.39823  0  3.14159  0.000440468  0.219434
-3.14159  0  3.14159  0.000805878  0.29927
-1.88496  0  3.14159  0.00197341  0.471984
-0.628319  0  3.14159  0.020069  1.46183
0.628319  0  3.14159  0.0200691  -1.46183
1.88496  0  3.14159  0.00197309  -0.471984
3.14159  0  3.14159  0.000805884  -0.29927
4.39823  0  3.14159  0.000440474  -0.219434
5.65487  0  3.14159  0.000275977  -0.172859
6.9115  0  3.14159  0.000188455  -0.142429
8.16814  0  3.14159  0.000136585  -0.12103
10.6814  0  3.14159  8.0939e-05  -0.0929777
15.708  0  3.14159  3.78278e-05  -0.0634549
33.3009  0  3.14159  8.48e-06  -0.0300071
-54.6637  3.14159  0  3.15145e-06  0.0182887
-27.0177  3.14159  0  1.28682e-05  0.0369715
-13.1947  3.14159  0  5.34023e-05  0.0754419
-10.6814  3.14159  0  8.09388e-05  0.0929777
-8.16814  3.14159  0  0.000136585  0.12103
-6.9115  3.14159  0  0.000188453  0.142429
-5.65487  3.14159  0  0.00027597  0.172859
-4.39823  3.14159  0  0.000440468  0.219434
-3.14159  3.14159  0  0.000805878  0.29927
-1.88496  3.14159  0  0.00197341  0.471984
-0.628319  3.14159  0  0.020069  1.46183
0.628319  3.14159  0  0.0200691  -1.46183
1.88496  3.14159  0  0.00197309  -0.471984
3.14159  3.14159  0  0.000805884  -0.29927
4.39823  3.14159  0  0.000440474  -0.219434
5.65487  3.14159  0  0.000275977  -0.172859
6.9115  3.14159  0  0.000188455  -0.142429
8.16814  3.14159  0  0.000136585  -0.12103
10.6814  3.14159  0  8.0939e-05  -0.0929777
15.708  3.14159  0  3.78278e-05  -0.0634549
33.3009  3.14159  0  8.48e-06  -0.0300071
-54.6637  3.14159  3.14159  -0.000824956  0.0182514
-27.0177  3.14159  3.14159  -0.00334786  0.0366661
-13.1947  3.14159  3.14159  -0.0135497  0.0729338
-10.6814  3.14159  3.14159  -0.0202014  0.0883865
-8.16814  3.14159  3.14159  -0.0330183  0.111331
-6.9115  3.14159  3.14159  -0.0442963  0.12722
-5.65487  3.14159  3.14159  -0.0620355  0.147264
-4.39823  3.14159  3.14159  -0.0916904  0.172086
-3.14159  3.14159  3.14159  -0.144578  0.199526
-1.88496  3.14159  3.14159  -0.242561  0.213653
-0.628319  3.14159  3.14159  -0.40794  0.140097
0.628319  3.14159  3.14159  -0.407883  -0.139826
1.88496  3.14159  3.14159  -0.24256  -0.213626
3.14159  3.14159  3.14159  -0.14458  -0.199531
4.39823  3.14159  3.14159  -0.0916899  -0.172087
5.65487  3.14159  3.14159  -0.0620353  -0.147263
6.9115  3.14159  3.14159  -0.0442965  -0.12722
8.16814  3.14159  3.14159  -0.0330184  -0.111331
10.6814  3.14159  3.14159  -0.0202014  -0.0883865
15.708  3.14159  3.14159  -0.00968965  -0.061943
33.3009  3.14159  3.14159  -0.00221232  -0.0298432
