-54.6637  0  0  84.1884  -15.039
-27.0177  0  0  -43.097  -11.7723
-13.1947  0  0  -333.195  -91.8389
-10.6814  0  0  499.591  160.307
-8.16814  0  0  1118.82  -46.5529
-6.9115  0  0  1020.1  -265.371
-5.65487  0  0  1210.04  472.04
-4.39823  0  0  -1085.45  683.47
-3.14159  0  0  -1678.12  677.894
-1.88496  0  0  1193.58  -1814.49
-0.628319  0  0  -6992.9  -2235.76
0.628319  0  0  7041.92  -799.003
1.88496  0  0  -895.521  -2181.25
3.14159  0  0  1540.62  1013.65
4.39823  0  0  879.68  923.084
5.65487  0  0  -1240.83  168.045
6.9115  0  0  -965.462  -509.813
8.16814  0  0  -1091.21  -368.4
10.6814  0  0  -521.359  54.9678
15.708  0  0  152.329  116.572
33.3009  0  0  368.369  70.7462
-54.6637  0  3.14159  4002.17  96.497
-27.0177  0  3.14159  -4290.07  -1281.18
-13.1947  0  3.14159  -8860.97  -3652.84
-10.6814  0  3.14159  11366.5  4383.28
-8.16814  0  3.14159  21981.9  -3055.11
-6.9115  0  3.14159  15315.3  -6025.88
-5.65487  0  3.14159  30974.3  12269.6
-4.39823  0  3.14159  -22304.2  13441.2
-3.14159  0  3.14159  -45227.5  2539.68
-1.88496  0  3.14159  14759  -73901.5
-0.628319  0  3.14159  -202919  -93924.3
0.628319  0  3.14159  214314  -38761.7
1.88496  0  3.14159  4022.5  -78500.2
3.14159  0  3.14159  41437.7  14314.5
4.39823  0  3.14159  16929.7  19583.8
5.65487  0  3.14159  -32775.8  2886.71
6.9115  0  3.14159  -12896.1  -11217.6
8.16814  0  3.14159  -20288.5  -10312.2
10.6814  0  3.14159  -12157.7  1034.45
15.708  0  3.14159  4900.41  3380.74
33.3009  0  3.14159  11402.1  2665.08
-54.6637  3.14159  0  4002.17  96.497
-27.0177  3.14159  0  -4290.07  -1281.18
-13.1947  3.14159  0  -8860.97  -3652.84
-10.6814  3.14159  0  11366.5  4383.28
-8.16814  3.14159  0  21981.9  -3055.11
-6.9115  3.14159  0  15315.3  -6025.88
-5.65487  3.14159  0  30974.3  12269.6
-4.39823  3.14159  0  -22304.2  13441.2
-3.14159  3.14159  0  -45227.5  2539.68
-1.88496  3.14159  0  14759  -73901.5
-0.628319  3.14159  0  -202919  -93924.3
0.628319  3.14159  0  214314  -38761.7
1.88496  3.14159  0  4022.5  -78500.2
3.14159  3.14159  0  41437.7  14314.5
4.39823  3.14159  0  16929.7  19583.8
5.65487  3.14159  0  -32775.8  2886.71
6.9115  3.14159  0  -12896.1  -11217.6
8.16814  3.14159  0  -20288.5  -10312.2
10.6814  3.14159  0  -12157.7  1034.45
15.708  3.14159  0  4900.41  3380.74
33.3009  3.14159  0  11402.1  2665.08
-54.6637  3.14159  3.14159  84.2441  -14.754
-27.0177  3.14159  3.14159  -43.062  -12.1866
-13.1947  3.14159  3.14159  -333.298  -92.1442
-10.6814  3.14159  3.14159  499.933  160.742
-8.16814  3.14159  3.14159  1120.29  -46.4534
-6.9115  3.14159  3.14159  1021.53  -266.044
-5.65487  3.14159  3.14159  1210.88  473.36
-4.39823  3.14159  3.14159  -1087.24  684.137
-3.14159  3.14159  3.14159  -1680.07  677.292
-1.88496  3.14159  3.14159  1198.65  -1817.73
-0.628319  3.14159  3.14159  -6995.19  -2245.41
0.628319  3.14159  3.14159  7051.9  -791.422
1.88496  3.14159  3.14159  -892.836  -2182.36
3.14159  3.14159  3.14159  1542.28  1016.13
4.39823  3.14159  3.14159  880.811  924.085
5.65487  3.14159  3.14159  -1242.3  167.413
6.9115  3.14159  3.14159  -966.131  -510.079
8.16814  3.14159  3.14159  -1091.99  -368.88
10.6814  3.14159  3.14159  -521.876  54.802
15.708  3.14159  3.14159  152.32  117.016
33.3009  3.14159  3.14159  368.719  71.3083
