-54.6637  0  0  0.00198045  0.0180753
-27.0177  0  0  0.00779061  0.0352862
-13.1947  0  0  0.0284945  0.0628784
-10.6814  0  0  0.0399131  0.0712607
-8.16814  0  0  0.0583602  0.0796851
-6.9115  0  0  0.0715978  0.0827174
-5.65487  0  0  0.0882763  0.0834514
-4.39823  0  0  0.10851  0.0798014
-3.14159  0  0  0.131038  0.0688325
-1.88496  0  0  0.15208  0.0479158
-0.628319  0  0  0.165362  0.0173696
0.628319  0  0  0.165355  -0.0173696
1.88496  0  0  0.152078  -0.0479341
3.14159  0  0  0.131036  -0.068813
4.39823  0  0  0.108518  -0.07978
5.65487  0  0  0.088282  -0.0834694
6.9115  0  0  0.0715889  -0.0827333
8.16814  0  0  0.0583537  -0.0796975
10.6814  0  0  0.0399062  -0.0712802
15.708  0  0  0.0211882  -0.0555978
33.3009  0  0  0.00522714  -0.0290902
-54.6637  0  3.14159  0.00116659  0.018219
-27.0177  0  3.14159  0.00471545  0.036402
-13.1947  0  3.14159  0.0187816  0.0708064
-10.6814  0  3.14159  0.0277027  0.0845428
-8.16814  0  3.14159  0.0443218  0.103435
-6.9115  0  3.14159  0.0583156  0.115155
-5.65487  0  3.14159  0.0791362  0.127858
-4.39823  0  3.14159  0.110778  0.13921
-3.14159  0  3.14159  0.158231  0.142029
-1.88496  0  3.14159  0.221477  0.119278
-0.628319  0  3.14159  0.276795  0.0496901
0.628319  0  3.14159  0.276794  -0.0496901
1.88496  0  3.14159  0.221476  -0.119279
3.14159  0  3.14159  0.158231  -0.142027
4.39823  0  3.14159  0.11078  -0.139209
5.65487  0  3.14159  0.079136  -0.127859
6.9115  0  3.14159  0.0583141  -0.115156
8.16814  0  3.14159  0.044321  -0.103436
10.6814  0  3.14159  0.027702  -0.0845436
15.708  0  3.14159  0.0135145  -0.0606509
33.3009  0  3.14159  0.00312172  -0.0297011
-54.6637  3.14159  0  0.00116659  0.018219
-27.0177  3.14159  0  0.00471545  0.036402
-13.1947  3.14159  0  0.0187816  0.0708064
-10.6814  3.14159  0  0.0277027  0.0845428
-8.16814  3.14159  0  0.0443218  0.103435
-6.9115  3.14159  0  0.0583156  0.115155
-5.65487  3.14159  0  0.0791362  0.127858
-4.39823  3.14159  0  0.110778  0.13921
-3.14159  3.14159  0  0.158231  0.142029
-1.88496  3.14159  0  0.221477  0.119278
-0.628319  3.14159  0  0.276795  0.0496901
0.628319  3.14159  0  0.276794  -0.0496901
1.88496  3.14159  0  0.221476  -0.119279
3.14159  3.14159  0  0.158231  -0.142027
4.39823  3.14159  0  0.11078  -0.139209
5.65487  3.14159  0  0.079136  -0.127859
6.9115  3.14159  0  0.0583141  -0.115156
8.16814  3.14159  0  0.044321  -0.103436
10.6814  3.14159  0  0.027702  -0.0845436
15.708  3.14159  0  0.0135145  -0.0606509
33.3009  3.14159  0  0.00312172  -0.0297011
-54.6637  3.14159  3.14159  0.000343377  0.0182859
-27.0177  3.14159  3.14159  0.00137006  0.0369544
-13.1947  3.14159  3.14159  0.00580291  0.0753443
-10.6814  3.14159  3.14159  0.00885841  0.0927702
-8.16814  3.14159  3.14159  0.0150428  0.12055
-6.9115  3.14159  3.14159  0.0208846  0.14161
-5.65487  3.14159  3.14159  0.0308645  0.171269
-4.39823  3.14159  3.14159  0.0499409  0.215789
-3.14159  3.14159  3.14159  0.093342  0.288045
-1.88496  3.14159  3.14159  0.221961  0.410626
-0.628319  3.14159  3.14159  0.711229  0.438775
0.628319  3.14159  3.14159  0.71113  -0.438652
1.88496  3.14159  3.14159  0.221804  -0.410612
3.14159  3.14159  3.14159  0.093423  -0.288033
4.39823  3.14159  3.14159  0.0500017  -0.215803
5.65487  3.14159  3.14159  0.0308327  -0.171292
6.9115  3.14159  3.14159  0.0208536  -0.141608
8.16814  3.14159  3.14159  0.0150217  -0.120552
10.6814  3.14159  3.14159  0.00883361  -0.0927807
15.708  3.14159  3.14159  0.00412694  -0.0634036
33.3009  3.14159  3.14159  0.000919597  -0.0300013
