-54.6637  0  0  0.00197778  0.0180775
-27.0177  0  0  0.00781095  0.0352824
-13.1947  0  0  0.0285  0.062867
-10.6814  0  0  0.0399106  0.0712724
-8.16814  0  0  0.0583574  0.0796927
-6.9115  0  0  0.0715938  0.0827273
-5.65487  0  0  0.0882806  0.0834611
-4.39823  0  0  0.108513  0.0797888
-3.14159  0  0  0.131035  0.0688219
-1.88496  0  0  0.15208  0.0479264
-0.628319  0  0  0.165358  0.0173701
0.628319  0  0  0.165359  -0.0173701
1.88496  0  0  0.152081  -0.0479246
3.14159  0  0  0.131036  -0.0688243
4.39823  0  0  0.108512  -0.0797915
5.65487  0  0  0.0882801  -0.083459
6.9115  0  0  0.0715952  -0.0827249
8.16814  0  0  0.0583583  -0.0796912
10.6814  0  0  0.0399115  -0.0712697
15.708  0  0  0.0211712  -0.0555988
33.3009  0  0  0.00522501  -0.0290907
-54.6637  0  3.14159  0.00116841  0.0182169
-27.0177  0  3.14159  0.00470294  0.0364064
-13.1947  0  3.14159  0.0187679  0.070817
-10.6814  0  3.14159  0.0277115  0.0845265
-8.16814  0  3.14159  0.0443353  0.103424
-6.9115  0  3.14159  0.0583384  0.115134
-5.65487  0  3.14159  0.0791379  0.12784
-4.39823  0  3.14159  0.110752  0.139236
-3.14159  0  3.14159  0.15824  0.142064
-1.88496  0  3.14159  0.221494  0.11926
-0.628319  0  3.14159  0.276807  0.0496886
0.628319  0  3.14159  0.276783  -0.049688
1.88496  0  3.14159  0.221452  -0.119289
3.14159  0  3.14159  0.158232  -0.141993
4.39823  0  3.14159  0.110815  -0.139193
5.65487  0  3.14159  0.0791266  -0.127875
6.9115  0  3.14159  0.0582862  -0.115167
8.16814  0  3.14159  0.0443043  -0.103442
10.6814  0  3.14159  0.0276872  -0.0845544
15.708  0  3.14159  0.0135474  -0.0606535
33.3009  0  3.14159  0.00312436  -0.029701
-54.6637  3.14159  0  0.00116841  0.0182169
-27.0177  3.14159  0  0.00470294  0.0364064
-13.1947  3.14159  0  0.0187679  0.070817
-10.6814  3.14159  0  0.0277115  0.0845265
-8.16814  3.14159  0  0.0443353  0.103424
-6.9115  3.14159  0  0.0583384  0.115134
-5.65487  3.14159  0  0.0791379  0.12784
-4.39823  3.14159  0  0.110752  0.139236
-3.14159  3.14159  0  0.15824  0.142064
-1.88496  3.14159  0  0.221494  0.11926
-0.628319  3.14159  0  0.276807  0.0496886
0.628319  3.14159  0  0.276783  -0.049688
1.88496  3.14159  0  0.221452  -0.119289
3.14159  3.14159  0  0.158232  -0.141993
4.39823  3.14159  0  0.110815  -0.139193
5.65487  3.14159  0  0.0791266  -0.127875
6.9115  3.14159  0  0.0582862  -0.115167
8.16814  3.14159  0  0.0443043  -0.103442
10.6814  3.14159  0  0.0276872  -0.0845544
15.708  3.14159  0  0.0135474  -0.0606535
33.3009  3.14159  0  0.00312436  -0.029701
-54.6637  3.14159  3.14159  0.000340486  0.0182872
-27.0177  3.14159  3.14159  0.00139389  0.0369602
-13.1947  3.14159  3.14159  0.00581743  0.0753438
-10.6814  3.14159  3.14159  0.00884542  0.0927732
-8.16814  3.14159  3.14159  0.0150325  0.120551
-6.9115  3.14159  3.14159  0.0208694  0.141609
-5.65487  3.14159  3.14159  0.0308485  0.171277
-4.39823  3.14159  3.14159  0.0499703  0.215798
-3.14159  3.14159  3.14159  0.0933841  0.288041
-1.88496  3.14159  3.14159  0.221876  0.41062
-0.628319  3.14159  3.14159  0.711185  0.438708
0.628319  3.14159  3.14159  0.71119  -0.43872
1.88496  3.14159  3.14159  0.221902  -0.410619
3.14159  3.14159  3.14159  0.0933805  -0.288042
4.39823  3.14159  3.14159  0.0499713  -0.215797
5.65487  3.14159  3.14159  0.0308481  -0.17128
6.9115  3.14159  3.14159  0.0208671  -0.141605
8.16814  3.14159  3.14159  0.0150308  -0.120551
10.6814  3.14159  3.14159  0.00884493  -0.0927746
15.708  3.14159  3.14159  0.00410931  -0.0633955
33.3009  3.14159  3.14159  0.000917426  -0.0300014
