-54.6637  0  0  -48.6789  -36.1358
-27.0177  0  0  3.07178  80.4128
-13.1947  0  0  211.611  113.632
-10.6814  0  0  -316.35  -133.562
-8.16814  0  0  -873.265  82.8859
-6.9115  0  0  -729.008  161.48
-5.65487  0  0  -872.545  -283.783
-4.39823  0  0  744.508  -400.28
-3.14159  0  0  1337.42  8.45142
-1.88496  0  0  -1349.81  1593.98
-0.628319  0  0  4547.91  2407.63
0.628319  0  0  -5846.7  -423.18
1.88496  0  0  -57.0632  1589.9
3.14159  0  0  -912.217  -745.762
4.39823  0  0  -545.032  -793.055
5.65487  0  0  1084.82  -6.62176
6.9115  0  0  482.802  291.137
8.16814  0  0  740.489  190.695
10.6814  0  0  355.123  -12.6393
15.708  0  0  13.776  -191.608
33.3009  0  0  -261.907  -132.705
-54.6637  0  3.14159  10.5401  8.51264
-27.0177  0  3.14159  -7.89709  -15.3699
-13.1947  0  3.14159  -23.8665  -13.5899
-10.6814  0  3.14159  37.2953  25.2546
-8.16814  0  3.14159  93.1191  -6.28672
-6.9115  0  3.14159  72.8959  -17.7249
-5.65487  0  3.14159  112.36  61.4586
-4.39823  0  3.14159  -95.2  41.7638
-3.14159  0  3.14159  -153.437  -47.3417
-1.88496  0  3.14159  166.416  -279.733
-0.628319  0  3.14159  -547.625  -525.822
0.628319  0  3.14159  771.946  110.985
1.88496  0  3.14159  129.416  -235.239
3.14159  0  3.14159  127.862  81.3959
4.39823  0  3.14159  56.8248  91.8283
5.65487  0  3.14159  -142.215  -20.2004
6.9115  0  3.14159  -41.0363  -35.9622
8.16814  0  3.14159  -66.8014  -35.6741
10.6814  0  3.14159  -46.6441  -4.63386
15.708  0  3.14159  3.62128  20.7548
33.3009  0  3.14159  35.5417  23.7584
-54.6637  3.14159  0  10.5401  8.51264
-27.0177  3.14159  0  -7.89709  -15.3699
-13.1947  3.14159  0  -23.8665  -13.5899
-10.6814  3.14159  0  37.2953  25.2546
-8.16814  3.14159  0  93.1191  -6.28672
-6.9115  3.14159  0  72.8959  -17.7249
-5.65487  3.14159  0  112.36  61.4586
-4.39823  3.14159  0  -95.2  41.7638
-3.14159  3.14159  0  -153.437  -47.3417
-1.88496  3.14159  0  166.416  -279.733
-0.628319  3.14159  0  -547.625  -525.822
0.628319  3.14159  0  771.946  110.985
1.88496  3.14159  0  129.416  -235.239
3.14159  3.14159  0  127.862  81.3959
4.39823  3.14159  0  56.8248  91.8283
5.65487  3.14159  0  -142.215  -20.2004
6.9115  3.14159  0  -41.0363  -35.9622
8.16814  3.14159  0  -66.8014  -35.6741
10.6814  3.14159  0  -46.6441  -4.63386
15.708  3.14159  0  3.62128  20.7548
33.3009  3.14159  0  35.5417  23.7584
-54.6637  3.14159  3.14159  -86.1909  29.7079
-27.0177  3.14159  3.14159  176.121  12.9998
-13.1947  3.14159  3.14159  20.8197  -84.0444
-10.6814  3.14159  3.14159  -19.3272  161.958
-8.16814  3.14159  3.14159  378.948  642.076
-6.9115  3.14159  3.14159  477.188  533.622
-5.65487  3.14159  3.14159  24.0012  430.777
-4.39823  3.14159  3.14159  -420.398  -494.04
-3.14159  3.14159  3.14159  -274.757  -1012.44
-1.88496  3.14159  3.14159  1479.1  1432.1
-0.628319  3.14159  3.14159  1722.34  -2477.34
0.628319  3.14159  3.14159  -706.527  3598.62
1.88496  3.14159  3.14159  507.789  372.096
3.14159  3.14159  3.14159  -711.146  680.53
4.39823  3.14159  3.14159  -422.169  697.651
5.65487  3.14159  3.14159  -291.192  -699.927
6.9115  3.14159  3.14159  15.1366  -264.374
8.16814  3.14159  3.14159  -199.365  -463.899
10.6814  3.14159  3.14159  -92.8532  -200.122
15.708  3.14159  3.14159  -231.665  -13.2142
33.3009  3.14159  3.14159  -129.251  181.347
