-54.6637  0  0  -186.727  -740.747
-27.0177  0  0  158.593  1054.53
-13.1947  0  0  624.796  2101.39
-10.6814  0  0  772.849  -2004.96
-8.16814  0  0  -842.719  -3661.77
-6.9115  0  0  -2263.9  -1065.1
-5.65487  0  0  3065.1  -6465.62
-4.39823  0  0  4169.17  3895.78
-3.14159  0  0  5995.43  4765.78
-1.88496  0  0  -18077.5  339.339
-0.628319  0  0  -5182.2  40239.6
0.628319  0  0  -18292.9  -41001
1.88496  0  0  -11764.4  3728.39
3.14159  0  0  -207.309  -13175.7
4.39823  0  0  2107.73  -4648.64
5.65487  0  0  592.677  4684.87
6.9115  0  0  -2086.74  4379.02
8.16814  0  0  -1826.5  4172.63
10.6814  0  0  334.111  2047.8
15.708  0  0  -974.856  -1471.1
33.3009  0  0  -378.428  -2453.28
-54.6637  0  3.14159  1645.58  14311.1
-27.0177  0  3.14159  4915.96  -22494.2
-13.1947  0  3.14159  -4912.78  -10051.3
-10.6814  0  3.14159  15941.5  19437.9
-8.16814  0  3.14159  81090.2  -5535.97
-6.9115  0  3.14159  69812.5  -19709.6
-5.65487  0  3.14159  43939.4  46418.5
-4.39823  0  3.14159  -68584.4  16606.9
-3.14159  0  3.14159  -95611.4  -46121.3
-1.88496  0  3.14159  261643  -142015
-0.628319  0  3.14159  -144661  -434404
0.628319  0  3.14159  491084  330817
1.88496  0  3.14159  145546  -34800
3.14159  0  3.14159  61006.5  108906
4.39823  0  3.14159  37501.3  68892
5.65487  0  3.14159  -87488  -27276.6
6.9115  0  3.14159  -23511.1  -13826.3
8.16814  0  3.14159  -44684.4  -9481.73
10.6814  0  3.14159  -27463.8  -8749.08
15.708  0  3.14159  -9946.86  25934.9
33.3009  0  3.14159  14363.7  27917
-54.6637  3.14159  0  1645.58  14311.1
-27.0177  3.14159  0  4915.96  -22494.2
-13.1947  3.14159  0  -4912.78  -10051.3
-10.6814  3.14159  0  15941.5  19437.9
-8.16814  3.14159  0  81090.2  -5535.97
-6.9115  3.14159  0  69812.5  -19709.6
-5.65487  3.14159  0  43939.4  46418.5
-4.39823  3.14159  0  -68584.4  16606.9
-3.14159  3.14159  0  -95611.4  -46121.3
-1.88496  3.14159  0  261643  -142015
-0.628319  3.14159  0  -144661  -434404
0.628319  3.14159  0  491084  330817
1.88496  3.14159  0  145546  -34800
3.14159  3.14159  0  61006.5  108906
4.39823  3.14159  0  37501.3  68892
5.65487  3.14159  0  -87488  -27276.6
6.9115  3.14159  0  -23511.1  -13826.3
8.16814  3.14159  0  -44684.4  -9481.73
10.6814  3.14159  0  -27463.8  -8749.08
15.708  3.14159  0  -9946.86  25934.9
33.3009  3.14159  0  14363.7  27917
-54.6637  3.14159  3.14159  133.209  -573.848
-27.0177  3.14159  3.14159  -345.143  854.791
-13.1947  3.14159  3.14159  570.949  1452.92
-10.6814  3.14159  3.14159  -318.947  -1138.25
-8.16814  3.14159  3.14159  -3336.48  -1681.75
-6.9115  3.14159  3.14159  -4272.29  -621.057
-5.65487  3.14159  3.14159  314.551  -3146.78
-4.39823  3.14159  3.14159  3466.4  1807.18
-3.14159  3.14159  3.14159  7112.4  3971.09
-1.88496  3.14159  3.14159  -15662.1  -444.51
-0.628319  3.14159  3.14159  5231.53  25252.6
0.628319  3.14159  3.14159  -20523.4  -27488.7
1.88496  3.14159  3.14159  -4830.54  2532.01
3.14159  3.14159  3.14159  -122.305  -8921.1
4.39823  3.14159  3.14159  558.169  -4763.68
5.65487  3.14159  3.14159  2884.64  2216.01
6.9115  3.14159  3.14159  124.492  2186.69
8.16814  3.14159  3.14159  1369.91  1948.04
10.6814  3.14159  3.14159  1011.81  990.528
15.708  3.14159  3.14159  137.92  -1632.38
33.3009  3.14159  3.14159  -364.259  -1741.8
