-54.6637  0  0  0.00197749  0.0180777
-27.0177  0  0  0.00780912  0.0352834
-13.1947  0  0  0.0284935  0.062873
-10.6814  0  0  0.0399075  0.0712811
-8.16814  0  0  0.0583546  0.0797088
-6.9115  0  0  0.0715924  0.08275
-5.65487  0  0  0.0882831  0.0834842
-4.39823  0  0  0.108519  0.0798185
-3.14159  0  0  0.131055  0.0688528
-1.88496  0  0  0.152117  0.0479509
-0.628319  0  0  0.165404  0.0173803
0.628319  0  0  0.165405  -0.0173802
1.88496  0  0  0.152117  -0.0479508
3.14159  0  0  0.131056  -0.0688543
4.39823  0  0  0.108519  -0.0798194
5.65487  0  0  0.0882841  -0.0834846
6.9115  0  0  0.0715929  -0.0827474
8.16814  0  0  0.0583541  -0.0797089
10.6814  0  0  0.0399074  -0.0712816
15.708  0  0  0.0211659  -0.0556034
33.3009  0  0  0.0052237  -0.029091
-54.6637  0  3.14159  0.00116596  0.018219
-27.0177  0  3.14159  0.00471347  0.0364025
-13.1947  0  3.14159  0.0187739  0.070811
-10.6814  0  3.14159  0.0276916  0.084551
-8.16814  0  3.14159  0.0443066  0.103451
-6.9115  0  3.14159  0.0582983  0.115178
-5.65487  0  3.14159  0.0791189  0.127893
-4.39823  0  3.14159  0.110767  0.139262
-3.14159  0  3.14159  0.158239  0.142105
-1.88496  0  3.14159  0.221536  0.119368
-0.628319  0  3.14159  0.276921  0.0497369
0.628319  0  3.14159  0.276921  -0.0497369
1.88496  0  3.14159  0.221535  -0.119368
3.14159  0  3.14159  0.158239  -0.142104
4.39823  0  3.14159  0.110767  -0.139262
5.65487  0  3.14159  0.0791189  -0.127893
6.9115  0  3.14159  0.0582977  -0.115179
8.16814  0  3.14159  0.0443063  -0.103451
10.6814  0  3.14159  0.0276913  -0.0845513
15.708  0  3.14159  0.0135081  -0.0606537
33.3009  0  3.14159  0.00312018  -0.0297015
-54.6637  3.14159  0  0.00116596  0.018219
-27.0177  3.14159  0  0.00471347  0.0364025
-13.1947  3.14159  0  0.0187739  0.070811
-10.6814  3.14159  0  0.0276916  0.084551
-8.16814  3.14159  0  0.0443066  0.103451
-6.9115  3.14159  0  0.0582983  0.115178
-5.65487  3.14159  0  0.0791189  0.127893
-4.39823  3.14159  0  0.110767  0.139262
-3.14159  3.14159  0  0.158239  0.142105
-1.88496  3.14159  0  0.221536  0.119368
-0.628319  3.14159  0  0.276921  0.0497369
0.628319  3.14159  0  0.276921  -0.0497369
1.88496  3.14159  0  0.221535  -0.119368
3.14159  3.14159  0  0.158239  -0.142104
4.39823  3.14159  0  0.110767  -0.139262
5.65487  3.14159  0  0.0791189  -0.127893
6.9115  3.14159  0  0.0582977  -0.115179
8.16814  3.14159  0  0.0443063  -0.103451
10.6814  3.14159  0  0.0276913  -0.0845513
15.708  3.14159  0  0.0135081  -0.0606537
33.3009  3.14159  0  0.00312018  -0.0297015
-54.6637  3.14159  3.14159  0.000340313  0.0182878
-27.0177  3.14159  3.14159  0.0013905  0.0369594
-13.1947  3.14159  3.14159  0.00580658  0.0753377
-10.6814  3.14159  3.14159  0.00883164  0.0927858
-8.16814  3.14159  3.14159  0.0150054  0.120561
-6.9115  3.14159  3.14159  0.0208317  0.141623
-5.65487  3.14159  3.14159  0.0308054  0.171307
-4.39823  3.14159  3.14159  0.049903  0.21582
-3.14159  3.14159  3.14159  0.0932597  0.288118
-1.88496  3.14159  3.14159  0.221669  0.410946
-0.628319  3.14159  3.14159  0.711686  0.439789
0.628319  3.14159  3.14159  0.7117  -0.439798
1.88496  3.14159  3.14159  0.221672  -0.410969
3.14159  3.14159  3.14159  0.0932508  -0.28812
4.39823  3.14159  3.14159  0.0498941  -0.215821
5.65487  3.14159  3.14159  0.0308085  -0.171302
6.9115  3.14159  3.14159  0.0208378  -0.141628
8.16814  3.14159  3.14159  0.0150117  -0.120562
10.6814  3.14159  3.14159  0.0088364  -0.0927826
15.708  3.14159  3.14159  0.00410371  -0.0633943
33.3009  3.14159  3.14159  0.000915959  -0.0300009
