-54.6637  0  0  -56.0178  -222.224
-27.0177  0  0  47.5781  316.36
-13.1947  0  0  187.44  630.418
-10.6814  0  0  231.856  -601.487
-8.16814  0  0  -252.815  -1098.53
-6.9115  0  0  -679.169  -319.53
-5.65487  0  0  919.529  -1939.69
-4.39823  0  0  1250.75  1168.73
-3.14159  0  0  1798.63  1429.73
-1.88496  0  0  -5423.24  101.8
-0.628319  0  0  -1554.66  12071.9
0.628319  0  0  -5487.85  -12300.3
1.88496  0  0  -3529.3  1118.52
3.14159  0  0  -62.1917  -3952.7
4.39823  0  0  632.321  -1394.59
5.65487  0  0  177.804  1405.46
6.9115  0  0  -626.02  1313.7
8.16814  0  0  -547.947  1251.79
10.6814  0  0  100.234  614.34
15.708  0  0  -292.456  -441.329
33.3009  0  0  -113.528  -735.983
-54.6637  0  3.14159  493.674  4293.32
-27.0177  0  3.14159  1474.79  -6748.26
-13.1947  0  3.14159  -1473.83  -3015.4
-10.6814  0  3.14159  4782.46  5831.36
-8.16814  0  3.14159  24327.1  -1660.79
-6.9115  0  3.14159  20943.8  -5912.89
-5.65487  0  3.14159  13181.8  13925.6
-4.39823  0  3.14159  -20575.3  4982.08
-3.14159  0  3.14159  -28683.4  -13836.4
-1.88496  0  3.14159  78492.9  -42604.5
-0.628319  0  3.14159  -43398.3  -130321
0.628319  0  3.14159  147325  99245.1
1.88496  0  3.14159  43663.9  -10440
3.14159  0  3.14159  18301.9  32671.7
4.39823  0  3.14159  11250.4  20667.6
5.65487  0  3.14159  -26246.4  -8182.97
6.9115  0  3.14159  -7053.33  -4147.89
8.16814  0  3.14159  -13405.3  -2844.52
10.6814  0  3.14159  -8239.14  -2624.72
15.708  0  3.14159  -2984.06  7780.47
33.3009  0  3.14159  4309.11  8375.09
-54.6637  3.14159  0  493.674  4293.32
-27.0177  3.14159  0  1474.79  -6748.26
-13.1947  3.14159  0  -1473.83  -3015.4
-10.6814  3.14159  0  4782.46  5831.36
-8.16814  3.14159  0  24327.1  -1660.79
-6.9115  3.14159  0  20943.8  -5912.89
-5.65487  3.14159  0  13181.8  13925.6
-4.39823  3.14159  0  -20575.3  4982.08
-3.14159  3.14159  0  -28683.4  -13836.4
-1.88496  3.14159  0  78492.9  -42604.5
-0.628319  3.14159  0  -43398.3  -130321
0.628319  3.14159  0  147325  99245.1
1.88496  3.14159  0  43663.9  -10440
3.14159  3.14159  0  18301.9  32671.7
4.39823  3.14159  0  11250.4  20667.6
5.65487  3.14159  0  -26246.4  -8182.97
6.9115  3.14159  0  -7053.33  -4147.89
8.16814  3.14159  0  -13405.3  -2844.52
10.6814  3.14159  0  -8239.14  -2624.72
15.708  3.14159  0  -2984.06  7780.47
33.3009  3.14159  0  4309.11  8375.09
-54.6637  3.14159  3.14159  39.9626  -172.154
-27.0177  3.14159  3.14159  -103.543  256.438
-13.1947  3.14159  3.14159  171.285  435.877
-10.6814  3.14159  3.14159  -95.6834  -341.476
-8.16814  3.14159  3.14159  -1000.94  -504.525
-6.9115  3.14159  3.14159  -1281.68  -186.316
-5.65487  3.14159  3.14159  94.3665  -944.035
-4.39823  3.14159  3.14159  1039.92  542.153
-3.14159  3.14159  3.14159  2133.72  1191.33
-1.88496  3.14159  3.14159  -4698.62  -133.352
-0.628319  3.14159  3.14159  1569.46  7575.77
0.628319  3.14159  3.14159  -6157.03  -8246.62
1.88496  3.14159  3.14159  -1449.16  759.603
3.14159  3.14159  3.14159  -36.6897  -2676.33
4.39823  3.14159  3.14159  167.452  -1429.1
5.65487  3.14159  3.14159  865.394  664.802
6.9115  3.14159  3.14159  37.3489  656.007
8.16814  3.14159  3.14159  410.976  584.411
10.6814  3.14159  3.14159  303.543  297.157
15.708  3.14159  3.14159  41.3764  -489.714
33.3009  3.14159  3.14159  -109.278  -522.541
