-54.6637  0  0  0.00196996  0.0180842
-27.0177  0  0  0.00780829  0.0352752
-13.1947  0  0  0.0284891  0.062853
-10.6814  0  0  0.0399406  0.0712766
-8.16814  0  0  0.0583783  0.0797046
-6.9115  0  0  0.0716052  0.0827678
-5.65487  0  0  0.088297  0.0834508
-4.39823  0  0  0.108487  0.0797762
-3.14159  0  0  0.131011  0.0688153
-1.88496  0  0  0.15209  0.0479329
-0.628319  0  0  0.165358  0.0173761
0.628319  0  0  0.165359  -0.0173754
1.88496  0  0  0.152098  -0.047931
3.14159  0  0  0.131024  -0.0688315
4.39823  0  0  0.10848  -0.0797867
5.65487  0  0  0.0883087  -0.0834549
6.9115  0  0  0.0716128  -0.082739
8.16814  0  0  0.0583724  -0.0797052
10.6814  0  0  0.0399396  -0.0712834
15.708  0  0  0.021156  -0.0555952
33.3009  0  0  0.00522388  -0.0290882
-54.6637  0  3.14159  0.00116652  0.0182188
-27.0177  0  3.14159  0.00471592  0.0364024
-13.1947  0  3.14159  0.0187821  0.0708104
-10.6814  0  3.14159  0.0277026  0.0845404
-8.16814  0  3.14159  0.0443225  0.103434
-6.9115  0  3.14159  0.0583166  0.115154
-5.65487  0  3.14159  0.0791351  0.127856
-4.39823  0  3.14159  0.110777  0.139213
-3.14159  0  3.14159  0.158233  0.142031
-1.88496  0  3.14159  0.221476  0.119276
-0.628319  0  3.14159  0.276795  0.0496887
0.628319  0  3.14159  0.276793  -0.049689
1.88496  0  3.14159  0.221473  -0.119275
3.14159  0  3.14159  0.158233  -0.142026
4.39823  0  3.14159  0.110783  -0.139208
5.65487  0  3.14159  0.0791347  -0.12786
6.9115  0  3.14159  0.0583099  -0.115158
8.16814  0  3.14159  0.0443194  -0.103437
10.6814  0  3.14159  0.0277001  -0.084544
15.708  0  3.14159  0.0135141  -0.0606521
33.3009  0  3.14159  0.00312182  -0.0297013
-54.6637  3.14159  0  0.00116652  0.0182188
-27.0177  3.14159  0  0.00471592  0.0364024
-13.1947  3.14159  0  0.0187821  0.0708104
-10.6814  3.14159  0  0.0277026  0.0845404
-8.16814  3.14159  0  0.0443225  0.103434
-6.9115  3.14159  0  0.0583166  0.115154
-5.65487  3.14159  0  0.0791351  0.127856
-4.39823  3.14159  0  0.110777  0.139213
-3.14159  3.14159  0  0.158233  0.142031
-1.88496  3.14159  0  0.221476  0.119276
-0.628319  3.14159  0  0.276795  0.0496887
0.628319  3.14159  0  0.276793  -0.049689
1.88496  3.14159  0  0.221473  -0.119275
3.14159  3.14159  0  0.158233  -0.142026
4.39823  3.14159  0  0.110783  -0.139208
5.65487  3.14159  0  0.0791347  -0.12786
6.9115  3.14159  0  0.0583099  -0.115158
8.16814  3.14159  0  0.0443194  -0.103437
10.6814  3.14159  0  0.0277001  -0.084544
15.708  3.14159  0  0.0135141  -0.0606521
33.3009  3.14159  0  0.00312182  -0.0297013
-54.6637  3.14159  3.14159  0.000364489  0.0182795
-27.0177  3.14159  3.14159  0.00138955  0.0369507
-13.1947  3.14159  3.14159  0.0058211  0.0753089
-10.6814  3.14159  3.14159  0.00883741  0.0928503
-8.16814  3.14159  3.14159  0.0150043  0.120576
-6.9115  3.14159  3.14159  0.0208292  0.141629
-5.65487  3.14159  3.14159  0.0308895  0.171362
-4.39823  3.14159  3.14159  0.0500387  0.215699
-3.14159  3.14159  3.14159  0.0934254  0.287941
-1.88496  3.14159  3.14159  0.221812  0.410733
-0.628319  3.14159  3.14159  0.710934  0.43878
0.628319  3.14159  3.14159  0.711089  -0.438882
1.88496  3.14159  3.14159  0.221842  -0.410988
3.14159  3.14159  3.14159  0.0933268  -0.28796
4.39823  3.14159  3.14159  0.0499412  -0.215705
5.65487  3.14159  3.14159  0.0309243  -0.171304
6.9115  3.14159  3.14159  0.0208986  -0.141694
8.16814  3.14159  3.14159  0.0150774  -0.12059
10.6814  3.14159  3.14159  0.00889844  -0.0928071
15.708  3.14159  3.14159  0.00410939  -0.0633752
33.3009  3.14159  3.14159  0.000916695  -0.0299974
