-54.6637  0  0  729.246  -4897.38
-27.0177  0  0  -1680.26  5568.75
-13.1947  0  0  -9087.8  6651.88
-10.6814  0  0  9898.5  -7819.75
-8.16814  0  0  9582.48  -17989.3
-6.9115  0  0  2403  -14351.2
-5.65487  0  0  28212.8  -22867
-4.39823  0  0  -493.44  31179.4
-3.14159  0  0  -12533.4  48316.1
-1.88496  0  0  -67512.7  -30030.5
-0.628319  0  0  -178059  165014
0.628319  0  0  43765.4  -212904
1.88496  0  0  -92756.6  -35859.4
3.14159  0  0  35255.6  -33196.8
4.39823  0  0  28889.6  -7675.61
5.65487  0  0  -11188.2  30165.9
6.9115  0  0  -23147  5135.1
8.16814  0  0  -23824.9  12047.3
10.6814  0  0  -4202.06  11100
15.708  0  0  4382.65  -4575.94
33.3009  0  0  7152.89  -11228.9
-54.6637  0  3.14159  97.6749  329.813
-27.0177  0  3.14159  -31.9336  -445.513
-13.1947  0  3.14159  182.998  -191.279
-10.6814  0  3.14159  268.774  338.837
-8.16814  0  3.14159  766.089  259.503
-6.9115  0  3.14159  1026.01  -105.235
-5.65487  0  3.14159  902.624  381.97
-4.39823  0  3.14159  -937.024  -157.69
-3.14159  0  3.14159  -2297.2  -2474.18
-1.88496  0  3.14159  2815.49  -3072.11
-0.628319  0  3.14159  -1561.04  -11214.7
0.628319  0  3.14159  7421.32  6769.46
1.88496  0  3.14159  4199.09  -2756.13
3.14159  0  3.14159  -328.846  1572.7
4.39823  0  3.14159  263.567  1264.97
5.65487  0  3.14159  -2058.11  -235.6
6.9115  0  3.14159  359.955  -204.812
8.16814  0  3.14159  -27.7609  -625.553
10.6814  0  3.14159  -469.834  -107.78
15.708  0  3.14159  -222.856  512.097
33.3009  0  3.14159  259.523  605.094
-54.6637  3.14159  0  97.6749  329.813
-27.0177  3.14159  0  -31.9336  -445.513
-13.1947  3.14159  0  182.998  -191.279
-10.6814  3.14159  0  268.774  338.837
-8.16814  3.14159  0  766.089  259.503
-6.9115  3.14159  0  1026.01  -105.235
-5.65487  3.14159  0  902.624  381.97
-4.39823  3.14159  0  -937.024  -157.69
-3.14159  3.14159  0  -2297.2  -2474.18
-1.88496  3.14159  0  2815.49  -3072.11
-0.628319  3.14159  0  -1561.04  -11214.7
0.628319  3.14159  0  7421.32  6769.46
1.88496  3.14159  0  4199.09  -2756.13
3.14159  3.14159  0  -328.846  1572.7
4.39823  3.14159  0  263.567  1264.97
5.65487  3.14159  0  -2058.11  -235.6
6.9115  3.14159  0  359.955  -204.812
8.16814  3.14159  0  -27.7609  -625.553
10.6814  3.14159  0  -469.834  -107.78
15.708  3.14159  0  -222.856  512.097
33.3009  3.14159  0  259.523  605.094
-54.6637  3.14159  3.14159  -1473.28  -655.276
-27.0177  3.14159  3.14159  1589.35  1716.27
-13.1947  3.14159  3.14159  2389.28  671.452
-10.6814  3.14159  3.14159  -3004.46  -1223.24
-8.16814  3.14159  3.14159  -8315.66  3925.73
-6.9115  3.14159  3.14159  -4849.47  6755.27
-5.65487  3.14159  3.14159  -9263.57  -3656.36
-4.39823  3.14159  3.14159  8364.67  -6305.41
-3.14159  3.14159  3.14159  16475.5  -7032.94
-1.88496  3.14159  3.14159  -11331.1  34967.1
-0.628319  3.14159  3.14159  62648.5  33058.4
0.628319  3.14159  3.14159  -75177.8  7752.65
1.88496  3.14159  3.14159  -4954.51  21924.8
3.14159  3.14159  3.14159  -19143.6  -9268.52
4.39823  3.14159  3.14159  -10371.1  -6273.36
5.65487  3.14159  3.14159  10908.9  -3105.95
6.9115  3.14159  3.14159  4508.29  3507.83
8.16814  3.14159  3.14159  6927.86  1023.29
10.6814  3.14159  3.14159  3530.22  -1004.15
15.708  3.14159  3.14159  -1685.93  -1894.07
33.3009  3.14159  3.14159  -4493.67  -1362.39
