-54.6637  0  0  0.00197802  0.0180773
-27.0177  0  0  0.00781105  0.0352834
-13.1947  0  0  0.0284988  0.0628693
-10.6814  0  0  0.0399106  0.071272
-8.16814  0  0  0.0583576  0.0796938
-6.9115  0  0  0.0715945  0.0827285
-5.65487  0  0  0.0882806  0.0834627
-4.39823  0  0  0.108513  0.079794
-3.14159  0  0  0.131038  0.0688268
-1.88496  0  0  0.152085  0.0479285
-0.628319  0  0  0.165364  0.0173712
0.628319  0  0  0.165364  -0.0173712
1.88496  0  0  0.152085  -0.0479286
3.14159  0  0  0.131038  -0.0688264
4.39823  0  0  0.108513  -0.0797934
5.65487  0  0  0.0882807  -0.0834631
6.9115  0  0  0.0715939  -0.082729
8.16814  0  0  0.0583572  -0.0796941
10.6814  0  0  0.0399104  -0.0712725
15.708  0  0  0.0211715  -0.0555999
33.3009  0  0  0.00522508  -0.0290907
-54.6637  0  3.14159  0.00116653  0.0182183
-27.0177  0  3.14159  0.00471585  0.0364046
-13.1947  0  3.14159  0.0187977  0.0708111
-10.6814  0  3.14159  0.0277013  0.0845294
-8.16814  0  3.14159  0.0443249  0.103426
-6.9115  0  3.14159  0.0583217  0.115148
-5.65487  0  3.14159  0.0791351  0.127844
-4.39823  0  3.14159  0.110776  0.139243
-3.14159  0  3.14159  0.158241  0.142044
-1.88496  0  3.14159  0.221487  0.119277
-0.628319  0  3.14159  0.276813  0.0496908
0.628319  0  3.14159  0.276807  -0.0496901
1.88496  0  3.14159  0.221474  -0.119285
3.14159  0  3.14159  0.158255  -0.142039
4.39823  0  3.14159  0.110798  -0.139216
5.65487  0  3.14159  0.0791292  -0.12787
6.9115  0  3.14159  0.0583161  -0.115126
8.16814  0  3.14159  0.0443072  -0.103427
10.6814  0  3.14159  0.0276888  -0.0845493
15.708  0  3.14159  0.0135133  -0.060657
33.3009  0  3.14159  0.00312216  -0.0297021
-54.6637  3.14159  0  0.00116653  0.0182183
-27.0177  3.14159  0  0.00471585  0.0364046
-13.1947  3.14159  0  0.0187977  0.0708111
-10.6814  3.14159  0  0.0277013  0.0845294
-8.16814  3.14159  0  0.0443249  0.103426
-6.9115  3.14159  0  0.0583217  0.115148
-5.65487  3.14159  0  0.0791351  0.127844
-4.39823  3.14159  0  0.110776  0.139243
-3.14159  3.14159  0  0.158241  0.142044
-1.88496  3.14159  0  0.221487  0.119277
-0.628319  3.14159  0  0.276813  0.0496908
0.628319  3.14159  0  0.276807  -0.0496901
1.88496  3.14159  0  0.221474  -0.119285
3.14159  3.14159  0  0.158255  -0.142039
4.39823  3.14159  0  0.110798  -0.139216
5.65487  3.14159  0  0.0791292  -0.12787
6.9115  3.14159  0  0.0583161  -0.115126
8.16814  3.14159  0  0.0443072  -0.103427
10.6814  3.14159  0  0.0276888  -0.0845493
15.708  3.14159  0  0.0135133  -0.060657
33.3009  3.14159  0  0.00312216  -0.0297021
-54.6637  3.14159  3.14159  0.000340511  0.0182874
-27.0177  3.14159  3.14159  0.00139335  0.0369599
-13.1947  3.14159  3.14159  0.00581609  0.0753385
-10.6814  3.14159  3.14159  0.00884307  0.0927785
-8.16814  3.14159  3.14159  0.0150279  0.120553
-6.9115  3.14159  3.14159  0.0208629  0.141611
-5.65487  3.14159  3.14159  0.0308425  0.171286
-4.39823  3.14159  3.14159  0.0499666  0.215797
-3.14159  3.14159  3.14159  0.093371  0.288045
-1.88496  3.14159  3.14159  0.221849  0.410663
-0.628319  3.14159  3.14159  0.711233  0.438844
0.628319  3.14159  3.14159  0.711243  -0.438855
1.88496  3.14159  3.14159  0.221859  -0.41067
3.14159  3.14159  3.14159  0.0933634  -0.288047
4.39823  3.14159  3.14159  0.0499595  -0.215796
5.65487  3.14159  3.14159  0.0308462  -0.171283
6.9115  3.14159  3.14159  0.0208673  -0.141613
8.16814  3.14159  3.14159  0.0150309  -0.120553
10.6814  3.14159  3.14159  0.00884665  -0.0927764
15.708  3.14159  3.14159  0.00410881  -0.0633947
33.3009  3.14159  3.14159  0.000917257  -0.0300011
