-54.6637  0  0  0.000828739  0.018256
-27.0177  0  0  0.00337103  0.0367032
-13.1947  0  0  0.0137664  0.0731992
-10.6814  0  0  0.0206359  0.0888265
-8.16814  0  0  0.0340505  0.112082
-6.9115  0  0  0.0460157  0.128165
-5.65487  0  0  0.0650703  0.148285
-4.39823  0  0  0.0973046  0.172465
-3.14159  0  0  0.154828  0.196015
-1.88496  0  0  0.255538  0.194109
-0.628319  0  0  0.378707  0.0958898
0.628319  0  0  0.378707  -0.0958898
1.88496  0  0  0.255538  -0.19411
3.14159  0  0  0.154828  -0.196015
4.39823  0  0  0.0973044  -0.172465
5.65487  0  0  0.0650703  -0.148285
6.9115  0  0  0.0460158  -0.128165
8.16814  0  0  0.0340505  -0.112082
10.6814  0  0  0.0206359  -0.0888264
15.708  0  0  0.0098121  -0.062112
33.3009  0  0  0.00222533  -0.0298634
-54.6637  0  3.14159  -8.96309e-11  0.0182937
-27.0177  0  3.14159  2.43201e-10  0.0370128
-13.1947  0  3.14159  1.27967e-10  0.0757881
-10.6814  0  3.14159  -2.9246e-10  0.0936206
-8.16814  0  3.14159  -5.19972e-10  0.122427
-6.9115  0  3.14159  -1.80586e-09  0.144686
-5.65487  0  3.14159  -4.36864e-11  0.176839
-4.39823  0  3.14159  1.76328e-09  0.227364
-3.14159  0  3.14159  3.14936e-09  0.31831
-1.88496  0  3.14159  -3.40754e-08  0.530516
-0.628319  0  3.14159  5.24892e-08  1.59155
0.628319  0  3.14159  3.89246e-07  -1.59155
1.88496  0  3.14159  -1.61858e-08  -0.530516
3.14159  0  3.14159  -1.28569e-09  -0.31831
4.39823  0  3.14159  -1.6023e-10  -0.227364
5.65487  0  3.14159  4.96933e-10  -0.176839
6.9115  0  3.14159  -3.94803e-10  -0.144686
8.16814  0  3.14159  3.55518e-11  -0.122427
10.6814  0  3.14159  8.81079e-10  -0.0936206
15.708  0  3.14159  -1.35691e-10  -0.063662
33.3009  0  3.14159  -5.39587e-11  -0.0300292
-54.6637  3.14159  0  -8.97526e-11  0.0182937
-27.0177  3.14159  0  2.40211e-10  0.0370128
-13.1947  3.14159  0  1.42594e-10  0.0757881
-10.6814  3.14159  0  -3.0362e-10  0.0936206
-8.16814  3.14159  0  -6.29027e-10  0.122427
-6.9115  3.14159  0  -1.80586e-09  0.144686
-5.65487  3.14159  0  7.00803e-11  0.176839
-4.39823  3.14159  0  2.06418e-09  0.227364
-3.14159  3.14159  0  -3.89246e-10  0.31831
-1.88496  3.14159  0  -1.27783e-08  0.530516
-0.628319  3.14159  0  -5.07199e-08  1.59155
0.628319  3.14159  0  -2.00521e-07  -1.59155
1.88496  3.14159  0  -1.29093e-08  -0.530516
3.14159  3.14159  0  -8.43367e-10  -0.31831
4.39823  3.14159  0  2.78334e-11  -0.227364
5.65487  3.14159  0  1.31605e-09  -0.176839
6.9115  3.14159  0  -2.57718e-10  -0.144686
8.16814  3.14159  0  5.191e-11  -0.122427
10.6814  3.14159  0  8.42816e-10  -0.0936206
15.708  3.14159  0  -1.35322e-10  -0.063662
33.3009  3.14159  0  -5.59271e-11  -0.0300292
-54.6637  3.14159  3.14159  -0.000828736  0.018256
-27.0177  3.14159  3.14159  -0.00337109  0.0367032
-13.1947  3.14159  3.14159  -0.0137663  0.0731992
-10.6814  3.14159  3.14159  -0.0206359  0.0888264
-8.16814  3.14159  3.14159  -0.0340505  0.112082
-6.9115  3.14159  3.14159  -0.0460157  0.128165
-5.65487  3.14159  3.14159  -0.0650704  0.148284
-4.39823  3.14159  3.14159  -0.0973047  0.172465
-3.14159  3.14159  3.14159  -0.154828  0.196015
-1.88496  3.14159  3.14159  -0.255539  0.19411
-0.628319  3.14159  3.14159  -0.378707  0.0958899
0.628319  3.14159  3.14159  -0.378707  -0.0958898
1.88496  3.14159  3.14159  -0.255538  -0.19411
3.14159  3.14159  3.14159  -0.154828  -0.196015
4.39823  3.14159  3.14159  -0.0973048  -0.172465
5.65487  3.14159  3.14159  -0.0650703  -0.148285
6.9115  3.14159  3.14159  -0.0460157  -0.128165
8.16814  3.14159  3.14159  -0.0340505  -0.112082
10.6814  3.14159  3.14159  -0.0206359  -0.0888264
15.708  3.14159  3.14159  -0.00981225  -0.0621119
33.3009  3.14159  3.14159  -0.00222533  -0.0298634
