-54.6637  0  0  0.00190735  0.0180926
-27.0177  0  0  0.00755105  0.0354024
-13.1947  0  0  0.0277981  0.0636476
-10.6814  0  0  0.0391218  0.0725139
-8.16814  0  0  0.0576689  0.0817406
-6.9115  0  0  0.0711639  0.0853505
-5.65487  0  0  0.0884035  0.0867491
-4.39823  0  0  0.109655  0.0836908
-3.14159  0  0  0.133772  0.0729269
-1.88496  0  0  0.156757  0.0512741
-0.628319  0  0  0.17149  0.0186978
0.628319  0  0  0.17149  -0.0186978
1.88496  0  0  0.156757  -0.0512745
3.14159  0  0  0.133773  -0.0729271
4.39823  0  0  0.109655  -0.0836912
5.65487  0  0  0.0884035  -0.086749
6.9115  0  0  0.0711641  -0.0853503
8.16814  0  0  0.057669  -0.0817405
10.6814  0  0  0.0391219  -0.0725138
15.708  0  0  0.0205848  -0.0561103
33.3009  0  0  0.00504549  -0.0291562
-54.6637  0  3.14159  0.00109416  0.018228
-27.0177  0  3.14159  0.0044298  0.0364748
-13.1947  0  3.14159  0.0177493  0.0713742
-10.6814  0  3.14159  0.0262796  0.0855477
-8.16814  0  3.14159  0.0423468  0.105416
-6.9115  0  3.14159  0.0560557  0.118074
-5.65487  0  3.14159  0.0767649  0.132296
-4.39823  0  3.14159  0.108972  0.146067
-3.14159  0  3.14159  0.159005  0.152237
-1.88496  0  3.14159  0.229143  0.131634
-0.628319  0  3.14159  0.293982  0.056294
0.628319  0  3.14159  0.293982  -0.056294
1.88496  0  3.14159  0.229143  -0.131634
3.14159  0  3.14159  0.159005  -0.152237
4.39823  0  3.14159  0.108972  -0.146067
5.65487  0  3.14159  0.0767649  -0.132296
6.9115  0  3.14159  0.0560557  -0.118074
8.16814  0  3.14159  0.0423468  -0.105416
10.6814  0  3.14159  0.0262796  -0.0855477
15.708  0  3.14159  0.0127424  -0.0610002
33.3009  0  3.14159  0.00293043  -0.0297405
-54.6637  3.14159  0  0.00109416  0.018228
-27.0177  3.14159  0  0.0044298  0.0364748
-13.1947  3.14159  0  0.0177493  0.0713742
-10.6814  3.14159  0  0.0262796  0.0855477
-8.16814  3.14159  0  0.0423468  0.105416
-6.9115  3.14159  0  0.0560557  0.118074
-5.65487  3.14159  0  0.0767649  0.132296
-4.39823  3.14159  0  0.108972  0.146067
-3.14159  3.14159  0  0.159005  0.152237
-1.88496  3.14159  0  0.229143  0.131634
-0.628319  3.14159  0  0.293982  0.056294
0.628319  3.14159  0  0.293982  -0.056294
1.88496  3.14159  0  0.229143  -0.131634
3.14159  3.14159  0  0.159005  -0.152237
4.39823  3.14159  0  0.108972  -0.146067
5.65487  3.14159  0  0.0767649  -0.132296
6.9115  3.14159  0  0.0560557  -0.118074
8.16814  3.14159  0  0.0423468  -0.105416
10.6814  3.14159  0  0.0262796  -0.0855477
15.708  3.14159  0  0.0127424  -0.0610002
33.3009  3.14159  0  0.00293043  -0.0297405
-54.6637  3.14159  3.14159  0.000267599  0.0182897
-27.0177  3.14159  3.14159  0.00109459  0.0369805
-13.1947  3.14159  3.14159  0.00457717  0.075511
-10.6814  3.14159  3.14159  0.00697065  0.0930985
-8.16814  3.14159  3.14159  0.0118734  0.121264
-6.9115  3.14159  3.14159  0.0165211  0.142774
-5.65487  3.14159  3.14159  0.0245199  0.173371
-4.39823  3.14159  3.14159  0.0400203  0.220087
-3.14159  3.14159  3.14159  0.0761023  0.298937
-1.88496  3.14159  3.14159  0.190758  0.449579
-0.628319  3.14159  3.14159  0.773161  0.607407
0.628319  3.14159  3.14159  0.773162  -0.607408
1.88496  3.14159  3.14159  0.190755  -0.44958
3.14159  3.14159  3.14159  0.0761016  -0.298937
4.39823  3.14159  3.14159  0.0400192  -0.220088
5.65487  3.14159  3.14159  0.0245201  -0.173371
6.9115  3.14159  3.14159  0.0165216  -0.142774
8.16814  3.14159  3.14159  0.0118736  -0.121264
10.6814  3.14159  3.14159  0.00697086  -0.0930984
15.708  3.14159  3.14159  0.00323274  -0.0634975
33.3009  3.14159  3.14159  0.00072079  -0.030012
