-54.6637  0  0  0.00196923  0.0180791
-27.0177  0  0  0.00777893  0.035299
-13.1947  0  0  0.0284148  0.0629667
-10.6814  0  0  0.0398147  0.0714265
-8.16814  0  0  0.058276  0.0799464
-6.9115  0  0  0.0715454  0.0830506
-5.65487  0  0  0.0883015  0.083864
-4.39823  0  0  0.10866  0.0802659
-3.14159  0  0  0.131377  0.0693181
-1.88496  0  0  0.152651  0.0483251
-0.628319  0  0  0.166101  0.0175279
0.628319  0  0  0.166101  -0.0175278
1.88496  0  0  0.152651  -0.0483263
3.14159  0  0  0.131377  -0.0693186
4.39823  0  0  0.108661  -0.0802672
5.65487  0  0  0.0883014  -0.0838637
6.9115  0  0  0.0715462  -0.0830499
8.16814  0  0  0.0582763  -0.079946
10.6814  0  0  0.0398149  -0.071426
15.708  0  0  0.0210992  -0.0556649
33.3009  0  0  0.00520289  -0.0290991
-54.6637  0  3.14159  0.00115748  0.0182201
-27.0177  0  3.14159  0.00468003  0.0364112
-13.1947  0  3.14159  0.0186542  0.0708785
-10.6814  0  3.14159  0.0275276  0.084671
-8.16814  0  3.14159  0.0440816  0.103686
-6.9115  0  3.14159  0.0580438  0.115522
-5.65487  0  3.14159  0.078858  0.128412
-4.39823  0  3.14159  0.110581  0.140054
-3.14159  0  3.14159  0.158359  0.143262
-1.88496  0  3.14159  0.222429  0.120735
-0.628319  0  3.14159  0.278836  0.0504506
0.628319  0  3.14159  0.278836  -0.0504506
1.88496  0  3.14159  0.222429  -0.120735
3.14159  0  3.14159  0.158359  -0.143262
4.39823  0  3.14159  0.110581  -0.140054
5.65487  0  3.14159  0.078858  -0.128412
6.9115  0  3.14159  0.0580438  -0.115522
8.16814  0  3.14159  0.0440816  -0.103686
10.6814  0  3.14159  0.0275276  -0.084671
15.708  0  3.14159  0.0134183  -0.0606955
33.3009  0  3.14159  0.0030978  -0.0297062
-54.6637  3.14159  0  0.00115748  0.0182201
-27.0177  3.14159  0  0.00468003  0.0364112
-13.1947  3.14159  0  0.0186542  0.0708785
-10.6814  3.14159  0  0.0275276  0.084671
-8.16814  3.14159  0  0.0440816  0.103686
-6.9115  3.14159  0  0.0580438  0.115522
-5.65487  3.14159  0  0.078858  0.128412
-4.39823  3.14159  0  0.110581  0.140054
-3.14159  3.14159  0  0.158359  0.143262
-1.88496  3.14159  0  0.222429  0.120735
-0.628319  3.14159  0  0.278836  0.0504506
0.628319  3.14159  0  0.278836  -0.0504506
1.88496  3.14159  0  0.222429  -0.120735
3.14159  3.14159  0  0.158359  -0.143262
4.39823  3.14159  0  0.110581  -0.140054
5.65487  3.14159  0  0.078858  -0.128412
6.9115  3.14159  0  0.0580438  -0.115522
8.16814  3.14159  0  0.0440816  -0.103686
10.6814  3.14159  0  0.0275276  -0.084671
15.708  3.14159  0  0.0134183  -0.0606955
33.3009  3.14159  0  0.0030978  -0.0297062
-54.6637  3.14159  3.14159  0.000331613  0.0182875
-27.0177  3.14159  3.14159  0.00135571  0.0369636
-13.1947  3.14159  3.14159  0.00566196  0.075364
-10.6814  3.14159  3.14159  0.00861285  0.0928209
-8.16814  3.14159  3.14159  0.0146402  0.12065
-6.9115  3.14159  3.14159  0.0203305  0.141769
-5.65487  3.14159  3.14159  0.0300716  0.171567
-4.39823  3.14159  3.14159  0.0487611  0.216377
-3.14159  3.14159  3.14159  0.0913368  0.289495
-1.88496  3.14159  3.14159  0.218549  0.415593
-0.628319  3.14159  3.14159  0.719697  0.456217
0.628319  3.14159  3.14159  0.7197  -0.456218
1.88496  3.14159  3.14159  0.218539  -0.415597
3.14159  3.14159  3.14159  0.0913348  -0.289497
4.39823  3.14159  3.14159  0.0487577  -0.216378
5.65487  3.14159  3.14159  0.0300721  -0.171567
6.9115  3.14159  3.14159  0.0203321  -0.14177
8.16814  3.14159  3.14159  0.0146408  -0.12065
10.6814  3.14159  3.14159  0.00861353  -0.0928206
15.708  3.14159  3.14159  0.00400035  -0.06341
33.3009  3.14159  3.14159  0.000893027  -0.0300028
