-54.6637  0  0  397.116  2266.13
-27.0177  0  0  -996.55  -1465.64
-13.1947  0  0  1334.51  -3169.56
-10.6814  0  0  -8130.8  8404.28
-8.16814  0  0  -3213.81  14315.7
-6.9115  0  0  -2841.27  9864.31
-5.65487  0  0  -9131.45  21245.3
-4.39823  0  0  -14458  -11033.5
-3.14159  0  0  -6978  -34776.1
-1.88496  0  0  13015.6  -5018.34
-0.628319  0  0  61744.6  -117172
0.628319  0  0  823.871  107355
1.88496  0  0  53923.2  -22684.1
3.14159  0  0  -13614.9  11351.7
4.39823  0  0  -7390.2  1243.31
5.65487  0  0  3879.54  -22173.6
6.9115  0  0  14049.6  -7821
8.16814  0  0  9545.17  -14156.7
10.6814  0  0  4625.34  -9401.48
15.708  0  0  -3106.17  1425.29
33.3009  0  0  267.442  5353.07
-54.6637  0  3.14159  -161272  -138484
-27.0177  0  3.14159  138545  200551
-13.1947  0  3.14159  88312.8  509759
-10.6814  0  3.14159  -142712  -557144
-8.16814  0  3.14159  -730443  -841829
-6.9115  0  3.14159  -759924  -397863
-5.65487  0  3.14159  -424892  -1.61058e+06
-4.39823  0  3.14159  1.37402e+06  734218
-3.14159  0  3.14159  1.95713e+06  1.70962e+06
-1.88496  0  3.14159  -3.08646e+06  1.89888e+06
-0.628319  0  3.14159  2.9395e+06  1.08561e+07
0.628319  0  3.14159  -8.26348e+06  -6.65513e+06
1.88496  0  3.14159  -3.36255e+06  2.95293e+06
3.14159  0  3.14159  -551313  -2.41215e+06
4.39823  0  3.14159  253572  -1.53803e+06
5.65487  0  3.14159  1.16699e+06  1.10712e+06
6.9115  0  3.14159  -226150  1.0368e+06
8.16814  0  3.14159  164145  1.26726e+06
10.6814  0  3.14159  414439  387963
15.708  0  3.14159  -39977.3  -297729
33.3009  0  3.14159  -301905  -567362
-54.6637  3.14159  0  -161272  -138484
-27.0177  3.14159  0  138545  200551
-13.1947  3.14159  0  88312.8  509759
-10.6814  3.14159  0  -142712  -557144
-8.16814  3.14159  0  -730443  -841829
-6.9115  3.14159  0  -759924  -397863
-5.65487  3.14159  0  -424892  -1.61058e+06
-4.39823  3.14159  0  1.37402e+06  734218
-3.14159  3.14159  0  1.95713e+06  1.70962e+06
-1.88496  3.14159  0  -3.08646e+06  1.89888e+06
-0.628319  3.14159  0  2.9395e+06  1.08561e+07
0.628319  3.14159  0  -8.26348e+06  -6.65513e+06
1.88496  3.14159  0  -3.36255e+06  2.95293e+06
3.14159  3.14159  0  -551313  -2.41215e+06
4.39823  3.14159  0  253572  -1.53803e+06
5.65487  3.14159  0  1.16699e+06  1.10712e+06
6.9115  3.14159  0  -226150  1.0368e+06
8.16814  3.14159  0  164145  1.26726e+06
10.6814  3.14159  0  414439  387963
15.708  3.14159  0  -39977.3  -297729
33.3009  3.14159  0  -301905  -567362
-54.6637  3.14159  3.14159  377.026  2258.41
-27.0177  3.14159  3.14159  -968.667  -1452.94
-13.1947  3.14159  3.14159  1345.94  -3140.25
-10.6814  3.14159  3.14159  -8105.86  8378.66
-8.16814  3.14159  3.14159  -3225.05  14303.9
-6.9115  3.14159  3.14159  -2822.84  9888.87
-5.65487  3.14159  3.14159  -9107.49  21132.6
-4.39823  3.14159  3.14159  -14441.9  -11022.6
-3.14159  3.14159  3.14159  -6980.77  -34792.9
-1.88496  3.14159  3.14159  12935.7  -4913.29
-0.628319  3.14159  3.14159  61891  -116597
0.628319  3.14159  3.14159  444.102  107172
1.88496  3.14159  3.14159  53662.5  -22622.7
3.14159  3.14159  3.14159  -13640.5  11176.5
4.39823  3.14159  3.14159  -7359.55  1208.61
5.65487  3.14159  3.14159  3861.94  -22138.6
6.9115  3.14159  3.14159  14009.3  -7776.29
8.16814  3.14159  3.14159  9535.83  -14102.2
10.6814  3.14159  3.14159  4611.26  -9380.4
15.708  3.14159  3.14159  -3131.92  1411.1
33.3009  3.14159  3.14159  242.908  5330.42
