-54.6637  0  0  35.7405  203.952
-27.0177  0  0  -89.6892  -131.907
-13.1947  0  0  120.107  -285.26
-10.6814  0  0  -731.771  756.386
-8.16814  0  0  -289.241  1288.41
-6.9115  0  0  -255.712  887.788
-5.65487  0  0  -821.828  1912.08
-4.39823  0  0  -1301.22  -993.017
-3.14159  0  0  -628.018  -3129.84
-1.88496  0  0  1171.41  -451.65
-0.628319  0  0  5557.01  -10545.5
0.628319  0  0  74.1497  9662
1.88496  0  0  4853.09  -2041.57
3.14159  0  0  -1225.34  1021.66
4.39823  0  0  -665.116  111.898
5.65487  0  0  349.16  -1995.62
6.9115  0  0  1264.47  -703.891
8.16814  0  0  859.067  -1274.11
10.6814  0  0  416.282  -846.134
15.708  0  0  -279.555  128.275
33.3009  0  0  24.0699  481.776
-54.6637  0  3.14159  -14514.5  -12463.5
-27.0177  0  3.14159  12469  18049.6
-13.1947  0  3.14159  7948.16  45878.3
-10.6814  0  3.14159  -12844  -50143
-8.16814  0  3.14159  -65739.9  -75764.6
-6.9115  0  3.14159  -68393.2  -35807.7
-5.65487  0  3.14159  -38240.3  -144953
-4.39823  0  3.14159  123662  66079.6
-3.14159  0  3.14159  176142  153866
-1.88496  0  3.14159  -277782  170899
-0.628319  0  3.14159  264555  977049
0.628319  0  3.14159  -743714  -598962
1.88496  0  3.14159  -302630  265763
3.14159  0  3.14159  -49618.1  -217093
4.39823  0  3.14159  22821.5  -138423
5.65487  0  3.14159  105029  99640.6
6.9115  0  3.14159  -20353.5  93312.3
8.16814  0  3.14159  14773  114054
10.6814  0  3.14159  37299.5  34916.7
15.708  0  3.14159  -3597.95  -26795.7
33.3009  0  3.14159  -27171.4  -51062.6
-54.6637  3.14159  0  -14514.5  -12463.5
-27.0177  3.14159  0  12469  18049.6
-13.1947  3.14159  0  7948.16  45878.3
-10.6814  3.14159  0  -12844  -50143
-8.16814  3.14159  0  -65739.9  -75764.6
-6.9115  3.14159  0  -68393.2  -35807.7
-5.65487  3.14159  0  -38240.3  -144953
-4.39823  3.14159  0  123662  66079.6
-3.14159  3.14159  0  176142  153866
-1.88496  3.14159  0  -277782  170899
-0.628319  3.14159  0  264555  977049
0.628319  3.14159  0  -743714  -598962
1.88496  3.14159  0  -302630  265763
3.14159  3.14159  0  -49618.1  -217093
4.39823  3.14159  0  22821.5  -138423
5.65487  3.14159  0  105029  99640.6
6.9115  3.14159  0  -20353.5  93312.3
8.16814  3.14159  0  14773  114054
10.6814  3.14159  0  37299.5  34916.7
15.708  3.14159  0  -3597.95  -26795.7
33.3009  3.14159  0  -27171.4  -51062.6
-54.6637  3.14159  3.14159  33.9324  203.258
-27.0177  3.14159  3.14159  -87.1797  -130.764
-13.1947  3.14159  3.14159  121.135  -282.622
-10.6814  3.14159  3.14159  -729.526  754.08
-8.16814  3.14159  3.14159  -290.253  1287.35
-6.9115  3.14159  3.14159  -254.054  889.999
-5.65487  3.14159  3.14159  -819.672  1901.93
-4.39823  3.14159  3.14159  -1299.77  -992.032
-3.14159  3.14159  3.14159  -628.267  -3131.36
-1.88496  3.14159  3.14159  1164.22  -442.197
-0.628319  3.14159  3.14159  5570.19  -10493.8
0.628319  3.14159  3.14159  39.9691  9645.5
1.88496  3.14159  3.14159  4829.63  -2036.04
3.14159  3.14159  3.14159  -1227.65  1005.88
4.39823  3.14159  3.14159  -662.357  108.775
5.65487  3.14159  3.14159  347.576  -1992.47
6.9115  3.14159  3.14159  1260.83  -699.867
8.16814  3.14159  3.14159  858.226  -1269.2
10.6814  3.14159  3.14159  415.015  -844.237
15.708  3.14159  3.14159  -281.872  126.998
33.3009  3.14159  3.14159  21.8619  479.737
