-54.6637  0  0  10.7238  61.1869
-27.0177  0  0  -26.9091  -39.5729
-13.1947  0  0  36.0311  -85.5808
-10.6814  0  0  -219.531  226.918
-8.16814  0  0  -86.7726  386.524
-6.9115  0  0  -76.7115  266.333
-5.65487  0  0  -246.551  573.632
-4.39823  0  0  -390.37  -297.909
-3.14159  0  0  -188.42  -938.95
-1.88496  0  0  351.44  -135.515
-0.628319  0  0  1667.08  -3163.69
0.628319  0  0  22.2945  2898.62
1.88496  0  0  1455.94  -612.489
3.14159  0  0  -367.592  306.515
4.39823  0  0  -199.533  33.5751
5.65487  0  0  104.75  -598.688
6.9115  0  0  379.346  -211.175
8.16814  0  0  257.726  -382.237
10.6814  0  0  124.885  -253.842
15.708  0  0  -83.8611  38.4847
33.3009  0  0  7.22402  144.535
-54.6637  0  3.14159  -4354.35  -3739.06
-27.0177  0  3.14159  3740.71  5414.89
-13.1947  0  3.14159  2384.45  13763.5
-10.6814  0  3.14159  -3853.21  -15042.9
-8.16814  0  3.14159  -19722  -22729.4
-6.9115  0  3.14159  -20517.9  -10742.3
-5.65487  0  3.14159  -11472.1  -43485.8
-4.39823  0  3.14159  37098.6  19823.9
-3.14159  0  3.14159  52842.6  46159.7
-1.88496  0  3.14159  -83334.5  51269.8
-0.628319  0  3.14159  79366.5  293115
0.628319  0  3.14159  -223114  -179689
1.88496  0  3.14159  -90788.9  79729
3.14159  0  3.14159  -14885.4  -65128
4.39823  0  3.14159  6846.45  -41526.8
5.65487  0  3.14159  31508.7  29892.2
6.9115  0  3.14159  -6106.04  27993.7
8.16814  0  3.14159  4431.91  34216.1
10.6814  0  3.14159  11189.8  10475
15.708  0  3.14159  -1079.39  -8038.7
33.3009  0  3.14159  -8151.43  -15318.8
-54.6637  3.14159  0  -4354.35  -3739.06
-27.0177  3.14159  0  3740.71  5414.89
-13.1947  3.14159  0  2384.45  13763.5
-10.6814  3.14159  0  -3853.21  -15042.9
-8.16814  3.14159  0  -19722  -22729.4
-6.9115  3.14159  0  -20517.9  -10742.3
-5.65487  3.14159  0  -11472.1  -43485.8
-4.39823  3.14159  0  37098.6  19823.9
-3.14159  3.14159  0  52842.6  46159.7
-1.88496  3.14159  0  -83334.5  51269.8
-0.628319  3.14159  0  79366.5  293115
0.628319  3.14159  0  -223114  -179689
1.88496  3.14159  0  -90788.9  79729
3.14159  3.14159  0  -14885.4  -65128
4.39823  3.14159  0  6846.45  -41526.8
5.65487  3.14159  0  31508.7  29892.2
6.9115  3.14159  0  -6106.04  27993.7
8.16814  3.14159  0  4431.91  34216.1
10.6814  3.14159  0  11189.8  10475
15.708  3.14159  0  -1079.39  -8038.7
33.3009  3.14159  0  -8151.43  -15318.8
-54.6637  3.14159  3.14159  10.1808  60.9774
-27.0177  3.14159  3.14159  -26.1557  -39.2283
-13.1947  3.14159  3.14159  36.3387  -84.7868
-10.6814  3.14159  3.14159  -218.858  226.227
-8.16814  3.14159  3.14159  -87.0761  386.212
-6.9115  3.14159  3.14159  -76.217  267.001
-5.65487  3.14159  3.14159  -245.902  570.591
-4.39823  3.14159  3.14159  -389.933  -297.612
-3.14159  3.14159  3.14159  -188.484  -939.404
-1.88496  3.14159  3.14159  349.275  -132.67
-0.628319  3.14159  3.14159  1671.04  -3148.16
0.628319  3.14159  3.14159  12.0227  2893.67
1.88496  3.14159  3.14159  1448.89  -610.827
3.14159  3.14159  3.14159  -368.28  301.776
4.39823  3.14159  3.14159  -198.707  32.6351
5.65487  3.14159  3.14159  104.277  -597.747
6.9115  3.14159  3.14159  378.252  -209.969
8.16814  3.14159  3.14159  257.471  -380.769
10.6814  3.14159  3.14159  124.505  -253.274
15.708  3.14159  3.14159  -84.5572  38.097
33.3009  3.14159  3.14159  6.56084  143.922
