-54.6637  0  0  115484  -20630.4
-27.0177  0  0  -59118  -16150.1
-13.1947  0  0  -457058  -125982
-10.6814  0  0  685309  219898
-8.16814  0  0  1.53473e+06  -63860.7
-6.9115  0  0  1.39932e+06  -364023
-5.65487  0  0  1.65986e+06  647515
-4.39823  0  0  -1.48896e+06  937541
-3.14159  0  0  -2.30194e+06  929891
-1.88496  0  0  1.63729e+06  -2.48901e+06
-0.628319  0  0  -9.59245e+06  -3.06689e+06
0.628319  0  0  9.6597e+06  -1.09602e+06
1.88496  0  0  -1.22842e+06  -2.9921e+06
3.14159  0  0  2.11334e+06  1.39047e+06
4.39823  0  0  1.20669e+06  1.26624e+06
5.65487  0  0  -1.7021e+06  230517
6.9115  0  0  -1.32437e+06  -699329
8.16814  0  0  -1.49685e+06  -505347
10.6814  0  0  -715172  75404
15.708  0  0  208955  159909
33.3009  0  0  505307  97046.9
-54.6637  0  3.14159  5.48995e+06  132368
-27.0177  0  3.14159  -5.88487e+06  -1.75745e+06
-13.1947  0  3.14159  -1.2155e+07  -5.01076e+06
-10.6814  0  3.14159  1.55919e+07  6.01273e+06
-8.16814  0  3.14159  3.01534e+07  -4.19082e+06
-6.9115  0  3.14159  2.10087e+07  -8.26596e+06
-5.65487  0  3.14159  4.24888e+07  1.68307e+07
-4.39823  0  3.14159  -3.05956e+07  1.84378e+07
-3.14159  0  3.14159  -6.20404e+07  3.48378e+06
-1.88496  0  3.14159  2.02455e+07  -1.01374e+08
-0.628319  0  3.14159  -2.78353e+08  -1.2884e+08
0.628319  0  3.14159  2.93983e+08  -5.31711e+07
1.88496  0  3.14159  5.51784e+06  -1.07682e+08
3.14159  0  3.14159  5.68419e+07  1.96357e+07
4.39823  0  3.14159  2.32232e+07  2.68639e+07
5.65487  0  3.14159  -4.49599e+07  3.95982e+06
6.9115  0  3.14159  -1.76901e+07  -1.53876e+07
8.16814  0  3.14159  -2.78305e+07  -1.41456e+07
10.6814  0  3.14159  -1.66772e+07  1.41899e+06
15.708  0  3.14159  6.72209e+06  4.6375e+06
33.3009  0  3.14159  1.56407e+07  3.65581e+06
-54.6637  3.14159  0  5.48995e+06  132368
-27.0177  3.14159  0  -5.88487e+06  -1.75745e+06
-13.1947  3.14159  0  -1.2155e+07  -5.01076e+06
-10.6814  3.14159  0  1.55919e+07  6.01273e+06
-8.16814  3.14159  0  3.01534e+07  -4.19082e+06
-6.9115  3.14159  0  2.10087e+07  -8.26596e+06
-5.65487  3.14159  0  4.24888e+07  1.68307e+07
-4.39823  3.14159  0  -3.05956e+07  1.84378e+07
-3.14159  3.14159  0  -6.20404e+07  3.48378e+06
-1.88496  3.14159  0  2.02455e+07  -1.01374e+08
-0.628319  3.14159  0  -2.78353e+08  -1.2884e+08
0.628319  3.14159  0  2.93983e+08  -5.31711e+07
1.88496  3.14159  0  5.51784e+06  -1.07682e+08
3.14159  3.14159  0  5.68419e+07  1.96357e+07
4.39823  3.14159  0  2.32232e+07  2.68639e+07
5.65487  3.14159  0  -4.49599e+07  3.95982e+06
6.9115  3.14159  0  -1.76901e+07  -1.53876e+07
8.16814  3.14159  0  -2.78305e+07  -1.41456e+07
10.6814  3.14159  0  -1.66772e+07  1.41899e+06
15.708  3.14159  0  6.72209e+06  4.6375e+06
33.3009  3.14159  0  1.56407e+07  3.65581e+06
-54.6637  3.14159  3.14159  115561  -20239.4
-27.0177  3.14159  3.14159  -59070.7  -16718.5
-13.1947  3.14159  3.14159  -457200  -126401
-10.6814  3.14159  3.14159  685776  220494
-8.16814  3.14159  3.14159  1.53674e+06  -63725.7
-6.9115  3.14159  3.14159  1.40127e+06  -364948
-5.65487  3.14159  3.14159  1.66101e+06  649325
-4.39823  3.14159  3.14159  -1.49142e+06  938457
-3.14159  3.14159  3.14159  -2.30463e+06  929068
-1.88496  3.14159  3.14159  1.64423e+06  -2.49346e+06
-0.628319  3.14159  3.14159  -9.59561e+06  -3.08012e+06
0.628319  3.14159  3.14159  9.67339e+06  -1.08563e+06
1.88496  3.14159  3.14159  -1.22475e+06  -2.99364e+06
3.14159  3.14159  3.14159  2.1156e+06  1.39388e+06
4.39823  3.14159  3.14159  1.20824e+06  1.26761e+06
5.65487  3.14159  3.14159  -1.70412e+06  229651
6.9115  3.14159  3.14159  -1.32529e+06  -699694
8.16814  3.14159  3.14159  -1.49793e+06  -506006
10.6814  3.14159  3.14159  -715882  75177
15.708  3.14159  3.14159  208943  160518
33.3009  3.14159  3.14159  505787  97817.9
