-54.6637  0  0  34645.3  -6189.07
-27.0177  0  0  -17735.4  -4844.93
-13.1947  0  0  -137118  -37794.2
-10.6814  0  0  205593  65969.6
-8.16814  0  0  460420  -19157.8
-6.9115  0  0  419795  -109206
-5.65487  0  0  497958  194255
-4.39823  0  0  -446689  281263
-3.14159  0  0  -690583  278968
-1.88496  0  0  491185  -746701
-0.628319  0  0  -2.87774e+06  -920065
0.628319  0  0  2.89791e+06  -328807
1.88496  0  0  -368528  -897632
3.14159  0  0  634000  417140
4.39823  0  0  362007  379870
5.65487  0  0  -510631  69154.5
6.9115  0  0  -397310  -209799
8.16814  0  0  -449057  -151604
10.6814  0  0  -214552  22620.9
15.708  0  0  62686.4  47972.7
33.3009  0  0  151592  29114
-54.6637  0  3.14159  1.64699e+06  39710.5
-27.0177  0  3.14159  -1.76546e+06  -527234
-13.1947  0  3.14159  -3.64649e+06  -1.50323e+06
-10.6814  0  3.14159  4.67757e+06  1.80382e+06
-8.16814  0  3.14159  9.04603e+06  -1.25725e+06
-6.9115  0  3.14159  6.3026e+06  -2.47979e+06
-5.65487  0  3.14159  1.27466e+07  5.04921e+06
-4.39823  0  3.14159  -9.17868e+06  5.53134e+06
-3.14159  0  3.14159  -1.86121e+07  1.04514e+06
-1.88496  0  3.14159  6.07366e+06  -3.04122e+07
-0.628319  0  3.14159  -8.3506e+07  -3.8652e+07
0.628319  0  3.14159  8.81949e+07  -1.59513e+07
1.88496  0  3.14159  1.65535e+06  -3.23046e+07
3.14159  0  3.14159  1.70526e+07  5.89072e+06
4.39823  0  3.14159  6.96697e+06  8.05916e+06
5.65487  0  3.14159  -1.3488e+07  1.18794e+06
6.9115  0  3.14159  -5.30704e+06  -4.61628e+06
8.16814  0  3.14159  -8.34916e+06  -4.24369e+06
10.6814  0  3.14159  -5.00315e+06  425698
15.708  0  3.14159  2.01663e+06  1.39125e+06
33.3009  0  3.14159  4.69221e+06  1.09674e+06
-54.6637  3.14159  0  1.64699e+06  39710.5
-27.0177  3.14159  0  -1.76546e+06  -527234
-13.1947  3.14159  0  -3.64649e+06  -1.50323e+06
-10.6814  3.14159  0  4.67757e+06  1.80382e+06
-8.16814  3.14159  0  9.04603e+06  -1.25725e+06
-6.9115  3.14159  0  6.3026e+06  -2.47979e+06
-5.65487  3.14159  0  1.27466e+07  5.04921e+06
-4.39823  3.14159  0  -9.17868e+06  5.53134e+06
-3.14159  3.14159  0  -1.86121e+07  1.04514e+06
-1.88496  3.14159  0  6.07366e+06  -3.04122e+07
-0.628319  3.14159  0  -8.3506e+07  -3.8652e+07
0.628319  3.14159  0  8.81949e+07  -1.59513e+07
1.88496  3.14159  0  1.65535e+06  -3.23046e+07
3.14159  3.14159  0  1.70526e+07  5.89072e+06
4.39823  3.14159  0  6.96697e+06  8.05916e+06
5.65487  3.14159  0  -1.3488e+07  1.18794e+06
6.9115  3.14159  0  -5.30704e+06  -4.61628e+06
8.16814  3.14159  0  -8.34916e+06  -4.24369e+06
10.6814  3.14159  0  -5.00315e+06  425698
15.708  3.14159  0  2.01663e+06  1.39125e+06
33.3009  3.14159  0  4.69221e+06  1.09674e+06
-54.6637  3.14159  3.14159  34668.4  -6071.78
-27.0177  3.14159  3.14159  -17721.2  -5015.44
-13.1947  3.14159  3.14159  -137160  -37920
-10.6814  3.14159  3.14159  205733  66148.4
-8.16814  3.14159  3.14159  461022  -19117.3
-6.9115  3.14159  3.14159  420382  -109484
-5.65487  3.14159  3.14159  498303  194798
-4.39823  3.14159  3.14159  -447426  281538
-3.14159  3.14159  3.14159  -691389  278721
-1.88496  3.14159  3.14159  493270  -748038
-0.628319  3.14159  3.14159  -2.87868e+06  -924035
0.628319  3.14159  3.14159  2.90202e+06  -325691
1.88496  3.14159  3.14159  -367423  -898092
3.14159  3.14159  3.14159  634682  418162
4.39823  3.14159  3.14159  362473  380282
5.65487  3.14159  3.14159  -511235  68894.9
6.9115  3.14159  3.14159  -397585  -209909
8.16814  3.14159  3.14159  -449378  -151802
10.6814  3.14159  3.14159  -214764  22552.8
15.708  3.14159  3.14159  62682.9  48155.1
33.3009  3.14159  3.14159  151736  29345.3
