-54.6637  0  0  10393.6  -1856.72
-27.0177  0  0  -5320.62  -1453.47
-13.1947  0  0  -41135.3  -11338.3
-10.6814  0  0  61677.8  19790.9
-8.16814  0  0  138126  -5747.35
-6.9115  0  0  125938  -32761.9
-5.65487  0  0  149387  58276.5
-4.39823  0  0  -134007  84378.9
-3.14159  0  0  -207175  83690.5
-1.88496  0  0  147356  -224010
-0.628319  0  0  -863321  -276020
0.628319  0  0  869372  -98642
1.88496  0  0  -110558  -269290
3.14159  0  0  190200  125142
4.39823  0  0  108602  113961
5.65487  0  0  -153189  20746.3
6.9115  0  0  -119193  -62939.7
8.16814  0  0  -134717  -45481.3
10.6814  0  0  -64365.5  6786.27
15.708  0  0  18805.9  14391.8
33.3009  0  0  45477.6  8734.19
-54.6637  0  3.14159  494096  11913.2
-27.0177  0  3.14159  -529639  -158170
-13.1947  0  3.14159  -1.09395e+06  -450968
-10.6814  0  3.14159  1.40327e+06  541146
-8.16814  0  3.14159  2.71381e+06  -377174
-6.9115  0  3.14159  1.89078e+06  -743936
-5.65487  0  3.14159  3.82399e+06  1.51476e+06
-4.39823  0  3.14159  -2.75361e+06  1.6594e+06
-3.14159  0  3.14159  -5.58364e+06  313541
-1.88496  0  3.14159  1.8221e+06  -9.12365e+06
-0.628319  0  3.14159  -2.50518e+07  -1.15956e+07
0.628319  0  3.14159  2.64585e+07  -4.7854e+06
1.88496  0  3.14159  496605  -9.69139e+06
3.14159  0  3.14159  5.11577e+06  1.76722e+06
4.39823  0  3.14159  2.09009e+06  2.41775e+06
5.65487  0  3.14159  -4.04639e+06  356383
6.9115  0  3.14159  -1.59211e+06  -1.38488e+06
8.16814  0  3.14159  -2.50475e+06  -1.27311e+06
10.6814  0  3.14159  -1.50094e+06  127709
15.708  0  3.14159  604988  417375
33.3009  0  3.14159  1.40766e+06  329022
-54.6637  3.14159  0  494096  11913.2
-27.0177  3.14159  0  -529639  -158170
-13.1947  3.14159  0  -1.09395e+06  -450968
-10.6814  3.14159  0  1.40327e+06  541146
-8.16814  3.14159  0  2.71381e+06  -377174
-6.9115  3.14159  0  1.89078e+06  -743936
-5.65487  3.14159  0  3.82399e+06  1.51476e+06
-4.39823  3.14159  0  -2.75361e+06  1.6594e+06
-3.14159  3.14159  0  -5.58364e+06  313541
-1.88496  3.14159  0  1.8221e+06  -9.12365e+06
-0.628319  3.14159  0  -2.50518e+07  -1.15956e+07
0.628319  3.14159  0  2.64585e+07  -4.7854e+06
1.88496  3.14159  0  496605  -9.69139e+06
3.14159  3.14159  0  5.11577e+06  1.76722e+06
4.39823  3.14159  0  2.09009e+06  2.41775e+06
5.65487  3.14159  0  -4.04639e+06  356383
6.9115  3.14159  0  -1.59211e+06  -1.38488e+06
8.16814  3.14159  0  -2.50475e+06  -1.27311e+06
10.6814  3.14159  0  -1.50094e+06  127709
15.708  3.14159  0  604988  417375
33.3009  3.14159  0  1.40766e+06  329022
-54.6637  3.14159  3.14159  10400.5  -1821.53
-27.0177  3.14159  3.14159  -5316.36  -1504.63
-13.1947  3.14159  3.14159  -41148  -11376
-10.6814  3.14159  3.14159  61719.9  19844.5
-8.16814  3.14159  3.14159  138307  -5735.19
-6.9115  3.14159  3.14159  126115  -32845.1
-5.65487  3.14159  3.14159  149491  58439.4
-4.39823  3.14159  3.14159  -134228  84461.3
-3.14159  3.14159  3.14159  -207417  83616.4
-1.88496  3.14159  3.14159  147981  -224411
-0.628319  3.14159  3.14159  -863604  -277211
0.628319  3.14159  3.14159  870606  -97707.1
1.88496  3.14159  3.14159  -110227  -269428
3.14159  3.14159  3.14159  190405  125449
4.39823  3.14159  3.14159  108742  114085
5.65487  3.14159  3.14159  -153370  20668.5
6.9115  3.14159  3.14159  -119276  -62972.6
8.16814  3.14159  3.14159  -134813  -45540.6
10.6814  3.14159  3.14159  -64429.3  6765.84
15.708  3.14159  3.14159  18804.9  14446.5
33.3009  3.14159  3.14159  45520.9  8803.58
