-54.6637  0  0  3118.08  -557.015
-27.0177  0  0  -1596.19  -436.041
-13.1947  0  0  -12340.6  -3401.48
-10.6814  0  0  18503.3  5937.27
-8.16814  0  0  41437.8  -1724.2
-6.9115  0  0  37781.5  -9828.57
-5.65487  0  0  44816.2  17482.9
-4.39823  0  0  -40202  25313.7
-3.14159  0  0  -62152.5  25107.1
-1.88496  0  0  44206.7  -67203.1
-0.628319  0  0  -258996  -82805.9
0.628319  0  0  260812  -29592.6
1.88496  0  0  -33167.5  -80786.9
3.14159  0  0  57060  37542.6
4.39823  0  0  32580.7  34188.3
5.65487  0  0  -45956.8  6223.9
6.9115  0  0  -35757.9  -18881.9
8.16814  0  0  -40415.1  -13644.4
10.6814  0  0  -19309.6  2035.88
15.708  0  0  5641.77  4317.54
33.3009  0  0  13643.3  2620.26
-54.6637  0  3.14159  148229  3573.95
-27.0177  0  3.14159  -158892  -47451.1
-13.1947  0  3.14159  -328184  -135290
-10.6814  0  3.14159  420981  162344
-8.16814  0  3.14159  814143  -113152
-6.9115  0  3.14159  567234  -223181
-5.65487  0  3.14159  1.1472e+06  454429
-4.39823  0  3.14159  -826082  497821
-3.14159  0  3.14159  -1.67509e+06  94062.2
-1.88496  0  3.14159  546629  -2.73709e+06
-0.628319  0  3.14159  -7.51554e+06  -3.47868e+06
0.628319  0  3.14159  7.93754e+06  -1.43562e+06
1.88496  0  3.14159  148982  -2.90742e+06
3.14159  0  3.14159  1.53473e+06  530165
4.39823  0  3.14159  627027  725324
5.65487  0  3.14159  -1.21392e+06  106915
6.9115  0  3.14159  -477633  -415465
8.16814  0  3.14159  -751424  -381933
10.6814  0  3.14159  -450283  38312.8
15.708  0  3.14159  181497  125213
33.3009  0  3.14159  422299  98706.7
-54.6637  3.14159  0  148229  3573.95
-27.0177  3.14159  0  -158892  -47451.1
-13.1947  3.14159  0  -328184  -135290
-10.6814  3.14159  0  420981  162344
-8.16814  3.14159  0  814143  -113152
-6.9115  3.14159  0  567234  -223181
-5.65487  3.14159  0  1.1472e+06  454429
-4.39823  3.14159  0  -826082  497821
-3.14159  3.14159  0  -1.67509e+06  94062.2
-1.88496  3.14159  0  546629  -2.73709e+06
-0.628319  3.14159  0  -7.51554e+06  -3.47868e+06
0.628319  3.14159  0  7.93754e+06  -1.43562e+06
1.88496  3.14159  0  148982  -2.90742e+06
3.14159  3.14159  0  1.53473e+06  530165
4.39823  3.14159  0  627027  725324
5.65487  3.14159  0  -1.21392e+06  106915
6.9115  3.14159  0  -477633  -415465
8.16814  3.14159  0  -751424  -381933
10.6814  3.14159  0  -450283  38312.8
15.708  3.14159  0  181497  125213
33.3009  3.14159  0  422299  98706.7
-54.6637  3.14159  3.14159  3120.15  -546.459
-27.0177  3.14159  3.14159  -1594.91  -451.387
-13.1947  3.14159  3.14159  -12344.4  -3412.8
-10.6814  3.14159  3.14159  18516  5953.36
-8.16814  3.14159  3.14159  41492  -1720.56
-6.9115  3.14159  3.14159  37834.4  -9853.54
-5.65487  3.14159  3.14159  44847.2  17531.8
-4.39823  3.14159  3.14159  -40268.4  25338.4
-3.14159  3.14159  3.14159  -62225  25084.9
-1.88496  3.14159  3.14159  44394.4  -67323.4
-0.628319  3.14159  3.14159  -259081  -83163.2
0.628319  3.14159  3.14159  261182  -29312.1
1.88496  3.14159  3.14159  -33068.1  -80828.3
3.14159  3.14159  3.14159  57121.4  37634.6
4.39823  3.14159  3.14159  32622.5  34225.4
5.65487  3.14159  3.14159  -46011.1  6200.54
6.9115  3.14159  3.14159  -35782.7  -18891.8
8.16814  3.14159  3.14159  -40444  -13662.2
10.6814  3.14159  3.14159  -19328.8  2029.75
15.708  3.14159  3.14159  5641.46  4333.96
33.3009  3.14159  3.14159  13656.3  2641.07
