-54.6637  0  0  0.00197901  0.018077
-27.0177  0  0  0.00780514  0.035287
-13.1947  0  0  0.0284981  0.0628716
-10.6814  0  0  0.0399114  0.0712681
-8.16814  0  0  0.0583584  0.0796903
-6.9115  0  0  0.0715952  0.0827241
-5.65487  0  0  0.0882791  0.0834581
-4.39823  0  0  0.108512  0.0797944
-3.14159  0  0  0.131037  0.0688265
-1.88496  0  0  0.152081  0.0479232
-0.628319  0  0  0.165361  0.0173701
0.628319  0  0  0.165359  -0.0173701
1.88496  0  0  0.152081  -0.0479287
3.14159  0  0  0.131036  -0.0688207
4.39823  0  0  0.108514  -0.079788
5.65487  0  0  0.0882808  -0.0834635
6.9115  0  0  0.0715925  -0.0827288
8.16814  0  0  0.0583564  -0.079694
10.6814  0  0  0.0399094  -0.071274
15.708  0  0  0.0211765  -0.0555996
33.3009  0  0  0.00522577  -0.0290906
-54.6637  0  3.14159  0.00116652  0.018219
-27.0177  0  3.14159  0.00471554  0.0364019
-13.1947  0  3.14159  0.0187815  0.0708063
-10.6814  0  3.14159  0.0277022  0.0845434
-8.16814  0  3.14159  0.0443211  0.103436
-6.9115  0  3.14159  0.0583147  0.115156
-5.65487  0  3.14159  0.0791357  0.127859
-4.39823  0  3.14159  0.110778  0.139211
-3.14159  0  3.14159  0.158231  0.14203
-1.88496  0  3.14159  0.221478  0.119281
-0.628319  0  3.14159  0.276798  0.0496914
0.628319  0  3.14159  0.276798  -0.0496914
1.88496  0  3.14159  0.221478  -0.119281
3.14159  0  3.14159  0.158231  -0.14203
4.39823  0  3.14159  0.110779  -0.139211
5.65487  0  3.14159  0.0791357  -0.12786
6.9115  0  3.14159  0.0583142  -0.115156
8.16814  0  3.14159  0.0443209  -0.103436
10.6814  0  3.14159  0.027702  -0.0845436
15.708  0  3.14159  0.013514  -0.0606509
33.3009  0  3.14159  0.00312163  -0.0297012
-54.6637  3.14159  0  0.00116652  0.018219
-27.0177  3.14159  0  0.00471554  0.0364019
-13.1947  3.14159  0  0.0187815  0.0708063
-10.6814  3.14159  0  0.0277022  0.0845434
-8.16814  3.14159  0  0.0443211  0.103436
-6.9115  3.14159  0  0.0583147  0.115156
-5.65487  3.14159  0  0.0791357  0.127859
-4.39823  3.14159  0  0.110778  0.139211
-3.14159  3.14159  0  0.158231  0.14203
-1.88496  3.14159  0  0.221478  0.119281
-0.628319  3.14159  0  0.276798  0.0496914
0.628319  3.14159  0  0.276798  -0.0496914
1.88496  3.14159  0  0.221478  -0.119281
3.14159  3.14159  0  0.158231  -0.14203
4.39823  3.14159  0  0.110779  -0.139211
5.65487  3.14159  0  0.0791357  -0.12786
6.9115  3.14159  0  0.0583142  -0.115156
8.16814  3.14159  0  0.0443209  -0.103436
10.6814  3.14159  0  0.027702  -0.0845436
15.708  3.14159  0  0.013514  -0.0606509
33.3009  3.14159  0  0.00312163  -0.0297012
-54.6637  3.14159  3.14159  0.000341703  0.0182873
-27.0177  3.14159  3.14159  0.00138566  0.0369616
-13.1947  3.14159  3.14159  0.00581155  0.0753408
-10.6814  3.14159  3.14159  0.00884984  0.0927751
-8.16814  3.14159  3.14159  0.0150347  0.120552
-6.9115  3.14159  3.14159  0.0208725  0.141611
-5.65487  3.14159  3.14159  0.0308532  0.171279
-4.39823  3.14159  3.14159  0.0499606  0.215792
-3.14159  3.14159  3.14159  0.0933667  0.28804
-1.88496  3.14159  3.14159  0.221897  0.410635
-0.628319  3.14159  3.14159  0.711205  0.438765
0.628319  3.14159  3.14159  0.711176  -0.438728
1.88496  3.14159  3.14159  0.22185  -0.410631
3.14159  3.14159  3.14159  0.093391  -0.288037
4.39823  3.14159  3.14159  0.0499788  -0.215796
5.65487  3.14159  3.14159  0.0308437  -0.171286
6.9115  3.14159  3.14159  0.0208632  -0.14161
8.16814  3.14159  3.14159  0.0150284  -0.120552
10.6814  3.14159  3.14159  0.00884238  -0.0927782
15.708  3.14159  3.14159  0.00411503  -0.063398
33.3009  3.14159  3.14159  0.000918145  -0.0300012
