-35.3429  0  0  1.2059e+08  -1.36361e+07
-22.7765  0  0  -6.81964e+08  6.80605e+07
-16.4934  0  0  -3.64878e+08  4.02787e+07
-10.2102  0  0  -9.45426e+08  1.31621e+08
-8.63938  0  0  -9.41853e+07  6.20942e+07
-7.06858  0  0  -3.73046e+08  1.88615e+08
-5.49779  0  0  -4.31424e+08  -1.64138e+08
-3.92699  0  0  -5.19672e+08  -4.31494e+06
-2.35619  0  0  2.75338e+09  -3.23467e+07
-0.785398  0  0  7.69269e+08  -2.18879e+09
0.785398  0  0  -1.4433e+09  -2.25339e+09
2.35619  0  0  -2.79169e+09  3.39744e+08
3.92699  0  0  4.70349e+08  -1.65436e+08
5.49779  0  0  3.34026e+08  -1.37152e+08
7.06858  0  0  3.39224e+08  1.11891e+08
8.63938  0  0  8.47552e+07  8.19628e+07
10.2102  0  0  9.35487e+08  -1.49268e+08
16.4934  0  0  3.67717e+08  -1.31773e+07
33.7721  0  0  -1.23571e+08  1.47639e+07
62.0465  0  0  9.25323e+06  -1.26362e+07
-35.3429  0  3.14159  -1.2925e+07  4.16882e+06
-22.7765  0  3.14159  7.48508e+07  -3.64476e+06
-16.4934  0  3.14159  4.12771e+07  -2.01205e+06
-10.2102  0  3.14159  1.00484e+08  -2.32847e+07
-8.63938  0  3.14159  1.39082e+07  -9.35972e+06
-7.06858  0  3.14159  4.62053e+07  -2.32215e+07
-5.49779  0  3.14159  5.55956e+07  2.60782e+07
-3.92699  0  3.14159  5.9111e+07  -2.68231e+06
-2.35619  0  3.14159  -2.94301e+08  -1.40091e+07
-0.785398  0  3.14159  -1.02378e+08  2.04996e+08
0.785398  0  3.14159  1.63917e+08  2.33688e+08
2.35619  0  3.14159  3.22988e+08  -2.13916e+07
3.92699  0  3.14159  -4.14734e+07  2.36108e+07
5.49779  0  3.14159  -3.18483e+07  -24363
7.06858  0  3.14159  -2.78496e+07  -1.68011e+07
8.63938  0  3.14159  -1.02023e+07  -1.09223e+07
10.2102  0  3.14159  -9.80262e+07  2.38793e+07
16.4934  0  3.14159  -4.23241e+07  -1.33052e+06
33.7721  0  3.14159  1.30601e+07  -4.40286e+06
62.0465  0  3.14159  -321655  2.84409e+06
-35.3429  3.14159  0  -1.2925e+07  4.16882e+06
-22.7765  3.14159  0  7.48508e+07  -3.64476e+06
-16.4934  3.14159  0  4.12771e+07  -2.01205e+06
-10.2102  3.14159  0  1.00484e+08  -2.32847e+07
-8.63938  3.14159  0  1.39082e+07  -9.35972e+06
-7.06858  3.14159  0  4.62053e+07  -2.32215e+07
-5.49779  3.14159  0  5.55956e+07  2.60782e+07
-3.92699  3.14159  0  5.9111e+07  -2.68231e+06
-2.35619  3.14159  0  -2.94301e+08  -1.40091e+07
-0.785398  3.14159  0  -1.02378e+08  2.04996e+08
0.785398  3.14159  0  1.63917e+08  2.33688e+08
2.35619  3.14159  0  3.22988e+08  -2.13916e+07
3.92699  3.14159  0  -4.14734e+07  2.36108e+07
5.49779  3.14159  0  -3.18483e+07  -24363
7.06858  3.14159  0  -2.78496e+07  -1.68011e+07
8.63938  3.14159  0  -1.02023e+07  -1.09223e+07
10.2102  3.14159  0  -9.80262e+07  2.38793e+07
16.4934  3.14159  0  -4.23241e+07  -1.33052e+06
33.7721  3.14159  0  1.30601e+07  -4.40286e+06
62.0465  3.14159  0  -321655  2.84409e+06
-35.3429  3.14159  3.14159  -8.31462e+07  5.47113e+07
-22.7765  3.14159  3.14159  4.4388e+08  -2.74526e+08
-16.4934  3.14159  3.14159  2.31583e+08  -1.53073e+08
-10.2102  3.14159  3.14159  6.29619e+08  -4.41132e+08
-8.63938  3.14159  3.14159  3.4617e+07  -5.26156e+07
-7.06858  3.14159  3.14159  2.12171e+08  -2.29345e+08
-5.49779  3.14159  3.14159  3.48774e+08  3.64837e+07
-3.92699  3.14159  3.14159  3.96581e+08  -1.81244e+08
-2.35619  3.14159  3.14159  -1.83429e+09  9.05398e+08
-0.785398  3.14159  3.14159  3.01791e+08  1.75673e+09
0.785398  3.14159  3.14159  1.70808e+09  1.2294e+09
2.35619  3.14159  3.14159  1.79363e+09  -1.10384e+09
3.92699  3.14159  3.14159  -2.64964e+08  2.87747e+08
5.49779  3.14159  3.14159  -1.56358e+08  1.76754e+08
7.06858  3.14159  3.14159  -2.66218e+08  4.56313e+07
8.63938  3.14159  3.14159  -7.97335e+07  -2.99092e+07
10.2102  3.14159  3.14159  -6.16046e+08  4.55242e+08
16.4934  3.14159  3.14159  -2.45578e+08  1.36076e+08
33.7721  3.14159  3.14159  8.43174e+07  -5.81484e+07
62.0465  3.14159  3.14159  -6.07813e+06  1.59242e+07
