-35.3429  0  0  -2.7293e-08  -3.08623e-09
-22.7765  0  0  4.83964e-09  4.83001e-10
-16.4934  0  0  9.02548e-09  9.9632e-10
-10.2102  0  0  3.45871e-09  4.81518e-10
-8.63938  0  0  2.46689e-08  1.62637e-08
-7.06858  0  0  7.11626e-09  3.59803e-09
-5.49779  0  0  6.74939e-09  -2.56785e-09
-3.92699  0  0  6.41386e-09  -5.32553e-11
-2.35619  0  0  -1.21047e-09  -1.42206e-11
-0.785398  0  0  -4.76394e-10  -1.35548e-09
0.785398  0  0  6.71847e-10  -1.04894e-09
2.35619  0  0  1.1766e-09  1.4319e-10
3.92699  0  0  -6.30671e-09  -2.21825e-09
5.49779  0  0  -8.53953e-09  -3.50636e-09
7.06858  0  0  -8.86218e-09  2.92314e-09
8.63938  0  0  -2.0323e-08  1.96535e-08
10.2102  0  0  -3.47474e-09  -5.54436e-10
16.4934  0  0  -9.05332e-09  -3.24432e-10
33.7721  0  0  2.65953e-08  3.1775e-09
62.0465  0  0  -1.2574e-07  -1.71713e-07
-35.3429  0  3.14159  2.33595e-07  7.53455e-08
-22.7765  0  3.14159  -4.44277e-08  -2.1633e-09
-16.4934  0  3.14159  -8.05636e-08  -3.92697e-09
-10.2102  0  3.14159  -3.14824e-08  -7.29531e-09
-8.63938  0  3.14159  -1.6496e-07  -1.11012e-07
-7.06858  0  3.14159  -5.75946e-08  -2.89454e-08
-5.49779  0  3.14159  -4.91438e-08  2.30519e-08
-3.92699  0  3.14159  -5.62752e-08  -2.55362e-09
-2.35619  0  3.14159  1.13007e-08  -5.37923e-10
-0.785398  0  3.14159  6.49963e-09  1.30145e-08
0.785398  0  3.14159  -6.70592e-09  9.56028e-09
2.35619  0  3.14159  -1.02752e-08  -6.80531e-10
3.92699  0  3.14159  6.06999e-08  3.45565e-08
5.49779  0  3.14159  1.04663e-07  -8.01237e-11
7.06858  0  3.14159  8.7753e-08  -5.29397e-08
8.63938  0  3.14159  1.52239e-07  -1.62983e-07
10.2102  0  3.14159  3.20997e-08  7.81951e-09
16.4934  0  3.14159  7.86795e-08  -2.47351e-09
33.7721  0  3.14159  -2.29182e-07  -7.72648e-08
62.0465  0  3.14159  1.30896e-07  1.1573e-06
-35.3429  3.14159  0  2.33595e-07  7.53455e-08
-22.7765  3.14159  0  -4.44277e-08  -2.1633e-09
-16.4934  3.14159  0  -8.05636e-08  -3.92697e-09
-10.2102  3.14159  0  -3.14824e-08  -7.29531e-09
-8.63938  3.14159  0  -1.6496e-07  -1.11012e-07
-7.06858  3.14159  0  -5.75946e-08  -2.89454e-08
-5.49779  3.14159  0  -4.91438e-08  2.30519e-08
-3.92699  3.14159  0  -5.62752e-08  -2.55362e-09
-2.35619  3.14159  0  1.13007e-08  -5.37923e-10
-0.785398  3.14159  0  6.49963e-09  1.30145e-08
0.785398  3.14159  0  -6.70592e-09  9.56028e-09
2.35619  3.14159  0  -1.02752e-08  -6.80531e-10
3.92699  3.14159  0  6.06999e-08  3.45565e-08
5.49779  3.14159  0  1.04663e-07  -8.01237e-11
7.06858  3.14159  0  8.7753e-08  -5.29397e-08
8.63938  3.14159  0  1.52239e-07  -1.62983e-07
10.2102  3.14159  0  3.20997e-08  7.81951e-09
16.4934  3.14159  0  7.86795e-08  -2.47351e-09
33.7721  3.14159  0  -2.29182e-07  -7.72648e-08
62.0465  3.14159  0  1.30896e-07  1.1573e-06
-35.3429  3.14159  3.14159  2.79766e-08  1.8409e-08
-22.7765  3.14159  3.14159  -5.43183e-09  -3.35942e-09
-16.4934  3.14159  3.14159  -1.00172e-08  -6.62121e-09
-10.2102  3.14159  3.14159  -3.55105e-09  -2.48798e-09
-8.63938  3.14159  3.14159  -2.90894e-08  -4.4214e-08
-7.06858  3.14159  3.14159  -7.24512e-09  -7.83155e-09
-5.49779  3.14159  3.14159  -9.45384e-09  9.88925e-10
-3.92699  3.14159  3.14159  -6.95296e-09  -3.1776e-09
-2.35619  3.14159  3.14159  1.46123e-09  7.21255e-10
-0.785398  3.14159  3.14159  -3.16624e-10  1.84307e-09
0.785398  3.14159  3.14159  -1.28554e-09  9.25273e-10
2.35619  3.14159  3.14159  -1.34792e-09  -8.29534e-10
3.92699  3.14159  3.14159  5.77247e-09  6.26882e-09
5.49779  3.14159  3.14159  9.35884e-09  1.05797e-08
7.06858  3.14159  3.14159  1.21637e-08  2.08493e-09
8.63938  3.14159  3.14159  3.6649e-08  -1.37476e-08
10.2102  3.14159  3.14159  3.49972e-09  2.5862e-09
16.4934  3.14159  3.14159  1.03849e-08  5.75432e-09
33.7721  3.14159  3.14159  -2.67912e-08  -1.84762e-08
62.0465  3.14159  3.14159  6.97391e-08  1.82709e-07
