-35.3429  0  0  -9.09767e-08  -1.02872e-08
-22.7765  0  0  1.61321e-08  1.61001e-09
-16.4934  0  0  3.00849e-08  3.32108e-09
-10.2102  0  0  1.1529e-08  1.60506e-09
-8.63938  0  0  8.22298e-08  5.42123e-08
-7.06858  0  0  2.37208e-08  1.19934e-08
-5.49779  0  0  2.2498e-08  -8.5595e-09
-3.92699  0  0  2.13795e-08  -1.77517e-10
-2.35619  0  0  -4.03489e-09  -4.74018e-11
-0.785398  0  0  -1.58798e-09  -4.51826e-09
0.785398  0  0  2.23949e-09  -3.49645e-09
2.35619  0  0  3.92199e-09  4.773e-10
3.92699  0  0  -2.10224e-08  -7.39418e-09
5.49779  0  0  -2.84651e-08  -1.16879e-08
7.06858  0  0  -2.95406e-08  9.74379e-09
8.63938  0  0  -6.77435e-08  6.55115e-08
10.2102  0  0  -1.15825e-08  -1.84812e-09
16.4934  0  0  -3.01777e-08  -1.08145e-09
33.7721  0  0  8.86511e-08  1.05915e-08
62.0465  0  0  -4.19111e-07  -5.72372e-07
-35.3429  0  3.14159  7.78641e-07  2.51165e-07
-22.7765  0  3.14159  -1.48092e-07  -7.21066e-09
-16.4934  0  3.14159  -2.68546e-07  -1.30891e-08
-10.2102  0  3.14159  -1.04941e-07  -2.43176e-08
-8.63938  0  3.14159  -5.49869e-07  -3.70038e-07
-7.06858  0  3.14159  -1.91982e-07  -9.64846e-08
-5.49779  0  3.14159  -1.63813e-07  7.68398e-08
-3.92699  0  3.14159  -1.87584e-07  -8.51196e-09
-2.35619  0  3.14159  3.76688e-08  -1.79307e-09
-0.785398  0  3.14159  2.16654e-08  4.33816e-08
0.785398  0  3.14159  -2.23531e-08  3.18676e-08
2.35619  0  3.14159  -3.42508e-08  -2.26844e-09
3.92699  0  3.14159  2.02333e-07  1.15188e-07
5.49779  0  3.14159  3.48875e-07  -2.67548e-10
7.06858  0  3.14159  2.9251e-07  -1.76466e-07
8.63938  0  3.14159  5.0746e-07  -5.43278e-07
10.2102  0  3.14159  1.06999e-07  2.60649e-08
16.4934  0  3.14159  2.62265e-07  -8.24583e-09
33.7721  0  3.14159  -7.63932e-07  -2.57561e-07
62.0465  0  3.14159  4.36465e-07  3.85831e-06
-35.3429  3.14159  0  7.78641e-07  2.51165e-07
-22.7765  3.14159  0  -1.48092e-07  -7.21066e-09
-16.4934  3.14159  0  -2.68546e-07  -1.30891e-08
-10.2102  3.14159  0  -1.04941e-07  -2.43176e-08
-8.63938  3.14159  0  -5.49869e-07  -3.70038e-07
-7.06858  3.14159  0  -1.91982e-07  -9.64846e-08
-5.49779  3.14159  0  -1.63813e-07  7.68398e-08
-3.92699  3.14159  0  -1.87584e-07  -8.51196e-09
-2.35619  3.14159  0  3.76688e-08  -1.79307e-09
-0.785398  3.14159  0  2.16654e-08  4.33816e-08
0.785398  3.14159  0  -2.23531e-08  3.18676e-08
2.35619  3.14159  0  -3.42508e-08  -2.26844e-09
3.92699  3.14159  0  2.02333e-07  1.15188e-07
5.49779  3.14159  0  3.48875e-07  -2.67548e-10
7.06858  3.14159  0  2.9251e-07  -1.76466e-07
8.63938  3.14159  0  5.0746e-07  -5.43278e-07
10.2102  3.14159  0  1.06999e-07  2.60649e-08
16.4934  3.14159  0  2.62265e-07  -8.24583e-09
33.7721  3.14159  0  -7.63932e-07  -2.57561e-07
62.0465  3.14159  0  4.36465e-07  3.85831e-06
-35.3429  3.14159  3.14159  9.32552e-08  6.13636e-08
-22.7765  3.14159  3.14159  -1.81061e-08  -1.11981e-08
-16.4934  3.14159  3.14159  -3.33906e-08  -2.20707e-08
-10.2102  3.14159  3.14159  -1.18368e-08  -8.29327e-09
-8.63938  3.14159  3.14159  -9.69649e-08  -1.4738e-07
-7.06858  3.14159  3.14159  -2.41504e-08  -2.61052e-08
-5.49779  3.14159  3.14159  -3.15128e-08  3.29642e-09
-3.92699  3.14159  3.14159  -2.31765e-08  -1.0592e-08
-2.35619  3.14159  3.14159  4.87075e-09  2.40418e-09
-0.785398  3.14159  3.14159  -1.05541e-09  6.14357e-09
0.785398  3.14159  3.14159  -4.28512e-09  3.08424e-09
2.35619  3.14159  3.14159  -4.49305e-09  -2.76511e-09
3.92699  3.14159  3.14159  1.92416e-08  2.08961e-08
5.49779  3.14159  3.14159  3.11961e-08  3.52656e-08
7.06858  3.14159  3.14159  4.05457e-08  6.94977e-09
8.63938  3.14159  3.14159  1.22163e-07  -4.58255e-08
10.2102  3.14159  3.14159  1.16657e-08  8.62067e-09
16.4934  3.14159  3.14159  3.46165e-08  1.91811e-08
33.7721  3.14159  3.14159  -8.93038e-08  -6.15875e-08
62.0465  3.14159  3.14159  2.32475e-07  6.09044e-07
