-35.3429  0  0  -1.01087e-06  -1.14272e-07
-22.7765  0  0  1.79246e-07  1.78896e-08
-16.4934  0  0  3.34276e-07  3.69023e-08
-10.2102  0  0  1.281e-07  1.78341e-08
-8.63938  0  0  9.13652e-07  6.02355e-07
-7.06858  0  0  2.63564e-07  1.3326e-07
-5.49779  0  0  2.49977e-07  -9.5105e-08
-3.92699  0  0  2.3755e-07  -1.9722e-09
-2.35619  0  0  -4.48321e-08  -5.26683e-10
-0.785398  0  0  -1.76442e-08  -5.02029e-08
0.785398  0  0  2.48832e-08  -3.88494e-08
2.35619  0  0  4.35776e-08  5.30333e-09
3.92699  0  0  -2.33582e-07  -8.21579e-08
5.49779  0  0  -3.16279e-07  -1.29866e-07
7.06858  0  0  -3.2823e-07  1.08264e-07
8.63938  0  0  -7.52714e-07  7.27913e-07
10.2102  0  0  -1.28694e-07  -2.05349e-08
16.4934  0  0  -3.35309e-07  -1.20179e-08
33.7721  0  0  9.85013e-07  1.17652e-07
62.0465  0  0  -4.65333e-06  -6.359e-06
-35.3429  0  3.14159  8.64983e-06  2.79275e-06
-22.7765  0  3.14159  -1.64548e-06  -8.00632e-08
-16.4934  0  3.14159  -2.98388e-06  -1.45303e-07
-10.2102  0  3.14159  -1.16602e-06  -2.70185e-07
-8.63938  0  3.14159  -6.1101e-06  -4.1115e-06
-7.06858  0  3.14159  -2.13317e-06  -1.07204e-06
-5.49779  0  3.14159  -1.82013e-06  8.53797e-07
-3.92699  0  3.14159  -2.08428e-06  -9.45629e-08
-2.35619  0  3.14159  4.18542e-07  -1.99226e-08
-0.785398  0  3.14159  2.40727e-07  4.82017e-07
0.785398  0  3.14159  -2.48368e-07  3.54085e-07
2.35619  0  3.14159  -3.80565e-07  -2.52052e-08
3.92699  0  3.14159  2.24816e-06  1.27984e-06
5.49779  0  3.14159  3.87635e-06  -3.04787e-09
7.06858  0  3.14159  3.25001e-06  -1.96074e-06
8.63938  0  3.14159  5.63792e-06  -6.0362e-06
10.2102  0  3.14159  1.18888e-06  2.89596e-07
16.4934  0  3.14159  2.91402e-06  -9.17462e-08
33.7721  0  3.14159  -8.48681e-06  -2.86388e-06
62.0465  0  3.14159  4.87796e-06  4.29717e-05
-35.3429  3.14159  0  8.64983e-06  2.79275e-06
-22.7765  3.14159  0  -1.64548e-06  -8.00632e-08
-16.4934  3.14159  0  -2.98388e-06  -1.45303e-07
-10.2102  3.14159  0  -1.16602e-06  -2.70185e-07
-8.63938  3.14159  0  -6.1101e-06  -4.1115e-06
-7.06858  3.14159  0  -2.13317e-06  -1.07204e-06
-5.49779  3.14159  0  -1.82013e-06  8.53797e-07
-3.92699  3.14159  0  -2.08428e-06  -9.45629e-08
-2.35619  3.14159  0  4.18542e-07  -1.99226e-08
-0.785398  3.14159  0  2.40727e-07  4.82017e-07
0.785398  3.14159  0  -2.48368e-07  3.54085e-07
2.35619  3.14159  0  -3.80565e-07  -2.52052e-08
3.92699  3.14159  0  2.24816e-06  1.27984e-06
5.49779  3.14159  0  3.87635e-06  -3.04787e-09
7.06858  3.14159  0  3.25001e-06  -1.96074e-06
8.63938  3.14159  0  5.63792e-06  -6.0362e-06
10.2102  3.14159  0  1.18888e-06  2.89596e-07
16.4934  3.14159  0  2.91402e-06  -9.17462e-08
33.7721  3.14159  0  -8.48681e-06  -2.86388e-06
62.0465  3.14159  0  4.87796e-06  4.29717e-05
-35.3429  3.14159  3.14159  1.03612e-06  6.81839e-07
-22.7765  3.14159  3.14159  -2.0118e-07  -1.24422e-07
-16.4934  3.14159  3.14159  -3.71009e-07  -2.45228e-07
-10.2102  3.14159  3.14159  -1.31521e-07  -9.21474e-08
-8.63938  3.14159  3.14159  -1.07742e-06  -1.63756e-06
-7.06858  3.14159  3.14159  -2.68339e-07  -2.90057e-07
-5.49779  3.14159  3.14159  -3.50142e-07  3.66275e-08
-3.92699  3.14159  3.14159  -2.57517e-07  -1.17689e-07
-2.35619  3.14159  3.14159  5.41195e-08  2.67132e-08
-0.785398  3.14159  3.14159  -1.17268e-08  6.82619e-08
0.785398  3.14159  3.14159  -4.76124e-08  3.42694e-08
2.35619  3.14159  3.14159  -4.99228e-08  -3.07235e-08
3.92699  3.14159  3.14159  2.13795e-07  2.32179e-07
5.49779  3.14159  3.14159  3.46625e-07  3.9184e-07
7.06858  3.14159  3.14159  4.50509e-07  7.72184e-08
8.63938  3.14159  3.14159  1.35736e-06  -5.09186e-07
10.2102  3.14159  3.14159  1.29619e-07  9.57852e-08
16.4934  3.14159  3.14159  3.8463e-07  2.13122e-07
33.7721  3.14159  3.14159  -9.92222e-07  -6.8432e-07
62.0465  3.14159  3.14159  2.58499e-06  6.7694e-06
