-29.531  0  0  -0.00239016  0.0959247
-14.4513  0  0  -0.0109977  0.194752
-8.16814  0  0  -0.0343538  0.330615
-5.65487  0  0  -0.0625919  0.442293
-4.39823  0  0  -0.0870823  0.519208
-3.14159  0  0  -0.122677  0.602444
-1.88496  0  0  -0.1718  0.637457
-0.628319  0  0  -0.226479  0.409124
0.628319  0  0  -0.226479  -0.409124
1.88496  0  0  -0.1718  -0.637457
3.14159  0  0  -0.122677  -0.602444
4.39823  0  0  -0.0870823  -0.519208
5.65487  0  0  -0.0625918  -0.442293
8.16814  0  0  -0.0343537  -0.330615
10.6814  0  0  -0.0205731  -0.259814
14.4513  0  0  -0.0109977  -0.194752
33.3009  0  0  -0.00185705  -0.0850677
-29.531  0  3.14159  0  0.0961461
-14.4513  0  3.14159  0  0.196616
-8.16814  0  3.14159  0  0.338615
-5.65487  0  3.14159  0  0.460076
-4.39823  0  3.14159  0  0.550773
-3.14159  0  3.14159  0  0.675997
-1.88496  0  3.14159  0  0.875421
-0.628319  0  3.14159  0  1.3544
0.628319  0  3.14159  0  -1.3544
1.88496  0  3.14159  0  -0.875421
3.14159  0  3.14159  0  -0.675997
4.39823  0  3.14159  0  -0.550773
5.65487  0  3.14159  0  -0.460076
8.16814  0  3.14159  0  -0.338615
10.6814  0  3.14159  0  -0.264021
14.4513  0  3.14159  0  -0.196616
33.3009  0  3.14159  0  -0.0852212
-29.531  3.14159  0  0  0.0961461
-14.4513  3.14159  0  0  0.196616
-8.16814  3.14159  0  0  0.338615
-5.65487  3.14159  0  0  0.460076
-4.39823  3.14159  0  0  0.550773
-3.14159  3.14159  0  0  0.675997
-1.88496  3.14159  0  0  0.875421
-0.628319  3.14159  0  0  1.3544
0.628319  3.14159  0  0  -1.3544
1.88496  3.14159  0  0  -0.875421
3.14159  3.14159  0  0  -0.675997
4.39823  3.14159  0  0  -0.550773
5.65487  3.14159  0  0  -0.460076
8.16814  3.14159  0  0  -0.338615
10.6814  3.14159  0  0  -0.264021
14.4513  3.14159  0  0  -0.196616
33.3009  3.14159  0  0  -0.0852212
-29.531  3.14159  3.14159  0.00236994  0.0959257
-14.4513  3.14159  3.14159  0.0109104  0.194762
-8.16814  3.14159  3.14159  0.0340807  0.330661
-5.65487  3.14159  3.14159  0.0620568  0.442391
-4.39823  3.14159  3.14159  0.0862797  0.519352
-3.14159  3.14159  3.14159  0.121431  0.602652
-1.88496  3.14159  3.14159  0.16993  0.637725
-0.628319  3.14159  3.14159  0.224273  0.409319
0.628319  3.14159  3.14159  0.224273  -0.409319
1.88496  3.14159  3.14159  0.16993  -0.637725
3.14159  3.14159  3.14159  0.121431  -0.602652
4.39823  3.14159  3.14159  0.0862798  -0.519352
5.65487  3.14159  3.14159  0.0620569  -0.442391
8.16814  3.14159  3.14159  0.0340808  -0.330661
10.6814  3.14159  3.14159  0.0204121  -0.259837
14.4513  3.14159  3.14159  0.0109104  -0.194762
33.3009  3.14159  3.14159  0.00184119  -0.0850684
