-29.531  0  0  -0.0101759  0.166573
-14.4513  0  0  -0.0350222  0.314505
-8.16814  0  0  -0.0744119  0.471175
-5.65487  0  0  -0.103643  0.563759
-4.39823  0  0  -0.121435  0.608269
-3.14159  0  0  -0.139906  0.63005
-1.88496  0  0  -0.156251  0.573639
-0.628319  0  0  -0.16622  0.305087
0.628319  0  0  -0.16622  -0.305087
1.88496  0  0  -0.156251  -0.573639
3.14159  0  0  -0.139906  -0.63005
4.39823  0  0  -0.121435  -0.608269
5.65487  0  0  -0.103643  -0.563759
8.16814  0  0  -0.0744118  -0.471175
10.6814  0  0  -0.0540166  -0.395924
14.4513  0  0  -0.0350221  -0.314505
33.3009  0  0  -0.00812096  -0.148597
-29.531  0  3.14159  0  0.166528
-14.4513  0  3.14159  0  0.313467
-8.16814  0  3.14159  0  0.464383
-5.65487  0  3.14159  0  0.550438
-4.39823  0  3.14159  0  0.594709
-3.14159  0  3.14159  0  0.634747
-1.88496  0  3.14159  0  0.670167
-0.628319  0  3.14159  0  0.730595
0.628319  0  3.14159  0  -0.730595
1.88496  0  3.14159  0  -0.670167
3.14159  0  3.14159  0  -0.634747
4.39823  0  3.14159  0  -0.594709
5.65487  0  3.14159  0  -0.550438
8.16814  0  3.14159  0  -0.464383
10.6814  0  3.14159  0  -0.392825
14.4513  0  3.14159  0  -0.313467
33.3009  0  3.14159  0  -0.148572
-29.531  3.14159  0  0  0.166528
-14.4513  3.14159  0  0  0.313467
-8.16814  3.14159  0  0  0.464383
-5.65487  3.14159  0  0  0.550438
-4.39823  3.14159  0  0  0.594709
-3.14159  3.14159  0  0  0.634747
-1.88496  3.14159  0  0  0.670167
-0.628319  3.14159  0  0  0.730595
0.628319  3.14159  0  0  -0.730595
1.88496  3.14159  0  0  -0.670167
3.14159  3.14159  0  0  -0.634747
4.39823  3.14159  0  0  -0.594709
5.65487  3.14159  0  0  -0.550438
8.16814  3.14159  0  0  -0.464383
10.6814  3.14159  0  0  -0.392825
14.4513  3.14159  0  0  -0.313467
33.3009  3.14159  0  0  -0.148572
-29.531  3.14159  3.14159  0.0100784  0.166577
-14.4513  3.14159  3.14159  0.0346554  0.314528
-8.16814  3.14159  3.14159  0.0734795  0.471234
-5.65487  3.14159  3.14159  0.102101  0.563841
-4.39823  3.14159  3.14159  0.119382  0.608358
-3.14159  3.14159  3.14159  0.137139  0.630136
-1.88496  3.14159  3.14159  0.15261  0.573705
-0.628319  3.14159  3.14159  0.161935  0.305112
0.628319  3.14159  3.14159  0.161935  -0.305112
1.88496  3.14159  3.14159  0.15261  -0.573705
3.14159  3.14159  3.14159  0.137139  -0.630136
4.39823  3.14159  3.14159  0.119382  -0.608358
5.65487  3.14159  3.14159  0.102101  -0.563841
8.16814  3.14159  3.14159  0.0734796  -0.471234
10.6814  3.14159  3.14159  0.0534037  -0.395964
14.4513  3.14159  3.14159  0.0346554  -0.314528
33.3009  3.14159  3.14159  0.00804401  -0.1486
