-29.531  0  0  0.00233118  -0.0963235
-14.4513  0  0  0.0107849  -0.19558
-8.16814  0  0  0.0338683  -0.332087
-5.65487  0  0  0.0618887  -0.444374
-4.39823  0  0  0.0862595  -0.521786
-3.14159  0  0  0.121795  -0.605728
-1.88496  0  0  0.171089  -0.641523
-0.628319  0  0  0.226387  -0.412367
0.628319  0  0  0.226387  0.412367
1.88496  0  0  0.171089  0.641523
3.14159  0  0  0.121795  0.605728
4.39823  0  0  0.0862594  0.521786
5.65487  0  0  0.0618886  0.444374
8.16814  0  0  0.033868  0.332087
10.6814  0  0  0.0202332  0.26094
14.4513  0  0  0.010785  0.19558
33.3009  0  0  0.00181006  0.0854209
-29.531  0  3.14159  0  -0.0965403
-14.4513  0  3.14159  0  -0.197415
-8.16814  0  3.14159  0  -0.340014
-5.65487  0  3.14159  0  -0.462077
-4.39823  0  3.14159  0  -0.553321
-3.14159  0  3.14159  0  -0.679504
-1.88496  0  3.14159  0  -0.881214
-0.628319  0  3.14159  0  -1.37499
0.628319  0  3.14159  0  1.37499
1.88496  0  3.14159  0  0.881214
3.14159  0  3.14159  0  0.679504
4.39823  0  3.14159  0  0.553321
5.65487  0  3.14159  0  0.462077
8.16814  0  3.14159  0  0.340014
10.6814  0  3.14159  0  0.265096
14.4513  0  3.14159  0  0.197415
33.3009  0  3.14159  0  0.0855711
-29.531  3.14159  0  0  -0.0965403
-14.4513  3.14159  0  0  -0.197415
-8.16814  3.14159  0  0  -0.340014
-5.65487  3.14159  0  0  -0.462077
-4.39823  3.14159  0  0  -0.553321
-3.14159  3.14159  0  0  -0.679504
-1.88496  3.14159  0  0  -0.881214
-0.628319  3.14159  0  0  -1.37499
0.628319  3.14159  0  0  1.37499
1.88496  3.14159  0  0  0.881214
3.14159  3.14159  0  0  0.679504
4.39823  3.14159  0  0  0.553321
5.65487  3.14159  0  0  0.462077
8.16814  3.14159  0  0  0.340014
10.6814  3.14159  0  0  0.265096
14.4513  3.14159  0  0  0.197415
33.3009  3.14159  0  0  0.0855711
-29.531  3.14159  3.14159  -0.00243104  -0.0963105
-14.4513  3.14159  3.14159  -0.0111282  -0.195494
-8.16814  3.14159  3.14159  -0.0345692  -0.331804
-5.65487  3.14159  3.14159  -0.0627595  -0.443883
-4.39823  3.14159  3.14159  -0.0871079  -0.521144
-3.14159  3.14159  3.14159  -0.122358  -0.604926
-1.88496  3.14159  3.14159  -0.170841  -0.640664
-0.628319  3.14159  3.14159  -0.224995  -0.411899
0.628319  3.14159  3.14159  -0.224995  0.411899
1.88496  3.14159  3.14159  -0.170841  0.640664
3.14159  3.14159  3.14159  -0.122359  0.604926
4.39823  3.14159  3.14159  -0.087108  0.521144
5.65487  3.14159  3.14159  -0.0627595  0.443883
8.16814  3.14159  3.14159  -0.0345694  0.331804
10.6814  3.14159  3.14159  -0.020757  0.260771
14.4513  3.14159  3.14159  -0.0111281  0.195494
33.3009  3.14159  3.14159  -0.00188985  0.0854115
