-29.531  0  0  -0.00327114  0.107464
-14.4513  0  0  -0.0134945  0.215706
-8.16814  0  0  -0.0403525  0.363549
-5.65487  0  0  -0.0765884  0.488567
-4.39823  0  0  -0.112434  0.579227
-3.14159  0  0  -0.172455  0.687674
-1.88496  0  0  -0.271783  0.764618
-0.628319  0  0  -0.410053  0.539958
0.628319  0  0  -0.410043  -0.53996
1.88496  0  0  -0.271784  -0.764622
3.14159  0  0  -0.172453  -0.687673
4.39823  0  0  -0.112433  -0.579226
5.65487  0  0  -0.0765897  -0.488567
8.16814  0  0  -0.0403534  -0.36355
10.6814  0  0  -0.0243255  -0.286288
14.4513  0  0  -0.0134953  -0.215706
33.3009  0  0  -0.00257475  -0.0954056
-29.531  0  3.14159  0  0.107945
-14.4513  0  3.14159  0  0.219772
-8.16814  0  3.14159  0  0.383995
-5.65487  0  3.14159  0  0.541445
-4.39823  0  3.14159  0  0.675236
-3.14159  0  3.14159  0  0.887689
-1.88496  0  3.14159  0  1.28623
-0.628319  0  3.14159  0  2.43387
0.628319  0  3.14159  0  -2.43387
1.88496  0  3.14159  0  -1.28623
3.14159  0  3.14159  0  -0.887689
4.39823  0  3.14159  0  -0.675237
5.65487  0  3.14159  0  -0.541445
8.16814  0  3.14159  0  -0.383995
10.6814  0  3.14159  0  -0.296006
14.4513  0  3.14159  0  -0.219772
33.3009  0  3.14159  0  -0.0957544
-29.531  3.14159  0  0  0.107945
-14.4513  3.14159  0  0  0.219772
-8.16814  3.14159  0  0  0.383995
-5.65487  3.14159  0  0  0.541445
-4.39823  3.14159  0  0  0.675236
-3.14159  3.14159  0  0  0.887689
-1.88496  3.14159  0  0  1.28623
-0.628319  3.14159  0  0  2.43387
0.628319  3.14159  0  0  -2.43387
1.88496  3.14159  0  0  -1.28623
3.14159  3.14159  0  0  -0.887689
4.39823  3.14159  0  0  -0.675237
5.65487  3.14159  0  0  -0.541445
8.16814  3.14159  0  0  -0.383995
10.6814  3.14159  0  0  -0.296006
14.4513  3.14159  0  0  -0.219772
33.3009  3.14159  0  0  -0.0957544
-29.531  3.14159  3.14159  0.00324895  0.107465
-14.4513  3.14159  3.14159  0.0134075  0.215717
-8.16814  3.14159  3.14159  0.0401168  0.363605
-5.65487  3.14159  3.14159  0.0761716  0.488703
-4.39823  3.14159  3.14159  0.111853  0.579453
-3.14159  3.14159  3.14159  0.171682  0.688058
-1.88496  3.14159  3.14159  0.270863  0.765225
-0.628319  3.14159  3.14159  0.409588  0.540496
0.628319  3.14159  3.14159  0.409598  -0.540498
1.88496  3.14159  3.14159  0.270863  -0.765228
3.14159  3.14159  3.14159  0.171684  -0.688057
4.39823  3.14159  3.14159  0.111854  -0.579452
5.65487  3.14159  3.14159  0.0761703  -0.488703
8.16814  3.14159  3.14159  0.0401161  -0.363605
10.6814  3.14159  3.14159  0.024174  -0.286315
14.4513  3.14159  3.14159  0.0134066  -0.215717
33.3009  3.14159  3.14159  0.00255745  -0.0954065
