-29.531  0  0  0.00233017  -0.0956678
-14.4513  0  0  0.0107834  -0.194275
-8.16814  0  0  0.0338721  -0.329898
-5.65487  0  0  0.0618983  -0.441381
-4.39823  0  0  0.0862656  -0.518124
-3.14159  0  0  0.121768  -0.60107
-1.88496  0  0  0.170925  -0.635651
-0.628319  0  0  0.22585  -0.407488
0.628319  0  0  0.22585  0.407488
1.88496  0  0  0.170925  0.635651
3.14159  0  0  0.121767  0.60107
4.39823  0  0  0.0862655  0.518124
5.65487  0  0  0.0618982  0.441381
8.16814  0  0  0.0338719  0.329898
10.6814  0  0  0.0202334  0.259216
14.4513  0  0  0.0107835  0.194275
33.3009  0  0  0.00180922  0.0848382
-29.531  0  3.14159  0  -0.0958807
-14.4513  0  3.14159  0  -0.196078
-8.16814  0  3.14159  0  -0.337675
-5.65487  0  3.14159  0  -0.45873
-4.39823  0  3.14159  0  -0.549061
-3.14159  0  3.14159  0  -0.67364
-1.88496  0  3.14159  0  -0.871522
-0.628319  0  3.14159  0  -1.34061
0.628319  0  3.14159  0  1.34061
1.88496  0  3.14159  0  0.871522
3.14159  0  3.14159  0  0.67364
4.39823  0  3.14159  0  0.549061
5.65487  0  3.14159  0  0.45873
8.16814  0  3.14159  0  0.337675
10.6814  0  3.14159  0  0.263297
14.4513  0  3.14159  0  0.196078
33.3009  0  3.14159  0  0.0849857
-29.531  3.14159  0  0  -0.0958807
-14.4513  3.14159  0  0  -0.196078
-8.16814  3.14159  0  0  -0.337675
-5.65487  3.14159  0  0  -0.45873
-4.39823  3.14159  0  0  -0.549061
-3.14159  3.14159  0  0  -0.67364
-1.88496  3.14159  0  0  -0.871522
-0.628319  3.14159  0  0  -1.34061
0.628319  3.14159  0  0  1.34061
1.88496  3.14159  0  0  0.871522
3.14159  3.14159  0  0  0.67364
4.39823  3.14159  0  0  0.549061
5.65487  3.14159  0  0  0.45873
8.16814  3.14159  0  0  0.337675
10.6814  3.14159  0  0  0.263297
14.4513  3.14159  0  0  0.196078
33.3009  3.14159  0  0  0.0849857
-29.531  3.14159  3.14159  -0.0024287  -0.0956549
-14.4513  3.14159  3.14159  -0.011122  -0.19419
-8.16814  3.14159  3.14159  -0.0345626  -0.329619
-5.65487  3.14159  3.14159  -0.0627547  -0.440898
-4.39823  3.14159  3.14159  -0.0870985  -0.517493
-3.14159  3.14159  3.14159  -0.122319  -0.600282
-1.88496  3.14159  3.14159  -0.17068  -0.634809
-0.628319  3.14159  3.14159  -0.224491  -0.407027
0.628319  3.14159  3.14159  -0.224491  0.407027
1.88496  3.14159  3.14159  -0.17068  0.634809
3.14159  3.14159  3.14159  -0.122319  0.600282
4.39823  3.14159  3.14159  -0.0870985  0.517493
5.65487  3.14159  3.14159  -0.0627547  0.440898
8.16814  3.14159  3.14159  -0.0345628  0.329619
10.6814  3.14159  3.14159  -0.0207497  0.259049
14.4513  3.14159  3.14159  -0.0111219  0.19419
33.3009  3.14159  3.14159  -0.00188795  0.084829
