-29.531  0  0  0.000288118  -0.108526
-14.4513  0  0  0.000534368  -0.19737
-8.16814  0  0  0.00121688  -0.278292
-5.65487  0  0  0.00450883  -0.316227
-4.39823  0  0  0.00961603  -0.32909
-3.14159  0  0  0.0203217  -0.327672
-1.88496  0  0  0.0404373  -0.292777
-0.628319  0  0  0.06893  -0.168311
0.628319  0  0  0.06893  0.168311
1.88496  0  0  0.0404372  0.292777
3.14159  0  0  0.0203216  0.327672
4.39823  0  0  0.00961596  0.32909
5.65487  0  0  0.00450878  0.316227
8.16814  0  0  0.00121687  0.278292
10.6814  0  0  0.000642011  0.24147
14.4513  0  0  0.000534086  0.19737
33.3009  0  0  0.000241343  0.0971234
-29.531  0  3.14159  0  -0.108863
-14.4513  0  3.14159  0  -0.200547
-8.16814  0  3.14159  0  -0.297018
-5.65487  0  3.14159  0  -0.367178
-4.39823  0  3.14159  0  -0.419134
-3.14159  0  3.14159  0  -0.491977
-1.88496  0  3.14159  0  -0.593957
-0.628319  0  3.14159  0  -0.670853
0.628319  0  3.14159  0  0.670853
1.88496  0  3.14159  0  0.593957
3.14159  0  3.14159  0  0.491977
4.39823  0  3.14159  0  0.419134
5.65487  0  3.14159  0  0.367178
8.16814  0  3.14159  0  0.297018
10.6814  0  3.14159  0  0.249741
14.4513  0  3.14159  0  0.200547
33.3009  0  3.14159  0  0.0973558
-29.531  3.14159  0  0  -0.108863
-14.4513  3.14159  0  0  -0.200547
-8.16814  3.14159  0  0  -0.297018
-5.65487  3.14159  0  0  -0.367178
-4.39823  3.14159  0  0  -0.419134
-3.14159  3.14159  0  0  -0.491977
-1.88496  3.14159  0  0  -0.593957
-0.628319  3.14159  0  0  -0.670853
0.628319  3.14159  0  0  0.670853
1.88496  3.14159  0  0  0.593957
3.14159  3.14159  0  0  0.491977
4.39823  3.14159  0  0  0.419134
5.65487  3.14159  0  0  0.367178
8.16814  3.14159  0  0  0.297018
10.6814  3.14159  0  0  0.249741
14.4513  3.14159  0  0  0.200547
33.3009  3.14159  0  0  0.0973558
-29.531  3.14159  3.14159  -0.000298527  -0.108522
-14.4513  3.14159  3.14159  -0.000612044  -0.197334
-8.16814  3.14159  3.14159  -0.00154569  -0.278146
-5.65487  3.14159  3.14159  -0.0051988  -0.315948
-4.39823  3.14159  3.14159  -0.0106435  -0.328707
-3.14159  3.14159  3.14159  -0.0218305  -0.327174
-1.88496  3.14159  3.14159  -0.0424627  -0.292226
-0.628319  3.14159  3.14159  -0.0712152  -0.168006
0.628319  3.14159  3.14159  -0.0712153  0.168006
1.88496  3.14159  3.14159  -0.0424628  0.292226
3.14159  3.14159  3.14159  -0.0218306  0.327174
4.39823  3.14159  3.14159  -0.0106436  0.328707
5.65487  3.14159  3.14159  -0.00519884  0.315948
8.16814  3.14159  3.14159  -0.00154566  0.278146
10.6814  3.14159  3.14159  -0.00081519  0.24139
14.4513  3.14159  3.14159  -0.000612362  0.197334
33.3009  3.14159  3.14159  -0.000249689  0.0971201
