-29.531  0  0  -0.010178  0.166547
-14.4513  0  0  -0.0350294  0.314306
-8.16814  0  0  -0.0744261  0.470271
-5.65487  0  0  -0.103662  0.561668
-4.39823  0  0  -0.121456  0.604892
-3.14159  0  0  -0.139927  0.624528
-1.88496  0  0  -0.156266  0.565386
-0.628319  0  0  -0.166221  0.29777
0.628319  0  0  -0.166221  -0.29777
1.88496  0  0  -0.156266  -0.565386
3.14159  0  0  -0.139927  -0.624528
4.39823  0  0  -0.121456  -0.604892
5.65487  0  0  -0.103662  -0.561668
8.16814  0  0  -0.074426  -0.470271
10.6814  0  0  -0.0540274  -0.395469
14.4513  0  0  -0.0350293  -0.314306
33.3009  0  0  -0.0081227  -0.148579
-29.531  0  3.14159  0  0.166504
-14.4513  0  3.14159  0  0.31329
-8.16814  0  3.14159  0  0.463694
-5.65487  0  3.14159  0  0.549036
-4.39823  0  3.14159  0  0.59257
-3.14159  0  3.14159  0  0.631093
-1.88496  0  3.14159  0  0.661737
-0.628319  0  3.14159  0  0.685434
0.628319  0  3.14159  0  -0.685434
1.88496  0  3.14159  0  -0.661737
3.14159  0  3.14159  0  -0.631093
4.39823  0  3.14159  0  -0.59257
5.65487  0  3.14159  0  -0.549036
8.16814  0  3.14159  0  -0.463694
10.6814  0  3.14159  0  -0.392448
14.4513  0  3.14159  0  -0.31329
33.3009  0  3.14159  0  -0.148555
-29.531  3.14159  0  0  0.166504
-14.4513  3.14159  0  0  0.31329
-8.16814  3.14159  0  0  0.463694
-5.65487  3.14159  0  0  0.549036
-4.39823  3.14159  0  0  0.59257
-3.14159  3.14159  0  0  0.631093
-1.88496  3.14159  0  0  0.661737
-0.628319  3.14159  0  0  0.685434
0.628319  3.14159  0  0  -0.685434
1.88496  3.14159  0  0  -0.661737
3.14159  3.14159  0  0  -0.631093
4.39823  3.14159  0  0  -0.59257
5.65487  3.14159  0  0  -0.549036
8.16814  3.14159  0  0  -0.463694
10.6814  3.14159  0  0  -0.392448
14.4513  3.14159  0  0  -0.31329
33.3009  3.14159  0  0  -0.148555
-29.531  3.14159  3.14159  0.0100831  0.166551
-14.4513  3.14159  3.14159  0.034673  0.314329
-8.16814  3.14159  3.14159  0.0735242  0.470331
-5.65487  3.14159  3.14159  0.102177  0.56175
-4.39823  3.14159  3.14159  0.119488  0.604981
-3.14159  3.14159  3.14159  0.137291  0.624614
-1.88496  3.14159  3.14159  0.152827  0.565452
-0.628319  3.14159  3.14159  0.162213  0.297795
0.628319  3.14159  3.14159  0.162213  -0.297795
1.88496  3.14159  3.14159  0.152827  -0.565452
3.14159  3.14159  3.14159  0.137291  -0.624614
4.39823  3.14159  3.14159  0.119488  -0.604981
5.65487  3.14159  3.14159  0.102177  -0.56175
8.16814  3.14159  3.14159  0.0735242  -0.470331
10.6814  3.14159  3.14159  0.053433  -0.39551
14.4513  3.14159  3.14159  0.0346729  -0.314329
33.3009  3.14159  3.14159  0.00804768  -0.148582
