-29.531  0  0  -0.00243542  0.11669
-14.4513  0  0  -0.0111091  0.236079
-8.16814  0  0  -0.0344297  0.39971
-5.65487  0  0  -0.0626013  0.53592
-4.39823  0  0  -0.0872142  0.63255
-3.14159  0  0  -0.123644  0.74407
-1.88496  0  0  -0.176128  0.811873
-0.628319  0  0  -0.240378  0.548618
0.628319  0  0  -0.240378  -0.548618
1.88496  0  0  -0.176128  -0.811873
3.14159  0  0  -0.123644  -0.74407
4.39823  0  0  -0.0872141  -0.63255
5.65487  0  0  -0.0626013  -0.53592
8.16814  0  0  -0.0344298  -0.39971
10.6814  0  0  -0.0206879  -0.314376
14.4513  0  0  -0.0111088  -0.23608
33.3009  0  0  -0.00189407  -0.103519
-29.531  0  3.14159  0  0.117045
-14.4513  0  3.14159  0  0.239026
-8.16814  0  3.14159  0  0.412863
-5.65487  0  3.14159  0  0.566161
-4.39823  0  3.14159  0  0.685575
-3.14159  0  3.14159  0  0.860302
-1.88496  0  3.14159  0  1.16715
-0.628319  0  3.14159  0  2.50814
0.628319  0  3.14159  0  -2.50814
1.88496  0  3.14159  0  -1.16715
3.14159  0  3.14159  0  -0.860302
4.39823  0  3.14159  0  -0.685575
5.65487  0  3.14159  0  -0.566161
8.16814  0  3.14159  0  -0.412862
10.6814  0  3.14159  0  -0.321113
14.4513  0  3.14159  0  -0.239027
33.3009  0  3.14159  0  -0.103766
-29.531  3.14159  0  0  0.117045
-14.4513  3.14159  0  0  0.239026
-8.16814  3.14159  0  0  0.412863
-5.65487  3.14159  0  0  0.566161
-4.39823  3.14159  0  0  0.685575
-3.14159  3.14159  0  0  0.860302
-1.88496  3.14159  0  0  1.16715
-0.628319  3.14159  0  0  2.50814
0.628319  3.14159  0  0  -2.50814
1.88496  3.14159  0  0  -1.16715
3.14159  3.14159  0  0  -0.860302
4.39823  3.14159  0  0  -0.685575
5.65487  3.14159  0  0  -0.566161
8.16814  3.14159  0  0  -0.412862
10.6814  3.14159  0  0  -0.321113
14.4513  3.14159  0  0  -0.239027
33.3009  3.14159  0  0  -0.103766
-29.531  3.14159  3.14159  0.00241093  0.116691
-14.4513  3.14159  3.14159  0.0110038  0.236089
-8.16814  3.14159  3.14159  0.0340984  0.399758
-5.65487  3.14159  3.14159  0.0619383  0.536024
-4.39823  3.14159  3.14159  0.0862027  0.632707
-3.14159  3.14159  3.14159  0.122053  0.744306
-1.88496  3.14159  3.14159  0.173803  0.812188
-0.628319  3.14159  3.14159  0.237531  0.548604
0.628319  3.14159  3.14159  0.237532  -0.548604
1.88496  3.14159  3.14159  0.173803  -0.812188
3.14159  3.14159  3.14159  0.122053  -0.744306
4.39823  3.14159  3.14159  0.0862028  -0.632707
5.65487  3.14159  3.14159  0.0619384  -0.536024
8.16814  3.14159  3.14159  0.0340985  -0.399758
10.6814  3.14159  3.14159  0.020494  -0.3144
14.4513  3.14159  3.14159  0.0110039  -0.23609
33.3009  3.14159  3.14159  0.00187479  -0.10352
