-29.531  0  0  0.000290096  -0.195921
-14.4513  0  0  0.000378935  -0.368224
-8.16814  0  0  0.000140308  -0.547815
-5.65487  0  0  0.00196089  -0.648558
-4.39823  0  0  0.00571279  -0.690438
-3.14159  0  0  0.0146498  -0.695829
-1.88496  0  0  0.0338198  -0.603112
-0.628319  0  0  0.0663341  -0.310164
0.628319  0  0  0.0663348  0.310164
1.88496  0  0  0.0338209  0.603112
3.14159  0  0  0.0146508  0.695829
4.39823  0  0  0.00571367  0.690439
5.65487  0  0  0.00196169  0.648558
8.16814  0  0  0.000140745  0.547816
10.6814  0  0  0.000165438  0.462149
14.4513  0  0  0.000379534  0.368224
33.3009  0  0  0.00024653  0.174859
-29.531  0  3.14159  0  -0.196726
-14.4513  0  3.14159  0  -0.375606
-8.16814  0  3.14159  0  -0.590756
-5.65487  0  3.14159  0  -0.769356
-4.39823  0  3.14159  0  -0.914364
-3.14159  0  3.14159  0  -1.14165
-1.88496  0  3.14159  0  -1.57991
-0.628319  0  3.14159  0  -1.56445
0.628319  0  3.14159  0  1.56445
1.88496  0  3.14159  0  1.57991
3.14159  0  3.14159  0  1.14165
4.39823  0  3.14159  0  0.914365
5.65487  0  3.14159  0  0.769356
8.16814  0  3.14159  0  0.590757
10.6814  0  3.14159  0  0.481121
14.4513  0  3.14159  0  0.375606
33.3009  0  3.14159  0  0.175417
-29.531  3.14159  0  0  -0.196726
-14.4513  3.14159  0  0  -0.375606
-8.16814  3.14159  0  0  -0.590756
-5.65487  3.14159  0  0  -0.769356
-4.39823  3.14159  0  0  -0.914364
-3.14159  3.14159  0  0  -1.14165
-1.88496  3.14159  0  0  -1.57991
-0.628319  3.14159  0  0  -1.56445
0.628319  3.14159  0  0  1.56445
1.88496  3.14159  0  0  1.57991
3.14159  3.14159  0  0  1.14165
4.39823  3.14159  0  0  0.914365
5.65487  3.14159  0  0  0.769356
8.16814  3.14159  0  0  0.590757
10.6814  3.14159  0  0  0.481121
14.4513  3.14159  0  0  0.375606
33.3009  3.14159  0  0  0.175417
-29.531  3.14159  3.14159  -0.000318045  -0.195893
-14.4513  3.14159  3.14159  -0.000687498  -0.367999
-8.16814  3.14159  3.14159  -0.00178467  -0.546913
-5.65487  3.14159  3.14159  -0.00596104  -0.646796
-4.39823  3.14159  3.14159  -0.0123768  -0.687981
-3.14159  3.14159  3.14159  -0.0261688  -0.692551
-1.88496  3.14159  3.14159  -0.0531601  -0.599361
-0.628319  3.14159  3.14159  -0.093435  -0.308042
0.628319  3.14159  3.14159  -0.0934343  0.308043
1.88496  3.14159  3.14159  -0.0531591  0.599362
3.14159  3.14159  3.14159  -0.0261679  0.692552
4.39823  3.14159  3.14159  -0.0123759  0.687982
5.65487  3.14159  3.14159  -0.00596026  0.646797
8.16814  3.14159  3.14159  -0.00178362  0.546914
10.6814  3.14159  3.14159  -0.000944156  0.461659
14.4513  3.14159  3.14159  -0.000687389  0.368
33.3009  3.14159  3.14159  -0.000264558  0.174839
