-29.531  0  0  -0.00323143  0.105352
-14.4513  0  0  -0.0133352  0.2115
-8.16814  0  0  -0.0399011  0.356566
-5.65487  0  0  -0.0757544  0.479313
-4.39823  0  0  -0.11121  0.568352
-3.14159  0  0  -0.170531  0.674804
-1.88496  0  0  -0.268515  0.750033
-0.628319  0  0  -0.404471  0.528912
0.628319  0  0  -0.404464  -0.528914
1.88496  0  0  -0.268515  -0.750035
3.14159  0  0  -0.170529  -0.674804
4.39823  0  0  -0.111209  -0.568351
5.65487  0  0  -0.0757553  -0.479312
8.16814  0  0  -0.0399016  -0.356567
10.6814  0  0  -0.0240455  -0.280746
14.4513  0  0  -0.0133357  -0.2115
33.3009  0  0  -0.00254344  -0.093532
-29.531  0  3.14159  0  0.105822
-14.4513  0  3.14159  0  0.215448
-8.16814  0  3.14159  0  0.376426
-5.65487  0  3.14159  0  0.530662
-4.39823  0  3.14159  0  0.661563
-3.14159  0  3.14159  0  0.869032
-1.88496  0  3.14159  0  1.25659
-0.628319  0  3.14159  0  2.34549
0.628319  0  3.14159  0  -2.34549
1.88496  0  3.14159  0  -1.25659
3.14159  0  3.14159  0  -0.869032
4.39823  0  3.14159  0  -0.661563
5.65487  0  3.14159  0  -0.530663
8.16814  0  3.14159  0  -0.376426
10.6814  0  3.14159  0  -0.290183
14.4513  0  3.14159  0  -0.215448
33.3009  0  3.14159  0  -0.0938691
-29.531  3.14159  0  0  0.105822
-14.4513  3.14159  0  0  0.215448
-8.16814  3.14159  0  0  0.376426
-5.65487  3.14159  0  0  0.530662
-4.39823  3.14159  0  0  0.661563
-3.14159  3.14159  0  0  0.869032
-1.88496  3.14159  0  0  1.25659
-0.628319  3.14159  0  0  2.34549
0.628319  3.14159  0  0  -2.34549
1.88496  3.14159  0  0  -1.25659
3.14159  3.14159  0  0  -0.869032
4.39823  3.14159  0  0  -0.661563
5.65487  3.14159  0  0  -0.530663
8.16814  3.14159  0  0  -0.376426
10.6814  3.14159  0  0  -0.290183
14.4513  3.14159  0  0  -0.215448
33.3009  3.14159  0  0  -0.0938691
-29.531  3.14159  3.14159  0.00320975  0.105353
-14.4513  3.14159  3.14159  0.01325  0.211511
-8.16814  3.14159  3.14159  0.0396689  0.356621
-5.65487  3.14159  3.14159  0.0753445  0.479447
-4.39823  3.14159  3.14159  0.11064  0.568575
-3.14159  3.14159  3.14159  0.169761  0.675184
-1.88496  3.14159  3.14159  0.267588  0.75063
-0.628319  3.14159  3.14159  0.404  0.529445
0.628319  3.14159  3.14159  0.404007  -0.529447
1.88496  3.14159  3.14159  0.267588  -0.750632
3.14159  3.14159  3.14159  0.169763  -0.675183
4.39823  3.14159  3.14159  0.11064  -0.568574
5.65487  3.14159  3.14159  0.0753437  -0.479446
8.16814  3.14159  3.14159  0.0396686  -0.356621
10.6814  3.14159  3.14159  0.0238972  -0.280772
14.4513  3.14159  3.14159  0.0132493  -0.211511
33.3009  3.14159  3.14159  0.00252652  -0.0935329
