-29.531  0  0  0.000286944  -0.101354
-14.4513  0  0  0.000540697  -0.1834
-8.16814  0  0  0.00127533  -0.25648
-5.65487  0  0  0.00463399  -0.289684
-4.39823  0  0  0.0097738  -0.300547
-3.14159  0  0  0.0204469  -0.298917
-1.88496  0  0  0.040276  -0.268286
-0.628319  0  0  0.067886  -0.155957
0.628319  0  0  0.0678859  0.155957
1.88496  0  0  0.0402759  0.268286
3.14159  0  0  0.0204469  0.298917
4.39823  0  0  0.00977375  0.300547
5.65487  0  0  0.00463395  0.289684
8.16814  0  0  0.00127533  0.25648
10.6814  0  0  0.000666835  0.223501
14.4513  0  0  0.000540426  0.1834
33.3009  0  0  0.000240253  0.0907426
-29.531  0  3.14159  0  -0.101654
-14.4513  0  3.14159  0  -0.186243
-8.16814  0  3.14159  0  -0.273274
-5.65487  0  3.14159  0  -0.335104
-4.39823  0  3.14159  0  -0.380173
-3.14159  0  3.14159  0  -0.442261
-1.88496  0  3.14159  0  -0.52644
-0.628319  0  3.14159  0  -0.598684
0.628319  0  3.14159  0  0.598684
1.88496  0  3.14159  0  0.52644
3.14159  0  3.14159  0  0.442261
4.39823  0  3.14159  0  0.380173
5.65487  0  3.14159  0  0.335104
8.16814  0  3.14159  0  0.273274
10.6814  0  3.14159  0  0.230919
14.4513  0  3.14159  0  0.186243
33.3009  0  3.14159  0  0.0909494
-29.531  3.14159  0  0  -0.101654
-14.4513  3.14159  0  0  -0.186243
-8.16814  3.14159  0  0  -0.273274
-5.65487  3.14159  0  0  -0.335104
-4.39823  3.14159  0  0  -0.380173
-3.14159  3.14159  0  0  -0.442261
-1.88496  3.14159  0  0  -0.52644
-0.628319  3.14159  0  0  -0.598684
0.628319  3.14159  0  0  0.598684
1.88496  3.14159  0  0  0.52644
3.14159  3.14159  0  0  0.442261
4.39823  3.14159  0  0  0.380173
5.65487  3.14159  0  0  0.335104
8.16814  3.14159  0  0  0.273274
10.6814  3.14159  0  0  0.230919
14.4513  3.14159  0  0  0.186243
33.3009  3.14159  0  0  0.0909494
-29.531  3.14159  3.14159  -0.000297063  -0.10135
-14.4513  3.14159  3.14159  -0.00061598  -0.183366
-8.16814  3.14159  3.14159  -0.00159113  -0.256342
-5.65487  3.14159  3.14159  -0.00528948  -0.289421
-4.39823  3.14159  3.14159  -0.0107403  -0.300188
-3.14159  3.14159  3.14159  -0.0218447  -0.29845
-1.88496  3.14159  3.14159  -0.0421122  -0.267772
-0.628319  3.14159  3.14159  -0.0699058  -0.15567
0.628319  3.14159  3.14159  -0.0699058  0.15567
1.88496  3.14159  3.14159  -0.0421122  0.267772
3.14159  3.14159  3.14159  -0.0218447  0.29845
4.39823  3.14159  3.14159  -0.0107403  0.300188
5.65487  3.14159  3.14159  -0.00528951  0.289421
8.16814  3.14159  3.14159  -0.00159109  0.256342
10.6814  3.14159  3.14159  -0.000834031  0.223425
14.4513  3.14159  3.14159  -0.000616295  0.183366
33.3009  3.14159  3.14159  -0.000248379  0.0907395
