-29.531  0  0  -0.00239805  0.0989729
-14.4513  0  0  -0.0110169  0.200817
-8.16814  0  0  -0.0343661  0.340779
-5.65487  0  0  -0.0625941  0.456159
-4.39823  0  0  -0.0871111  0.536137
-3.14159  0  0  -0.122866  0.623908
-1.88496  0  0  -0.172603  0.664427
-0.628319  0  0  -0.228944  0.431477
0.628319  0  0  -0.228944  -0.431477
1.88496  0  0  -0.172603  -0.664427
3.14159  0  0  -0.122866  -0.623908
4.39823  0  0  -0.087111  -0.536137
5.65487  0  0  -0.062594  -0.456159
8.16814  0  0  -0.034366  -0.340779
10.6814  0  0  -0.0205925  -0.267825
14.4513  0  0  -0.0110168  -0.200817
33.3009  0  0  -0.00186349  -0.0877763
-29.531  0  3.14159  0  0.0992132
-14.4513  0  3.14159  0  0.202834
-8.16814  0  3.14159  0  0.349496
-5.65487  0  3.14159  0  0.475635
-4.39823  0  3.14159  0  0.57057
-3.14159  0  3.14159  0  0.703201
-1.88496  0  3.14159  0  0.920004
-0.628319  0  3.14159  0  1.51599
0.628319  0  3.14159  0  -1.51599
1.88496  0  3.14159  0  -0.920004
3.14159  0  3.14159  0  -0.703201
4.39823  0  3.14159  0  -0.57057
5.65487  0  3.14159  0  -0.475635
8.16814  0  3.14159  0  -0.349496
10.6814  0  3.14159  0  -0.272388
14.4513  0  3.14159  0  -0.202834
33.3009  0  3.14159  0  -0.0879431
-29.531  3.14159  0  0  0.0992132
-14.4513  3.14159  0  0  0.202834
-8.16814  3.14159  0  0  0.349496
-5.65487  3.14159  0  0  0.475635
-4.39823  3.14159  0  0  0.57057
-3.14159  3.14159  0  0  0.703201
-1.88496  3.14159  0  0  0.920004
-0.628319  3.14159  0  0  1.51599
0.628319  3.14159  0  0  -1.51599
1.88496  3.14159  0  0  -0.920004
3.14159  3.14159  0  0  -0.703201
4.39823  3.14159  0  0  -0.57057
5.65487  3.14159  0  0  -0.475635
8.16814  3.14159  0  0  -0.349496
10.6814  3.14159  0  0  -0.272388
14.4513  3.14159  0  0  -0.202834
33.3009  3.14159  0  0  -0.0879431
-29.531  3.14159  3.14159  0.0023772  0.0989739
-14.4513  3.14159  3.14159  0.0109268  0.200827
-8.16814  3.14159  3.14159  0.0340836  0.340825
-5.65487  3.14159  3.14159  0.0620373  0.456257
-4.39823  3.14159  3.14159  0.0862705  0.536282
-3.14159  3.14159  3.14159  0.121547  0.624118
-1.88496  3.14159  3.14159  0.170592  0.6647
-0.628319  3.14159  3.14159  0.226521  0.431673
0.628319  3.14159  3.14159  0.226522  -0.431673
1.88496  3.14159  3.14159  0.170592  -0.6647
3.14159  3.14159  3.14159  0.121547  -0.624118
4.39823  3.14159  3.14159  0.0862706  -0.536282
5.65487  3.14159  3.14159  0.0620374  -0.456257
8.16814  3.14159  3.14159  0.0340838  -0.340825
10.6814  3.14159  3.14159  0.0204264  -0.267849
14.4513  3.14159  3.14159  0.0109268  -0.200827
33.3009  3.14159  3.14159  0.00184713  -0.087777
