-29.531  0  0  0.00233334  -0.0977507
-14.4513  0  0  0.0107882  -0.19842
-8.16814  0  0  0.0338605  -0.33685
-5.65487  0  0  0.0618689  -0.450877
-4.39823  0  0  0.0862472  -0.529732
-3.14159  0  0  0.121853  -0.615811
-1.88496  0  0  0.171439  -0.654203
-0.628319  0  0  0.227534  -0.422882
0.628319  0  0  0.227534  0.422882
1.88496  0  0  0.171438  0.654203
3.14159  0  0  0.121853  0.615811
4.39823  0  0  0.0862471  0.529732
5.65487  0  0  0.0618689  0.450877
8.16814  0  0  0.0338603  0.33685
10.6814  0  0  0.0202331  0.264693
14.4513  0  0  0.0107884  0.19842
33.3009  0  0  0.00181186  0.0866889
-29.531  0  3.14159  0  -0.0979761
-14.4513  0  3.14159  0  -0.200326
-8.16814  0  3.14159  0  -0.345107
-5.65487  0  3.14159  0  -0.46936
-4.39823  0  3.14159  0  -0.562589
-3.14159  0  3.14159  0  -0.692245
-1.88496  0  3.14159  0  -0.902141
-0.628319  0  3.14159  0  -1.45042
0.628319  0  3.14159  0  1.45042
1.88496  0  3.14159  0  0.902141
3.14159  0  3.14159  0  0.692245
4.39823  0  3.14159  0  0.562589
5.65487  0  3.14159  0  0.46936
8.16814  0  3.14159  0  0.345107
10.6814  0  3.14159  0  0.269013
14.4513  0  3.14159  0  0.200326
33.3009  0  3.14159  0  0.0868452
-29.531  3.14159  0  0  -0.0979761
-14.4513  3.14159  0  0  -0.200326
-8.16814  3.14159  0  0  -0.345107
-5.65487  3.14159  0  0  -0.46936
-4.39823  3.14159  0  0  -0.562589
-3.14159  3.14159  0  0  -0.692245
-1.88496  3.14159  0  0  -0.902141
-0.628319  3.14159  0  0  -1.45042
0.628319  3.14159  0  0  1.45042
1.88496  3.14159  0  0  0.902141
3.14159  3.14159  0  0  0.692245
4.39823  3.14159  0  0  0.562589
5.65487  3.14159  0  0  0.46936
8.16814  3.14159  0  0  0.345107
10.6814  3.14159  0  0  0.269013
14.4513  3.14159  0  0  0.200326
33.3009  3.14159  0  0  0.0868452
-29.531  3.14159  3.14159  -0.00243603  -0.0977372
-14.4513  3.14159  3.14159  -0.0111416  -0.198332
-8.16814  3.14159  3.14159  -0.0345839  -0.336558
-5.65487  3.14159  3.14159  -0.0627707  -0.45037
-4.39823  3.14159  3.14159  -0.0871292  -0.529067
-3.14159  3.14159  3.14159  -0.122444  -0.614979
-1.88496  3.14159  3.14159  -0.171185  -0.65331
-0.628319  3.14159  3.14159  -0.226072  -0.422398
0.628319  3.14159  3.14159  -0.226072  0.422398
1.88496  3.14159  3.14159  -0.171185  0.65331
3.14159  3.14159  3.14159  -0.122444  0.614979
4.39823  3.14159  3.14159  -0.0871293  0.529067
5.65487  3.14159  3.14159  -0.0627708  0.45037
8.16814  3.14159  3.14159  -0.0345841  0.336558
10.6814  3.14159  3.14159  -0.0207729  0.264519
14.4513  3.14159  3.14159  -0.0111416  0.198332
33.3009  3.14159  3.14159  -0.0018939  0.0866793
