-29.531  0  0  -0.00324703  0.10618
-14.4513  0  0  -0.0133978  0.213148
-8.16814  0  0  -0.0400784  0.359304
-5.65487  0  0  -0.076082  0.482941
-4.39823  0  0  -0.111691  0.572616
-3.14159  0  0  -0.171287  0.679852
-1.88496  0  0  -0.269799  0.755756
-0.628319  0  0  -0.406664  0.53325
0.628319  0  0  -0.406656  -0.533252
1.88496  0  0  -0.269799  -0.755759
3.14159  0  0  -0.171285  -0.679851
4.39823  0  0  -0.11169  -0.572615
5.65487  0  0  -0.076083  -0.482941
8.16814  0  0  -0.0400791  -0.359304
10.6814  0  0  -0.0241554  -0.282919
14.4513  0  0  -0.0133984  -0.213149
33.3009  0  0  -0.00255574  -0.0942666
-29.531  0  3.14159  0  0.106654
-14.4513  0  3.14159  0  0.217143
-8.16814  0  3.14159  0  0.379393
-5.65487  0  3.14159  0  0.534889
-4.39823  0  3.14159  0  0.666923
-3.14159  0  3.14159  0  0.876346
-1.88496  0  3.14159  0  1.26822
-0.628319  0  3.14159  0  2.38007
0.628319  0  3.14159  0  -2.38007
1.88496  0  3.14159  0  -1.26821
3.14159  0  3.14159  0  -0.876346
4.39823  0  3.14159  0  -0.666923
5.65487  0  3.14159  0  -0.534889
8.16814  0  3.14159  0  -0.379393
10.6814  0  3.14159  0  -0.292466
14.4513  0  3.14159  0  -0.217143
33.3009  0  3.14159  0  -0.0946082
-29.531  3.14159  0  0  0.106654
-14.4513  3.14159  0  0  0.217143
-8.16814  3.14159  0  0  0.379393
-5.65487  3.14159  0  0  0.534889
-4.39823  3.14159  0  0  0.666923
-3.14159  3.14159  0  0  0.876346
-1.88496  3.14159  0  0  1.26822
-0.628319  3.14159  0  0  2.38007
0.628319  3.14159  0  0  -2.38007
1.88496  3.14159  0  0  -1.26821
3.14159  3.14159  0  0  -0.876346
4.39823  3.14159  0  0  -0.666923
5.65487  3.14159  0  0  -0.534889
8.16814  3.14159  0  0  -0.379393
10.6814  3.14159  0  0  -0.292466
14.4513  3.14159  0  0  -0.217143
33.3009  3.14159  0  0  -0.0946082
-29.531  3.14159  3.14159  0.00322515  0.106181
-14.4513  3.14159  3.14159  0.0133119  0.213159
-8.16814  3.14159  3.14159  0.0398448  0.359359
-5.65487  3.14159  3.14159  0.0756693  0.483076
-4.39823  3.14159  3.14159  0.111116  0.57284
-3.14159  3.14159  3.14159  0.170516  0.680233
-1.88496  3.14159  3.14159  0.268874  0.756357
-0.628319  3.14159  3.14159  0.406196  0.533786
0.628319  3.14159  3.14159  0.406204  -0.533788
1.88496  3.14159  3.14159  0.268874  -0.75636
3.14159  3.14159  3.14159  0.170518  -0.680232
4.39823  3.14159  3.14159  0.111117  -0.572839
5.65487  3.14159  3.14159  0.0756683  -0.483075
8.16814  3.14159  3.14159  0.0398444  -0.359359
10.6814  3.14159  3.14159  0.0240059  -0.282945
14.4513  3.14159  3.14159  0.0133111  -0.21316
33.3009  3.14159  3.14159  0.00253867  -0.0942675
