-29.531  0  0  0.000292418  -0.135749
-14.4513  0  0  0.000516803  -0.250475
-8.16814  0  0  0.0010366  -0.361584
-5.65487  0  0  0.00411247  -0.418193
-4.39823  0  0  0.0091045  -0.439297
-3.14159  0  0  0.0198856  -0.439273
-1.88496  0  0  0.0408719  -0.387387
-0.628319  0  0  0.0721964  -0.214043
0.628319  0  0  0.0721964  0.214043
1.88496  0  0  0.0408719  0.387387
3.14159  0  0  0.0198856  0.439273
4.39823  0  0  0.00910449  0.439297
5.65487  0  0  0.00411247  0.418193
8.16814  0  0  0.00103662  0.361584
10.6814  0  0  0.000567466  0.309901
14.4513  0  0  0.000516563  0.250475
33.3009  0  0  0.000245321  0.12134
-29.531  0  3.14159  0  -0.136229
-14.4513  0  3.14159  0  -0.254949
-8.16814  0  3.14159  0  -0.387788
-5.65487  0  3.14159  0  -0.490575
-4.39823  0  3.14159  0  -0.569996
-3.14159  0  3.14159  0  -0.687066
-1.88496  0  3.14159  0  -0.871599
-0.628319  0  3.14159  0  -0.947171
0.628319  0  3.14159  0  0.947171
1.88496  0  3.14159  0  0.871599
3.14159  0  3.14159  0  0.687066
4.39823  0  3.14159  0  0.569997
5.65487  0  3.14159  0  0.490575
8.16814  0  3.14159  0  0.387788
10.6814  0  3.14159  0  0.321478
14.4513  0  3.14159  0  0.254949
33.3009  0  3.14159  0  0.121673
-29.531  3.14159  0  0  -0.136229
-14.4513  3.14159  0  0  -0.254949
-8.16814  3.14159  0  0  -0.387788
-5.65487  3.14159  0  0  -0.490575
-4.39823  3.14159  0  0  -0.569996
-3.14159  3.14159  0  0  -0.687066
-1.88496  3.14159  0  0  -0.871599
-0.628319  3.14159  0  0  -0.947171
0.628319  3.14159  0  0  0.947171
1.88496  3.14159  0  0  0.871599
3.14159  3.14159  0  0  0.687066
4.39823  3.14159  0  0  0.569997
5.65487  3.14159  0  0  0.490575
8.16814  3.14159  0  0  0.387788
10.6814  3.14159  0  0  0.321478
14.4513  3.14159  0  0  0.254949
33.3009  3.14159  0  0  0.121673
-29.531  3.14159  3.14159  -0.000302818  -0.135743
-14.4513  3.14159  3.14159  -0.000598716  -0.250432
-8.16814  3.14159  3.14159  -0.00140108  -0.361413
-5.65487  3.14159  3.14159  -0.00491022  -0.417862
-4.39823  3.14159  3.14159  -0.0103348  -0.438839
-3.14159  3.14159  3.14159  -0.0217891  -0.43867
-1.88496  3.14159  3.14159  -0.0436213  -0.386709
-0.628319  3.14159  3.14159  -0.0755702  -0.213685
0.628319  3.14159  3.14159  -0.0755702  0.213685
1.88496  3.14159  3.14159  -0.0436213  0.386709
3.14159  3.14159  3.14159  -0.0217891  0.43867
4.39823  3.14159  3.14159  -0.0103348  0.438839
5.65487  3.14159  3.14159  -0.00491021  0.417862
8.16814  3.14159  3.14159  -0.00140099  0.361413
10.6814  3.14159  3.14159  -0.00075461  0.309807
14.4513  3.14159  3.14159  -0.000599012  0.250432
33.3009  3.14159  3.14159  -0.000253538  0.121337
