-29.531  0  0  0.000287245  -0.103198
-14.4513  0  0  0.000538976  -0.18699
-8.16814  0  0  0.00125973  -0.262079
-5.65487  0  0  0.00460074  -0.29649
-4.39823  0  0  0.00973208  -0.307858
-3.14159  0  0  0.0204143  -0.306275
-1.88496  0  0  0.04032  -0.274558
-0.628319  0  0  0.0681632  -0.159145
0.628319  0  0  0.0681632  0.159145
1.88496  0  0  0.0403199  0.274558
3.14159  0  0  0.0204142  0.306275
4.39823  0  0  0.00973203  0.307858
5.65487  0  0  0.0046007  0.29649
8.16814  0  0  0.00125972  0.262079
10.6814  0  0  0.000660176  0.228116
14.4513  0  0  0.000538702  0.18699
33.3009  0  0  0.000240535  0.0923825
-29.531  0  3.14159  0  -0.103507
-14.4513  0  3.14159  0  -0.189918
-8.16814  0  3.14159  0  -0.279368
-5.65487  0  3.14159  0  -0.343326
-4.39823  0  3.14159  0  -0.390148
-3.14159  0  3.14159  0  -0.454957
-1.88496  0  3.14159  0  -0.543543
-0.628319  0  3.14159  0  -0.617192
0.628319  0  3.14159  0  0.617192
1.88496  0  3.14159  0  0.543543
3.14159  0  3.14159  0  0.454957
4.39823  0  3.14159  0  0.390148
5.65487  0  3.14159  0  0.343326
8.16814  0  3.14159  0  0.279368
10.6814  0  3.14159  0  0.235753
14.4513  0  3.14159  0  0.189918
33.3009  0  3.14159  0  0.0925959
-29.531  3.14159  0  0  -0.103507
-14.4513  3.14159  0  0  -0.189918
-8.16814  3.14159  0  0  -0.279368
-5.65487  3.14159  0  0  -0.343326
-4.39823  3.14159  0  0  -0.390148
-3.14159  3.14159  0  0  -0.454957
-1.88496  3.14159  0  0  -0.543543
-0.628319  3.14159  0  0  -0.617192
0.628319  3.14159  0  0  0.617192
1.88496  3.14159  0  0  0.543543
3.14159  3.14159  0  0  0.454957
4.39823  3.14159  0  0  0.390148
5.65487  3.14159  0  0  0.343326
8.16814  3.14159  0  0  0.279368
10.6814  3.14159  0  0  0.235753
14.4513  3.14159  0  0  0.189918
33.3009  3.14159  0  0  0.0925959
-29.531  3.14159  3.14159  -0.000297454  -0.103193
-14.4513  3.14159  3.14159  -0.000614928  -0.186954
-8.16814  3.14159  3.14159  -0.00157901  -0.261939
-5.65487  3.14159  3.14159  -0.00526532  -0.296223
-4.39823  3.14159  3.14159  -0.0107145  -0.307493
-3.14159  3.14159  3.14159  -0.0218407  -0.3058
-1.88496  3.14159  3.14159  -0.0422044  -0.274034
-0.628319  3.14159  3.14159  -0.0702497  -0.158854
0.628319  3.14159  3.14159  -0.0702498  0.158854
1.88496  3.14159  3.14159  -0.0422044  0.274034
3.14159  3.14159  3.14159  -0.0218408  0.3058
4.39823  3.14159  3.14159  -0.0107146  0.307493
5.65487  3.14159  3.14159  -0.00526535  0.296223
8.16814  3.14159  3.14159  -0.00157897  0.261939
10.6814  3.14159  3.14159  -0.000829001  0.228039
14.4513  3.14159  3.14159  -0.000615243  0.186954
33.3009  3.14159  3.14159  -0.000248728  0.0923793
