-29.531  0  0  -0.0101777  0.166551
-14.4513  0  0  -0.0350283  0.314331
-8.16814  0  0  -0.074424  0.470387
-5.65487  0  0  -0.103659  0.561937
-4.39823  0  0  -0.121453  0.605326
-3.14159  0  0  -0.139923  0.625234
-1.88496  0  0  -0.156263  0.566437
-0.628319  0  0  -0.16622  0.298698
0.628319  0  0  -0.16622  -0.298698
1.88496  0  0  -0.156263  -0.566437
3.14159  0  0  -0.139923  -0.625234
4.39823  0  0  -0.121453  -0.605326
5.65487  0  0  -0.103659  -0.561936
8.16814  0  0  -0.0744239  -0.470387
10.6814  0  0  -0.0540258  -0.395528
14.4513  0  0  -0.0350283  -0.314331
33.3009  0  0  -0.00812245  -0.148582
-29.531  0  3.14159  0  0.166507
-14.4513  0  3.14159  0  0.313313
-8.16814  0  3.14159  0  0.463783
-5.65487  0  3.14159  0  0.549217
-4.39823  0  3.14159  0  0.592846
-3.14159  0  3.14159  0  0.631568
-1.88496  0  3.14159  0  0.662844
-0.628319  0  3.14159  0  0.691056
0.628319  0  3.14159  0  -0.691056
1.88496  0  3.14159  0  -0.662844
3.14159  0  3.14159  0  -0.631568
4.39823  0  3.14159  0  -0.592846
5.65487  0  3.14159  0  -0.549217
8.16814  0  3.14159  0  -0.463783
10.6814  0  3.14159  0  -0.392497
14.4513  0  3.14159  0  -0.313313
33.3009  0  3.14159  0  -0.148557
-29.531  3.14159  0  0  0.166507
-14.4513  3.14159  0  0  0.313313
-8.16814  3.14159  0  0  0.463783
-5.65487  3.14159  0  0  0.549217
-4.39823  3.14159  0  0  0.592846
-3.14159  3.14159  0  0  0.631568
-1.88496  3.14159  0  0  0.662844
-0.628319  3.14159  0  0  0.691056
0.628319  3.14159  0  0  -0.691056
1.88496  3.14159  0  0  -0.662844
3.14159  3.14159  0  0  -0.631568
4.39823  3.14159  0  0  -0.592846
5.65487  3.14159  0  0  -0.549217
8.16814  3.14159  0  0  -0.463783
10.6814  3.14159  0  0  -0.392497
14.4513  3.14159  0  0  -0.313313
33.3009  3.14159  0  0  -0.148557
-29.531  3.14159  3.14159  0.0100825  0.166555
-14.4513  3.14159  3.14159  0.0346707  0.314354
-8.16814  3.14159  3.14159  0.0735183  0.470447
-5.65487  3.14159  3.14159  0.102167  0.562018
-4.39823  3.14159  3.14159  0.119474  0.605415
-3.14159  3.14159  3.14159  0.137271  0.625321
-1.88496  3.14159  3.14159  0.152799  0.566503
-0.628319  3.14159  3.14159  0.162176  0.298724
0.628319  3.14159  3.14159  0.162176  -0.298724
1.88496  3.14159  3.14159  0.152799  -0.566503
3.14159  3.14159  3.14159  0.137271  -0.625321
4.39823  3.14159  3.14159  0.119474  -0.605415
5.65487  3.14159  3.14159  0.102167  -0.562018
8.16814  3.14159  3.14159  0.0735183  -0.470447
10.6814  3.14159  3.14159  0.0534291  -0.395568
14.4513  3.14159  3.14159  0.0346706  -0.314354
33.3009  3.14159  3.14159  0.00804719  -0.148584
