-29.531  0  0  -0.0101725  0.166624
-14.4513  0  0  -0.0350111  0.31491
-8.16814  0  0  -0.0743921  0.473018
-5.65487  0  0  -0.10362  0.568035
-4.39823  0  0  -0.121414  0.615199
-3.14159  0  0  -0.139892  0.641469
-1.88496  0  0  -0.156263  0.590926
-0.628319  0  0  -0.166269  0.320555
0.628319  0  0  -0.166269  -0.320555
1.88496  0  0  -0.156263  -0.590927
3.14159  0  0  -0.139892  -0.641469
4.39823  0  0  -0.121414  -0.615199
5.65487  0  0  -0.10362  -0.568035
8.16814  0  0  -0.0743921  -0.473018
10.6814  0  0  -0.0540008  -0.39685
14.4513  0  0  -0.0350111  -0.31491
33.3009  0  0  -0.00811836  -0.148634
-29.531  0  3.14159  0  0.166578
-14.4513  0  3.14159  0  0.313828
-8.16814  0  3.14159  0  0.465778
-5.65487  0  3.14159  0  0.553258
-4.39823  0  3.14159  0  0.598983
-3.14159  0  3.14159  0  0.641915
-1.88496  0  3.14159  0  0.68598
-0.628319  0  3.14159  0  0.832889
0.628319  0  3.14159  0  -0.83289
1.88496  0  3.14159  0  -0.68598
3.14159  0  3.14159  0  -0.641915
4.39823  0  3.14159  0  -0.598983
5.65487  0  3.14159  0  -0.553258
8.16814  0  3.14159  0  -0.465778
10.6814  0  3.14159  0  -0.393592
14.4513  0  3.14159  0  -0.313829
33.3009  0  3.14159  0  -0.148608
-29.531  3.14159  0  0  0.166578
-14.4513  3.14159  0  0  0.313828
-8.16814  3.14159  0  0  0.465778
-5.65487  3.14159  0  0  0.553258
-4.39823  3.14159  0  0  0.598983
-3.14159  3.14159  0  0  0.641915
-1.88496  3.14159  0  0  0.68598
-0.628319  3.14159  0  0  0.832889
0.628319  3.14159  0  0  -0.83289
1.88496  3.14159  0  0  -0.68598
3.14159  3.14159  0  0  -0.641915
4.39823  3.14159  0  0  -0.598983
5.65487  3.14159  0  0  -0.553258
8.16814  3.14159  0  0  -0.465778
10.6814  3.14159  0  0  -0.393592
14.4513  3.14159  0  0  -0.313829
33.3009  3.14159  0  0  -0.148608
-29.531  3.14159  3.14159  0.0100695  0.166628
-14.4513  3.14159  3.14159  0.034622  0.314933
-8.16814  3.14159  3.14159  0.0733942  0.473077
-5.65487  3.14159  3.14159  0.101954  0.568117
-4.39823  3.14159  3.14159  0.119178  0.615287
-3.14159  3.14159  3.14159  0.136842  0.641555
-1.88496  3.14159  3.14159  0.152179  0.590992
-0.628319  3.14159  3.14159  0.161377  0.32058
0.628319  3.14159  3.14159  0.161377  -0.32058
1.88496  3.14159  3.14159  0.152179  -0.590992
3.14159  3.14159  3.14159  0.136842  -0.641555
4.39823  3.14159  3.14159  0.119178  -0.615287
5.65487  3.14159  3.14159  0.101954  -0.568117
8.16814  3.14159  3.14159  0.0733942  -0.473077
10.6814  3.14159  3.14159  0.0533479  -0.39689
14.4513  3.14159  3.14159  0.0346219  -0.314933
33.3009  3.14159  3.14159  0.00803704  -0.148637
