-29.531  0  0  -0.0101739  0.166602
-14.4513  0  0  -0.0350156  0.314735
-8.16814  0  0  -0.0743997  0.47222
-5.65487  0  0  -0.103629  0.566182
-4.39823  0  0  -0.121421  0.612192
-3.14159  0  0  -0.139895  0.636501
-1.88496  0  0  -0.156253  0.583372
-0.628319  0  0  -0.166242  0.313782
0.628319  0  0  -0.166242  -0.313782
1.88496  0  0  -0.156253  -0.583372
3.14159  0  0  -0.139895  -0.636501
4.39823  0  0  -0.121421  -0.612192
5.65487  0  0  -0.103629  -0.566182
8.16814  0  0  -0.0743997  -0.47222
10.6814  0  0  -0.054007  -0.396449
14.4513  0  0  -0.0350155  -0.314735
33.3009  0  0  -0.00811937  -0.148618
-29.531  0  3.14159  0  0.166556
-14.4513  0  3.14159  0  0.313672
-8.16814  0  3.14159  0  0.465175
-5.65487  0  3.14159  0  0.552044
-4.39823  0  3.14159  0  0.597148
-3.14159  0  3.14159  0  0.638858
-1.88496  0  3.14159  0  0.679376
-0.628319  0  3.14159  0  0.786905
0.628319  0  3.14159  0  -0.786905
1.88496  0  3.14159  0  -0.679376
3.14159  0  3.14159  0  -0.638858
4.39823  0  3.14159  0  -0.597148
5.65487  0  3.14159  0  -0.552044
8.16814  0  3.14159  0  -0.465175
10.6814  0  3.14159  0  -0.39326
14.4513  0  3.14159  0  -0.313673
33.3009  0  3.14159  0  -0.148592
-29.531  3.14159  0  0  0.166556
-14.4513  3.14159  0  0  0.313672
-8.16814  3.14159  0  0  0.465175
-5.65487  3.14159  0  0  0.552044
-4.39823  3.14159  0  0  0.597148
-3.14159  3.14159  0  0  0.638858
-1.88496  3.14159  0  0  0.679376
-0.628319  3.14159  0  0  0.786905
0.628319  3.14159  0  0  -0.786905
1.88496  3.14159  0  0  -0.679376
3.14159  3.14159  0  0  -0.638858
4.39823  3.14159  0  0  -0.597148
5.65487  3.14159  0  0  -0.552044
8.16814  3.14159  0  0  -0.465175
10.6814  3.14159  0  0  -0.39326
14.4513  3.14159  0  0  -0.313673
33.3009  3.14159  0  0  -0.148592
-29.531  3.14159  3.14159  0.0100733  0.166606
-14.4513  3.14159  3.14159  0.0346362  0.314757
-8.16814  3.14159  3.14159  0.0734306  0.47228
-5.65487  3.14159  3.14159  0.102017  0.566264
-4.39823  3.14159  3.14159  0.119265  0.61228
-3.14159  3.14159  3.14159  0.13697  0.636587
-1.88496  3.14159  3.14159  0.152365  0.583438
-0.628319  3.14159  3.14159  0.161618  0.313807
0.628319  3.14159  3.14159  0.161618  -0.313807
1.88496  3.14159  3.14159  0.152365  -0.583438
3.14159  3.14159  3.14159  0.13697  -0.636587
4.39823  3.14159  3.14159  0.119265  -0.612281
5.65487  3.14159  3.14159  0.102017  -0.566264
8.16814  3.14159  3.14159  0.0734306  -0.47228
10.6814  3.14159  3.14159  0.0533716  -0.396489
14.4513  3.14159  3.14159  0.0346362  -0.314758
33.3009  3.14159  3.14159  0.00804002  -0.148621
