-29.531  0  0  -0.00238832  0.0952336
-14.4513  0  0  -0.0109934  0.193377
-8.16814  0  0  -0.0343514  0.328309
-5.65487  0  0  -0.0625922  0.43914
-4.39823  0  0  -0.0870765  0.515348
-3.14159  0  0  -0.122634  0.59753
-1.88496  0  0  -0.171611  0.631258
-0.628319  0  0  -0.225902  0.403966
0.628319  0  0  -0.225902  -0.403966
1.88496  0  0  -0.171611  -0.631258
3.14159  0  0  -0.122634  -0.597531
4.39823  0  0  -0.0870765  -0.515348
5.65487  0  0  -0.0625921  -0.43914
8.16814  0  0  -0.0343513  -0.328309
10.6814  0  0  -0.0205688  -0.257997
14.4513  0  0  -0.0109933  -0.193377
33.3009  0  0  -0.00185554  -0.0844536
-29.531  0  3.14159  0  0.0954508
-14.4513  0  3.14159  0  0.195207
-8.16814  0  3.14159  0  0.336149
-5.65487  0  3.14159  0  0.456548
-4.39823  0  3.14159  0  0.546282
-3.14159  0  3.14159  0  0.669812
-1.88496  0  3.14159  0  0.86517
-0.628319  0  3.14159  0  1.31828
0.628319  0  3.14159  0  -1.31828
1.88496  0  3.14159  0  -0.86517
3.14159  0  3.14159  0  -0.669812
4.39823  0  3.14159  0  -0.546282
5.65487  0  3.14159  0  -0.456548
8.16814  0  3.14159  0  -0.336149
10.6814  0  3.14159  0  -0.262124
14.4513  0  3.14159  0  -0.195207
33.3009  0  3.14159  0  -0.0846042
-29.531  3.14159  0  0  0.0954508
-14.4513  3.14159  0  0  0.195207
-8.16814  3.14159  0  0  0.336149
-5.65487  3.14159  0  0  0.456548
-4.39823  3.14159  0  0  0.546282
-3.14159  3.14159  0  0  0.669812
-1.88496  3.14159  0  0  0.86517
-0.628319  3.14159  0  0  1.31828
0.628319  3.14159  0  0  -1.31828
1.88496  3.14159  0  0  -0.86517
3.14159  3.14159  0  0  -0.669812
4.39823  3.14159  0  0  -0.546282
5.65487  3.14159  0  0  -0.456548
8.16814  3.14159  0  0  -0.336149
10.6814  3.14159  0  0  -0.262124
14.4513  3.14159  0  0  -0.195207
33.3009  3.14159  0  0  -0.0846042
-29.531  3.14159  3.14159  0.00236825  0.0952346
-14.4513  3.14159  3.14159  0.0109067  0.193387
-8.16814  3.14159  3.14159  0.0340805  0.328356
-5.65487  3.14159  3.14159  0.0620621  0.439238
-4.39823  3.14159  3.14159  0.0862826  0.515492
-3.14159  3.14159  3.14159  0.121404  0.597738
-1.88496  3.14159  3.14159  0.169773  0.631525
-0.628319  3.14159  3.14159  0.223745  0.40416
0.628319  3.14159  3.14159  0.223746  -0.40416
1.88496  3.14159  3.14159  0.169773  -0.631525
3.14159  3.14159  3.14159  0.121404  -0.597738
4.39823  3.14159  3.14159  0.0862827  -0.515492
5.65487  3.14159  3.14159  0.0620622  -0.439238
8.16814  3.14159  3.14159  0.0340806  -0.328356
10.6814  3.14159  3.14159  0.020409  -0.258021
14.4513  3.14159  3.14159  0.0109067  -0.193387
33.3009  3.14159  3.14159  0.00183979  -0.0844543
