-29.531  0  0  -0.00337097  0.112835
-14.4513  0  0  -0.0138947  0.226396
-8.16814  0  0  -0.041487  0.381299
-5.65487  0  0  -0.0786859  0.512082
-4.39823  0  0  -0.115514  0.60683
-3.14159  0  0  -0.177288  0.720306
-1.88496  0  0  -0.279978  0.801488
-0.628319  0  0  -0.424045  0.567727
0.628319  0  0  -0.424023  -0.567733
1.88496  0  0  -0.27998  -0.801496
3.14159  0  0  -0.177282  -0.720304
4.39823  0  0  -0.115512  -0.606828
5.65487  0  0  -0.0786893  -0.512081
8.16814  0  0  -0.0414893  -0.3813
10.6814  0  0  -0.0250295  -0.300372
14.4513  0  0  -0.0138966  -0.226396
33.3009  0  0  -0.00265339  -0.100166
-29.531  0  3.14159  0  0.11334
-14.4513  0  3.14159  0  0.230765
-8.16814  0  3.14159  0  0.403241
-5.65487  0  3.14159  0  0.568852
-4.39823  0  3.14159  0  0.710004
-3.14159  0  3.14159  0  0.935125
-1.88496  0  3.14159  0  1.36139
-0.628319  0  3.14159  0  2.66086
0.628319  0  3.14159  0  -2.66086
1.88496  0  3.14159  0  -1.36138
3.14159  0  3.14159  0  -0.935126
4.39823  0  3.14159  0  -0.710005
5.65487  0  3.14159  0  -0.568853
8.16814  0  3.14159  0  -0.403241
10.6814  0  3.14159  0  -0.310807
14.4513  0  3.14159  0  -0.230765
33.3009  0  3.14159  0  -0.100547
-29.531  3.14159  0  0  0.11334
-14.4513  3.14159  0  0  0.230765
-8.16814  3.14159  0  0  0.403241
-5.65487  3.14159  0  0  0.568852
-4.39823  3.14159  0  0  0.710004
-3.14159  3.14159  0  0  0.935125
-1.88496  3.14159  0  0  1.36139
-0.628319  3.14159  0  0  2.66086
0.628319  3.14159  0  0  -2.66086
1.88496  3.14159  0  0  -1.36138
3.14159  3.14159  0  0  -0.935126
4.39823  3.14159  0  0  -0.710005
5.65487  3.14159  0  0  -0.568853
8.16814  3.14159  0  0  -0.403241
10.6814  3.14159  0  0  -0.310807
14.4513  3.14159  0  0  -0.230765
33.3009  3.14159  0  0  -0.100547
-29.531  3.14159  3.14159  0.0033473  0.112836
-14.4513  3.14159  3.14159  0.013803  0.226408
-8.16814  3.14159  3.14159  0.0412434  0.381356
-5.65487  3.14159  3.14159  0.0782522  0.512221
-4.39823  3.14159  3.14159  0.114904  0.607063
-3.14159  3.14159  3.14159  0.176519  0.720703
-1.88496  3.14159  3.14159  0.279109  0.802118
-0.628319  3.14159  3.14159  0.423608  0.568277
0.628319  3.14159  3.14159  0.423631  -0.568283
1.88496  3.14159  3.14159  0.279107  -0.802126
3.14159  3.14159  3.14159  0.176525  -0.7207
4.39823  3.14159  3.14159  0.114906  -0.607061
5.65487  3.14159  3.14159  0.0782488  -0.51222
8.16814  3.14159  3.14159  0.0412412  -0.381356
10.6814  3.14159  3.14159  0.0248692  -0.3004
14.4513  3.14159  3.14159  0.013801  -0.226408
33.3009  3.14159  3.14159  0.00263507  -0.100166
