-29.531  0  0  -0.0101782  0.166546
-14.4513  0  0  -0.0350299  0.314294
-8.16814  0  0  -0.074427  0.470219
-5.65487  0  0  -0.103663  0.561547
-4.39823  0  0  -0.121458  0.604697
-3.14159  0  0  -0.139928  0.62421
-1.88496  0  0  -0.156267  0.564913
-0.628319  0  0  -0.166222  0.297354
0.628319  0  0  -0.166222  -0.297354
1.88496  0  0  -0.156267  -0.564913
3.14159  0  0  -0.139928  -0.62421
4.39823  0  0  -0.121458  -0.604697
5.65487  0  0  -0.103663  -0.561547
8.16814  0  0  -0.074427  -0.470219
10.6814  0  0  -0.0540281  -0.395443
14.4513  0  0  -0.0350298  -0.314294
33.3009  0  0  -0.00812281  -0.148578
-29.531  0  3.14159  0  0.166502
-14.4513  0  3.14159  0  0.31328
-8.16814  0  3.14159  0  0.463654
-5.65487  0  3.14159  0  0.548955
-4.39823  0  3.14159  0  0.592445
-3.14159  0  3.14159  0  0.630878
-1.88496  0  3.14159  0  0.661237
-0.628319  0  3.14159  0  0.682923
0.628319  0  3.14159  0  -0.682923
1.88496  0  3.14159  0  -0.661237
3.14159  0  3.14159  0  -0.630878
4.39823  0  3.14159  0  -0.592445
5.65487  0  3.14159  0  -0.548955
8.16814  0  3.14159  0  -0.463654
10.6814  0  3.14159  0  -0.392426
14.4513  0  3.14159  0  -0.31328
33.3009  0  3.14159  0  -0.148554
-29.531  3.14159  0  0  0.166502
-14.4513  3.14159  0  0  0.31328
-8.16814  3.14159  0  0  0.463654
-5.65487  3.14159  0  0  0.548955
-4.39823  3.14159  0  0  0.592445
-3.14159  3.14159  0  0  0.630878
-1.88496  3.14159  0  0  0.661237
-0.628319  3.14159  0  0  0.682923
0.628319  3.14159  0  0  -0.682923
1.88496  3.14159  0  0  -0.661237
3.14159  3.14159  0  0  -0.630878
4.39823  3.14159  0  0  -0.592445
5.65487  3.14159  0  0  -0.548955
8.16814  3.14159  0  0  -0.463654
10.6814  3.14159  0  0  -0.392426
14.4513  3.14159  0  0  -0.31328
33.3009  3.14159  0  0  -0.148554
-29.531  3.14159  3.14159  0.0100834  0.16655
-14.4513  3.14159  3.14159  0.0346741  0.314317
-8.16814  3.14159  3.14159  0.0735269  0.470279
-5.65487  3.14159  3.14159  0.102181  0.561629
-4.39823  3.14159  3.14159  0.119494  0.604787
-3.14159  3.14159  3.14159  0.1373  0.624296
-1.88496  3.14159  3.14159  0.15284  0.564979
-0.628319  3.14159  3.14159  0.162229  0.297379
0.628319  3.14159  3.14159  0.162229  -0.297379
1.88496  3.14159  3.14159  0.15284  -0.564979
3.14159  3.14159  3.14159  0.1373  -0.624296
4.39823  3.14159  3.14159  0.119494  -0.604787
5.65487  3.14159  3.14159  0.102181  -0.561629
8.16814  3.14159  3.14159  0.0735269  -0.470279
10.6814  3.14159  3.14159  0.0534347  -0.395484
14.4513  3.14159  3.14159  0.034674  -0.314317
33.3009  3.14159  3.14159  0.0080479  -0.148581
