-29.531  0  0  0.00213422  -0.124054
-14.4513  0  0  0.010034  -0.250932
-8.16814  0  0  0.0320605  -0.424968
-5.65487  0  0  0.0593564  -0.570336
-4.39823  0  0  0.0837056  -0.674096
-3.14159  0  0  0.1207  -0.795301
-1.88496  0  0  0.176328  -0.872884
-0.628319  0  0  0.247316  -0.591741
0.628319  0  0  0.247316  0.59174
1.88496  0  0  0.176329  0.872884
3.14159  0  0  0.120701  0.795301
4.39823  0  0  0.0837061  0.674096
5.65487  0  0  0.0593567  0.570337
8.16814  0  0  0.0320601  0.424969
10.6814  0  0  0.0189947  0.334164
14.4513  0  0  0.0100351  0.250931
33.3009  0  0  0.00165334  0.110052
-29.531  0  3.14159  0  -0.124418
-14.4513  0  3.14159  0  -0.254002
-8.16814  0  3.14159  0  -0.439109
-5.65487  0  3.14159  0  -0.603641
-4.39823  0  3.14159  0  -0.73321
-3.14159  0  3.14159  0  -0.925238
-1.88496  0  3.14159  0  -1.26726
-0.628319  0  3.14159  0  -2.93947
0.628319  0  3.14159  0  2.93947
1.88496  0  3.14159  0  1.26726
3.14159  0  3.14159  0  0.925237
4.39823  0  3.14159  0  0.73321
5.65487  0  3.14159  0  0.603641
8.16814  0  3.14159  0  0.439112
10.6814  0  3.14159  0  0.341288
14.4513  0  3.14159  0  0.253999
33.3009  0  3.14159  0  0.110305
-29.531  3.14159  0  0  -0.124418
-14.4513  3.14159  0  0  -0.254002
-8.16814  3.14159  0  0  -0.439109
-5.65487  3.14159  0  0  -0.603641
-4.39823  3.14159  0  0  -0.73321
-3.14159  3.14159  0  0  -0.925238
-1.88496  3.14159  0  0  -1.26726
-0.628319  3.14159  0  0  -2.93947
0.628319  3.14159  0  0  2.93947
1.88496  3.14159  0  0  1.26726
3.14159  3.14159  0  0  0.925237
4.39823  3.14159  0  0  0.73321
5.65487  3.14159  0  0  0.603641
8.16814  3.14159  0  0  0.439112
10.6814  3.14159  0  0  0.341288
14.4513  3.14159  0  0  0.253999
33.3009  3.14159  0  0  0.110305
-29.531  3.14159  3.14159  -0.00273519  -0.123972
-14.4513  3.14159  3.14159  -0.0121284  -0.25039
-8.16814  3.14159  3.14159  -0.0364693  -0.423146
-5.65487  3.14159  3.14159  -0.065093  -0.567113
-4.39823  3.14159  3.14159  -0.08962  -0.669819
-3.14159  3.14159  3.14159  -0.125268  -0.789852
-1.88496  3.14159  3.14159  -0.17572  -0.866874
-0.628319  3.14159  3.14159  -0.237695  -0.588414
0.628319  3.14159  3.14159  -0.237695  0.588414
1.88496  3.14159  3.14159  -0.175719  0.866874
3.14159  3.14159  3.14159  -0.125268  0.789852
4.39823  3.14159  3.14159  -0.0896195  0.669819
5.65487  3.14159  3.14159  -0.0650926  0.567113
8.16814  3.14159  3.14159  -0.0364695  0.423147
10.6814  3.14159  3.14159  -0.0222286  0.333087
14.4513  3.14159  3.14159  -0.0121278  0.250388
33.3009  3.14159  3.14159  -0.00213357  0.109995
