-29.531  0  0  -0.0101708  0.166653
-14.4513  0  0  -0.0350057  0.315132
-8.16814  0  0  -0.0743829  0.474029
-5.65487  0  0  -0.103611  0.570387
-4.39823  0  0  -0.121406  0.619026
-3.14159  0  0  -0.13989  0.647821
-1.88496  0  0  -0.156277  0.600648
-0.628319  0  0  -0.166306  0.329274
0.628319  0  0  -0.166306  -0.329274
1.88496  0  0  -0.156277  -0.600648
3.14159  0  0  -0.13989  -0.647821
4.39823  0  0  -0.121406  -0.619026
5.65487  0  0  -0.103611  -0.570387
8.16814  0  0  -0.0743829  -0.474029
10.6814  0  0  -0.0539931  -0.397357
14.4513  0  0  -0.0350057  -0.315133
33.3009  0  0  -0.00811721  -0.148654
-29.531  0  3.14159  0  0.166606
-14.4513  0  3.14159  0  0.314025
-8.16814  0  3.14159  0  0.466537
-5.65487  0  3.14159  0  0.554782
-4.39823  0  3.14159  0  0.601275
-3.14159  0  3.14159  0  0.645687
-1.88496  0  3.14159  0  0.693766
-0.628319  0  3.14159  0  0.895057
0.628319  0  3.14159  0  -0.895057
1.88496  0  3.14159  0  -0.693766
3.14159  0  3.14159  0  -0.645687
4.39823  0  3.14159  0  -0.601275
5.65487  0  3.14159  0  -0.554782
8.16814  0  3.14159  0  -0.466537
10.6814  0  3.14159  0  -0.39401
14.4513  0  3.14159  0  -0.314026
33.3009  0  3.14159  0  -0.148628
-29.531  3.14159  0  0  0.166606
-14.4513  3.14159  0  0  0.314025
-8.16814  3.14159  0  0  0.466537
-5.65487  3.14159  0  0  0.554782
-4.39823  3.14159  0  0  0.601275
-3.14159  3.14159  0  0  0.645687
-1.88496  3.14159  0  0  0.693766
-0.628319  3.14159  0  0  0.895057
0.628319  3.14159  0  0  -0.895057
1.88496  3.14159  0  0  -0.693766
3.14159  3.14159  0  0  -0.645687
4.39823  3.14159  0  0  -0.601275
5.65487  3.14159  0  0  -0.554782
8.16814  3.14159  0  0  -0.466537
10.6814  3.14159  0  0  -0.39401
14.4513  3.14159  0  0  -0.314026
33.3009  3.14159  0  0  -0.148628
-29.531  3.14159  3.14159  0.0100648  0.166657
-14.4513  3.14159  3.14159  0.0346041  0.315154
-8.16814  3.14159  3.14159  0.0733486  0.474088
-5.65487  3.14159  3.14159  0.101875  0.570469
-4.39823  3.14159  3.14159  0.119068  0.619114
-3.14159  3.14159  3.14159  0.136681  0.647907
-1.88496  3.14159  3.14159  0.151944  0.600713
-0.628319  3.14159  3.14159  0.161072  0.329299
0.628319  3.14159  3.14159  0.161072  -0.329299
1.88496  3.14159  3.14159  0.151944  -0.600713
3.14159  3.14159  3.14159  0.136681  -0.647907
4.39823  3.14159  3.14159  0.119068  -0.619114
5.65487  3.14159  3.14159  0.101875  -0.570469
8.16814  3.14159  3.14159  0.0733486  -0.474089
10.6814  3.14159  3.14159  0.0533181  -0.397398
14.4513  3.14159  3.14159  0.0346041  -0.315155
33.3009  3.14159  3.14159  0.00803327  -0.148657
