-29.531  0  0  -0.0035357  0.121894
-14.4513  0  0  -0.0145552  0.244402
-8.16814  0  0  -0.0433574  0.411204
-5.65487  0  0  -0.0821502  0.551667
-4.39823  0  0  -0.120608  0.653208
-3.14159  0  0  -0.185236  0.775054
-1.88496  0  0  -0.293422  0.862999
-0.628319  0  0  -0.447003  0.613554
0.628319  0  0  -0.446934  -0.613572
1.88496  0  0  -0.293427  -0.863023
3.14159  0  0  -0.18522  -0.775047
4.39823  0  0  -0.1206  -0.653202
5.65487  0  0  -0.0821609  -0.551664
8.16814  0  0  -0.0433653  -0.411206
10.6814  0  0  -0.0261921  -0.32408
14.4513  0  0  -0.0145607  -0.244403
33.3009  0  0  -0.00278297  -0.108173
-29.531  0  3.14159  0  0.122414
-14.4513  0  3.14159  0  0.24928
-8.16814  0  3.14159  0  0.435681
-5.65487  0  3.14159  0  0.614994
-4.39823  0  3.14159  0  0.768612
-3.14159  0  3.14159  0  1.0151
-1.88496  0  3.14159  0  1.48771
-0.628319  0  3.14159  0  3.05025
0.628319  0  3.14159  0  -3.05023
1.88496  0  3.14159  0  -1.4877
3.14159  0  3.14159  0  -1.0151
4.39823  0  3.14159  0  -0.768614
5.65487  0  3.14159  0  -0.614996
8.16814  0  3.14159  0  -0.43568
10.6814  0  3.14159  0  -0.335731
14.4513  0  3.14159  0  -0.249279
33.3009  0  3.14159  0  -0.108626
-29.531  3.14159  0  0  0.122414
-14.4513  3.14159  0  0  0.24928
-8.16814  3.14159  0  0  0.435681
-5.65487  3.14159  0  0  0.614994
-4.39823  3.14159  0  0  0.768612
-3.14159  3.14159  0  0  1.0151
-1.88496  3.14159  0  0  1.48771
-0.628319  3.14159  0  0  3.05025
0.628319  3.14159  0  0  -3.05023
1.88496  3.14159  0  0  -1.4877
3.14159  3.14159  0  0  -1.0151
4.39823  3.14159  0  0  -0.768614
5.65487  3.14159  0  0  -0.614996
8.16814  3.14159  0  0  -0.43568
10.6814  3.14159  0  0  -0.335731
14.4513  3.14159  0  0  -0.249279
33.3009  3.14159  0  0  -0.108626
-29.531  3.14159  3.14159  0.0035091  0.121895
-14.4513  3.14159  3.14159  0.0144545  0.244414
-8.16814  3.14159  3.14159  0.0431059  0.411263
-5.65487  3.14159  3.14159  0.0816922  0.551813
-4.39823  3.14159  3.14159  0.119943  0.653451
-3.14159  3.14159  3.14159  0.184546  0.775472
-1.88496  3.14159  3.14159  0.292788  0.863668
-0.628319  3.14159  3.14159  0.446667  0.614123
0.628319  3.14159  3.14159  0.446737  -0.614141
1.88496  3.14159  3.14159  0.292784  -0.863692
3.14159  3.14159  3.14159  0.184562  -0.775465
4.39823  3.14159  3.14159  0.11995  -0.653445
5.65487  3.14159  3.14159  0.0816815  -0.55181
8.16814  3.14159  3.14159  0.0430981  -0.411265
10.6814  3.14159  3.14159  0.0260149  -0.324109
14.4513  3.14159  3.14159  0.0144488  -0.244415
33.3009  3.14159  3.14159  0.00276299  -0.108174
