-29.531  0  0  -0.00238899  0.0954839
-14.4513  0  0  -0.0109949  0.193875
-8.16814  0  0  -0.0343522  0.329144
-5.65487  0  0  -0.062592  0.440282
-4.39823  0  0  -0.0870786  0.516747
-3.14159  0  0  -0.12265  0.599312
-1.88496  0  0  -0.17168  0.633507
-0.628319  0  0  -0.226112  0.405838
0.628319  0  0  -0.226112  -0.405838
1.88496  0  0  -0.17168  -0.633507
3.14159  0  0  -0.122649  -0.599312
4.39823  0  0  -0.0870785  -0.516747
5.65487  0  0  -0.0625919  -0.440282
8.16814  0  0  -0.0343521  -0.329144
10.6814  0  0  -0.0205703  -0.258655
14.4513  0  0  -0.0109949  -0.193875
33.3009  0  0  -0.00185609  -0.084676
-29.531  0  3.14159  0  0.0957026
-14.4513  0  3.14159  0  0.195717
-8.16814  0  3.14159  0  0.337042
-5.65487  0  3.14159  0  0.457826
-4.39823  0  3.14159  0  0.547909
-3.14159  0  3.14159  0  0.672053
-1.88496  0  3.14159  0  0.86889
-0.628319  0  3.14159  0  1.33133
0.628319  0  3.14159  0  -1.33133
1.88496  0  3.14159  0  -0.86889
3.14159  0  3.14159  0  -0.672053
4.39823  0  3.14159  0  -0.547909
5.65487  0  3.14159  0  -0.457826
8.16814  0  3.14159  0  -0.337042
10.6814  0  3.14159  0  -0.262811
14.4513  0  3.14159  0  -0.195717
33.3009  0  3.14159  0  -0.0848277
-29.531  3.14159  0  0  0.0957026
-14.4513  3.14159  0  0  0.195717
-8.16814  3.14159  0  0  0.337042
-5.65487  3.14159  0  0  0.457826
-4.39823  3.14159  0  0  0.547909
-3.14159  3.14159  0  0  0.672053
-1.88496  3.14159  0  0  0.86889
-0.628319  3.14159  0  0  1.33133
0.628319  3.14159  0  0  -1.33133
1.88496  3.14159  0  0  -0.86889
3.14159  3.14159  0  0  -0.672053
4.39823  3.14159  0  0  -0.547909
5.65487  3.14159  0  0  -0.457826
8.16814  3.14159  0  0  -0.337042
10.6814  3.14159  0  0  -0.262811
14.4513  3.14159  0  0  -0.195717
33.3009  3.14159  0  0  -0.0848277
-29.531  3.14159  3.14159  0.00236886  0.0954849
-14.4513  3.14159  3.14159  0.010908  0.193885
-8.16814  3.14159  3.14159  0.0340805  0.329191
-5.65487  3.14159  3.14159  0.0620601  0.44038
-4.39823  3.14159  3.14159  0.0862815  0.516891
-3.14159  3.14159  3.14159  0.121414  0.59952
-1.88496  3.14159  3.14159  0.16983  0.633774
-0.628319  3.14159  3.14159  0.223937  0.406033
0.628319  3.14159  3.14159  0.223937  -0.406033
1.88496  3.14159  3.14159  0.16983  -0.633774
3.14159  3.14159  3.14159  0.121414  -0.59952
4.39823  3.14159  3.14159  0.0862816  -0.516891
5.65487  3.14159  3.14159  0.0620602  -0.44038
8.16814  3.14159  3.14159  0.0340807  -0.329191
10.6814  3.14159  3.14159  0.0204101  -0.258678
14.4513  3.14159  3.14159  0.010908  -0.193885
33.3009  3.14159  3.14159  0.0018403  -0.0846767
