-29.531  0  0  -0.00323335  0.105453
-14.4513  0  0  -0.013343  0.211702
-8.16814  0  0  -0.0399229  0.356903
-5.65487  0  0  -0.0757948  0.479759
-4.39823  0  0  -0.111269  0.568876
-3.14159  0  0  -0.170624  0.675426
-1.88496  0  0  -0.268673  0.750737
-0.628319  0  0  -0.404741  0.529446
0.628319  0  0  -0.404734  -0.529448
1.88496  0  0  -0.268673  -0.75074
3.14159  0  0  -0.170622  -0.675425
4.39823  0  0  -0.111268  -0.568876
5.65487  0  0  -0.0757957  -0.479759
8.16814  0  0  -0.0399235  -0.356903
10.6814  0  0  -0.024059  -0.281013
14.4513  0  0  -0.0133435  -0.211703
33.3009  0  0  -0.00254496  -0.0936224
-29.531  0  3.14159  0  0.105924
-14.4513  0  3.14159  0  0.215656
-8.16814  0  3.14159  0  0.376791
-5.65487  0  3.14159  0  0.531183
-4.39823  0  3.14159  0  0.662222
-3.14159  0  3.14159  0  0.869932
-1.88496  0  3.14159  0  1.25802
-0.628319  0  3.14159  0  2.34974
0.628319  0  3.14159  0  -2.34974
1.88496  0  3.14159  0  -1.25802
3.14159  0  3.14159  0  -0.869932
4.39823  0  3.14159  0  -0.662223
5.65487  0  3.14159  0  -0.531183
8.16814  0  3.14159  0  -0.376791
10.6814  0  3.14159  0  -0.290464
14.4513  0  3.14159  0  -0.215656
33.3009  0  3.14159  0  -0.09396
-29.531  3.14159  0  0  0.105924
-14.4513  3.14159  0  0  0.215656
-8.16814  3.14159  0  0  0.376791
-5.65487  3.14159  0  0  0.531183
-4.39823  3.14159  0  0  0.662222
-3.14159  3.14159  0  0  0.869932
-1.88496  3.14159  0  0  1.25802
-0.628319  3.14159  0  0  2.34974
0.628319  3.14159  0  0  -2.34974
1.88496  3.14159  0  0  -1.25802
3.14159  3.14159  0  0  -0.869932
4.39823  3.14159  0  0  -0.662223
5.65487  3.14159  0  0  -0.531183
8.16814  3.14159  0  0  -0.376791
10.6814  3.14159  0  0  -0.290464
14.4513  3.14159  0  0  -0.215656
33.3009  3.14159  0  0  -0.09396
-29.531  3.14159  3.14159  0.00321165  0.105455
-14.4513  3.14159  3.14159  0.0132576  0.211713
-8.16814  3.14159  3.14159  0.0396906  0.356958
-5.65487  3.14159  3.14159  0.0753845  0.479893
-4.39823  3.14159  3.14159  0.110698  0.5691
-3.14159  3.14159  3.14159  0.169854  0.675805
-1.88496  3.14159  3.14159  0.267747  0.751335
-0.628319  3.14159  3.14159  0.404271  0.52998
0.628319  3.14159  3.14159  0.404278  -0.529982
1.88496  3.14159  3.14159  0.267747  -0.751337
3.14159  3.14159  3.14159  0.169856  -0.675804
4.39823  3.14159  3.14159  0.110699  -0.569099
5.65487  3.14159  3.14159  0.0753837  -0.479893
8.16814  3.14159  3.14159  0.0396902  -0.356958
10.6814  3.14159  3.14159  0.0239106  -0.281039
14.4513  3.14159  3.14159  0.013257  -0.211714
33.3009  3.14159  3.14159  0.00252802  -0.0936233
