-29.531  0  0  -0.00241579  0.106536
-14.4513  0  0  -0.011061  0.215868
-8.16814  0  0  -0.034399  0.36596
-5.65487  0  0  -0.0626065  0.49035
-4.39823  0  0  -0.0871791  0.577637
-3.14159  0  0  -0.12328  0.676012
-1.88496  0  0  -0.174376  0.7291
-0.628319  0  0  -0.234473  0.484134
0.628319  0  0  -0.234473  -0.484134
1.88496  0  0  -0.174376  -0.7291
3.14159  0  0  -0.12328  -0.676012
4.39823  0  0  -0.087179  -0.577637
5.65487  0  0  -0.0626064  -0.49035
8.16814  0  0  -0.0343989  -0.365959
10.6814  0  0  -0.0206388  -0.287699
14.4513  0  0  -0.0110608  -0.215869
33.3009  0  0  -0.00187798  -0.0944967
-29.531  0  3.14159  0  0.106825
-14.4513  0  3.14159  0  0.218275
-8.16814  0  3.14159  0  0.376522
-5.65487  0  3.14159  0  0.514255
-4.39823  0  3.14159  0  0.619657
-3.14159  0  3.14159  0  0.770384
-1.88496  0  3.14159  0  1.02746
-0.628319  0  3.14159  0  1.9299
0.628319  0  3.14159  0  -1.9299
1.88496  0  3.14159  0  -1.02746
3.14159  0  3.14159  0  -0.770384
4.39823  0  3.14159  0  -0.619657
5.65487  0  3.14159  0  -0.514255
8.16814  0  3.14159  0  -0.376522
10.6814  0  3.14159  0  -0.293171
14.4513  0  3.14159  0  -0.218275
33.3009  0  3.14159  0  -0.0946973
-29.531  3.14159  0  0  0.106825
-14.4513  3.14159  0  0  0.218275
-8.16814  3.14159  0  0  0.376522
-5.65487  3.14159  0  0  0.514255
-4.39823  3.14159  0  0  0.619657
-3.14159  3.14159  0  0  0.770384
-1.88496  3.14159  0  0  1.02746
-0.628319  3.14159  0  0  1.9299
0.628319  3.14159  0  0  -1.9299
1.88496  3.14159  0  0  -1.02746
3.14159  3.14159  0  0  -0.770384
4.39823  3.14159  0  0  -0.619657
5.65487  3.14159  0  0  -0.514255
8.16814  3.14159  0  0  -0.376522
10.6814  3.14159  0  0  -0.293171
14.4513  3.14159  0  0  -0.218275
33.3009  3.14159  0  0  -0.0946973
-29.531  3.14159  3.14159  0.00239336  0.106537
-14.4513  3.14159  3.14159  0.0109641  0.215878
-8.16814  3.14159  3.14159  0.0340939  0.366006
-5.65487  3.14159  3.14159  0.0619986  0.490449
-4.39823  3.14159  3.14159  0.0862515  0.577784
-3.14159  3.14159  3.14159  0.121797  0.676227
-1.88496  3.14159  3.14159  0.172051  0.729386
-0.628319  3.14159  3.14159  0.231572  0.484322
0.628319  3.14159  3.14159  0.231572  -0.484322
1.88496  3.14159  3.14159  0.172051  -0.729386
3.14159  3.14159  3.14159  0.121797  -0.676227
4.39823  3.14159  3.14159  0.0862516  -0.577784
5.65487  3.14159  3.14159  0.0619987  -0.490449
8.16814  3.14159  3.14159  0.034094  -0.366006
10.6814  3.14159  3.14159  0.0204601  -0.287723
14.4513  3.14159  3.14159  0.0109642  -0.215878
33.3009  3.14159  3.14159  0.00186037  -0.0944974
