-29.531  0  0  0.00232942  -0.0951819
-14.4513  0  0  0.0107823  -0.193308
-8.16814  0  0  0.0338751  -0.328275
-5.65487  0  0  0.0619057  -0.439161
-4.39823  0  0  0.0862704  -0.515405
-3.14159  0  0  0.121747  -0.597607
-1.88496  0  0  0.170802  -0.631281
-0.628319  0  0  0.225449  -0.403852
0.628319  0  0  0.225449  0.403852
1.88496  0  0  0.170802  0.631281
3.14159  0  0  0.121747  0.597607
4.39823  0  0  0.0862704  0.515405
5.65487  0  0  0.0619057  0.439161
8.16814  0  0  0.0338749  0.328275
10.6814  0  0  0.0202336  0.257937
14.4513  0  0  0.0107824  0.193308
33.3009  0  0  0.0018086  0.0844064
-29.531  0  3.14159  0  -0.0953918
-14.4513  0  3.14159  0  -0.195087
-8.16814  0  3.14159  0  -0.335941
-5.65487  0  3.14159  0  -0.45625
-4.39823  0  3.14159  0  -0.545903
-3.14159  0  3.14159  0  -0.66929
-1.88496  0  3.14159  0  -0.864304
-0.628319  0  3.14159  0  -1.31524
0.628319  0  3.14159  0  1.31524
1.88496  0  3.14159  0  0.864304
3.14159  0  3.14159  0  0.66929
4.39823  0  3.14159  0  0.545903
5.65487  0  3.14159  0  0.45625
8.16814  0  3.14159  0  0.335941
10.6814  0  3.14159  0  0.261964
14.4513  0  3.14159  0  0.195087
33.3009  0  3.14159  0  0.0845519
-29.531  3.14159  0  0  -0.0953918
-14.4513  3.14159  0  0  -0.195087
-8.16814  3.14159  0  0  -0.335941
-5.65487  3.14159  0  0  -0.45625
-4.39823  3.14159  0  0  -0.545903
-3.14159  3.14159  0  0  -0.66929
-1.88496  3.14159  0  0  -0.864304
-0.628319  3.14159  0  0  -1.31524
0.628319  3.14159  0  0  1.31524
1.88496  3.14159  0  0  0.864304
3.14159  3.14159  0  0  0.66929
4.39823  3.14159  0  0  0.545903
5.65487  3.14159  0  0  0.45625
8.16814  3.14159  0  0  0.335941
10.6814  3.14159  0  0  0.261964
14.4513  3.14159  0  0  0.195087
33.3009  3.14159  0  0  0.0845519
-29.531  3.14159  3.14159  -0.00242696  -0.0951691
-14.4513  3.14159  3.14159  -0.0111173  -0.193224
-8.16814  3.14159  3.14159  -0.0345578  -0.328
-5.65487  3.14159  3.14159  -0.0627514  -0.438684
-4.39823  3.14159  3.14159  -0.0870918  -0.514782
-3.14159  3.14159  3.14159  -0.122289  -0.596829
-1.88496  3.14159  3.14159  -0.170559  -0.63045
-0.628319  3.14159  3.14159  -0.224113  -0.403397
0.628319  3.14159  3.14159  -0.224113  0.403397
1.88496  3.14159  3.14159  -0.17056  0.63045
3.14159  3.14159  3.14159  -0.122289  0.596829
4.39823  3.14159  3.14159  -0.0870918  0.514782
5.65487  3.14159  3.14159  -0.0627514  0.438684
8.16814  3.14159  3.14159  -0.0345579  0.328
10.6814  3.14159  3.14159  -0.0207443  0.257773
14.4513  3.14159  3.14159  -0.0111173  0.193224
33.3009  3.14159  3.14159  -0.00188654  0.0843973
