-29.531  0  0  3.26462e-05  -0.00231927
-14.4513  0  0  0.000735487  -0.0160937
-8.16814  0  0  0.00484513  -0.0597206
-5.65487  0  0  0.0127027  -0.118186
-4.39823  0  0  0.0221314  -0.172905
-3.14159  0  0  0.0412827  -0.254957
-1.88496  0  0  0.0822817  -0.348465
-0.628319  0  0  0.156971  -0.286953
0.628319  0  0  0.156971  0.286953
1.88496  0  0  0.0822814  0.348465
3.14159  0  0  0.0412823  0.254957
4.39823  0  0  0.0221311  0.172906
5.65487  0  0  0.0127024  0.118186
8.16814  0  0  0.00484493  0.0597206
10.6814  0  0  0.00211894  0.0333588
14.4513  0  0  0.000735364  0.0160937
33.3009  0  0  1.62349e-05  0.00164388
-29.531  0  3.14159  0  -0.00231745
-14.4513  0  3.14159  0  -0.0160787
-8.16814  0  3.14159  0  -0.0596879
-5.65487  0  3.14159  0  -0.118464
-4.39823  0  3.14159  0  -0.175615
-3.14159  0  3.14159  0  -0.275112
-1.88496  0  3.14159  0  -0.488098
-0.628319  0  3.14159  0  -1.26744
0.628319  0  3.14159  0  1.26744
1.88496  0  3.14159  0  0.488098
3.14159  0  3.14159  0  0.275112
4.39823  0  3.14159  0  0.175615
5.65487  0  3.14159  0  0.118464
8.16814  0  3.14159  0  0.0596879
10.6814  0  3.14159  0  0.033336
14.4513  0  3.14159  0  0.0160787
33.3009  0  3.14159  0  0.00164271
-29.531  3.14159  0  0  -0.00231745
-14.4513  3.14159  0  0  -0.0160787
-8.16814  3.14159  0  0  -0.0596879
-5.65487  3.14159  0  0  -0.118464
-4.39823  3.14159  0  0  -0.175615
-3.14159  3.14159  0  0  -0.275112
-1.88496  3.14159  0  0  -0.488098
-0.628319  3.14159  0  0  -1.26744
0.628319  3.14159  0  0  1.26744
1.88496  3.14159  0  0  0.488098
3.14159  3.14159  0  0  0.275112
4.39823  3.14159  0  0  0.175615
5.65487  3.14159  0  0  0.118464
8.16814  3.14159  0  0  0.0596879
10.6814  3.14159  0  0  0.033336
14.4513  3.14159  0  0  0.0160787
33.3009  3.14159  0  0  0.00164271
-29.531  3.14159  3.14159  -8.21574e-05  -0.00231791
-14.4513  3.14159  3.14159  -0.000918154  -0.01608
-8.16814  3.14159  3.14159  -0.00527958  -0.0596446
-5.65487  3.14159  3.14159  -0.0133459  -0.117999
-4.39823  3.14159  3.14159  -0.0228818  -0.172603
-3.14159  3.14159  3.14159  -0.0420492  -0.254478
-1.88496  3.14159  3.14159  -0.0827738  -0.347813
-0.628319  3.14159  3.14159  -0.15694  -0.286516
0.628319  3.14159  3.14159  -0.15694  0.286516
1.88496  3.14159  3.14159  -0.0827741  0.347812
3.14159  3.14159  3.14159  -0.0420495  0.254478
4.39823  3.14159  3.14159  -0.0228821  0.172603
5.65487  3.14159  3.14159  -0.0133461  0.117999
8.16814  3.14159  3.14159  -0.00527978  0.0596446
10.6814  3.14159  3.14159  -0.00241702  0.0333238
14.4513  3.14159  3.14159  -0.000918282  0.01608
33.3009  3.14159  3.14159  -5.56012e-05  0.00164294
