-29.531  0  0  -0.0034387  0.11653
-14.4513  0  0  -0.0141663  0.233745
-8.16814  0  0  -0.0422563  0.393503
-5.65487  0  0  -0.08011  0.528241
-4.39823  0  0  -0.117607  0.625777
-3.14159  0  0  -0.18056  0.742681
-1.88496  0  0  -0.285519  0.826678
-0.628319  0  0  -0.433505  0.58657
0.628319  0  0  -0.433468  -0.586579
1.88496  0  0  -0.285521  -0.826691
3.14159  0  0  -0.180552  -0.742677
4.39823  0  0  -0.117603  -0.625773
5.65487  0  0  -0.0801157  -0.528239
8.16814  0  0  -0.0422604  -0.393504
10.6814  0  0  -0.0255074  -0.310051
14.4513  0  0  -0.0141693  -0.233746
33.3009  0  0  -0.00270672  -0.103435
-29.531  0  3.14159  0  0.117046
-14.4513  0  3.14159  0  0.238322
-8.16814  0  3.14159  0  0.416478
-5.65487  0  3.14159  0  0.587691
-4.39823  0  3.14159  0  0.733917
-3.14159  0  3.14159  0  0.967753
-1.88496  0  3.14159  0  1.41297
-0.628319  0  3.14159  0  2.81877
0.628319  0  3.14159  0  -2.81876
1.88496  0  3.14159  0  -1.41296
3.14159  0  3.14159  0  -0.967754
4.39823  0  3.14159  0  -0.733918
5.65487  0  3.14159  0  -0.587692
8.16814  0  3.14159  0  -0.416477
10.6814  0  3.14159  0  -0.320981
14.4513  0  3.14159  0  -0.238322
33.3009  0  3.14159  0  -0.103843
-29.531  3.14159  0  0  0.117046
-14.4513  3.14159  0  0  0.238322
-8.16814  3.14159  0  0  0.416478
-5.65487  3.14159  0  0  0.587691
-4.39823  3.14159  0  0  0.733917
-3.14159  3.14159  0  0  0.967753
-1.88496  3.14159  0  0  1.41297
-0.628319  3.14159  0  0  2.81877
0.628319  3.14159  0  0  -2.81876
1.88496  3.14159  0  0  -1.41296
3.14159  3.14159  0  0  -0.967754
4.39823  3.14159  0  0  -0.733918
5.65487  3.14159  0  0  -0.587692
8.16814  3.14159  0  0  -0.416477
10.6814  3.14159  0  0  -0.320981
14.4513  3.14159  0  0  -0.238322
33.3009  3.14159  0  0  -0.103843
-29.531  3.14159  3.14159  0.00341389  0.116532
-14.4513  3.14159  3.14159  0.0140711  0.233757
-8.16814  3.14159  3.14159  0.0420087  0.393561
-5.65487  3.14159  3.14159  0.0796656  0.528383
-4.39823  3.14159  3.14159  0.116975  0.626014
-3.14159  3.14159  3.14159  0.179812  0.743087
-1.88496  3.14159  3.14159  0.284721  0.827324
-0.628319  3.14159  3.14159  0.4331  0.587128
0.628319  3.14159  3.14159  0.433138  -0.587137
1.88496  3.14159  3.14159  0.284718  -0.827337
3.14159  3.14159  3.14159  0.179821  -0.743083
4.39823  3.14159  3.14159  0.116979  -0.62601
5.65487  3.14159  3.14159  0.0796599  -0.528382
8.16814  3.14159  3.14159  0.0420048  -0.393562
10.6814  3.14159  3.14159  0.0253405  -0.310079
14.4513  3.14159  3.14159  0.0140679  -0.233758
33.3009  3.14159  3.14159  0.00268767  -0.103436
