-29.531  0  0  3.27182e-05  -0.00231774
-14.4513  0  0  0.000735649  -0.0160808
-8.16814  0  0  0.0048458  -0.059657
-5.65487  0  0  0.0127057  -0.118027
-4.39823  0  0  0.0221377  -0.172632
-3.14159  0  0  0.0412922  -0.254463
-1.88496  0  0  0.0822718  -0.347612
-0.628319  0  0  0.156823  -0.286086
0.628319  0  0  0.156822  0.286087
1.88496  0  0  0.0822714  0.347612
3.14159  0  0  0.0412919  0.254463
4.39823  0  0  0.0221374  0.172632
5.65487  0  0  0.0127055  0.118028
8.16814  0  0  0.0048456  0.059657
10.6814  0  0  0.00211919  0.0333283
14.4513  0  0  0.000735526  0.0160808
33.3009  0  0  1.62943e-05  0.0016428
-29.531  0  3.14159  0  -0.00231593
-14.4513  0  3.14159  0  -0.0160662
-8.16814  0  3.14159  0  -0.0596287
-5.65487  0  3.14159  0  -0.118322
-4.39823  0  3.14159  0  -0.175372
-3.14159  0  3.14159  0  -0.274652
-1.88496  0  3.14159  0  -0.486972
-0.628319  0  3.14159  0  -1.26025
0.628319  0  3.14159  0  1.26025
1.88496  0  3.14159  0  0.486972
3.14159  0  3.14159  0  0.274652
4.39823  0  3.14159  0  0.175372
5.65487  0  3.14159  0  0.118322
8.16814  0  3.14159  0  0.0596287
10.6814  0  3.14159  0  0.0333069
14.4513  0  3.14159  0  0.0160662
33.3009  0  3.14159  0  0.00164165
-29.531  3.14159  0  0  -0.00231593
-14.4513  3.14159  0  0  -0.0160662
-8.16814  3.14159  0  0  -0.0596287
-5.65487  3.14159  0  0  -0.118322
-4.39823  3.14159  0  0  -0.175372
-3.14159  3.14159  0  0  -0.274652
-1.88496  3.14159  0  0  -0.486972
-0.628319  3.14159  0  0  -1.26025
0.628319  3.14159  0  0  1.26025
1.88496  3.14159  0  0  0.486972
3.14159  3.14159  0  0  0.274652
4.39823  3.14159  0  0  0.175372
5.65487  3.14159  0  0  0.118322
8.16814  3.14159  0  0  0.0596287
10.6814  3.14159  0  0  0.0333069
14.4513  3.14159  0  0  0.0160662
33.3009  3.14159  0  0  0.00164165
-29.531  3.14159  3.14159  -8.20507e-05  -0.00231638
-14.4513  3.14159  3.14159  -0.000917624  -0.0160672
-8.16814  3.14159  3.14159  -0.00527847  -0.0595813
-5.65487  3.14159  3.14159  -0.0133461  -0.117841
-4.39823  3.14159  3.14159  -0.0228846  -0.17233
-3.14159  3.14159  3.14159  -0.0420548  -0.253986
-1.88496  3.14159  3.14159  -0.0827607  -0.346962
-0.628319  3.14159  3.14159  -0.156791  -0.285651
0.628319  3.14159  3.14159  -0.156791  0.285651
1.88496  3.14159  3.14159  -0.0827611  0.346962
3.14159  3.14159  3.14159  -0.0420551  0.253986
4.39823  3.14159  3.14159  -0.0228849  0.17233
5.65487  3.14159  3.14159  -0.0133463  0.117841
8.16814  3.14159  3.14159  -0.00527867  0.0595812
10.6814  3.14159  3.14159  -0.0024161  0.0332933
14.4513  3.14159  3.14159  -0.000917752  0.0160672
33.3009  3.14159  3.14159  -5.55196e-05  0.00164187
