-29.531  0  0  3.23772e-05  -0.00232501
-14.4513  0  0  0.000734876  -0.0161415
-8.16814  0  0  0.00484263  -0.0599572
-5.65487  0  0  0.0126916  -0.118777
-4.39823  0  0  0.022108  -0.173923
-3.14159  0  0  0.0412472  -0.256794
-1.88496  0  0  0.082318  -0.351639
-0.628319  0  0  0.15752  -0.290175
0.628319  0  0  0.15752  0.290175
1.88496  0  0  0.0823176  0.351639
3.14159  0  0  0.0412468  0.256794
4.39823  0  0  0.0221077  0.173923
5.65487  0  0  0.0126913  0.118777
8.16814  0  0  0.00484243  0.0599572
10.6814  0  0  0.00211797  0.0334726
14.4513  0  0  0.000734755  0.0161415
33.3009  0  0  1.60127e-05  0.00164788
-29.531  0  3.14159  0  -0.00232313
-14.4513  0  3.14159  0  -0.0161251
-8.16814  0  3.14159  0  -0.059908
-5.65487  0  3.14159  0  -0.118994
-4.39823  0  3.14159  0  -0.176517
-3.14159  0  3.14159  0  -0.276819
-1.88496  0  3.14159  0  -0.492269
-0.628319  0  3.14159  0  -1.2943
0.628319  0  3.14159  0  1.2943
1.88496  0  3.14159  0  0.492269
3.14159  0  3.14159  0  0.276819
4.39823  0  3.14159  0  0.176517
5.65487  0  3.14159  0  0.118994
8.16814  0  3.14159  0  0.059908
10.6814  0  3.14159  0  0.0334443
14.4513  0  3.14159  0  0.0161251
33.3009  0  3.14159  0  0.00164668
-29.531  3.14159  0  0  -0.00232313
-14.4513  3.14159  0  0  -0.0161251
-8.16814  3.14159  0  0  -0.059908
-5.65487  3.14159  0  0  -0.118994
-4.39823  3.14159  0  0  -0.176517
-3.14159  3.14159  0  0  -0.276819
-1.88496  3.14159  0  0  -0.492269
-0.628319  3.14159  0  0  -1.2943
0.628319  3.14159  0  0  1.2943
1.88496  3.14159  0  0  0.492269
3.14159  3.14159  0  0  0.276819
4.39823  3.14159  0  0  0.176517
5.65487  3.14159  0  0  0.118994
8.16814  3.14159  0  0  0.059908
10.6814  3.14159  0  0  0.0334443
14.4513  3.14159  0  0  0.0161251
33.3009  3.14159  0  0  0.00164668
-29.531  3.14159  3.14159  -8.25548e-05  -0.00232363
-14.4513  3.14159  3.14159  -0.000920127  -0.0161278
-8.16814  3.14159  3.14159  -0.00528372  -0.0598805
-5.65487  3.14159  3.14159  -0.0133453  -0.118588
-4.39823  3.14159  3.14159  -0.0228716  -0.173617
-3.14159  3.14159  3.14159  -0.0420285  -0.256309
-1.88496  3.14159  3.14159  -0.0828218  -0.350977
-0.628319  3.14159  3.14159  -0.157491  -0.289731
0.628319  3.14159  3.14159  -0.157491  0.28973
1.88496  3.14159  3.14159  -0.0828222  0.350977
3.14159  3.14159  3.14159  -0.0420288  0.256309
4.39823  3.14159  3.14159  -0.0228719  0.173617
5.65487  3.14159  3.14159  -0.0133456  0.118588
8.16814  3.14159  3.14159  -0.00528392  0.0598805
10.6814  3.14159  3.14159  -0.00242042  0.0334372
14.4513  3.14159  3.14159  -0.000920255  0.0161278
33.3009  3.14159  3.14159  -5.59053e-05  0.00164694
