-29.531  0  0  -0.0101782  0.166545
-14.4513  0  0  -0.0350301  0.314289
-8.16814  0  0  -0.0744275  0.470196
-5.65487  0  0  -0.103664  0.561493
-4.39823  0  0  -0.121458  0.604611
-3.14159  0  0  -0.139929  0.624068
-1.88496  0  0  -0.156268  0.564703
-0.628319  0  0  -0.166222  0.297168
0.628319  0  0  -0.166222  -0.297168
1.88496  0  0  -0.156268  -0.564703
3.14159  0  0  -0.139929  -0.624068
4.39823  0  0  -0.121458  -0.604611
5.65487  0  0  -0.103664  -0.561493
8.16814  0  0  -0.0744275  -0.470196
10.6814  0  0  -0.0540284  -0.395432
14.4513  0  0  -0.03503  -0.314289
33.3009  0  0  -0.00812286  -0.148578
-29.531  0  3.14159  0  0.166502
-14.4513  0  3.14159  0  0.313275
-8.16814  0  3.14159  0  0.463636
-5.65487  0  3.14159  0  0.548919
-4.39823  0  3.14159  0  0.592389
-3.14159  0  3.14159  0  0.630783
-1.88496  0  3.14159  0  0.661014
-0.628319  0  3.14159  0  0.681807
0.628319  0  3.14159  0  -0.681807
1.88496  0  3.14159  0  -0.661014
3.14159  0  3.14159  0  -0.630783
4.39823  0  3.14159  0  -0.592389
5.65487  0  3.14159  0  -0.548919
8.16814  0  3.14159  0  -0.463636
10.6814  0  3.14159  0  -0.392417
14.4513  0  3.14159  0  -0.313275
33.3009  0  3.14159  0  -0.148553
-29.531  3.14159  0  0  0.166502
-14.4513  3.14159  0  0  0.313275
-8.16814  3.14159  0  0  0.463636
-5.65487  3.14159  0  0  0.548919
-4.39823  3.14159  0  0  0.592389
-3.14159  3.14159  0  0  0.630783
-1.88496  3.14159  0  0  0.661014
-0.628319  3.14159  0  0  0.681807
0.628319  3.14159  0  0  -0.681807
1.88496  3.14159  0  0  -0.661014
3.14159  3.14159  0  0  -0.630783
4.39823  3.14159  0  0  -0.592389
5.65487  3.14159  0  0  -0.548919
8.16814  3.14159  0  0  -0.463636
10.6814  3.14159  0  0  -0.392417
14.4513  3.14159  0  0  -0.313275
33.3009  3.14159  0  0  -0.148553
-29.531  3.14159  3.14159  0.0100835  0.166549
-14.4513  3.14159  3.14159  0.0346746  0.314312
-8.16814  3.14159  3.14159  0.0735281  0.470255
-5.65487  3.14159  3.14159  0.102183  0.561575
-4.39823  3.14159  3.14159  0.119497  0.6047
-3.14159  3.14159  3.14159  0.137304  0.624155
-1.88496  3.14159  3.14159  0.152846  0.564769
-0.628319  3.14159  3.14159  0.162236  0.297194
0.628319  3.14159  3.14159  0.162236  -0.297194
1.88496  3.14159  3.14159  0.152846  -0.564769
3.14159  3.14159  3.14159  0.137304  -0.624155
4.39823  3.14159  3.14159  0.119497  -0.6047
5.65487  3.14159  3.14159  0.102183  -0.561575
8.16814  3.14159  3.14159  0.0735281  -0.470255
10.6814  3.14159  3.14159  0.0534355  -0.395472
14.4513  3.14159  3.14159  0.0346745  -0.314312
33.3009  3.14159  3.14159  0.008048  -0.148581
