-29.531  0  0  0.000290773  -0.125104
-14.4513  0  0  0.000522675  -0.229696
-8.16814  0  0  0.00110059  -0.328933
-5.65487  0  0  0.00425494  -0.378124
-4.39823  0  0  0.00929023  -0.3959
-3.14159  0  0  0.0200483  -0.395235
-1.88496  0  0  0.0407264  -0.350126
-0.628319  0  0  0.0710289  -0.196365
0.628319  0  0  0.0710289  0.196365
1.88496  0  0  0.0407263  0.350126
3.14159  0  0  0.0200483  0.395235
4.39823  0  0  0.00929017  0.3959
5.65487  0  0  0.0042549  0.378124
8.16814  0  0  0.00110058  0.328933
10.6814  0  0  0.000593547  0.283105
14.4513  0  0  0.000522396  0.229696
33.3009  0  0  0.000243789  0.111871
-29.531  0  3.14159  0  -0.125527
-14.4513  0  3.14159  0  -0.233657
-8.16814  0  3.14159  0  -0.352189
-5.65487  0  3.14159  0  -0.442053
-4.39823  0  3.14159  0  -0.510518
-3.14159  0  3.14159  0  -0.609737
-1.88496  0  3.14159  0  -0.759297
-0.628319  0  3.14159  0  -0.838814
0.628319  0  3.14159  0  0.838814
1.88496  0  3.14159  0  0.759297
3.14159  0  3.14159  0  0.609737
4.39823  0  3.14159  0  0.510518
5.65487  0  3.14159  0  0.442053
8.16814  0  3.14159  0  0.352189
10.6814  0  3.14159  0  0.293378
14.4513  0  3.14159  0  0.233657
33.3009  0  3.14159  0  0.112164
-29.531  3.14159  0  0  -0.125527
-14.4513  3.14159  0  0  -0.233657
-8.16814  3.14159  0  0  -0.352189
-5.65487  3.14159  0  0  -0.442053
-4.39823  3.14159  0  0  -0.510518
-3.14159  3.14159  0  0  -0.609737
-1.88496  3.14159  0  0  -0.759297
-0.628319  3.14159  0  0  -0.838814
0.628319  3.14159  0  0  0.838814
1.88496  3.14159  0  0  0.759297
3.14159  3.14159  0  0  0.609737
4.39823  3.14159  0  0  0.510518
5.65487  3.14159  0  0  0.442053
8.16814  3.14159  0  0  0.352189
10.6814  3.14159  0  0  0.293378
14.4513  3.14159  0  0  0.233657
33.3009  3.14159  0  0  0.112164
-29.531  3.14159  3.14159  -0.000301361  -0.125099
-14.4513  3.14159  3.14159  -0.000603839  -0.229656
-8.16814  3.14159  3.14159  -0.00145382  -0.328771
-5.65487  3.14159  3.14159  -0.00501531  -0.377812
-4.39823  3.14159  3.14159  -0.0104476  -0.39547
-3.14159  3.14159  3.14159  -0.0218053  -0.39467
-1.88496  3.14159  3.14159  -0.0431988  -0.349495
-0.628319  3.14159  3.14159  -0.0739734  -0.196024
0.628319  3.14159  3.14159  -0.0739735  0.196024
1.88496  3.14159  3.14159  -0.0431988  0.349495
3.14159  3.14159  3.14159  -0.0218053  0.39467
4.39823  3.14159  3.14159  -0.0104476  0.39547
5.65487  3.14159  3.14159  -0.00501535  0.377812
8.16814  3.14159  3.14159  -0.00145378  0.328771
10.6814  3.14159  3.14159  -0.000776923  0.283017
14.4513  3.14159  3.14159  -0.000604161  0.229656
33.3009  3.14159  3.14159  -0.000252239  0.111868
