-29.531  0  0  0.00233516  -0.0989803
-14.4513  0  0  0.0107911  -0.200868
-8.16814  0  0  0.0338544  -0.340952
-5.65487  0  0  0.0618529  -0.45647
-4.39823  0  0  0.0862373  -0.536554
-3.14159  0  0  0.121902  -0.624444
-1.88496  0  0  0.171731  -0.665027
-0.628319  0  0  0.228499  -0.431826
0.628319  0  0  0.228499  0.431826
1.88496  0  0  0.17173  0.665027
3.14159  0  0  0.121902  0.624444
4.39823  0  0  0.0862372  0.536554
5.65487  0  0  0.0618528  0.45647
8.16814  0  0  0.0338541  0.340952
10.6814  0  0  0.0202332  0.267927
14.4513  0  0  0.0107912  0.200868
33.3009  0  0  0.00181336  0.0877815
-29.531  0  3.14159  0  -0.0992133
-14.4513  0  3.14159  0  -0.202834
-8.16814  0  3.14159  0  -0.349497
-5.65487  0  3.14159  0  -0.475636
-4.39823  0  3.14159  0  -0.570572
-3.14159  0  3.14159  0  -0.703204
-1.88496  0  3.14159  0  -0.920012
-0.628319  0  3.14159  0  -1.51602
0.628319  0  3.14159  0  1.51602
1.88496  0  3.14159  0  0.920012
3.14159  0  3.14159  0  0.703204
4.39823  0  3.14159  0  0.570572
5.65487  0  3.14159  0  0.475636
8.16814  0  3.14159  0  0.349497
10.6814  0  3.14159  0  0.272389
14.4513  0  3.14159  0  0.202834
33.3009  0  3.14159  0  0.0879431
-29.531  3.14159  0  0  -0.0992133
-14.4513  3.14159  0  0  -0.202834
-8.16814  3.14159  0  0  -0.349497
-5.65487  3.14159  0  0  -0.475636
-4.39823  3.14159  0  0  -0.570572
-3.14159  3.14159  0  0  -0.703204
-1.88496  3.14159  0  0  -0.920012
-0.628319  3.14159  0  0  -1.51602
0.628319  3.14159  0  0  1.51602
1.88496  3.14159  0  0  0.920012
3.14159  3.14159  0  0  0.703204
4.39823  3.14159  0  0  0.570572
5.65487  3.14159  0  0  0.475636
8.16814  3.14159  0  0  0.349497
10.6814  3.14159  0  0  0.272389
14.4513  3.14159  0  0  0.202834
33.3009  3.14159  0  0  0.0879431
-29.531  3.14159  3.14159  -0.00244023  -0.0989665
-14.4513  3.14159  3.14159  -0.011153  -0.200777
-8.16814  3.14159  3.14159  -0.0345968  -0.340653
-5.65487  3.14159  3.14159  -0.062781  -0.455948
-4.39823  3.14159  3.14159  -0.0871479  -0.535869
-3.14159  3.14159  3.14159  -0.122517  -0.623586
-1.88496  3.14159  3.14159  -0.171473  -0.664104
-0.628319  3.14159  3.14159  -0.226978  -0.431327
0.628319  3.14159  3.14159  -0.226978  0.431327
1.88496  3.14159  3.14159  -0.171473  0.664104
3.14159  3.14159  3.14159  -0.122517  0.623586
4.39823  3.14159  3.14159  -0.087148  0.535869
5.65487  3.14159  3.14159  -0.0627811  0.455948
8.16814  3.14159  3.14159  -0.034597  0.340653
10.6814  3.14159  3.14159  -0.0207865  0.267748
14.4513  3.14159  3.14159  -0.011153  0.200777
33.3009  3.14159  3.14159  -0.00189731  0.0877717
