-29.531  0  0  -0.00238846  0.0952864
-14.4513  0  0  -0.0109937  0.193482
-8.16814  0  0  -0.0343515  0.328485
-5.65487  0  0  -0.0625922  0.439381
-4.39823  0  0  -0.087077  0.515643
-3.14159  0  0  -0.122637  0.597906
-1.88496  0  0  -0.171626  0.631732
-0.628319  0  0  -0.225946  0.404361
0.628319  0  0  -0.225946  -0.404361
1.88496  0  0  -0.171626  -0.631732
3.14159  0  0  -0.122637  -0.597906
4.39823  0  0  -0.0870769  -0.515643
5.65487  0  0  -0.0625921  -0.439381
8.16814  0  0  -0.0343514  -0.328485
10.6814  0  0  -0.0205691  -0.258136
14.4513  0  0  -0.0109936  -0.193482
33.3009  0  0  -0.00185566  -0.0845005
-29.531  0  3.14159  0  0.0955039
-14.4513  0  3.14159  0  0.195314
-8.16814  0  3.14159  0  0.336338
-5.65487  0  3.14159  0  0.456818
-4.39823  0  3.14159  0  0.546625
-3.14159  0  3.14159  0  0.670284
-1.88496  0  3.14159  0  0.865955
-0.628319  0  3.14159  0  1.32103
0.628319  0  3.14159  0  -1.32103
1.88496  0  3.14159  0  -0.865955
3.14159  0  3.14159  0  -0.670284
4.39823  0  3.14159  0  -0.546625
5.65487  0  3.14159  0  -0.456818
8.16814  0  3.14159  0  -0.336338
10.6814  0  3.14159  0  -0.262269
14.4513  0  3.14159  0  -0.195314
33.3009  0  3.14159  0  -0.0846513
-29.531  3.14159  0  0  0.0955039
-14.4513  3.14159  0  0  0.195314
-8.16814  3.14159  0  0  0.336338
-5.65487  3.14159  0  0  0.456818
-4.39823  3.14159  0  0  0.546625
-3.14159  3.14159  0  0  0.670284
-1.88496  3.14159  0  0  0.865955
-0.628319  3.14159  0  0  1.32103
0.628319  3.14159  0  0  -1.32103
1.88496  3.14159  0  0  -0.865955
3.14159  3.14159  0  0  -0.670284
4.39823  3.14159  0  0  -0.546625
5.65487  3.14159  0  0  -0.456818
8.16814  3.14159  0  0  -0.336338
10.6814  3.14159  0  0  -0.262269
14.4513  3.14159  0  0  -0.195314
33.3009  3.14159  0  0  -0.0846513
-29.531  3.14159  3.14159  0.00236838  0.0952874
-14.4513  3.14159  3.14159  0.0109069  0.193492
-8.16814  3.14159  3.14159  0.0340805  0.328532
-5.65487  3.14159  3.14159  0.0620617  0.439479
-4.39823  3.14159  3.14159  0.0862824  0.515788
-3.14159  3.14159  3.14159  0.121406  0.598114
-1.88496  3.14159  3.14159  0.169785  0.631999
-0.628319  3.14159  3.14159  0.223786  0.404555
0.628319  3.14159  3.14159  0.223786  -0.404555
1.88496  3.14159  3.14159  0.169785  -0.631999
3.14159  3.14159  3.14159  0.121406  -0.598114
4.39823  3.14159  3.14159  0.0862825  -0.515787
5.65487  3.14159  3.14159  0.0620618  -0.439479
8.16814  3.14159  3.14159  0.0340806  -0.328532
10.6814  3.14159  3.14159  0.0204092  -0.258159
14.4513  3.14159  3.14159  0.0109069  -0.193492
33.3009  3.14159  3.14159  0.0018399  -0.0845012
