-29.531  0  0  -0.00239492  0.0977434
-14.4513  0  0  -0.0110092  0.198371
-8.16814  0  0  -0.0343609  0.336681
-5.65487  0  0  -0.0625927  0.450573
-4.39823  0  0  -0.0870991  0.529326
-3.14159  0  0  -0.122791  0.615289
-1.88496  0  0  -0.172285  0.653619
-0.628319  0  0  -0.227966  0.422541
0.628319  0  0  -0.227966  -0.422541
1.88496  0  0  -0.172285  -0.653619
3.14159  0  0  -0.122791  -0.615289
4.39823  0  0  -0.087099  -0.529326
5.65487  0  0  -0.0625926  -0.450573
8.16814  0  0  -0.0343608  -0.33668
10.6814  0  0  -0.0205847  -0.264594
14.4513  0  0  -0.0110092  -0.198371
33.3009  0  0  -0.00186093  -0.0866838
-29.531  0  3.14159  0  0.0979761
-14.4513  0  3.14159  0  0.200326
-8.16814  0  3.14159  0  0.345106
-5.65487  0  3.14159  0  0.469359
-4.39823  0  3.14159  0  0.562587
-3.14159  0  3.14159  0  0.692241
-1.88496  0  3.14159  0  0.902134
-0.628319  0  3.14159  0  1.4504
0.628319  0  3.14159  0  -1.4504
1.88496  0  3.14159  0  -0.902134
3.14159  0  3.14159  0  -0.692241
4.39823  0  3.14159  0  -0.562587
5.65487  0  3.14159  0  -0.469359
8.16814  0  3.14159  0  -0.345106
10.6814  0  3.14159  0  -0.269012
14.4513  0  3.14159  0  -0.200326
33.3009  0  3.14159  0  -0.0868452
-29.531  3.14159  0  0  0.0979761
-14.4513  3.14159  0  0  0.200326
-8.16814  3.14159  0  0  0.345106
-5.65487  3.14159  0  0  0.469359
-4.39823  3.14159  0  0  0.562587
-3.14159  3.14159  0  0  0.692241
-1.88496  3.14159  0  0  0.902134
-0.628319  3.14159  0  0  1.4504
0.628319  3.14159  0  0  -1.4504
1.88496  3.14159  0  0  -0.902134
3.14159  3.14159  0  0  -0.692241
4.39823  3.14159  0  0  -0.562587
5.65487  3.14159  0  0  -0.469359
8.16814  3.14159  0  0  -0.345106
10.6814  3.14159  0  0  -0.269012
14.4513  3.14159  0  0  -0.200326
33.3009  3.14159  0  0  -0.0868452
-29.531  3.14159  3.14159  0.00237432  0.0977444
-14.4513  3.14159  3.14159  0.0109203  0.198381
-8.16814  3.14159  3.14159  0.0340822  0.336727
-5.65487  3.14159  3.14159  0.0620445  0.450672
-4.39823  3.14159  3.14159  0.0862737  0.52947
-3.14159  3.14159  3.14159  0.121501  0.615498
-1.88496  3.14159  3.14159  0.17033  0.65389
-0.628319  3.14159  3.14159  0.22563  0.422737
0.628319  3.14159  3.14159  0.22563  -0.422737
1.88496  3.14159  3.14159  0.17033  -0.65389
3.14159  3.14159  3.14159  0.121501  -0.615498
4.39823  3.14159  3.14159  0.0862738  -0.52947
5.65487  3.14159  3.14159  0.0620446  -0.450672
8.16814  3.14159  3.14159  0.0340823  -0.336727
10.6814  3.14159  3.14159  0.0204206  -0.264617
14.4513  3.14159  3.14159  0.0109203  -0.198381
33.3009  3.14159  3.14159  0.00184477  -0.0866845
