-29.531  0  0  3.1778e-05  -0.00233765
-14.4513  0  0  0.000733491  -0.0162469
-8.16814  0  0  0.0048371  -0.0604776
-5.65487  0  0  0.0126674  -0.120076
-4.39823  0  0  0.0220573  -0.176159
-3.14159  0  0  0.0411694  -0.260832
-1.88496  0  0  0.0823938  -0.358621
-0.628319  0  0  0.158715  -0.297257
0.628319  0  0  0.158715  0.297257
1.88496  0  0  0.0823934  0.358621
3.14159  0  0  0.0411691  0.260832
4.39823  0  0  0.022057  0.176159
5.65487  0  0  0.0126671  0.120076
8.16814  0  0  0.0048369  0.0604776
10.6814  0  0  0.00211579  0.0337231
14.4513  0  0  0.000733371  0.016247
33.3009  0  0  1.55185e-05  0.00165669
-29.531  0  3.14159  0  -0.00233565
-14.4513  0  3.14159  0  -0.0162272
-8.16814  0  3.14159  0  -0.0603918
-5.65487  0  3.14159  0  -0.120159
-4.39823  0  3.14159  0  -0.178497
-3.14159  0  3.14159  0  -0.280558
-1.88496  0  3.14159  0  -0.501339
-0.628319  0  3.14159  0  -1.35404
0.628319  0  3.14159  0  1.35404
1.88496  0  3.14159  0  0.501339
3.14159  0  3.14159  0  0.280558
4.39823  0  3.14159  0  0.178497
5.65487  0  3.14159  0  0.120159
8.16814  0  3.14159  0  0.0603918
10.6814  0  3.14159  0  0.0336825
14.4513  0  3.14159  0  0.0162272
33.3009  0  3.14159  0  0.00165543
-29.531  3.14159  0  0  -0.00233565
-14.4513  3.14159  0  0  -0.0162272
-8.16814  3.14159  0  0  -0.0603918
-5.65487  3.14159  0  0  -0.120159
-4.39823  3.14159  0  0  -0.178497
-3.14159  3.14159  0  0  -0.280558
-1.88496  3.14159  0  0  -0.501339
-0.628319  3.14159  0  0  -1.35404
0.628319  3.14159  0  0  1.35404
1.88496  3.14159  0  0  0.501339
3.14159  3.14159  0  0  0.280558
4.39823  3.14159  0  0  0.178497
5.65487  3.14159  0  0  0.120159
8.16814  3.14159  0  0  0.0603918
10.6814  3.14159  0  0  0.0336825
14.4513  3.14159  0  0  0.0162272
33.3009  3.14159  0  0  0.00165543
-29.531  3.14159  3.14159  -8.34312e-05  -0.00233624
-14.4513  3.14159  3.14159  -0.000924463  -0.0162329
-8.16814  3.14159  3.14159  -0.0052929  -0.0603993
-5.65487  3.14159  3.14159  -0.0133445  -0.119883
-4.39823  3.14159  3.14159  -0.02285  -0.175845
-3.14159  3.14159  3.14159  -0.0419837  -0.260333
-1.88496  3.14159  3.14159  -0.0829239  -0.357936
-0.628319  3.14159  3.14159  -0.158691  -0.296795
0.628319  3.14159  3.14159  -0.158691  0.296795
1.88496  3.14159  3.14159  -0.0829243  0.357936
3.14159  3.14159  3.14159  -0.041984  0.260333
4.39823  3.14159  3.14159  -0.0228503  0.175845
5.65487  3.14159  3.14159  -0.0133448  0.119883
8.16814  3.14159  3.14159  -0.00529309  0.0603993
10.6814  3.14159  3.14159  -0.0024279  0.0336869
14.4513  3.14159  3.14159  -0.000924588  0.0162329
33.3009  3.14159  3.14159  -5.65762e-05  0.00165573
