-29.531  0  0  33.9692  -64.2637
-14.4513  0  0  -34.7113  342.872
-8.16814  0  0  67.7064  -98.5161
-5.65487  0  0  104.09  119.496
-4.39823  0  0  -3.09823  -117.212
-3.14159  0  0  605.512  130.239
-1.88496  0  0  837.844  -320.51
-0.628319  0  0  1132.82  -2730.54
0.628319  0  0  1132.82  2730.54
1.88496  0  0  837.844  320.51
3.14159  0  0  605.512  -130.239
4.39823  0  0  -3.09823  117.212
5.65487  0  0  104.09  -119.496
8.16814  0  0  67.7064  98.5161
10.6814  0  0  -43.6481  -45.0505
14.4513  0  0  -34.7113  -342.872
33.3009  0  0  32.0178  132.869
-29.531  0  3.14159  0  -6622.73
-14.4513  0  3.14159  0  28655.4
-8.16814  0  3.14159  0  34420.4
-5.65487  0  3.14159  0  53681.1
-4.39823  0  3.14159  0  -32434.2
-3.14159  0  3.14159  0  -68006.9
-1.88496  0  3.14159  0  7987.21
-0.628319  0  3.14159  0  -335877
0.628319  0  3.14159  0  335877
1.88496  0  3.14159  0  -7987.21
3.14159  0  3.14159  0  68006.9
4.39823  0  3.14159  0  32434.2
5.65487  0  3.14159  0  -53681.1
8.16814  0  3.14159  0  -34420.4
10.6814  0  3.14159  0  -27046.9
14.4513  0  3.14159  0  -28655.4
33.3009  0  3.14159  0  10517.1
-29.531  3.14159  0  0  -6622.73
-14.4513  3.14159  0  0  28655.4
-8.16814  3.14159  0  0  34420.4
-5.65487  3.14159  0  0  53681.1
-4.39823  3.14159  0  0  -32434.2
-3.14159  3.14159  0  0  -68006.9
-1.88496  3.14159  0  0  7987.21
-0.628319  3.14159  0  0  -335877
0.628319  3.14159  0  0  335877
1.88496  3.14159  0  0  -7987.21
3.14159  3.14159  0  0  68006.9
4.39823  3.14159  0  0  32434.2
5.65487  3.14159  0  0  -53681.1
8.16814  3.14159  0  0  -34420.4
10.6814  3.14159  0  0  -27046.9
14.4513  3.14159  0  0  -28655.4
33.3009  3.14159  0  0  10517.1
-29.531  3.14159  3.14159  57.2014  -58.2831
-14.4513  3.14159  3.14159  -40.4472  302.245
-8.16814  3.14159  3.14159  52.2986  -214.968
-5.65487  3.14159  3.14159  127.252  -1.94751
-4.39823  3.14159  3.14159  79.7671  -9.67778
-3.14159  3.14159  3.14159  668.039  287.409
-1.88496  3.14159  3.14159  663.769  -437.297
-0.628319  3.14159  3.14159  1022.44  -2080.3
0.628319  3.14159  3.14159  1022.44  2080.3
1.88496  3.14159  3.14159  663.769  437.297
3.14159  3.14159  3.14159  668.039  -287.409
4.39823  3.14159  3.14159  79.7671  9.67778
5.65487  3.14159  3.14159  127.252  1.94751
8.16814  3.14159  3.14159  52.2986  214.968
10.6814  3.14159  3.14159  -66.5295  12.7115
14.4513  3.14159  3.14159  -40.4472  -302.245
33.3009  3.14159  3.14159  53.6387  121.06
