-29.531  0  0  0.00666967  0.0325095
-14.4513  0  0  0.0246287  0.0588872
-8.16814  0  0  0.0586059  0.0790805
-5.65487  0  0  0.0881653  0.0824875
-4.39823  0  0  0.108282  0.0786685
-3.14159  0  0  0.130226  0.0676689
-1.88496  0  0  0.150751  0.0469923
-0.628319  0  0  0.163652  0.0170029
0.628319  0  0  0.163652  -0.0170029
1.88496  0  0  0.150751  -0.0469923
3.14159  0  0  0.130226  -0.0676689
4.39823  0  0  0.108282  -0.0786685
5.65487  0  0  0.0881653  -0.0824875
8.16814  0  0  0.0586059  -0.0790805
10.6814  0  0  0.0400641  -0.0709209
14.4513  0  0  0.0246287  -0.0588872
33.3009  0  0  0.00528108  -0.0290765
-29.531  0  3.14159  0.00395783  0.0333938
-14.4513  0  3.14159  0.0158305  0.0653637
-8.16814  0  3.14159  0.0443212  0.103435
-5.65487  0  3.14159  0.0791359  0.127859
-4.39823  0  3.14159  0.11078  0.139209
-3.14159  0  3.14159  0.158231  0.142028
-1.88496  0  3.14159  0.221471  0.119282
-0.628319  0  3.14159  0.276795  0.04969
0.628319  0  3.14159  0.276795  -0.04969
1.88496  0  3.14159  0.221471  -0.119282
3.14159  0  3.14159  0.158231  -0.142028
4.39823  0  3.14159  0.11078  -0.139209
5.65487  0  3.14159  0.0791359  -0.127859
8.16814  0  3.14159  0.0443212  -0.103435
10.6814  0  3.14159  0.0277023  -0.0845431
14.4513  0  3.14159  0.0158305  -0.0653637
33.3009  0  3.14159  0.00312167  -0.0297012
-29.531  3.14159  0  0.00395783  0.0333938
-14.4513  3.14159  0  0.0158305  0.0653637
-8.16814  3.14159  0  0.0443212  0.103435
-5.65487  3.14159  0  0.0791359  0.127859
-4.39823  3.14159  0  0.11078  0.139209
-3.14159  3.14159  0  0.158231  0.142028
-1.88496  3.14159  0  0.221471  0.119282
-0.628319  3.14159  0  0.276795  0.04969
0.628319  3.14159  0  0.276795  -0.04969
1.88496  3.14159  0  0.221471  -0.119282
3.14159  3.14159  0  0.158231  -0.142028
4.39823  3.14159  0  0.11078  -0.139209
5.65487  3.14159  0  0.0791359  -0.127859
8.16814  3.14159  0  0.0443212  -0.103435
10.6814  3.14159  0  0.0277023  -0.0845431
14.4513  3.14159  0  0.0158305  -0.0653637
33.3009  3.14159  0  0.00312167  -0.0297012
-29.531  3.14159  3.14159  0.00110646  0.0338329
-14.4513  3.14159  3.14159  0.00454919  0.0688861
-8.16814  3.14159  3.14159  0.0141425  0.120824
-5.65487  3.14159  3.14159  0.029203  0.171871
-4.39823  3.14159  3.14159  0.047584  0.216962
-3.14159  3.14159  3.14159  0.0886153  0.291311
-1.88496  3.14159  3.14159  0.21406  0.422111
-0.628319  3.14159  3.14159  0.731005  0.480737
0.628319  3.14159  3.14159  0.731005  -0.480737
1.88496  3.14159  3.14159  0.21406  -0.422111
3.14159  3.14159  3.14159  0.0886153  -0.291311
4.39823  3.14159  3.14159  0.047584  -0.216962
5.65487  3.14159  3.14159  0.029203  -0.171871
8.16814  3.14159  3.14159  0.0141425  -0.120824
10.6814  3.14159  3.14159  0.00820699  -0.0928985
14.4513  3.14159  3.14159  0.00454919  -0.0688861
33.3009  3.14159  3.14159  0.000864073  -0.0300101
