-29.531  0  0  124.248  -436.703
-14.4513  0  0  227.214  899.079
-8.16814  0  0  508.942  1260.48
-5.65487  0  0  -773.071  1427.46
-4.39823  0  0  -1141.41  -2036.46
-3.14159  0  0  -1748.08  -3426.09
-1.88496  0  0  5180.66  1187.42
-0.628319  0  0  4010.16  -14361.1
0.628319  0  0  4010.16  14361.1
1.88496  0  0  5180.66  -1187.42
3.14159  0  0  -1748.08  3426.09
4.39823  0  0  -1141.41  2036.46
5.65487  0  0  -773.071  -1427.46
8.16814  0  0  508.942  -1260.48
10.6814  0  0  412.925  -289.183
14.4513  0  0  227.214  -899.079
33.3009  0  0  106.564  693.558
-29.531  0  3.14159  0  -2645
-14.4513  0  3.14159  0  11460.1
-8.16814  0  3.14159  0  13807.8
-5.65487  0  3.14159  0  21439.4
-4.39823  0  3.14159  0  -12974.5
-3.14159  0  3.14159  0  -27269.3
-1.88496  0  3.14159  0  3302.89
-0.628319  0  3.14159  0  -134367
0.628319  0  3.14159  0  134367
1.88496  0  3.14159  0  -3302.89
3.14159  0  3.14159  0  27269.3
4.39823  0  3.14159  0  12974.5
5.65487  0  3.14159  0  -21439.4
8.16814  0  3.14159  0  -13807.8
10.6814  0  3.14159  0  -10852.7
14.4513  0  3.14159  0  -11460.1
33.3009  0  3.14159  0  4199.11
-29.531  3.14159  0  0  -2645
-14.4513  3.14159  0  0  11460.1
-8.16814  3.14159  0  0  13807.8
-5.65487  3.14159  0  0  21439.4
-4.39823  3.14159  0  0  -12974.5
-3.14159  3.14159  0  0  -27269.3
-1.88496  3.14159  0  0  3302.89
-0.628319  3.14159  0  0  -134367
0.628319  3.14159  0  0  134367
1.88496  3.14159  0  0  -3302.89
3.14159  3.14159  0  0  27269.3
4.39823  3.14159  0  0  12974.5
5.65487  3.14159  0  0  -21439.4
8.16814  3.14159  0  0  -13807.8
10.6814  3.14159  0  0  -10852.7
14.4513  3.14159  0  0  -11460.1
33.3009  3.14159  0  0  4199.11
-29.531  3.14159  3.14159  104.713  -416.657
-14.4513  3.14159  3.14159  211.358  827.598
-8.16814  3.14159  3.14159  474.775  1085.82
-5.65487  3.14159  3.14159  -724.237  1231.67
-4.39823  3.14159  3.14159  -996.566  -1846.29
-3.14159  3.14159  3.14159  -1593.99  -3134.74
-1.88496  3.14159  3.14159  4796.38  1016.94
-0.628319  3.14159  3.14159  3804.87  -13139.1
0.628319  3.14159  3.14159  3804.87  13139.1
1.88496  3.14159  3.14159  4796.38  -1016.94
3.14159  3.14159  3.14159  -1593.99  3134.74
4.39823  3.14159  3.14159  -996.566  1846.29
5.65487  3.14159  3.14159  -724.237  -1231.67
8.16814  3.14159  3.14159  474.775  -1085.82
10.6814  3.14159  3.14159  399.258  -287.216
14.4513  3.14159  3.14159  211.358  -827.598
33.3009  3.14159  3.14159  89.7632  645.95
