-29.531  0  0  7.88874e+06  -1.55946e+07
-14.4513  0  0  1.17449e+07  8.39739e+07
-8.16814  0  0  3.2627e+07  1.62058e+08
-5.65487  0  0  -3.8134e+07  1.9713e+08
-4.39823  0  0  -1.16704e+08  -1.48233e+08
-3.14159  0  0  -8.32942e+07  -2.48295e+08
-1.88496  0  0  3.7793e+08  9.38013e+07
-0.628319  0  0  2.52403e+08  -1.09894e+09
0.628319  0  0  2.52403e+08  1.09894e+09
1.88496  0  0  3.7793e+08  -9.38013e+07
3.14159  0  0  -8.32942e+07  2.48295e+08
4.39823  0  0  -1.16704e+08  1.48233e+08
5.65487  0  0  -3.8134e+07  -1.9713e+08
8.16814  0  0  3.2627e+07  -1.62058e+08
10.6814  0  0  1.572e+07  -2.02847e+07
14.4513  0  0  1.17449e+07  -8.39739e+07
33.3009  0  0  6.36737e+06  4.16042e+07
-29.531  0  3.14159  0  973790
-14.4513  0  3.14159  0  -3.75813e+06
-8.16814  0  3.14159  0  -6.53054e+06
-5.65487  0  3.14159  0  -6.88552e+06
-4.39823  0  3.14159  0  6.28171e+06
-3.14159  0  3.14159  0  1.27334e+07
-1.88496  0  3.14159  0  -4.75845e+06
-0.628319  0  3.14159  0  4.94659e+07
0.628319  0  3.14159  0  -4.94659e+07
1.88496  0  3.14159  0  4.75845e+06
3.14159  0  3.14159  0  -1.27334e+07
4.39823  0  3.14159  0  -6.28171e+06
5.65487  0  3.14159  0  6.88552e+06
8.16814  0  3.14159  0  6.53054e+06
10.6814  0  3.14159  0  4.68306e+06
14.4513  0  3.14159  0  3.75813e+06
33.3009  0  3.14159  0  -1.42514e+06
-29.531  3.14159  0  0  973790
-14.4513  3.14159  0  0  -3.75813e+06
-8.16814  3.14159  0  0  -6.53054e+06
-5.65487  3.14159  0  0  -6.88552e+06
-4.39823  3.14159  0  0  6.28171e+06
-3.14159  3.14159  0  0  1.27334e+07
-1.88496  3.14159  0  0  -4.75845e+06
-0.628319  3.14159  0  0  4.94659e+07
0.628319  3.14159  0  0  -4.94659e+07
1.88496  3.14159  0  0  4.75845e+06
3.14159  3.14159  0  0  -1.27334e+07
4.39823  3.14159  0  0  -6.28171e+06
5.65487  3.14159  0  0  6.88552e+06
8.16814  3.14159  0  0  6.53054e+06
10.6814  3.14159  0  0  4.68306e+06
14.4513  3.14159  0  0  3.75813e+06
33.3009  3.14159  0  0  -1.42514e+06
-29.531  3.14159  3.14159  1.30243e+08  -2.76989e+07
-14.4513  3.14159  3.14159  2.95416e+07  1.22008e+08
-8.16814  3.14159  3.14159  5.2615e+07  2.96522e+08
-5.65487  3.14159  3.14159  -7.64258e+07  3.09492e+08
-4.39823  3.14159  3.14159  -2.09922e+08  -3.25109e+08
-3.14159  3.14159  3.14159  -2.40837e+08  -5.13812e+08
-1.88496  3.14159  3.14159  6.43093e+08  2.173e+08
-0.628319  3.14159  3.14159  5.30884e+08  -1.75825e+09
0.628319  3.14159  3.14159  5.30884e+08  1.75825e+09
1.88496  3.14159  3.14159  6.43093e+08  -2.173e+08
3.14159  3.14159  3.14159  -2.40837e+08  5.13812e+08
4.39823  3.14159  3.14159  -2.09922e+08  3.25109e+08
5.65487  3.14159  3.14159  -7.64258e+07  -3.09492e+08
8.16814  3.14159  3.14159  5.2615e+07  -2.96522e+08
10.6814  3.14159  3.14159  -4.71976e+07  2.63732e+08
14.4513  3.14159  3.14159  2.95416e+07  -1.22008e+08
33.3009  3.14159  3.14159  1.15737e+08  1.24676e+08
