-29.531  0  0  0.00482318  0.0331612
-14.4513  0  0  0.0188974  0.0635812
-8.16814  0  0  0.0504323  0.0959073
-5.65487  0  0  0.0851777  0.112142
-4.39823  0  0  0.11365  0.116377
-3.14159  0  0  0.151676  0.110939
-1.88496  0  0  0.195221  0.0856738
-0.628319  0  0  0.227942  0.0333445
0.628319  0  0  0.227942  -0.0333445
1.88496  0  0  0.195221  -0.0856738
3.14159  0  0  0.151676  -0.110939
4.39823  0  0  0.11365  -0.116377
5.65487  0  0  0.0851777  -0.112142
8.16814  0  0  0.0504323  -0.0959073
10.6814  0  0  0.0324063  -0.0805894
14.4513  0  0  0.0188974  -0.0635812
33.3009  0  0  0.00380981  -0.0295378
-29.531  0  3.14159  0.00199967  0.0337442
-14.4513  0  3.14159  0.00825849  0.0681978
-8.16814  0  3.14159  0.0250785  0.117054
-5.65487  0  3.14159  0.049943  0.161383
-4.39823  0  3.14159  0.0781007  0.196289
-3.14159  0  3.14159  0.135322  0.24293
-1.88496  0  3.14159  0.264529  0.284928
-0.628319  0  3.14159  0.506178  0.181738
0.628319  0  3.14159  0.506178  -0.181738
1.88496  0  3.14159  0.264529  -0.284928
3.14159  0  3.14159  0.135322  -0.24293
4.39823  0  3.14159  0.0781007  -0.196289
5.65487  0  3.14159  0.049943  -0.161383
8.16814  0  3.14159  0.0250785  -0.117054
10.6814  0  3.14159  0.0149375  -0.0911733
14.4513  0  3.14159  0.00825849  -0.0681978
33.3009  0  3.14159  0.00157372  -0.0299465
-29.531  3.14159  0  0.00199967  0.0337442
-14.4513  3.14159  0  0.00825849  0.0681978
-8.16814  3.14159  0  0.0250785  0.117054
-5.65487  3.14159  0  0.049943  0.161383
-4.39823  3.14159  0  0.0781007  0.196289
-3.14159  3.14159  0  0.135322  0.24293
-1.88496  3.14159  0  0.264529  0.284928
-0.628319  3.14159  0  0.506178  0.181738
0.628319  3.14159  0  0.506178  -0.181738
1.88496  3.14159  0  0.264529  -0.284928
3.14159  3.14159  0  0.135322  -0.24293
4.39823  3.14159  0  0.0781007  -0.196289
5.65487  3.14159  0  0.049943  -0.161383
8.16814  3.14159  0  0.0250785  -0.117054
10.6814  3.14159  0  0.0149375  -0.0911733
14.4513  3.14159  0  0.00825849  -0.0681978
33.3009  3.14159  0  0.00157372  -0.0299465
-29.531  3.14159  3.14159  -0.000911149  0.0338382
-14.4513  3.14159  3.14159  -0.00379605  0.0689889
-8.16814  3.14159  3.14159  -0.0118064  0.121278
-5.65487  3.14159  3.14159  -0.0243844  0.17341
-4.39823  3.14159  3.14159  -0.0398048  0.220168
-3.14159  3.14159  3.14159  -0.0757168  0.299145
-1.88496  3.14159  3.14159  -0.189989  0.45037
-0.628319  3.14159  3.14159  -0.774205  0.611753
0.628319  3.14159  3.14159  -0.774205  -0.611753
1.88496  3.14159  3.14159  -0.189989  -0.45037
3.14159  3.14159  3.14159  -0.0757168  -0.299145
4.39823  3.14159  3.14159  -0.0398048  -0.220168
5.65487  3.14159  3.14159  -0.0243844  -0.17341
8.16814  3.14159  3.14159  -0.0118064  -0.121278
10.6814  3.14159  3.14159  -0.0069311  -0.0931046
14.4513  3.14159  3.14159  -0.00379605  -0.0689889
33.3009  3.14159  3.14159  -0.00071664  -0.0300121
