-29.531  0  0  0.0028651  0.0335893
-14.4513  0  0  0.0116132  0.0669488
-8.16814  0  0  0.0337046  0.111067
-5.65487  0  0  0.06341  0.146553
-4.39823  0  0  0.0938583  0.170658
-3.14159  0  0  0.148129  0.19585
-1.88496  0  0  0.246201  0.201864
-0.628319  0  0  0.387432  0.116912
0.628319  0  0  0.387432  -0.116912
1.88496  0  0  0.246201  -0.201864
3.14159  0  0  0.148129  -0.19585
4.39823  0  0  0.0938583  -0.170658
5.65487  0  0  0.06341  -0.146553
8.16814  0  0  0.0337046  -0.111067
10.6814  0  0  0.0206144  -0.0882568
14.4513  0  0  0.0116132  -0.0669488
33.3009  0  0  0.00225777  -0.0298381
-29.531  0  3.14159  -2.53512e-05  0.0338335
-14.4513  0  3.14159  -0.000105051  0.0689576
-8.16814  0  3.14159  -0.000322792  0.121208
-5.65487  0  3.14159  -0.000657421  0.173523
-4.39823  0  3.14159  -0.00106056  0.221003
-3.14159  0  3.14159  -0.00198734  0.30377
-1.88496  0  3.14159  -0.00505542  0.486426
-0.628319  0  3.14159  -0.0503558  1.50758
0.628319  0  3.14159  -0.0503558  -1.50758
1.88496  0  3.14159  -0.00505542  -0.486426
3.14159  0  3.14159  -0.00198734  -0.30377
4.39823  0  3.14159  -0.00106056  -0.221003
5.65487  0  3.14159  -0.000657421  -0.173523
8.16814  0  3.14159  -0.000322792  -0.121208
10.6814  0  3.14159  -0.000190819  -0.0930469
14.4513  0  3.14159  -0.000105051  -0.0689576
33.3009  0  3.14159  -1.9947e-05  -0.0300088
-29.531  3.14159  0  -2.53512e-05  0.0338335
-14.4513  3.14159  0  -0.000105051  0.0689576
-8.16814  3.14159  0  -0.000322792  0.121208
-5.65487  3.14159  0  -0.000657421  0.173523
-4.39823  3.14159  0  -0.00106056  0.221003
-3.14159  3.14159  0  -0.00198734  0.30377
-1.88496  3.14159  0  -0.00505542  0.486426
-0.628319  3.14159  0  -0.0503558  1.50758
0.628319  3.14159  0  -0.0503558  -1.50758
1.88496  3.14159  0  -0.00505542  -0.486426
3.14159  3.14159  0  -0.00198734  -0.30377
4.39823  3.14159  0  -0.00106056  -0.221003
5.65487  3.14159  0  -0.000657421  -0.173523
8.16814  3.14159  0  -0.000322792  -0.121208
10.6814  3.14159  0  -0.000190819  -0.0930469
14.4513  3.14159  0  -0.000105051  -0.0689576
33.3009  3.14159  0  -1.9947e-05  -0.0300088
-29.531  3.14159  3.14159  -0.0029147  0.0335807
-14.4513  3.14159  3.14159  -0.0118052  0.0668797
-8.16814  3.14159  3.14159  -0.034198  0.110736
-5.65487  3.14159  3.14159  -0.0641786  0.145735
-4.39823  3.14159  3.14159  -0.0947544  0.169248
-3.14159  3.14159  3.14159  -0.148884  0.19331
-1.88496  3.14159  3.14159  -0.245527  0.197416
-0.628319  3.14159  3.14159  -0.381311  0.111239
0.628319  3.14159  3.14159  -0.381311  -0.111239
1.88496  3.14159  3.14159  -0.245527  -0.197416
3.14159  3.14159  3.14159  -0.148884  -0.19331
4.39823  3.14159  3.14159  -0.0947544  -0.169248
5.65487  3.14159  3.14159  -0.0641786  -0.145735
8.16814  3.14159  3.14159  -0.034198  -0.110736
10.6814  3.14159  3.14159  -0.0209392  -0.0880953
14.4513  3.14159  3.14159  -0.0118052  -0.0668797
33.3009  3.14159  3.14159  -0.00229698  -0.0298321
