-29.531  0  0  32312.3  -63875.4
-14.4513  0  0  48107.2  343958
-8.16814  0  0  133640  663788
-5.65487  0  0  -156197  807444
-4.39823  0  0  -478018  -607160
-3.14159  0  0  -341173  -1.01701e+06
-1.88496  0  0  1.548e+06  384211
-0.628319  0  0  1.03384e+06  -4.50125e+06
0.628319  0  0  1.03384e+06  4.50125e+06
1.88496  0  0  1.548e+06  -384211
3.14159  0  0  -341173  1.01701e+06
4.39823  0  0  -478018  607160
5.65487  0  0  -156197  -807444
8.16814  0  0  133640  -663788
10.6814  0  0  64389.3  -83086.8
14.4513  0  0  48107.2  -343958
33.3009  0  0  26080.8  170411
-29.531  0  3.14159  0  3995.15
-14.4513  0  3.14159  0  -15392.9
-8.16814  0  3.14159  0  -26748.6
-5.65487  0  3.14159  0  -28202.5
-4.39823  0  3.14159  0  25730.4
-3.14159  0  3.14159  0  52156.6
-1.88496  0  3.14159  0  -19489.9
-0.628319  0  3.14159  0  202616
0.628319  0  3.14159  0  -202616
1.88496  0  3.14159  0  19489.9
3.14159  0  3.14159  0  -52156.6
4.39823  0  3.14159  0  -25730.4
5.65487  0  3.14159  0  28202.5
8.16814  0  3.14159  0  26748.6
10.6814  0  3.14159  0  19305.3
14.4513  0  3.14159  0  15392.9
33.3009  0  3.14159  0  -5820.89
-29.531  3.14159  0  0  3995.15
-14.4513  3.14159  0  0  -15392.9
-8.16814  3.14159  0  0  -26748.6
-5.65487  3.14159  0  0  -28202.5
-4.39823  3.14159  0  0  25730.4
-3.14159  3.14159  0  0  52156.6
-1.88496  3.14159  0  0  -19489.9
-0.628319  3.14159  0  0  202616
0.628319  3.14159  0  0  -202616
1.88496  3.14159  0  0  19489.9
3.14159  3.14159  0  0  -52156.6
4.39823  3.14159  0  0  -25730.4
5.65487  3.14159  0  0  28202.5
8.16814  3.14159  0  0  26748.6
10.6814  3.14159  0  0  19305.3
14.4513  3.14159  0  0  15392.9
33.3009  3.14159  0  0  -5820.89
-29.531  3.14159  3.14159  533477  -113455
-14.4513  3.14159  3.14159  121002  499747
-8.16814  3.14159  3.14159  215511  1.21455e+06
-5.65487  3.14159  3.14159  -313040  1.26768e+06
-4.39823  3.14159  3.14159  -859840  -1.33165e+06
-3.14159  3.14159  3.14159  -986468  -2.10457e+06
-1.88496  3.14159  3.14159  2.63411e+06  890061
-0.628319  3.14159  3.14159  2.1745e+06  -7.20179e+06
0.628319  3.14159  3.14159  2.1745e+06  7.20179e+06
1.88496  3.14159  3.14159  2.63411e+06  -890061
3.14159  3.14159  3.14159  -986468  2.10457e+06
4.39823  3.14159  3.14159  -859840  1.33165e+06
5.65487  3.14159  3.14159  -313040  -1.26768e+06
8.16814  3.14159  3.14159  215511  -1.21455e+06
10.6814  3.14159  3.14159  -193321  1.08025e+06
14.4513  3.14159  3.14159  121002  -499747
33.3009  3.14159  3.14159  474059  510674
