-29.531  0  0  5170.01  -10219.9
-14.4513  0  0  7697.28  55033.5
-8.16814  0  0  21382.7  106206
-5.65487  0  0  -24991.2  129191
-4.39823  0  0  -76482.6  -97145.4
-3.14159  0  0  -54587.5  -162722
-1.88496  0  0  247681  61473.8
-0.628319  0  0  165415  -720200
0.628319  0  0  165415  720200
1.88496  0  0  247681  -61473.8
3.14159  0  0  -54587.5  162722
4.39823  0  0  -76482.6  97145.4
5.65487  0  0  -24991.2  -129191
8.16814  0  0  21382.7  -106206
10.6814  0  0  10302.5  -13294.1
14.4513  0  0  7697.28  -55033.5
33.3009  0  0  4172.96  27265.6
-29.531  0  3.14159  0  639.714
-14.4513  0  3.14159  0  -2462.64
-8.16814  0  3.14159  0  -4279.56
-5.65487  0  3.14159  0  -4512.24
-4.39823  0  3.14159  0  4117.01
-3.14159  0  3.14159  0  8345.15
-1.88496  0  3.14159  0  -3118.33
-0.628319  0  3.14159  0  32418.6
0.628319  0  3.14159  0  -32418.6
1.88496  0  3.14159  0  3118.33
3.14159  0  3.14159  0  -8345.15
4.39823  0  3.14159  0  -4117.01
5.65487  0  3.14159  0  4512.24
8.16814  0  3.14159  0  4279.56
10.6814  0  3.14159  0  3095.05
14.4513  0  3.14159  0  2462.64
33.3009  0  3.14159  0  -930.627
-29.531  3.14159  0  0  639.714
-14.4513  3.14159  0  0  -2462.64
-8.16814  3.14159  0  0  -4279.56
-5.65487  3.14159  0  0  -4512.24
-4.39823  3.14159  0  0  4117.01
-3.14159  3.14159  0  0  8345.15
-1.88496  3.14159  0  0  -3118.33
-0.628319  3.14159  0  0  32418.6
0.628319  3.14159  0  0  -32418.6
1.88496  3.14159  0  0  3118.33
3.14159  3.14159  0  0  -8345.15
4.39823  3.14159  0  0  -4117.01
5.65487  3.14159  0  0  4512.24
8.16814  3.14159  0  0  4279.56
10.6814  3.14159  0  0  3095.05
14.4513  3.14159  0  0  2462.64
33.3009  3.14159  0  0  -930.627
-29.531  3.14159  3.14159  85356.3  -18152.6
-14.4513  3.14159  3.14159  19360.5  79959.7
-8.16814  3.14159  3.14159  34482  194329
-5.65487  3.14159  3.14159  -50086.1  202829
-4.39823  3.14159  3.14159  -137574  -213063
-3.14159  3.14159  3.14159  -157835  -336732
-1.88496  3.14159  3.14159  421458  142410
-0.628319  3.14159  3.14159  347920  -1.15229e+06
0.628319  3.14159  3.14159  347920  1.15229e+06
1.88496  3.14159  3.14159  421458  -142410
3.14159  3.14159  3.14159  -157835  336732
4.39823  3.14159  3.14159  -137574  213063
5.65487  3.14159  3.14159  -50086.1  -202829
8.16814  3.14159  3.14159  34482  -194329
10.6814  3.14159  3.14159  -30931.2  172839
14.4513  3.14159  3.14159  19360.5  -79959.7
33.3009  3.14159  3.14159  75849.4  81707.7
