-29.531  0  0  0.00665342  0.0325011
-14.4513  0  0  0.0246351  0.0588924
-8.16814  0  0  0.0585412  0.079101
-5.65487  0  0  0.0882224  0.0825277
-4.39823  0  0  0.108166  0.0786976
-3.14159  0  0  0.130247  0.0676875
-1.88496  0  0  0.150764  0.0470103
-0.628319  0  0  0.163655  0.0170098
0.628319  0  0  0.163655  -0.0170098
1.88496  0  0  0.150764  -0.0470103
3.14159  0  0  0.130247  -0.0676875
4.39823  0  0  0.108166  -0.0786976
5.65487  0  0  0.0882224  -0.0825277
8.16814  0  0  0.0585412  -0.079101
10.6814  0  0  0.0401299  -0.070907
14.4513  0  0  0.0246351  -0.0588924
33.3009  0  0  0.00527738  -0.0290714
-29.531  0  3.14159  0.00395606  0.0333874
-14.4513  0  3.14159  0.0158345  0.065372
-8.16814  0  3.14159  0.0443313  0.103446
-5.65487  0  3.14159  0.0791572  0.12787
-4.39823  0  3.14159  0.110743  0.139203
-3.14159  0  3.14159  0.158205  0.142033
-1.88496  0  3.14159  0.221559  0.119228
-0.628319  0  3.14159  0.276794  0.0497023
0.628319  0  3.14159  0.276794  -0.0497023
1.88496  0  3.14159  0.221559  -0.119228
3.14159  0  3.14159  0.158205  -0.142033
4.39823  0  3.14159  0.110743  -0.139203
5.65487  0  3.14159  0.0791572  -0.12787
8.16814  0  3.14159  0.0443313  -0.103446
10.6814  0  3.14159  0.0277094  -0.0845535
14.4513  0  3.14159  0.0158345  -0.065372
33.3009  0  3.14159  0.00312077  -0.0296975
-29.531  3.14159  0  0.00395606  0.0333874
-14.4513  3.14159  0  0.0158345  0.065372
-8.16814  3.14159  0  0.0443313  0.103446
-5.65487  3.14159  0  0.0791572  0.12787
-4.39823  3.14159  0  0.110743  0.139203
-3.14159  3.14159  0  0.158205  0.142033
-1.88496  3.14159  0  0.221559  0.119228
-0.628319  3.14159  0  0.276794  0.0497023
0.628319  3.14159  0  0.276794  -0.0497023
1.88496  3.14159  0  0.221559  -0.119228
3.14159  3.14159  0  0.158205  -0.142033
4.39823  3.14159  0  0.110743  -0.139203
5.65487  3.14159  0  0.0791572  -0.12787
8.16814  3.14159  0  0.0443313  -0.103446
10.6814  3.14159  0  0.0277094  -0.0845535
14.4513  3.14159  0  0.0158345  -0.065372
33.3009  3.14159  0  0.00312077  -0.0296975
-29.531  3.14159  3.14159  0.00109375  0.0338274
-14.4513  3.14159  3.14159  0.00455195  0.0688968
-8.16814  3.14159  3.14159  0.0141176  0.120776
-5.65487  3.14159  3.14159  0.0290298  0.171937
-4.39823  3.14159  3.14159  0.0471353  0.217133
-3.14159  3.14159  3.14159  0.0885596  0.291397
-1.88496  3.14159  3.14159  0.213853  0.422193
-0.628319  3.14159  3.14159  0.730858  0.480959
0.628319  3.14159  3.14159  0.730858  -0.480959
1.88496  3.14159  3.14159  0.213853  -0.422193
3.14159  3.14159  3.14159  0.0885596  -0.291397
4.39823  3.14159  3.14159  0.0471353  -0.217133
5.65487  3.14159  3.14159  0.0290298  -0.171937
8.16814  3.14159  3.14159  0.0141176  -0.120776
10.6814  3.14159  3.14159  0.0083021  -0.0928787
14.4513  3.14159  3.14159  0.00455195  -0.0688968
33.3009  3.14159  3.14159  0.000860295  -0.0300046
