-29.531  0  0  0.00665604  0.0325043
-14.4513  0  0  0.0246327  0.0588888
-8.16814  0  0  0.0585356  0.0790972
-5.65487  0  0  0.0882153  0.0825305
-4.39823  0  0  0.108174  0.0787003
-3.14159  0  0  0.130253  0.0676864
-1.88496  0  0  0.150759  0.0470082
-0.628319  0  0  0.163655  0.0170077
0.628319  0  0  0.163655  -0.0170077
1.88496  0  0  0.150759  -0.0470082
3.14159  0  0  0.130253  -0.0676864
4.39823  0  0  0.108174  -0.0787003
5.65487  0  0  0.0882153  -0.0825305
8.16814  0  0  0.0585356  -0.0790972
10.6814  0  0  0.0401295  -0.0708888
14.4513  0  0  0.0246327  -0.0588888
33.3009  0  0  0.00527815  -0.0290728
-29.531  0  3.14159  0.00395637  0.0333885
-14.4513  0  3.14159  0.015834  0.065371
-8.16814  0  3.14159  0.0443327  0.103447
-5.65487  0  3.14159  0.0791538  0.127869
-4.39823  0  3.14159  0.110744  0.139203
-3.14159  0  3.14159  0.158204  0.142033
-1.88496  0  3.14159  0.221651  0.11917
-0.628319  0  3.14159  0.276794  0.0497011
0.628319  0  3.14159  0.276794  -0.0497011
1.88496  0  3.14159  0.221651  -0.11917
3.14159  0  3.14159  0.158204  -0.142033
4.39823  0  3.14159  0.110744  -0.139203
5.65487  0  3.14159  0.0791538  -0.127869
8.16814  0  3.14159  0.0443327  -0.103447
10.6814  0  3.14159  0.0277141  -0.0845602
14.4513  0  3.14159  0.015834  -0.065371
33.3009  0  3.14159  0.00312101  -0.0296985
-29.531  3.14159  0  0.00395637  0.0333885
-14.4513  3.14159  0  0.015834  0.065371
-8.16814  3.14159  0  0.0443327  0.103447
-5.65487  3.14159  0  0.0791538  0.127869
-4.39823  3.14159  0  0.110744  0.139203
-3.14159  3.14159  0  0.158204  0.142033
-1.88496  3.14159  0  0.221651  0.11917
-0.628319  3.14159  0  0.276794  0.0497011
0.628319  3.14159  0  0.276794  -0.0497011
1.88496  3.14159  0  0.221651  -0.11917
3.14159  3.14159  0  0.158204  -0.142033
4.39823  3.14159  0  0.110744  -0.139203
5.65487  3.14159  0  0.0791538  -0.127869
8.16814  3.14159  0  0.0443327  -0.103447
10.6814  3.14159  0  0.0277141  -0.0845602
14.4513  3.14159  0  0.015834  -0.065371
33.3009  3.14159  0  0.00312101  -0.0296985
-29.531  3.14159  3.14159  0.00109466  0.0338275
-14.4513  3.14159  3.14159  0.00455237  0.0688928
-8.16814  3.14159  3.14159  0.0141173  0.120771
-5.65487  3.14159  3.14159  0.0290244  0.171928
-4.39823  3.14159  3.14159  0.0471333  0.217146
-3.14159  3.14159  3.14159  0.0885622  0.291413
-1.88496  3.14159  3.14159  0.213863  0.42216
-0.628319  3.14159  3.14159  0.730891  0.480931
0.628319  3.14159  3.14159  0.730891  -0.480931
1.88496  3.14159  3.14159  0.213863  -0.42216
3.14159  3.14159  3.14159  0.0885622  -0.291413
4.39823  3.14159  3.14159  0.0471333  -0.217146
5.65487  3.14159  3.14159  0.0290244  -0.171928
8.16814  3.14159  3.14159  0.0141173  -0.120771
10.6814  3.14159  3.14159  0.0083021  -0.0928822
14.4513  3.14159  3.14159  0.00455237  -0.0688928
33.3009  3.14159  3.14159  0.000860716  -0.030005
