-29.531  0  0  -0.0413056  0.300609
-14.4513  0  0  -0.154513  0.607995
-8.16814  0  0  -0.38424  1.05038
-5.65487  0  0  -0.645491  1.39785
-4.39823  0  0  -0.856868  1.59388
-3.14159  0  0  -1.14836  1.95642
-1.88496  0  0  -1.45841  2.22108
-0.628319  0  0  -1.85716  1.36561
0.628319  0  0  -1.85716  -1.36561
1.88496  0  0  -1.45841  -2.22108
3.14159  0  0  -1.14836  -1.95642
4.39823  0  0  -0.856868  -1.59388
5.65487  0  0  -0.645491  -1.39785
8.16814  0  0  -0.38424  -1.05038
10.6814  0  0  -0.256572  -0.784251
14.4513  0  0  -0.154513  -0.607995
33.3009  0  0  -0.0329071  -0.260772
-29.531  0  3.14159  0  0.306364
-14.4513  0  3.14159  0  0.566341
-8.16814  0  3.14159  0  1.0361
-5.65487  0  3.14159  0  1.1758
-4.39823  0  3.14159  0  1.56171
-3.14159  0  3.14159  0  1.84547
-1.88496  0  3.14159  0  2.4913
-0.628319  0  3.14159  0  19.8249
0.628319  0  3.14159  0  -19.8249
1.88496  0  3.14159  0  -2.4913
3.14159  0  3.14159  0  -1.84547
4.39823  0  3.14159  0  -1.56171
5.65487  0  3.14159  0  -1.1758
8.16814  0  3.14159  0  -1.0361
10.6814  0  3.14159  0  -0.785194
14.4513  0  3.14159  0  -0.566341
33.3009  0  3.14159  0  -0.274774
-29.531  3.14159  0  0  0.306364
-14.4513  3.14159  0  0  0.566341
-8.16814  3.14159  0  0  1.0361
-5.65487  3.14159  0  0  1.1758
-4.39823  3.14159  0  0  1.56171
-3.14159  3.14159  0  0  1.84547
-1.88496  3.14159  0  0  2.4913
-0.628319  3.14159  0  0  19.8249
0.628319  3.14159  0  0  -19.8249
1.88496  3.14159  0  0  -2.4913
3.14159  3.14159  0  0  -1.84547
4.39823  3.14159  0  0  -1.56171
5.65487  3.14159  0  0  -1.1758
8.16814  3.14159  0  0  -1.0361
10.6814  3.14159  0  0  -0.785194
14.4513  3.14159  0  0  -0.566341
33.3009  3.14159  0  0  -0.274774
-29.531  3.14159  3.14159  0.0397136  0.300819
-14.4513  3.14159  3.14159  0.14737  0.609028
-8.16814  3.14159  3.14159  0.368599  1.05534
-5.65487  3.14159  3.14159  0.592018  1.4073
-4.39823  3.14159  3.14159  0.801136  1.60851
-3.14159  3.14159  3.14159  1.14833  1.98149
-1.88496  3.14159  3.14159  1.75856  2.26404
-0.628319  3.14159  3.14159  2.23429  1.41605
0.628319  3.14159  3.14159  2.23429  -1.41605
1.88496  3.14159  3.14159  1.75856  -2.26404
3.14159  3.14159  3.14159  1.14833  -1.98149
4.39823  3.14159  3.14159  0.801136  -1.60851
5.65487  3.14159  3.14159  0.592018  -1.4073
8.16814  3.14159  3.14159  0.368599  -1.05534
10.6814  3.14159  3.14159  0.243052  -0.786484
14.4513  3.14159  3.14159  0.14737  -0.609028
33.3009  3.14159  3.14159  0.0313587  -0.260892
