-29.531  0  0  0.0027665  0.033606
-14.4513  0  0  0.0112306  0.0670828
-8.16814  0  0  0.0327189  0.111712
-5.65487  0  0  0.0618618  0.148159
-4.39823  0  0  0.0920072  0.173444
-3.14159  0  0  0.146639  0.200885
-1.88496  0  0  0.24761  0.210164
-0.628319  0  0  0.399133  0.125021
0.628319  0  0  0.399133  -0.125021
1.88496  0  0  0.24761  -0.210164
3.14159  0  0  0.146639  -0.200885
4.39823  0  0  0.0920072  -0.173444
5.65487  0  0  0.0618618  -0.148159
8.16814  0  0  0.0327189  -0.111712
10.6814  0  0  0.019965  -0.0885692
14.4513  0  0  0.0112306  -0.0670828
33.3009  0  0  0.00217984  -0.0298497
-29.531  0  3.14159  -0.000126042  0.0338331
-14.4513  0  3.14159  -0.000522257  0.0689532
-8.16814  0  3.14159  -0.00160499  0.121195
-5.65487  0  3.14159  -0.00326576  0.173438
-4.39823  0  3.14159  -0.00528069  0.221011
-3.14159  0  3.14159  -0.0099098  0.303834
-1.88496  0  3.14159  -0.0252795  0.486595
-0.628319  0  3.14159  -0.241825  1.46282
0.628319  0  3.14159  -0.241825  -1.46282
1.88496  0  3.14159  -0.0252795  -0.486595
3.14159  0  3.14159  -0.0099098  -0.303834
4.39823  0  3.14159  -0.00528069  -0.221011
5.65487  0  3.14159  -0.00326576  -0.173438
8.16814  0  3.14159  -0.00160499  -0.121195
10.6814  0  3.14159  -0.00094864  -0.0930376
14.4513  0  3.14159  -0.000522257  -0.0689532
33.3009  0  3.14159  -9.9174e-05  -0.0300085
-29.531  3.14159  0  -0.000126042  0.0338331
-14.4513  3.14159  0  -0.000522257  0.0689532
-8.16814  3.14159  0  -0.00160499  0.121195
-5.65487  3.14159  0  -0.00326576  0.173438
-4.39823  3.14159  0  -0.00528069  0.221011
-3.14159  3.14159  0  -0.0099098  0.303834
-1.88496  3.14159  0  -0.0252795  0.486595
-0.628319  3.14159  0  -0.241825  1.46282
0.628319  3.14159  0  -0.241825  -1.46282
1.88496  3.14159  0  -0.0252795  -0.486595
3.14159  3.14159  0  -0.0099098  -0.303834
4.39823  3.14159  0  -0.00528069  -0.221011
5.65487  3.14159  0  -0.00326576  -0.173438
8.16814  3.14159  0  -0.00160499  -0.121195
10.6814  3.14159  0  -0.00094864  -0.0930376
14.4513  3.14159  0  -0.000522257  -0.0689532
33.3009  3.14159  0  -9.9174e-05  -0.0300085
-29.531  3.14159  3.14159  -0.00301307  0.0335633
-14.4513  3.14159  3.14159  -0.0121847  0.0667394
-8.16814  3.14159  3.14159  -0.0351666  0.110073
-5.65487  3.14159  3.14159  -0.0656744  0.144103
-4.39823  3.14159  3.14159  -0.0964563  0.166472
-3.14159  3.14159  3.14159  -0.150327  0.188295
-1.88496  3.14159  3.14159  -0.244231  0.188419
-0.628319  3.14159  3.14159  -0.36923  0.102293
0.628319  3.14159  3.14159  -0.36923  -0.102293
1.88496  3.14159  3.14159  -0.244231  -0.188419
3.14159  3.14159  3.14159  -0.150327  -0.188295
4.39823  3.14159  3.14159  -0.0964563  -0.166472
5.65487  3.14159  3.14159  -0.0656744  -0.144103
8.16814  3.14159  3.14159  -0.0351666  -0.110073
10.6814  3.14159  3.14159  -0.0215776  -0.0877689
14.4513  3.14159  3.14159  -0.0121847  -0.0667394
33.3009  3.14159  3.14159  -0.00237476  -0.0298198
