-29.531  0  0  -0.0341275  0.289516
-14.4513  0  0  -0.154503  0.699139
-8.16814  0  0  -0.380812  1.12384
-5.65487  0  0  -0.688501  1.57294
-4.39823  0  0  -0.95101  1.65046
-3.14159  0  0  -1.19607  1.85178
-1.88496  0  0  -1.16872  2.22574
-0.628319  0  0  -1.3076  0.512756
0.628319  0  0  -1.3076  -0.512756
1.88496  0  0  -1.16872  -2.22574
3.14159  0  0  -1.19607  -1.85178
4.39823  0  0  -0.95101  -1.65046
5.65487  0  0  -0.688501  -1.57294
8.16814  0  0  -0.380812  -1.12384
10.6814  0  0  -0.261195  -0.809809
14.4513  0  0  -0.154503  -0.699139
33.3009  0  0  -0.0266233  -0.228785
-29.531  0  3.14159  0  0.106409
-14.4513  0  3.14159  0  1.52049
-8.16814  0  3.14159  0  2.24316
-5.65487  0  3.14159  0  3.1596
-4.39823  0  3.14159  0  0.405647
-3.14159  0  3.14159  0  -0.381777
-1.88496  0  3.14159  0  2.46055
-0.628319  0  3.14159  0  6.82701
0.628319  0  3.14159  0  -6.82701
1.88496  0  3.14159  0  -2.46055
3.14159  0  3.14159  0  0.381777
4.39823  0  3.14159  0  -0.405647
5.65487  0  3.14159  0  -3.1596
8.16814  0  3.14159  0  -2.24316
10.6814  0  3.14159  0  -0.546765
14.4513  0  3.14159  0  -1.52049
33.3009  0  3.14159  0  0.26941
-29.531  3.14159  0  0  0.106409
-14.4513  3.14159  0  0  1.52049
-8.16814  3.14159  0  0  2.24316
-5.65487  3.14159  0  0  3.1596
-4.39823  3.14159  0  0  0.405647
-3.14159  3.14159  0  0  -0.381777
-1.88496  3.14159  0  0  2.46055
-0.628319  3.14159  0  0  6.82701
0.628319  3.14159  0  0  -6.82701
1.88496  3.14159  0  0  -2.46055
3.14159  3.14159  0  0  0.381777
4.39823  3.14159  0  0  -0.405647
5.65487  3.14159  0  0  -3.1596
8.16814  3.14159  0  0  -2.24316
10.6814  3.14159  0  0  -0.546765
14.4513  3.14159  0  0  -1.52049
33.3009  3.14159  0  0  0.26941
-29.531  3.14159  3.14159  0.0543229  0.29143
-14.4513  3.14159  3.14159  0.132766  0.696109
-8.16814  3.14159  3.14159  0.341515  1.1574
-5.65487  3.14159  3.14159  0.510992  1.61365
-4.39823  3.14159  3.14159  0.648288  1.68478
-3.14159  3.14159  3.14159  1.03457  1.93074
-1.88496  3.14159  3.14159  1.95099  2.43052
-0.628319  3.14159  3.14159  2.64908  0.671652
0.628319  3.14159  3.14159  2.64908  -0.671652
1.88496  3.14159  3.14159  1.95099  -2.43052
3.14159  3.14159  3.14159  1.03457  -1.93074
4.39823  3.14159  3.14159  0.648288  -1.68478
5.65487  3.14159  3.14159  0.510992  -1.61365
8.16814  3.14159  3.14159  0.341515  -1.1574
10.6814  3.14159  3.14159  0.208685  -0.815481
14.4513  3.14159  3.14159  0.132766  -0.696109
33.3009  3.14159  3.14159  0.044909  -0.230653
