-29.531  0  0  0.00137704  0.0337774
-14.4513  0  0  0.00567866  0.0684894
-8.16814  0  0  0.0172069  0.118753
-5.65487  0  0  0.0343322  0.166729
-4.39823  0  0  0.053979  0.207632
-3.14159  0  0  0.0961243  0.271909
-1.88496  0  0  0.210104  0.374616
-0.628319  0  0  0.597912  0.520892
0.628319  0  0  0.597912  -0.520892
1.88496  0  0  0.210104  -0.374616
3.14159  0  0  0.0961243  -0.271909
4.39823  0  0  0.053979  -0.207632
5.65487  0  0  0.0343322  -0.166729
8.16814  0  0  0.0172069  -0.118753
10.6814  0  0  0.0102569  -0.0919089
14.4513  0  0  0.00567866  -0.0684894
33.3009  0  0  0.00108383  -0.0299696
-29.531  0  3.14159  -0.00152878  0.0337642
-14.4513  0  3.14159  -0.00629989  0.0683926
-8.16814  0  3.14159  -0.0190998  0.118284
-5.65487  0  3.14159  -0.0382582  0.165423
-4.39823  0  3.14159  -0.0583883  0.203479
-3.14159  0  3.14159  -0.0977831  0.261419
-1.88496  0  3.14159  -0.222003  0.349228
-0.628319  0  3.14159  -0.581181  0.318827
0.628319  0  3.14159  -0.581181  -0.318827
1.88496  0  3.14159  -0.222003  -0.349228
3.14159  0  3.14159  -0.0977831  -0.261419
4.39823  0  3.14159  -0.0583883  -0.203479
5.65487  0  3.14159  -0.0382582  -0.165423
8.16814  0  3.14159  -0.0190998  -0.118284
10.6814  0  3.14159  -0.0113538  -0.0916364
14.4513  0  3.14159  -0.00629989  -0.0683926
33.3009  0  3.14159  -0.00120339  -0.0299602
-29.531  3.14159  0  -0.00152878  0.0337642
-14.4513  3.14159  0  -0.00629989  0.0683926
-8.16814  3.14159  0  -0.0190998  0.118284
-5.65487  3.14159  0  -0.0382582  0.165423
-4.39823  3.14159  0  -0.0583883  0.203479
-3.14159  3.14159  0  -0.0977831  0.261419
-1.88496  3.14159  0  -0.222003  0.349228
-0.628319  3.14159  0  -0.581181  0.318827
0.628319  3.14159  0  -0.581181  -0.318827
1.88496  3.14159  0  -0.222003  -0.349228
3.14159  3.14159  0  -0.0977831  -0.261419
4.39823  3.14159  0  -0.0583883  -0.203479
5.65487  3.14159  0  -0.0382582  -0.165423
8.16814  3.14159  0  -0.0190998  -0.118284
10.6814  3.14159  0  -0.0113538  -0.0916364
14.4513  3.14159  0  -0.00629989  -0.0683926
33.3009  3.14159  0  -0.00120339  -0.0299602
-29.531  3.14159  3.14159  -0.00436801  0.0332603
-14.4513  3.14159  3.14159  -0.0171979  0.0643781
-8.16814  3.14159  3.14159  -0.046616  0.0995775
-5.65487  3.14159  3.14159  -0.0806342  0.120374
-4.39823  3.14159  3.14159  -0.110154  0.129007
-3.14159  3.14159  3.14159  -0.152891  0.129353
-1.88496  3.14159  3.14159  -0.208129  0.107011
-0.628319  3.14159  3.14159  -0.257821  0.0448423
0.628319  3.14159  3.14159  -0.257821  -0.0448423
1.88496  3.14159  3.14159  -0.208129  -0.107011
3.14159  3.14159  3.14159  -0.152891  -0.129353
4.39823  3.14159  3.14159  -0.110154  -0.129007
5.65487  3.14159  3.14159  -0.0806342  -0.120374
8.16814  3.14159  3.14159  -0.046616  -0.0995775
10.6814  3.14159  3.14159  -0.0296629  -0.0824275
14.4513  3.14159  3.14159  -0.0171979  -0.0643781
33.3009  3.14159  3.14159  -0.00344925  -0.0296072
