-29.531  0  0  1313.89  -2471.44
-14.4513  0  0  -1388.81  13317.8
-8.16814  0  0  2586.57  -3939.28
-5.65487  0  0  4140.45  4575.63
-4.39823  0  0  -50.5902  -4419.32
-3.14159  0  0  23848.5  5416.32
-1.88496  0  0  32233.3  -12610.8
-0.628319  0  0  43871.6  -105445
0.628319  0  0  43871.6  105445
1.88496  0  0  32233.3  12610.8
3.14159  0  0  23848.5  -5416.32
4.39823  0  0  -50.5902  4419.32
5.65487  0  0  4140.45  -4575.63
8.16814  0  0  2586.57  3939.28
10.6814  0  0  -1761.46  -1746.11
14.4513  0  0  -1388.81  -13317.8
33.3009  0  0  1239.74  5128.23
-29.531  0  3.14159  0  -258389
-14.4513  0  3.14159  0  1.11934e+06
-8.16814  0  3.14159  0  1.34453e+06
-5.65487  0  3.14159  0  2.09692e+06
-4.39823  0  3.14159  0  -1.26697e+06
-3.14159  0  3.14159  0  -2.65651e+06
-1.88496  0  3.14159  0  311977
-0.628319  0  3.14159  0  -1.31202e+07
0.628319  0  3.14159  0  1.31202e+07
1.88496  0  3.14159  0  -311977
3.14159  0  3.14159  0  2.65651e+06
4.39823  0  3.14159  0  1.26697e+06
5.65487  0  3.14159  0  -2.09692e+06
8.16814  0  3.14159  0  -1.34453e+06
10.6814  0  3.14159  0  -1.05018e+06
14.4513  0  3.14159  0  -1.11934e+06
33.3009  0  3.14159  0  411684
-29.531  3.14159  0  0  -258389
-14.4513  3.14159  0  0  1.11934e+06
-8.16814  3.14159  0  0  1.34453e+06
-5.65487  3.14159  0  0  2.09692e+06
-4.39823  3.14159  0  0  -1.26697e+06
-3.14159  3.14159  0  0  -2.65651e+06
-1.88496  3.14159  0  0  311977
-0.628319  3.14159  0  0  -1.31202e+07
0.628319  3.14159  0  0  1.31202e+07
1.88496  3.14159  0  0  -311977
3.14159  3.14159  0  0  2.65651e+06
4.39823  3.14159  0  0  1.26697e+06
5.65487  3.14159  0  0  -2.09692e+06
8.16814  3.14159  0  0  -1.34453e+06
10.6814  3.14159  0  0  -1.05018e+06
14.4513  3.14159  0  0  -1.11934e+06
33.3009  3.14159  0  0  411684
-29.531  3.14159  3.14159  2220.74  -2236.27
-14.4513  3.14159  3.14159  -1613.07  11744.1
-8.16814  3.14159  3.14159  1987.2  -8456.59
-5.65487  3.14159  3.14159  5044.4  -134.84
-4.39823  3.14159  3.14159  3173.6  -229.925
-3.14159  3.14159  3.14159  26302  11528.9
-1.88496  3.14159  3.14159  25470.5  -17162.8
-0.628319  3.14159  3.14159  39581.5  -80192.9
0.628319  3.14159  3.14159  39581.5  80192.9
1.88496  3.14159  3.14159  25470.5  17162.8
3.14159  3.14159  3.14159  26302  -11528.9
4.39823  3.14159  3.14159  3173.6  229.925
5.65487  3.14159  3.14159  5044.4  134.84
8.16814  3.14159  3.14159  1987.2  8456.59
10.6814  3.14159  3.14159  -2654.87  493.605
14.4513  3.14159  3.14159  -1613.07  -11744.1
33.3009  3.14159  3.14159  2083.68  4667.16
