-29.531  0  0  525.587  -988.455
-14.4513  0  0  -555.429  5327.31
-8.16814  0  0  1034.78  -1575.53
-5.65487  0  0  1656.35  1830.4
-4.39823  0  0  -20.0532  -1767.6
-3.14159  0  0  9539.58  2166.62
-1.88496  0  0  12893.5  -5044.27
-0.628319  0  0  17548.8  -42178.1
0.628319  0  0  17548.8  42178.1
1.88496  0  0  12893.5  5044.27
3.14159  0  0  9539.58  -2166.62
4.39823  0  0  -20.0532  1767.6
5.65487  0  0  1656.35  -1830.4
8.16814  0  0  1034.78  1575.53
10.6814  0  0  -704.458  -698.627
14.4513  0  0  -555.429  -5327.31
33.3009  0  0  495.924  2051.18
-29.531  0  3.14159  0  -103388
-14.4513  0  3.14159  0  447738
-8.16814  0  3.14159  0  537812
-5.65487  0  3.14159  0  838767
-4.39823  0  3.14159  0  -506786
-3.14159  0  3.14159  0  -1.06261e+06
-1.88496  0  3.14159  0  124791
-0.628319  0  3.14159  0  -5.24808e+06
0.628319  0  3.14159  0  5.24808e+06
1.88496  0  3.14159  0  -124791
3.14159  0  3.14159  0  1.06261e+06
4.39823  0  3.14159  0  506786
5.65487  0  3.14159  0  -838767
8.16814  0  3.14159  0  -537812
10.6814  0  3.14159  0  -420711
14.4513  0  3.14159  0  -447738
33.3009  0  3.14159  0  164588
-29.531  3.14159  0  0  -103388
-14.4513  3.14159  0  0  447738
-8.16814  3.14159  0  0  537812
-5.65487  3.14159  0  0  838767
-4.39823  3.14159  0  0  -506786
-3.14159  3.14159  0  0  -1.06261e+06
-1.88496  3.14159  0  0  124791
-0.628319  3.14159  0  0  -5.24808e+06
0.628319  3.14159  0  0  5.24808e+06
1.88496  3.14159  0  0  -124791
3.14159  3.14159  0  0  1.06261e+06
4.39823  3.14159  0  0  506786
5.65487  3.14159  0  0  -838767
8.16814  3.14159  0  0  -537812
10.6814  3.14159  0  0  -420711
14.4513  3.14159  0  0  -447738
33.3009  3.14159  0  0  164588
-29.531  3.14159  3.14159  888.327  -894.388
-14.4513  3.14159  3.14159  -645.137  4697.8
-8.16814  3.14159  3.14159  795.029  -3382.46
-5.65487  3.14159  3.14159  2017.93  -53.7844
-4.39823  3.14159  3.14159  1269.63  -91.8412
-3.14159  3.14159  3.14159  10521  4611.67
-1.88496  3.14159  3.14159  10188.4  -6865.08
-0.628319  3.14159  3.14159  15832.8  -32077.1
0.628319  3.14159  3.14159  15832.8  32077.1
1.88496  3.14159  3.14159  10188.4  6865.08
3.14159  3.14159  3.14159  10521  -4611.67
4.39823  3.14159  3.14159  1269.63  91.8412
5.65487  3.14159  3.14159  2017.93  53.7844
8.16814  3.14159  3.14159  795.029  3382.46
10.6814  3.14159  3.14159  -1061.82  197.258
14.4513  3.14159  3.14159  -645.137  -4697.8
33.3009  3.14159  3.14159  833.498  1866.75
