-29.531  0  0  84.1402  -157.976
-14.4513  0  0  -88.742  852.622
-8.16814  0  0  165.77  -251.807
-5.65487  0  0  265.267  293.1
-4.39823  0  0  -2.95774  -282.635
-3.14159  0  0  1526.62  346.802
-1.88496  0  0  2063.2  -806.986
-0.628319  0  0  2808.07  -6748.48
0.628319  0  0  2808.07  6748.48
1.88496  0  0  2063.2  806.986
3.14159  0  0  1526.62  -346.802
4.39823  0  0  -2.95774  282.635
5.65487  0  0  265.267  -293.1
8.16814  0  0  165.77  251.807
10.6814  0  0  -112.547  -112.041
14.4513  0  0  -88.742  -852.622
33.3009  0  0  79.3854  328.03
-29.531  0  3.14159  0  -16552.1
-14.4513  0  3.14159  0  71638.3
-8.16814  0  3.14159  0  86050.1
-5.65487  0  3.14159  0  134203
-4.39823  0  3.14159  0  -81085.7
-3.14159  0  3.14159  0  -170017
-1.88496  0  3.14159  0  19966.6
-0.628319  0  3.14159  0  -839693
0.628319  0  3.14159  0  839693
1.88496  0  3.14159  0  -19966.6
3.14159  0  3.14159  0  170017
4.39823  0  3.14159  0  81085.7
5.65487  0  3.14159  0  -134203
8.16814  0  3.14159  0  -86050.1
10.6814  0  3.14159  0  -67516.4
14.4513  0  3.14159  0  -71638.3
33.3009  0  3.14159  0  26306.6
-29.531  3.14159  0  0  -16552.1
-14.4513  3.14159  0  0  71638.3
-8.16814  3.14159  0  0  86050.1
-5.65487  3.14159  0  0  134203
-4.39823  3.14159  0  0  -81085.7
-3.14159  3.14159  0  0  -170017
-1.88496  3.14159  0  0  19966.6
-0.628319  3.14159  0  0  -839693
0.628319  3.14159  0  0  839693
1.88496  3.14159  0  0  -19966.6
3.14159  3.14159  0  0  170017
4.39823  3.14159  0  0  81085.7
5.65487  3.14159  0  0  -134203
8.16814  3.14159  0  0  -86050.1
10.6814  3.14159  0  0  -67516.4
14.4513  3.14159  0  0  -71638.3
33.3009  3.14159  0  0  26306.6
-29.531  3.14159  3.14159  142.18  -142.94
-14.4513  3.14159  3.14159  -103.09  751.894
-8.16814  3.14159  3.14159  127.418  -540.975
-5.65487  3.14159  3.14159  323.105  -8.41648
-4.39823  3.14159  3.14159  203.404  -14.5194
-3.14159  3.14159  3.14159  1683.6  737.998
-1.88496  3.14159  3.14159  1630.45  -1098.35
-0.628319  3.14159  3.14159  2533.55  -5132.32
0.628319  3.14159  3.14159  2533.55  5132.32
1.88496  3.14159  3.14159  1630.45  1098.35
3.14159  3.14159  3.14159  1683.6  -737.998
4.39823  3.14159  3.14159  203.404  14.5194
5.65487  3.14159  3.14159  323.105  8.41648
8.16814  3.14159  3.14159  127.418  540.975
10.6814  3.14159  3.14159  -169.713  31.3288
14.4513  3.14159  3.14159  -103.09  -751.894
33.3009  3.14159  3.14159  133.399  298.536
