-29.531  0  0  0.0066576  0.0325041
-14.4513  0  0  0.0246325  0.0588904
-8.16814  0  0  0.0585658  0.0790941
-5.65487  0  0  0.0882005  0.0825106
-4.39823  0  0  0.108212  0.0786838
-3.14159  0  0  0.130238  0.0676807
-1.88496  0  0  0.150759  0.0470034
-0.628319  0  0  0.163654  0.0170072
0.628319  0  0  0.163654  -0.0170072
1.88496  0  0  0.150759  -0.0470034
3.14159  0  0  0.130238  -0.0676807
4.39823  0  0  0.108212  -0.0786838
5.65487  0  0  0.0882005  -0.0825106
8.16814  0  0  0.0585658  -0.0790941
10.6814  0  0  0.0401017  -0.0709154
14.4513  0  0  0.0246325  -0.0588904
33.3009  0  0  0.00527855  -0.029073
-29.531  0  3.14159  0.00395776  0.0333937
-14.4513  0  3.14159  0.0158304  0.0653638
-8.16814  0  3.14159  0.0443209  0.103436
-5.65487  0  3.14159  0.0791356  0.12786
-4.39823  0  3.14159  0.110779  0.139211
-3.14159  0  3.14159  0.158231  0.14203
-1.88496  0  3.14159  0.221476  0.119282
-0.628319  0  3.14159  0.276798  0.0496913
0.628319  0  3.14159  0.276798  -0.0496913
1.88496  0  3.14159  0.221476  -0.119282
3.14159  0  3.14159  0.158231  -0.14203
4.39823  0  3.14159  0.110779  -0.139211
5.65487  0  3.14159  0.0791356  -0.12786
8.16814  0  3.14159  0.0443209  -0.103436
10.6814  0  3.14159  0.0277021  -0.0845434
14.4513  0  3.14159  0.0158304  -0.0653638
33.3009  0  3.14159  0.00312162  -0.0297012
-29.531  3.14159  0  0.00395776  0.0333937
-14.4513  3.14159  0  0.0158304  0.0653638
-8.16814  3.14159  0  0.0443209  0.103436
-5.65487  3.14159  0  0.0791356  0.12786
-4.39823  3.14159  0  0.110779  0.139211
-3.14159  3.14159  0  0.158231  0.14203
-1.88496  3.14159  0  0.221476  0.119282
-0.628319  3.14159  0  0.276798  0.0496913
0.628319  3.14159  0  0.276798  -0.0496913
1.88496  3.14159  0  0.221476  -0.119282
3.14159  3.14159  0  0.158231  -0.14203
4.39823  3.14159  0  0.110779  -0.139211
5.65487  3.14159  0  0.0791356  -0.12786
8.16814  3.14159  0  0.0443209  -0.103436
10.6814  3.14159  0  0.0277021  -0.0845434
14.4513  3.14159  0  0.0158304  -0.0653638
33.3009  3.14159  0  0.00312162  -0.0297012
-29.531  3.14159  3.14159  0.00109763  0.0338302
-14.4513  3.14159  3.14159  0.00455068  0.0688925
-8.16814  3.14159  3.14159  0.0141268  0.120795
-5.65487  3.14159  3.14159  0.0290983  0.171914
-4.39823  3.14159  3.14159  0.0473079  0.217063
-3.14159  3.14159  3.14159  0.08858  0.291363
-1.88496  3.14159  3.14159  0.213934  0.422166
-0.628319  3.14159  3.14159  0.730921  0.480883
0.628319  3.14159  3.14159  0.730921  -0.480883
1.88496  3.14159  3.14159  0.213934  -0.422166
3.14159  3.14159  3.14159  0.08858  -0.291363
4.39823  3.14159  3.14159  0.0473079  -0.217063
5.65487  3.14159  3.14159  0.0290983  -0.171914
8.16814  3.14159  3.14159  0.0141268  -0.120795
10.6814  3.14159  3.14159  0.00826537  -0.0928897
14.4513  3.14159  3.14159  0.00455068  -0.0688925
33.3009  3.14159  3.14159  0.000861416  -0.0300066
