-54.6637  0  0  -0.00104852  0.0180385
-27.0177  0  0  -0.0037656  0.0349926
-13.1947  0  0  -0.01079  0.0631793
-10.6814  0  0  -0.0135998  0.0731119
-8.16814  0  0  -0.0172966  0.0858116
-6.9115  0  0  -0.019517  0.093286
-5.65487  0  0  -0.021929  0.100563
-4.39823  0  0  -0.0249749  0.105735
-3.14159  0  0  -0.0280252  0.103315
-1.88496  0  0  -0.0314396  0.0818818
-0.628319  0  0  -0.0331015  0.0331447
0.628319  0  0  -0.0331015  -0.0331447
1.88496  0  0  -0.0314396  -0.0818818
3.14159  0  0  -0.0280252  -0.103315
4.39823  0  0  -0.0249749  -0.105735
5.65487  0  0  -0.021929  -0.100563
6.9115  0  0  -0.019517  -0.093286
8.16814  0  0  -0.0172966  -0.0858116
10.6814  0  0  -0.0135998  -0.0731119
15.708  0  0  -0.00865077  -0.055363
33.3009  0  0  -0.00262003  -0.0289092
-54.6637  0  3.14159  1.85212e-05  0.0180364
-27.0177  0  3.14159  -1.59154e-05  0.0348913
-13.1947  0  3.14159  1.30275e-05  0.061249
-10.6814  0  3.14159  -1.84741e-13  0.0695686
-8.16814  0  3.14159  -2.2049e-13  0.0794719
-6.9115  0  3.14159  -3.55049e-13  0.0845508
-5.65487  0  3.14159  -3.07754e-13  0.0906709
-4.39823  0  3.14159  -1.23013e-13  0.0995385
-3.14159  0  3.14159  -3.83693e-13  0.116198
-1.88496  0  3.14159  -4.51195e-13  0.167473
-0.628319  0  3.14159  3.24185e-14  0.664198
0.628319  0  3.14159  3.24185e-14  -0.664198
1.88496  0  3.14159  -4.51195e-13  -0.167473
3.14159  0  3.14159  -3.83693e-13  -0.116198
4.39823  0  3.14159  -1.23013e-13  -0.0995385
5.65487  0  3.14159  -3.07754e-13  -0.0906709
6.9115  0  3.14159  -3.55049e-13  -0.0845508
8.16814  0  3.14159  -2.2049e-13  -0.0794719
10.6814  0  3.14159  -1.84741e-13  -0.0695686
15.708  0  3.14159  -5.71891e-06  -0.0543796
33.3009  0  3.14159  3.66031e-06  -0.0288545
-54.6637  3.14159  0  1.85212e-05  0.0180364
-27.0177  3.14159  0  -1.59154e-05  0.0348913
-13.1947  3.14159  0  1.30275e-05  0.061249
-10.6814  3.14159  0  -1.84741e-13  0.0695686
-8.16814  3.14159  0  -2.2049e-13  0.0794719
-6.9115  3.14159  0  -3.55049e-13  0.0845508
-5.65487  3.14159  0  -3.07754e-13  0.0906709
-4.39823  3.14159  0  -1.23013e-13  0.0995385
-3.14159  3.14159  0  -3.83693e-13  0.116198
-1.88496  3.14159  0  -4.51195e-13  0.167473
-0.628319  3.14159  0  3.24185e-14  0.664198
0.628319  3.14159  0  3.24185e-14  -0.664198
1.88496  3.14159  0  -4.51195e-13  -0.167473
3.14159  3.14159  0  -3.83693e-13  -0.116198
4.39823  3.14159  0  -1.23013e-13  -0.0995385
5.65487  3.14159  0  -3.07754e-13  -0.0906709
6.9115  3.14159  0  -3.55049e-13  -0.0845508
8.16814  3.14159  0  -2.2049e-13  -0.0794719
10.6814  3.14159  0  -1.84741e-13  -0.0695686
15.708  3.14159  0  -5.71891e-06  -0.0543796
33.3009  3.14159  0  3.66031e-06  -0.0288545
-54.6637  3.14159  3.14159  0.00103686  0.0180385
-27.0177  3.14159  3.14159  0.00379034  0.0349926
-13.1947  3.14159  3.14159  0.0107783  0.0631793
-10.6814  3.14159  3.14159  0.01357  0.073112
-8.16814  3.14159  3.14159  0.0172421  0.0858117
-6.9115  3.14159  3.14159  0.0195296  0.093286
-5.65487  3.14159  3.14159  0.0222811  0.100563
-4.39823  3.14159  3.14159  0.0251113  0.105735
-3.14159  3.14159  3.14159  0.0284961  0.103315
-1.88496  3.14159  3.14159  0.0312117  0.0818818
-0.628319  3.14159  3.14159  0.0334676  0.0331446
0.628319  3.14159  3.14159  0.0334676  -0.0331446
1.88496  3.14159  3.14159  0.0312117  -0.0818818
3.14159  3.14159  3.14159  0.0284961  -0.103315
4.39823  3.14159  3.14159  0.0251113  -0.105735
5.65487  3.14159  3.14159  0.0222811  -0.100563
6.9115  3.14159  3.14159  0.0195296  -0.093286
8.16814  3.14159  3.14159  0.0172421  -0.0858117
10.6814  3.14159  3.14159  0.01357  -0.073112
15.708  3.14159  3.14159  0.00866979  -0.055363
33.3009  3.14159  3.14159  0.0026251  -0.0289092
