-54.6637  0  0  -0.000645296  0.0181448
-27.0177  0  0  -0.00248739  0.0358334
-13.1947  0  0  -0.00841704  0.0671056
-10.6814  0  0  -0.0113734  0.0786295
-8.16814  0  0  -0.0158087  0.0935991
-6.9115  0  0  -0.0187911  0.102434
-5.65487  0  0  -0.022379  0.111735
-4.39823  0  0  -0.0265644  0.120118
-3.14159  0  0  -0.031146  0.123652
-1.88496  0  0  -0.035541  0.111895
-0.628319  0  0  -0.0386286  0.0602929
0.628319  0  0  -0.0386286  -0.0602929
1.88496  0  0  -0.035541  -0.111895
3.14159  0  0  -0.031146  -0.123652
4.39823  0  0  -0.0265644  -0.120118
5.65487  0  0  -0.022379  -0.111735
6.9115  0  0  -0.0187911  -0.102434
8.16814  0  0  -0.0158087  -0.0935991
10.6814  0  0  -0.0113734  -0.0786295
15.708  0  0  -0.00641103  -0.0582251
33.3009  0  0  -0.00168151  -0.0293872
-54.6637  0  3.14159  3.47872e-08  0.0181455
-27.0177  0  3.14159  -2.97664e-08  0.0358283
-13.1947  0  3.14159  2.4115e-08  0.066898
-10.6814  0  3.14159  -1.54119e-16  0.0781823
-8.16814  0  3.14159  -9.90961e-17  0.0926361
-6.9115  0  3.14159  -3.99854e-16  0.101092
-5.65487  0  3.14159  -1.16443e-16  0.110107
-4.39823  0  3.14159  1.91253e-16  0.11905
-3.14159  0  3.14159  1.76074e-16  0.126661
-1.88496  0  3.14159  -1.73039e-16  0.13071
-0.628319  0  3.14159  4.14599e-16  0.128062
0.628319  0  3.14159  4.14599e-16  -0.128062
1.88496  0  3.14159  -1.73039e-16  -0.13071
3.14159  0  3.14159  1.76074e-16  -0.126661
4.39823  0  3.14159  1.91253e-16  -0.11905
5.65487  0  3.14159  -1.16443e-16  -0.110107
6.9115  0  3.14159  -3.99854e-16  -0.101092
8.16814  0  3.14159  -9.90961e-17  -0.0926361
10.6814  0  3.14159  -1.54119e-16  -0.0781823
15.708  0  3.14159  -1.08778e-08  -0.0581251
33.3009  0  3.14159  6.93722e-09  -0.0293866
-54.6637  3.14159  0  3.47872e-08  0.0181455
-27.0177  3.14159  0  -2.97664e-08  0.0358283
-13.1947  3.14159  0  2.4115e-08  0.066898
-10.6814  3.14159  0  -1.54119e-16  0.0781823
-8.16814  3.14159  0  -9.90961e-17  0.0926361
-6.9115  3.14159  0  -3.99854e-16  0.101092
-5.65487  3.14159  0  -1.16443e-16  0.110107
-4.39823  3.14159  0  1.91253e-16  0.11905
-3.14159  3.14159  0  1.76074e-16  0.126661
-1.88496  3.14159  0  -1.73039e-16  0.13071
-0.628319  3.14159  0  4.14599e-16  0.128062
0.628319  3.14159  0  4.14599e-16  -0.128062
1.88496  3.14159  0  -1.73039e-16  -0.13071
3.14159  3.14159  0  1.76074e-16  -0.126661
4.39823  3.14159  0  1.91253e-16  -0.11905
5.65487  3.14159  0  -1.16443e-16  -0.110107
6.9115  3.14159  0  -3.99854e-16  -0.101092
8.16814  3.14159  0  -9.90961e-17  -0.0926361
10.6814  3.14159  0  -1.54119e-16  -0.0781823
15.708  3.14159  0  -1.08778e-08  -0.0581251
33.3009  3.14159  0  6.93722e-09  -0.0293866
-54.6637  3.14159  3.14159  0.000645309  0.0181448
-27.0177  3.14159  3.14159  0.00248739  0.0358334
-13.1947  3.14159  3.14159  0.00841693  0.0671056
-10.6814  3.14159  3.14159  0.0113733  0.0786295
-8.16814  3.14159  3.14159  0.0158086  0.0935991
-6.9115  3.14159  3.14159  0.0187908  0.102435
-5.65487  3.14159  3.14159  0.0223793  0.111735
-4.39823  3.14159  3.14159  0.026564  0.120118
-3.14159  3.14159  3.14159  0.0311494  0.123652
-1.88496  3.14159  3.14159  0.0355464  0.111895
-0.628319  3.14159  3.14159  0.0386312  0.0602938
0.628319  3.14159  3.14159  0.0386312  -0.0602938
1.88496  3.14159  3.14159  0.0355464  -0.111895
3.14159  3.14159  3.14159  0.0311494  -0.123652
4.39823  3.14159  3.14159  0.026564  -0.120118
5.65487  3.14159  3.14159  0.0223793  -0.111735
6.9115  3.14159  3.14159  0.0187908  -0.102435
8.16814  3.14159  3.14159  0.0158086  -0.0935991
10.6814  3.14159  3.14159  0.0113733  -0.0786295
15.708  3.14159  3.14159  0.00641096  -0.0582252
33.3009  3.14159  3.14159  0.00168151  -0.0293872
