-54.6637  0  0  0.000849301  0.0182495
-27.0177  0  0  0.00344595  0.0366506
-13.1947  0  0  0.0139335  0.0728039
-10.6814  0  0  0.0207585  0.0881457
-8.16814  0  0  0.033872  0.110814
-6.9115  0  0  0.0453597  0.126403
-5.65487  0  0  0.0633184  0.145898
-4.39823  0  0  0.0930079  0.169711
-3.14159  0  0  0.144992  0.195469
-1.88496  0  0  0.239236  0.208246
-0.628319  0  0  0.398646  0.14468
0.628319  0  0  0.398646  -0.14468
1.88496  0  0  0.239236  -0.208246
3.14159  0  0  0.144992  -0.195469
4.39823  0  0  0.0930079  -0.169711
5.65487  0  0  0.0633184  -0.145898
6.9115  0  0  0.0453597  -0.126403
8.16814  0  0  0.033872  -0.110814
10.6814  0  0  0.0207585  -0.0881457
15.708  0  0  0.00996799  -0.0618654
33.3009  0  0  0.00227735  -0.0298349
-54.6637  0  3.14159  -1.70513e-16  0.018289
-27.0177  0  3.14159  2.39038e-15  0.0369743
-13.1947  0  3.14159  -3.25205e-14  0.0754619
-10.6814  0  3.14159  3.41389e-18  0.0930105
-8.16814  0  3.14159  -1.64554e-18  0.121083
-6.9115  0  3.14159  -3.18594e-18  0.142498
-5.65487  0  3.14159  -2.48867e-18  0.17293
-4.39823  0  3.14159  1.04419e-17  0.219378
-3.14159  0  3.14159  -3.13982e-18  0.298151
-1.88496  0  3.14159  1.36395e-18  0.456166
-0.628319  0  3.14159  -3.24102e-17  0.893509
0.628319  0  3.14159  -3.24102e-17  -0.893509
1.88496  0  3.14159  1.36395e-18  -0.456166
3.14159  0  3.14159  -3.13982e-18  -0.298151
4.39823  0  3.14159  1.04419e-17  -0.219378
5.65487  0  3.14159  -2.48867e-18  -0.17293
6.9115  0  3.14159  -3.18594e-18  -0.142498
8.16814  0  3.14159  -1.64554e-18  -0.121083
10.6814  0  3.14159  3.41389e-18  -0.0930105
15.708  0  3.14159  8.69884e-15  -0.0634678
33.3009  0  3.14159  -2.6146e-16  -0.0300087
-54.6637  3.14159  0  -1.70416e-16  0.018289
-27.0177  3.14159  0  2.39202e-15  0.0369743
-13.1947  3.14159  0  -3.25221e-14  0.0754619
-10.6814  3.14159  0  -3.24685e-18  0.0930105
-8.16814  3.14159  0  3.78734e-18  0.121083
-6.9115  3.14159  0  2.72726e-18  0.142498
-5.65487  3.14159  0  2.37281e-18  0.17293
-4.39823  3.14159  0  -1.6869e-17  0.219378
-3.14159  3.14159  0  6.85368e-18  0.298151
-1.88496  3.14159  0  5.35806e-19  0.456166
-0.628319  3.14159  0  4.19165e-17  0.893509
0.628319  3.14159  0  4.19165e-17  -0.893509
1.88496  3.14159  0  5.35806e-19  -0.456166
3.14159  3.14159  0  6.85368e-18  -0.298151
4.39823  3.14159  0  -1.6869e-17  -0.219378
5.65487  3.14159  0  2.37281e-18  -0.17293
6.9115  3.14159  0  2.72726e-18  -0.142498
8.16814  3.14159  0  3.78734e-18  -0.121083
10.6814  3.14159  0  -3.24685e-18  -0.0930105
15.708  3.14159  0  8.69974e-15  -0.0634678
33.3009  3.14159  0  -2.60943e-16  -0.0300087
-54.6637  3.14159  3.14159  -0.000849301  0.0182495
-27.0177  3.14159  3.14159  -0.00344595  0.0366506
-13.1947  3.14159  3.14159  -0.0139335  0.0728039
-10.6814  3.14159  3.14159  -0.0207585  0.0881457
-8.16814  3.14159  3.14159  -0.033872  0.110814
-6.9115  3.14159  3.14159  -0.0453597  0.126403
-5.65487  3.14159  3.14159  -0.0633184  0.145898
-4.39823  3.14159  3.14159  -0.0930079  0.169711
-3.14159  3.14159  3.14159  -0.144992  0.195469
-1.88496  3.14159  3.14159  -0.239236  0.208246
-0.628319  3.14159  3.14159  -0.398646  0.14468
0.628319  3.14159  3.14159  -0.398646  -0.14468
1.88496  3.14159  3.14159  -0.239236  -0.208246
3.14159  3.14159  3.14159  -0.144992  -0.195469
4.39823  3.14159  3.14159  -0.0930079  -0.169711
5.65487  3.14159  3.14159  -0.0633184  -0.145898
6.9115  3.14159  3.14159  -0.0453597  -0.126403
8.16814  3.14159  3.14159  -0.033872  -0.110814
10.6814  3.14159  3.14159  -0.0207585  -0.0881457
15.708  3.14159  3.14159  -0.00996799  -0.0618654
33.3009  3.14159  3.14159  -0.00227735  -0.0298349
