-54.6637  0  0  -0.000641478  0.0181424
-27.0177  0  0  -0.00247189  0.0358119
-13.1947  0  0  -0.00835474  0.0669377
-10.6814  0  0  -0.011281  0.0783323
-8.16814  0  0  -0.0156592  0.0930102
-6.9115  0  0  -0.0185921  0.101562
-5.65487  0  0  -0.0221045  0.110392
-4.39823  0  0  -0.0261678  0.117972
-3.14159  0  0  -0.0305508  0.120155
-1.88496  0  0  -0.0346344  0.106496
-0.628319  0  0  -0.0373659  0.0547126
0.628319  0  0  -0.0373659  -0.0547126
1.88496  0  0  -0.0346344  -0.106496
3.14159  0  0  -0.0305508  -0.120155
4.39823  0  0  -0.0261678  -0.117972
5.65487  0  0  -0.0221045  -0.110392
6.9115  0  0  -0.0185921  -0.101562
8.16814  0  0  -0.0156592  -0.0930102
10.6814  0  0  -0.011281  -0.0783323
15.708  0  0  -0.00636635  -0.0581218
33.3009  0  0  -0.00167126  -0.0293757
-54.6637  0  3.14159  -1.70618e-09  0.0181428
-27.0177  0  3.14159  1.43413e-09  0.0358061
-13.1947  0  3.14159  -1.13762e-09  0.0667379
-10.6814  0  3.14159  2.27267e-18  0.07791
-8.16814  0  3.14159  2.80146e-18  0.0921305
-6.9115  0  3.14159  6.47556e-18  0.100374
-5.65487  0  3.14159  2.56782e-18  0.109048
-4.39823  0  3.14159  -2.26406e-17  0.117398
-3.14159  0  3.14159  -6.69963e-18  0.1238
-1.88496  0  3.14159  7.5029e-18  0.124466
-0.628319  0  3.14159  4.92106e-18  0.103436
0.628319  0  3.14159  4.92106e-18  -0.103436
1.88496  0  3.14159  7.5029e-18  -0.124466
3.14159  0  3.14159  -6.69963e-18  -0.1238
4.39823  0  3.14159  -2.26406e-17  -0.117398
5.65487  0  3.14159  2.56782e-18  -0.109048
6.9115  0  3.14159  6.47556e-18  -0.100374
8.16814  0  3.14159  2.80146e-18  -0.0921305
10.6814  0  3.14159  2.27267e-18  -0.07791
15.708  0  3.14159  6.208e-10  -0.058024
33.3009  0  3.14159  -3.65437e-10  -0.0293746
-54.6637  3.14159  0  -1.70618e-09  0.0181428
-27.0177  3.14159  0  1.43413e-09  0.0358061
-13.1947  3.14159  0  -1.13762e-09  0.0667379
-10.6814  3.14159  0  2.27267e-18  0.07791
-8.16814  3.14159  0  2.80146e-18  0.0921305
-6.9115  3.14159  0  6.47556e-18  0.100374
-5.65487  3.14159  0  2.56782e-18  0.109048
-4.39823  3.14159  0  -2.26406e-17  0.117398
-3.14159  3.14159  0  -6.69963e-18  0.1238
-1.88496  3.14159  0  7.5029e-18  0.124466
-0.628319  3.14159  0  4.92106e-18  0.103436
0.628319  3.14159  0  4.92106e-18  -0.103436
1.88496  3.14159  0  7.5029e-18  -0.124466
3.14159  3.14159  0  -6.69963e-18  -0.1238
4.39823  3.14159  0  -2.26406e-17  -0.117398
5.65487  3.14159  0  2.56782e-18  -0.109048
6.9115  3.14159  0  6.47556e-18  -0.100374
8.16814  3.14159  0  2.80146e-18  -0.0921305
10.6814  3.14159  0  2.27267e-18  -0.07791
15.708  3.14159  0  6.208e-10  -0.058024
33.3009  3.14159  0  -3.65437e-10  -0.0293746
-54.6637  3.14159  3.14159  0.000641463  0.0181424
-27.0177  3.14159  3.14159  0.00247187  0.0358119
-13.1947  3.14159  3.14159  0.00835473  0.0669377
-10.6814  3.14159  3.14159  0.011281  0.0783323
-8.16814  3.14159  3.14159  0.0156592  0.0930102
-6.9115  3.14159  3.14159  0.0185921  0.101562
-5.65487  3.14159  3.14159  0.0221045  0.110392
-4.39823  3.14159  3.14159  0.0261678  0.117972
-3.14159  3.14159  3.14159  0.030551  0.120155
-1.88496  3.14159  3.14159  0.0346346  0.106496
-0.628319  3.14159  3.14159  0.0373661  0.0547126
0.628319  3.14159  3.14159  0.0373661  -0.0547126
1.88496  3.14159  3.14159  0.0346346  -0.106496
3.14159  3.14159  3.14159  0.030551  -0.120155
4.39823  3.14159  3.14159  0.0261678  -0.117972
5.65487  3.14159  3.14159  0.0221045  -0.110392
6.9115  3.14159  3.14159  0.0185921  -0.101562
8.16814  3.14159  3.14159  0.0156592  -0.0930102
10.6814  3.14159  3.14159  0.011281  -0.0783323
15.708  3.14159  3.14159  0.00636634  -0.0581218
33.3009  3.14159  3.14159  0.00167123  -0.0293757
