-54.6637  0  0  -0.00151956  0.0408578
-27.0177  0  0  -0.00587746  0.0808604
-13.1947  0  0  -0.0201076  0.152404
-10.6814  0  0  -0.0273195  0.17911
-8.16814  0  0  -0.0382934  0.214109
-6.9115  0  0  -0.0457845  0.234931
-5.65487  0  0  -0.0549293  0.256961
-4.39823  0  0  -0.0657947  0.276828
-3.14159  0  0  -0.077955  0.284772
-1.88496  0  0  -0.0898331  0.255201
-0.628319  0  0  -0.0983748  0.132497
0.628319  0  0  -0.0983748  -0.132497
1.88496  0  0  -0.0898331  -0.255201
3.14159  0  0  -0.077955  -0.284772
4.39823  0  0  -0.0657947  -0.276828
5.65487  0  0  -0.0549293  -0.256961
6.9115  0  0  -0.0457845  -0.234931
8.16814  0  0  -0.0382934  -0.214109
10.6814  0  0  -0.0273195  -0.17911
15.708  0  0  -0.0152589  -0.131957
33.3009  0  0  -0.00396729  -0.0662529
-54.6637  0  3.14159  -9.96022e-09  0.0408612
-27.0177  0  3.14159  8.37497e-09  0.0808656
-13.1947  0  3.14159  -6.62578e-09  0.152046
-10.6814  0  3.14159  3.55127e-17  0.17828
-8.16814  0  3.14159  1.60364e-17  0.212267
-6.9115  0  3.14159  6.773e-17  0.232405
-5.65487  0  3.14159  1.08938e-17  0.254169
-4.39823  0  3.14159  -4.42382e-17  0.276272
-3.14159  0  3.14159  4.40572e-18  0.296045
-1.88496  0  3.14159  7.18719e-17  0.307526
-0.628319  0  3.14159  -6.62649e-17  0.276268
0.628319  0  3.14159  -6.62649e-17  -0.276268
1.88496  0  3.14159  7.18719e-17  -0.307526
3.14159  0  3.14159  4.40572e-18  -0.296045
4.39823  0  3.14159  -4.42382e-17  -0.276272
5.65487  0  3.14159  1.08938e-17  -0.254169
6.9115  0  3.14159  6.773e-17  -0.232405
8.16814  0  3.14159  1.60364e-17  -0.212267
10.6814  0  3.14159  3.55127e-17  -0.17828
15.708  0  3.14159  3.56827e-09  -0.131804
33.3009  0  3.14159  -2.12073e-09  -0.0662607
-54.6637  3.14159  0  -9.96022e-09  0.0408612
-27.0177  3.14159  0  8.37497e-09  0.0808656
-13.1947  3.14159  0  -6.62578e-09  0.152046
-10.6814  3.14159  0  3.55127e-17  0.17828
-8.16814  3.14159  0  1.60364e-17  0.212267
-6.9115  3.14159  0  6.773e-17  0.232405
-5.65487  3.14159  0  1.08938e-17  0.254169
-4.39823  3.14159  0  -4.42382e-17  0.276272
-3.14159  3.14159  0  4.40572e-18  0.296045
-1.88496  3.14159  0  7.18719e-17  0.307526
-0.628319  3.14159  0  -6.62649e-17  0.276268
0.628319  3.14159  0  -6.62649e-17  -0.276268
1.88496  3.14159  0  7.18719e-17  -0.307526
3.14159  3.14159  0  4.40572e-18  -0.296045
4.39823  3.14159  0  -4.42382e-17  -0.276272
5.65487  3.14159  0  1.08938e-17  -0.254169
6.9115  3.14159  0  6.773e-17  -0.232405
8.16814  3.14159  0  1.60364e-17  -0.212267
10.6814  3.14159  0  3.55127e-17  -0.17828
15.708  3.14159  0  3.56827e-09  -0.131804
33.3009  3.14159  0  -2.12073e-09  -0.0662607
-54.6637  3.14159  3.14159  0.00151954  0.0408578
-27.0177  3.14159  3.14159  0.00587745  0.0808604
-13.1947  3.14159  3.14159  0.0201076  0.152404
-10.6814  3.14159  3.14159  0.0273195  0.17911
-8.16814  3.14159  3.14159  0.0382934  0.214109
-6.9115  3.14159  3.14159  0.0457845  0.234931
-5.65487  3.14159  3.14159  0.0549294  0.256961
-4.39823  3.14159  3.14159  0.0657946  0.276828
-3.14159  3.14159  3.14159  0.0779555  0.284772
-1.88496  3.14159  3.14159  0.0898339  0.255201
-0.628319  3.14159  3.14159  0.0983754  0.132497
0.628319  3.14159  3.14159  0.0983754  -0.132497
1.88496  3.14159  3.14159  0.0898339  -0.255201
3.14159  3.14159  3.14159  0.0779555  -0.284772
4.39823  3.14159  3.14159  0.0657946  -0.276828
5.65487  3.14159  3.14159  0.0549294  -0.256961
6.9115  3.14159  3.14159  0.0457845  -0.234931
8.16814  3.14159  3.14159  0.0382934  -0.214109
10.6814  3.14159  3.14159  0.0273195  -0.17911
15.708  3.14159  3.14159  0.0152589  -0.131957
33.3009  3.14159  3.14159  0.00396727  -0.0662529
