-54.6637  0  0  -0.00158241  0.0408227
-27.0177  0  0  -0.0061476  0.0809668
-13.1947  0  0  -0.0212038  0.153553
-10.6814  0  0  -0.0289505  0.181228
-8.16814  0  0  -0.0409308  0.21868
-6.9115  0  0  -0.049327  0.241734
-5.65487  0  0  -0.0598317  0.267536
-4.39823  0  0  -0.0730202  0.293378
-3.14159  0  0  -0.0885455  0.312694
-1.88496  0  0  -0.106322  0.299007
-0.628319  0  0  -0.122262  0.179261
0.628319  0  0  -0.122262  -0.179261
1.88496  0  0  -0.106322  -0.299007
3.14159  0  0  -0.0885455  -0.312694
4.39823  0  0  -0.0730202  -0.293378
5.65487  0  0  -0.0598317  -0.267536
6.9115  0  0  -0.049327  -0.241734
8.16814  0  0  -0.0409308  -0.21868
10.6814  0  0  -0.0289505  -0.181228
15.708  0  0  -0.0160409  -0.132683
33.3009  0  0  -0.00414364  -0.0662733
-54.6637  0  3.14159  2.91378e-05  0.0408546
-27.0177  0  3.14159  -2.4818e-05  0.0810292
-13.1947  0  3.14159  1.99627e-05  0.153044
-10.6814  0  3.14159  -1.31006e-14  0.180348
-8.16814  0  3.14159  5.17364e-14  0.216602
-6.9115  0  3.14159  -2.53131e-14  0.237643
-5.65487  0  3.14159  5.06262e-14  0.262006
-4.39823  0  3.14159  3.23741e-13  0.289273
-3.14159  0  3.14159  8.83738e-14  0.317721
-1.88496  0  3.14159  -9.23706e-14  0.354087
-0.628319  0  3.14159  6.60805e-13  0.564374
0.628319  0  3.14159  6.60805e-13  -0.564374
1.88496  0  3.14159  -9.23706e-14  -0.354087
3.14159  0  3.14159  8.83738e-14  -0.317721
4.39823  0  3.14159  3.23741e-13  -0.289273
5.65487  0  3.14159  5.06262e-14  -0.262006
6.9115  0  3.14159  -2.53131e-14  -0.237643
8.16814  0  3.14159  5.17364e-14  -0.216602
10.6814  0  3.14159  -1.31006e-14  -0.180348
15.708  0  3.14159  -9.41862e-06  -0.132477
33.3009  0  3.14159  5.90571e-06  -0.066322
-54.6637  3.14159  0  2.91378e-05  0.0408546
-27.0177  3.14159  0  -2.4818e-05  0.0810292
-13.1947  3.14159  0  1.99627e-05  0.153044
-10.6814  3.14159  0  -1.31006e-14  0.180348
-8.16814  3.14159  0  5.17364e-14  0.216602
-6.9115  3.14159  0  -2.53131e-14  0.237643
-5.65487  3.14159  0  5.06262e-14  0.262006
-4.39823  3.14159  0  3.23741e-13  0.289273
-3.14159  3.14159  0  8.83738e-14  0.317721
-1.88496  3.14159  0  -9.23706e-14  0.354087
-0.628319  3.14159  0  6.60805e-13  0.564374
0.628319  3.14159  0  6.60805e-13  -0.564374
1.88496  3.14159  0  -9.23706e-14  -0.354087
3.14159  3.14159  0  8.83738e-14  -0.317721
4.39823  3.14159  0  3.23741e-13  -0.289273
5.65487  3.14159  0  5.06262e-14  -0.262006
6.9115  3.14159  0  -2.53131e-14  -0.237643
8.16814  3.14159  0  5.17364e-14  -0.216602
10.6814  3.14159  0  -1.31006e-14  -0.180348
15.708  3.14159  0  -9.41862e-06  -0.132477
33.3009  3.14159  0  5.90571e-06  -0.066322
-54.6637  3.14159  3.14159  0.00158936  0.0408227
-27.0177  3.14159  3.14159  0.00614559  0.0809669
-13.1947  3.14159  3.14159  0.0211918  0.153553
-10.6814  3.14159  3.14159  0.0289383  0.181228
-8.16814  3.14159  3.14159  0.040956  0.218681
-6.9115  3.14159  3.14159  0.0493302  0.241735
-5.65487  3.14159  3.14159  0.0598915  0.267536
-4.39823  3.14159  3.14159  0.07296  0.293379
-3.14159  3.14159  3.14159  0.0894045  0.312694
-1.88496  3.14159  3.14159  0.107815  0.29901
-0.628319  3.14159  3.14159  0.123326  0.179288
0.628319  3.14159  3.14159  0.123326  -0.179288
1.88496  3.14159  3.14159  0.107815  -0.29901
3.14159  3.14159  3.14159  0.0894045  -0.312694
4.39823  3.14159  3.14159  0.07296  -0.293379
5.65487  3.14159  3.14159  0.0598915  -0.267536
6.9115  3.14159  3.14159  0.0493302  -0.241735
8.16814  3.14159  3.14159  0.040956  -0.218681
10.6814  3.14159  3.14159  0.0289383  -0.181228
15.708  3.14159  3.14159  0.0160358  -0.132683
33.3009  3.14159  3.14159  0.00414663  -0.0662734
