-54.6637  0  0  -0.00152272  0.0408577
-27.0177  0  0  -0.00589078  0.0808703
-13.1947  0  0  -0.0201626  0.152491
-10.6814  0  0  -0.0274021  0.179267
-8.16814  0  0  -0.0384294  0.214432
-6.9115  0  0  -0.0459686  0.235413
-5.65487  0  0  -0.0551876  0.257707
-4.39823  0  0  -0.0661787  0.278009
-3.14159  0  0  -0.0785383  0.2867
-1.88496  0  0  -0.0907499  0.258091
-0.628319  0  0  -0.0996788  0.135316
0.628319  0  0  -0.0996788  -0.135316
1.88496  0  0  -0.0907499  -0.258091
3.14159  0  0  -0.0785383  -0.2867
4.39823  0  0  -0.0661787  -0.278009
5.65487  0  0  -0.0551876  -0.257707
6.9115  0  0  -0.0459686  -0.235413
8.16814  0  0  -0.0384294  -0.214432
10.6814  0  0  -0.0274021  -0.179267
15.708  0  0  -0.0152979  -0.132011
33.3009  0  0  -0.00397601  -0.0662572
-54.6637  0  3.14159  7.77454e-07  0.040862
-27.0177  0  3.14159  -6.62352e-07  0.0808776
-13.1947  0  3.14159  5.32959e-07  0.152128
-10.6814  0  3.14159  -3.62791e-16  0.17843
-8.16814  0  3.14159  1.37547e-15  0.212558
-6.9115  0  3.14159  -6.69343e-16  0.232794
-5.65487  0  3.14159  1.35791e-15  0.254745
-4.39823  0  3.14159  8.64105e-15  0.277193
-3.14159  0  3.14159  2.26068e-15  0.297635
-1.88496  0  3.14159  -2.55217e-15  0.311092
-0.628319  0  3.14159  1.75827e-14  0.292634
0.628319  0  3.14159  1.75827e-14  -0.292634
1.88496  0  3.14159  -2.55217e-15  -0.311092
3.14159  0  3.14159  2.26068e-15  -0.297635
4.39823  0  3.14159  8.64105e-15  -0.277193
5.65487  0  3.14159  1.35791e-15  -0.254745
6.9115  0  3.14159  -6.69343e-16  -0.232794
8.16814  0  3.14159  1.37547e-15  -0.212558
10.6814  0  3.14159  -3.62791e-16  -0.17843
15.708  0  3.14159  -2.50856e-07  -0.131857
33.3009  0  3.14159  1.57439e-07  -0.0662666
-54.6637  3.14159  0  7.77454e-07  0.040862
-27.0177  3.14159  0  -6.62352e-07  0.0808776
-13.1947  3.14159  0  5.32959e-07  0.152128
-10.6814  3.14159  0  -3.62791e-16  0.17843
-8.16814  3.14159  0  1.37547e-15  0.212558
-6.9115  3.14159  0  -6.69343e-16  0.232794
-5.65487  3.14159  0  1.35791e-15  0.254745
-4.39823  3.14159  0  8.64105e-15  0.277193
-3.14159  3.14159  0  2.26068e-15  0.297635
-1.88496  3.14159  0  -2.55217e-15  0.311092
-0.628319  3.14159  0  1.75827e-14  0.292634
0.628319  3.14159  0  1.75827e-14  -0.292634
1.88496  3.14159  0  -2.55217e-15  -0.311092
3.14159  3.14159  0  2.26068e-15  -0.297635
4.39823  3.14159  0  8.64105e-15  -0.277193
5.65487  3.14159  0  1.35791e-15  -0.254745
6.9115  3.14159  0  -6.69343e-16  -0.232794
8.16814  3.14159  0  1.37547e-15  -0.212558
10.6814  3.14159  0  -3.62791e-16  -0.17843
15.708  3.14159  0  -2.50856e-07  -0.131857
33.3009  3.14159  0  1.57439e-07  -0.0662666
-54.6637  3.14159  3.14159  0.00152288  0.0408577
-27.0177  3.14159  3.14159  0.00589068  0.0808703
-13.1947  3.14159  3.14159  0.0201621  0.152491
-10.6814  3.14159  3.14159  0.0274015  0.179267
-8.16814  3.14159  3.14159  0.0384298  0.214433
-6.9115  3.14159  3.14159  0.0459682  0.235413
-5.65487  3.14159  3.14159  0.0551887  0.257707
-4.39823  3.14159  3.14159  0.0661762  0.278009
-3.14159  3.14159  3.14159  0.078561  0.2867
-1.88496  3.14159  3.14159  0.0907885  0.258091
-0.628319  3.14159  3.14159  0.0997054  0.135318
0.628319  3.14159  3.14159  0.0997054  -0.135318
1.88496  3.14159  3.14159  0.0907885  -0.258091
3.14159  3.14159  3.14159  0.078561  -0.2867
4.39823  3.14159  3.14159  0.0661762  -0.278009
5.65487  3.14159  3.14159  0.0551887  -0.257707
6.9115  3.14159  3.14159  0.0459682  -0.235413
8.16814  3.14159  3.14159  0.0384298  -0.214433
10.6814  3.14159  3.14159  0.0274015  -0.179267
15.708  3.14159  3.14159  0.0152977  -0.132011
33.3009  3.14159  3.14159  0.00397604  -0.0662572
