-54.6637  0  0  -0.00152073  0.0408579
-27.0177  0  0  -0.00588236  0.0808645
-13.1947  0  0  -0.0201279  0.152439
-10.6814  0  0  -0.0273501  0.179173
-8.16814  0  0  -0.0383441  0.214238
-6.9115  0  0  -0.0458532  0.235124
-5.65487  0  0  -0.055026  0.257259
-4.39823  0  0  -0.0659388  0.2773
-3.14159  0  0  -0.0781756  0.285538
-1.88496  0  0  -0.0901805  0.256339
-0.628319  0  0  -0.098867  0.133588
0.628319  0  0  -0.098867  -0.133588
1.88496  0  0  -0.0901805  -0.256339
3.14159  0  0  -0.0781756  -0.285538
4.39823  0  0  -0.0659388  -0.2773
5.65487  0  0  -0.055026  -0.257259
6.9115  0  0  -0.0458532  -0.235124
8.16814  0  0  -0.0383441  -0.214238
10.6814  0  0  -0.0273501  -0.179173
15.708  0  0  -0.0152733  -0.131979
33.3009  0  0  -0.0039705  -0.0662548
-54.6637  0  3.14159  2.2614e-07  0.0408616
-27.0177  0  3.14159  -1.92742e-07  0.0808704
-13.1947  0  3.14159  1.55175e-07  0.15208
-10.6814  0  3.14159  -7.14974e-17  0.17834
-8.16814  0  3.14159  4.59393e-16  0.212382
-6.9115  0  3.14159  -1.55874e-16  0.232561
-5.65487  0  3.14159  4.59589e-16  0.2544
-4.39823  0  3.14159  2.56803e-15  0.27664
-3.14159  0  3.14159  7.33456e-16  0.296684
-1.88496  0  3.14159  -6.50292e-16  0.30897
-0.628319  0  3.14159  5.32339e-15  0.282505
0.628319  0  3.14159  5.32339e-15  -0.282505
1.88496  0  3.14159  -6.50292e-16  -0.30897
3.14159  0  3.14159  7.33456e-16  -0.296684
4.39823  0  3.14159  2.56803e-15  -0.27664
5.65487  0  3.14159  4.59589e-16  -0.2544
6.9115  0  3.14159  -1.55874e-16  -0.232561
8.16814  0  3.14159  4.59393e-16  -0.212382
10.6814  0  3.14159  -7.14974e-17  -0.17834
15.708  0  3.14159  -7.27089e-08  -0.131825
33.3009  0  3.14159  4.57188e-08  -0.0662632
-54.6637  3.14159  0  2.2614e-07  0.0408616
-27.0177  3.14159  0  -1.92742e-07  0.0808704
-13.1947  3.14159  0  1.55175e-07  0.15208
-10.6814  3.14159  0  -7.14974e-17  0.17834
-8.16814  3.14159  0  4.59393e-16  0.212382
-6.9115  3.14159  0  -1.55874e-16  0.232561
-5.65487  3.14159  0  4.59589e-16  0.2544
-4.39823  3.14159  0  2.56803e-15  0.27664
-3.14159  3.14159  0  7.33456e-16  0.296684
-1.88496  3.14159  0  -6.50292e-16  0.30897
-0.628319  3.14159  0  5.32339e-15  0.282505
0.628319  3.14159  0  5.32339e-15  -0.282505
1.88496  3.14159  0  -6.50292e-16  -0.30897
3.14159  3.14159  0  7.33456e-16  -0.296684
4.39823  3.14159  0  2.56803e-15  -0.27664
5.65487  3.14159  0  4.59589e-16  -0.2544
6.9115  3.14159  0  -1.55874e-16  -0.232561
8.16814  3.14159  0  4.59393e-16  -0.212382
10.6814  3.14159  0  -7.14974e-17  -0.17834
15.708  3.14159  0  -7.27089e-08  -0.131825
33.3009  3.14159  0  4.57188e-08  -0.0662632
-54.6637  3.14159  3.14159  0.00152076  0.0408579
-27.0177  3.14159  3.14159  0.00588232  0.0808645
-13.1947  3.14159  3.14159  0.0201278  0.152439
-10.6814  3.14159  3.14159  0.0273499  0.179173
-8.16814  3.14159  3.14159  0.0383442  0.214238
-6.9115  3.14159  3.14159  0.0458531  0.235124
-5.65487  3.14159  3.14159  0.0550264  0.257259
-4.39823  3.14159  3.14159  0.065938  0.2773
-3.14159  3.14159  3.14159  0.0781827  0.285538
-1.88496  3.14159  3.14159  0.0901924  0.256339
-0.628319  3.14159  3.14159  0.0988752  0.133589
0.628319  3.14159  3.14159  0.0988752  -0.133589
1.88496  3.14159  3.14159  0.0901924  -0.256339
3.14159  3.14159  3.14159  0.0781827  -0.285538
4.39823  3.14159  3.14159  0.065938  -0.2773
5.65487  3.14159  3.14159  0.0550264  -0.257259
6.9115  3.14159  3.14159  0.0458531  -0.235124
8.16814  3.14159  3.14159  0.0383442  -0.214238
10.6814  3.14159  3.14159  0.0273499  -0.179173
15.708  3.14159  3.14159  0.0152732  -0.131979
33.3009  3.14159  3.14159  0.00397049  -0.0662548
