-54.6637  0  0  -0.00151999  0.0408579
-27.0177  0  0  -0.00587927  0.080862
-13.1947  0  0  -0.0201151  0.152418
-10.6814  0  0  -0.0273308  0.179135
-8.16814  0  0  -0.0383123  0.21416
-6.9115  0  0  -0.0458101  0.235007
-5.65487  0  0  -0.0549655  0.257078
-4.39823  0  0  -0.0658487  0.277014
-3.14159  0  0  -0.0780382  0.285073
-1.88496  0  0  -0.0899643  0.255644
-0.628319  0  0  -0.0985602  0.132917
0.628319  0  0  -0.0985602  -0.132917
1.88496  0  0  -0.0899643  -0.255644
3.14159  0  0  -0.0780382  -0.285073
4.39823  0  0  -0.0658487  -0.277014
5.65487  0  0  -0.0549655  -0.257078
6.9115  0  0  -0.0458101  -0.235007
8.16814  0  0  -0.0383123  -0.21416
10.6814  0  0  -0.0273308  -0.179135
15.708  0  0  -0.0152642  -0.131966
33.3009  0  0  -0.00396847  -0.0662537
-54.6637  0  3.14159  6.07484e-08  0.0408614
-27.0177  0  3.14159  -5.18583e-08  0.0808675
-13.1947  0  3.14159  4.18349e-08  0.15206
-10.6814  0  3.14159  -5.9668e-18  0.178304
-8.16814  0  3.14159  1.38425e-16  0.212312
-6.9115  0  3.14159  -3.34047e-17  0.232467
-5.65487  0  3.14159  1.31198e-16  0.25426
-4.39823  0  3.14159  7.40051e-16  0.276417
-3.14159  0  3.14159  2.20037e-16  0.296298
-1.88496  0  3.14159  -1.65337e-16  0.308101
-0.628319  0  3.14159  1.57637e-15  0.278637
0.628319  0  3.14159  1.57637e-15  -0.278637
1.88496  0  3.14159  -1.65337e-16  -0.308101
3.14159  0  3.14159  2.20037e-16  -0.296298
4.39823  0  3.14159  7.40051e-16  -0.276417
5.65487  0  3.14159  1.31198e-16  -0.25426
6.9115  0  3.14159  -3.34047e-17  -0.232467
8.16814  0  3.14159  1.38425e-16  -0.212312
10.6814  0  3.14159  -5.9668e-18  -0.178304
15.708  0  3.14159  -1.92722e-08  -0.131812
33.3009  0  3.14159  1.22054e-08  -0.0662617
-54.6637  3.14159  0  6.07484e-08  0.0408614
-27.0177  3.14159  0  -5.18583e-08  0.0808675
-13.1947  3.14159  0  4.18349e-08  0.15206
-10.6814  3.14159  0  -5.9668e-18  0.178304
-8.16814  3.14159  0  1.38425e-16  0.212312
-6.9115  3.14159  0  -3.34047e-17  0.232467
-5.65487  3.14159  0  1.31198e-16  0.25426
-4.39823  3.14159  0  7.40051e-16  0.276417
-3.14159  3.14159  0  2.20037e-16  0.296298
-1.88496  3.14159  0  -1.65337e-16  0.308101
-0.628319  3.14159  0  1.57637e-15  0.278637
0.628319  3.14159  0  1.57637e-15  -0.278637
1.88496  3.14159  0  -1.65337e-16  -0.308101
3.14159  3.14159  0  2.20037e-16  -0.296298
4.39823  3.14159  0  7.40051e-16  -0.276417
5.65487  3.14159  0  1.31198e-16  -0.25426
6.9115  3.14159  0  -3.34047e-17  -0.232467
8.16814  3.14159  0  1.38425e-16  -0.212312
10.6814  3.14159  0  -5.9668e-18  -0.178304
15.708  3.14159  0  -1.92722e-08  -0.131812
33.3009  3.14159  0  1.22054e-08  -0.0662617
-54.6637  3.14159  3.14159  0.00151998  0.0408579
-27.0177  3.14159  3.14159  0.00587925  0.080862
-13.1947  3.14159  3.14159  0.0201151  0.152418
-10.6814  3.14159  3.14159  0.0273308  0.179135
-8.16814  3.14159  3.14159  0.0383123  0.21416
-6.9115  3.14159  3.14159  0.0458101  0.235007
-5.65487  3.14159  3.14159  0.0549656  0.257078
-4.39823  3.14159  3.14159  0.0658484  0.277014
-3.14159  3.14159  3.14159  0.0780407  0.285073
-1.88496  3.14159  3.14159  0.0899684  0.255644
-0.628319  3.14159  3.14159  0.098563  0.132917
0.628319  3.14159  3.14159  0.098563  -0.132917
1.88496  3.14159  3.14159  0.0899684  -0.255644
3.14159  3.14159  3.14159  0.0780407  -0.285073
4.39823  3.14159  3.14159  0.0658484  -0.277014
5.65487  3.14159  3.14159  0.0549656  -0.257078
6.9115  3.14159  3.14159  0.0458101  -0.235007
8.16814  3.14159  3.14159  0.0383123  -0.21416
10.6814  3.14159  3.14159  0.0273308  -0.179135
15.708  3.14159  3.14159  0.0152642  -0.131966
33.3009  3.14159  3.14159  0.00396845  -0.0662537
