-54.6637  0  0  -0.00151972  0.0408579
-27.0177  0  0  -0.00587813  0.080861
-13.1947  0  0  -0.0201104  0.152409
-10.6814  0  0  -0.0273237  0.17912
-8.16814  0  0  -0.0383004  0.214129
-6.9115  0  0  -0.045794  0.234961
-5.65487  0  0  -0.0549428  0.257006
-4.39823  0  0  -0.0658148  0.2769
-3.14159  0  0  -0.0779861  0.284888
-1.88496  0  0  -0.0898823  0.255371
-0.628319  0  0  -0.0984441  0.132657
0.628319  0  0  -0.0984441  -0.132657
1.88496  0  0  -0.0898823  -0.255371
3.14159  0  0  -0.0779861  -0.284888
4.39823  0  0  -0.0658148  -0.2769
5.65487  0  0  -0.0549428  -0.257006
6.9115  0  0  -0.045794  -0.234961
8.16814  0  0  -0.0383004  -0.214129
10.6814  0  0  -0.0273237  -0.17912
15.708  0  0  -0.0152609  -0.13196
33.3009  0  0  -0.00396772  -0.0662532
-54.6637  0  3.14159  1.1132e-08  0.0408613
-27.0177  0  3.14159  -9.59301e-09  0.0808663
-13.1947  0  3.14159  7.8312e-09  0.152051
-10.6814  0  3.14159  -8.7723e-18  0.178289
-8.16814  0  3.14159  3.84918e-17  0.212284
-6.9115  0  3.14159  2.09434e-17  0.232429
-5.65487  0  3.14159  2.96449e-17  0.254204
-4.39823  0  3.14159  1.76479e-16  0.276328
-3.14159  0  3.14159  7.63327e-17  0.296144
-1.88496  0  3.14159  -2.5315e-17  0.307751
-0.628319  0  3.14159  5.25127e-16  0.27716
0.628319  0  3.14159  5.25127e-16  -0.27716
1.88496  0  3.14159  -2.5315e-17  -0.307751
3.14159  0  3.14159  7.63327e-17  -0.296144
4.39823  0  3.14159  1.76479e-16  -0.276328
5.65487  0  3.14159  2.96449e-17  -0.254204
6.9115  0  3.14159  2.09434e-17  -0.232429
8.16814  0  3.14159  3.84918e-17  -0.212284
10.6814  0  3.14159  -8.7723e-18  -0.178289
15.708  0  3.14159  -3.24377e-09  -0.131807
33.3009  0  3.14159  2.15231e-09  -0.0662611
-54.6637  3.14159  0  1.1132e-08  0.0408613
-27.0177  3.14159  0  -9.59301e-09  0.0808663
-13.1947  3.14159  0  7.8312e-09  0.152051
-10.6814  3.14159  0  -8.7723e-18  0.178289
-8.16814  3.14159  0  3.84918e-17  0.212284
-6.9115  3.14159  0  2.09434e-17  0.232429
-5.65487  3.14159  0  2.96449e-17  0.254204
-4.39823  3.14159  0  1.76479e-16  0.276328
-3.14159  3.14159  0  7.63327e-17  0.296144
-1.88496  3.14159  0  -2.5315e-17  0.307751
-0.628319  3.14159  0  5.25127e-16  0.27716
0.628319  3.14159  0  5.25127e-16  -0.27716
1.88496  3.14159  0  -2.5315e-17  -0.307751
3.14159  3.14159  0  7.63327e-17  -0.296144
4.39823  3.14159  0  1.76479e-16  -0.276328
5.65487  3.14159  0  2.96449e-17  -0.254204
6.9115  3.14159  0  2.09434e-17  -0.232429
8.16814  3.14159  0  3.84918e-17  -0.212284
10.6814  3.14159  0  -8.7723e-18  -0.178289
15.708  3.14159  0  -3.24377e-09  -0.131807
33.3009  3.14159  0  2.15231e-09  -0.0662611
-54.6637  3.14159  3.14159  0.0015197  0.0408579
-27.0177  3.14159  3.14159  0.00587811  0.080861
-13.1947  3.14159  3.14159  0.0201104  0.152409
-10.6814  3.14159  3.14159  0.0273236  0.17912
-8.16814  3.14159  3.14159  0.0383004  0.214129
-6.9115  3.14159  3.14159  0.045794  0.234961
-5.65487  3.14159  3.14159  0.0549428  0.257006
-4.39823  3.14159  3.14159  0.0658147  0.2769
-3.14159  3.14159  3.14159  0.0779873  0.284888
-1.88496  3.14159  3.14159  0.0898841  0.255371
-0.628319  3.14159  3.14159  0.0984453  0.132657
0.628319  3.14159  3.14159  0.0984453  -0.132657
1.88496  3.14159  3.14159  0.0898841  -0.255371
3.14159  3.14159  3.14159  0.0779873  -0.284888
4.39823  3.14159  3.14159  0.0658147  -0.2769
5.65487  3.14159  3.14159  0.0549428  -0.257006
6.9115  3.14159  3.14159  0.045794  -0.234961
8.16814  3.14159  3.14159  0.0383004  -0.214129
10.6814  3.14159  3.14159  0.0273236  -0.17912
15.708  3.14159  3.14159  0.0152609  -0.13196
33.3009  3.14159  3.14159  0.0039677  -0.0662532
