-54.6637  0  0  0.000849301  0.0182495
-27.0177  0  0  0.00344596  0.0366507
-13.1947  0  0  0.0139346  0.0728055
-10.6814  0  0  0.0207619  0.0881496
-8.16814  0  0  0.033885  0.110824
-6.9115  0  0  0.0453881  0.126419
-5.65487  0  0  0.0633851  0.145917
-4.39823  0  0  0.093172  0.169707
-3.14159  0  0  0.145375  0.195275
-1.88496  0  0  0.239749  0.207153
-0.628319  0  0  0.396938  0.141737
0.628319  0  0  0.396938  -0.141737
1.88496  0  0  0.239749  -0.207153
3.14159  0  0  0.145375  -0.195275
4.39823  0  0  0.093172  -0.169707
5.65487  0  0  0.0633851  -0.145917
6.9115  0  0  0.0453881  -0.126419
8.16814  0  0  0.033885  -0.110824
10.6814  0  0  0.0207619  -0.0881496
15.708  0  0  0.00996839  -0.0618662
33.3009  0  0  0.00227736  -0.029835
-54.6637  0  3.14159  -3.18785e-16  0.018289
-27.0177  0  3.14159  4.35354e-15  0.0369744
-13.1947  0  3.14159  -5.66079e-14  0.075464
-10.6814  0  3.14159  -1.35827e-18  0.093016
-8.16814  0  3.14159  4.51555e-18  0.121101
-6.9115  0  3.14159  -2.99459e-19  0.142536
-5.65487  0  3.14159  -1.92695e-18  0.173018
-4.39823  0  3.14159  -2.87374e-18  0.219617
-3.14159  0  3.14159  -4.24151e-18  0.298953
-1.88496  0  3.14159  -3.42575e-17  0.459938
-0.628319  0  3.14159  -1.54413e-16  0.918542
0.628319  0  3.14159  -1.54413e-16  -0.918542
1.88496  0  3.14159  -3.42575e-17  -0.459938
3.14159  0  3.14159  -4.24151e-18  -0.298953
4.39823  0  3.14159  -2.87374e-18  -0.219617
5.65487  0  3.14159  -1.92695e-18  -0.173018
6.9115  0  3.14159  -2.99459e-19  -0.142536
8.16814  0  3.14159  4.51555e-18  -0.121101
10.6814  0  3.14159  -1.35827e-18  -0.093016
15.708  0  3.14159  1.88573e-14  -0.0634687
33.3009  0  3.14159  -5.29454e-16  -0.0300087
-54.6637  3.14159  0  -3.18891e-16  0.018289
-27.0177  3.14159  0  4.35384e-15  0.0369744
-13.1947  3.14159  0  -5.66075e-14  0.075464
-10.6814  3.14159  0  7.79707e-19  0.093016
-8.16814  3.14159  0  -3.53181e-18  0.121101
-6.9115  3.14159  0  5.21303e-19  0.142536
-5.65487  3.14159  0  1.00712e-18  0.173018
-4.39823  3.14159  0  -3.79222e-18  0.219617
-3.14159  3.14159  0  -4.65131e-18  0.298953
-1.88496  3.14159  0  -3.59634e-18  0.459938
-0.628319  3.14159  0  2.05133e-16  0.918542
0.628319  3.14159  0  2.05133e-16  -0.918542
1.88496  3.14159  0  -3.59634e-18  -0.459938
3.14159  3.14159  0  -4.65131e-18  -0.298953
4.39823  3.14159  0  -3.79222e-18  -0.219617
5.65487  3.14159  0  1.00712e-18  -0.173018
6.9115  3.14159  0  5.21303e-19  -0.142536
8.16814  3.14159  0  -3.53181e-18  -0.121101
10.6814  3.14159  0  7.79707e-19  -0.093016
15.708  3.14159  0  1.88586e-14  -0.0634687
33.3009  3.14159  0  -5.29575e-16  -0.0300087
-54.6637  3.14159  3.14159  -0.000849301  0.0182495
-27.0177  3.14159  3.14159  -0.00344596  0.0366507
-13.1947  3.14159  3.14159  -0.0139346  0.0728055
-10.6814  3.14159  3.14159  -0.0207619  0.0881496
-8.16814  3.14159  3.14159  -0.033885  0.110824
-6.9115  3.14159  3.14159  -0.0453881  0.126419
-5.65487  3.14159  3.14159  -0.0633851  0.145917
-4.39823  3.14159  3.14159  -0.093172  0.169707
-3.14159  3.14159  3.14159  -0.145375  0.195275
-1.88496  3.14159  3.14159  -0.239749  0.207153
-0.628319  3.14159  3.14159  -0.396938  0.141737
0.628319  3.14159  3.14159  -0.396938  -0.141737
1.88496  3.14159  3.14159  -0.239749  -0.207153
3.14159  3.14159  3.14159  -0.145375  -0.195275
4.39823  3.14159  3.14159  -0.093172  -0.169707
5.65487  3.14159  3.14159  -0.0633851  -0.145917
6.9115  3.14159  3.14159  -0.0453881  -0.126419
8.16814  3.14159  3.14159  -0.033885  -0.110824
10.6814  3.14159  3.14159  -0.0207619  -0.0881496
15.708  3.14159  3.14159  -0.00996839  -0.0618662
33.3009  3.14159  3.14159  -0.00227736  -0.029835
