-54.6637  0  0  0.000849301  0.0182495
-27.0177  0  0  0.00344599  0.0366509
-13.1947  0  0  0.0139369  0.0728113
-10.6814  0  0  0.0207697  0.0881639
-8.16814  0  0  0.0339193  0.110865
-6.9115  0  0  0.0454698  0.126489
-5.65487  0  0  0.0635917  0.146028
-4.39823  0  0  0.093726  0.169827
-3.14159  0  0  0.14682  0.194983
-1.88496  0  0  0.242705  0.204404
-0.628319  0  0  0.394965  0.128193
0.628319  0  0  0.394965  -0.128193
1.88496  0  0  0.242705  -0.204404
3.14159  0  0  0.14682  -0.194983
4.39823  0  0  0.093726  -0.169827
5.65487  0  0  0.0635917  -0.146028
6.9115  0  0  0.0454698  -0.126489
8.16814  0  0  0.0339193  -0.110865
10.6814  0  0  0.0207697  -0.0881639
15.708  0  0  0.0099692  -0.0618688
33.3009  0  0  0.00227737  -0.029835
-54.6637  0  3.14159  6.13063e-11  0.018289
-27.0177  0  3.14159  -8.67765e-10  0.0369746
-13.1947  0  3.14159  1.17094e-08  0.07547
-10.6814  0  3.14159  -1.29799e-16  0.0930316
-8.16814  0  3.14159  -8.16421e-17  0.121152
-6.9115  0  3.14159  -1.7892e-15  0.142634
-5.65487  0  3.14159  4.24407e-17  0.173235
-4.39823  0  3.14159  6.85358e-15  0.220221
-3.14159  0  3.14159  1.68193e-14  0.301285
-1.88496  0  3.14159  7.30219e-14  0.47827
-0.628319  0  3.14159  1.35332e-13  1.45927
0.628319  0  3.14159  1.35332e-13  -1.45927
1.88496  0  3.14159  7.30219e-14  -0.47827
3.14159  0  3.14159  1.68193e-14  -0.301285
4.39823  0  3.14159  6.85358e-15  -0.220221
5.65487  0  3.14159  4.24407e-17  -0.173235
6.9115  0  3.14159  -1.7892e-15  -0.142634
8.16814  0  3.14159  -8.16421e-17  -0.121152
10.6814  0  3.14159  -1.29799e-16  -0.0930316
15.708  0  3.14159  -2.61922e-09  -0.0634714
33.3009  0  3.14159  8.71379e-11  -0.0300088
-54.6637  3.14159  0  6.13063e-11  0.018289
-27.0177  3.14159  0  -8.67765e-10  0.0369746
-13.1947  3.14159  0  1.17094e-08  0.07547
-10.6814  3.14159  0  -1.31971e-16  0.0930316
-8.16814  3.14159  0  -8.30278e-17  0.121152
-6.9115  3.14159  0  -1.78363e-15  0.142634
-5.65487  3.14159  0  4.30417e-17  0.173235
-4.39823  3.14159  0  6.86873e-15  0.220221
-3.14159  3.14159  0  1.68188e-14  0.301285
-1.88496  3.14159  0  7.30552e-14  0.47827
-0.628319  3.14159  0  1.35725e-13  1.45927
0.628319  3.14159  0  1.35725e-13  -1.45927
1.88496  3.14159  0  7.30552e-14  -0.47827
3.14159  3.14159  0  1.68188e-14  -0.301285
4.39823  3.14159  0  6.86873e-15  -0.220221
5.65487  3.14159  0  4.30417e-17  -0.173235
6.9115  3.14159  0  -1.78363e-15  -0.142634
8.16814  3.14159  0  -8.30278e-17  -0.121152
10.6814  3.14159  0  -1.31971e-16  -0.0930316
15.708  3.14159  0  -2.61922e-09  -0.0634714
33.3009  3.14159  0  8.71379e-11  -0.0300088
-54.6637  3.14159  3.14159  -0.000849301  0.0182495
-27.0177  3.14159  3.14159  -0.00344599  0.0366509
-13.1947  3.14159  3.14159  -0.0139369  0.0728113
-10.6814  3.14159  3.14159  -0.0207697  0.0881639
-8.16814  3.14159  3.14159  -0.0339194  0.110865
-6.9115  3.14159  3.14159  -0.0454697  0.126489
-5.65487  3.14159  3.14159  -0.0635915  0.146034
-4.39823  3.14159  3.14159  -0.0937272  0.169831
-3.14159  3.14159  3.14159  -0.146844  0.195006
-1.88496  3.14159  3.14159  -0.24266  0.204405
-0.628319  3.14159  3.14159  -0.394976  0.127917
0.628319  3.14159  3.14159  -0.394976  -0.127917
1.88496  3.14159  3.14159  -0.24266  -0.204405
3.14159  3.14159  3.14159  -0.146844  -0.195006
4.39823  3.14159  3.14159  -0.0937272  -0.169831
5.65487  3.14159  3.14159  -0.0635915  -0.146034
6.9115  3.14159  3.14159  -0.0454697  -0.126489
8.16814  3.14159  3.14159  -0.0339194  -0.110865
10.6814  3.14159  3.14159  -0.0207697  -0.0881639
15.708  3.14159  3.14159  -0.0099692  -0.0618688
33.3009  3.14159  3.14159  -0.00227737  -0.029835
