-54.6637  0  0  -3.7614e-08  -3.56634e-08
-27.0177  0  0  8.15365e-09  4.40478e-08
-13.1947  0  0  -2.20657e-08  1.16945e-08
-10.6814  0  0  -1.94697e-08  -9.49712e-08
-8.16814  0  0  -1.34712e-08  2.63956e-08
-6.9115  0  0  1.13066e-07  9.5452e-09
-5.65487  0  0  2.24703e-08  1.24501e-08
-4.39823  0  0  1.40104e-08  2.09096e-09
-3.14159  0  0  -1.29178e-08  6.05621e-09
-1.88496  0  0  6.49667e-09  -2.58343e-10
-0.628319  0  0  1.42285e-09  3.78391e-09
0.628319  0  0  1.42285e-09  -3.78391e-09
1.88496  0  0  6.49667e-09  2.58343e-10
3.14159  0  0  -1.29178e-08  -6.05621e-09
4.39823  0  0  1.40104e-08  -2.09096e-09
5.65487  0  0  2.24703e-08  -1.24501e-08
6.9115  0  0  1.13066e-07  -9.5452e-09
8.16814  0  0  -1.34712e-08  -2.63956e-08
10.6814  0  0  -1.94697e-08  9.49712e-08
15.708  0  0  -2.14885e-08  -3.82809e-09
33.3009  0  0  -3.08521e-08  -3.06084e-08
-54.6637  0  3.14159  -1.71244e-11  -6.31736e-10
-27.0177  0  3.14159  -2.72284e-10  2.04371e-09
-13.1947  0  3.14159  -1.78343e-11  -4.54841e-10
-10.6814  0  3.14159  3.43232e-20  -5.48089e-10
-8.16814  0  3.14159  2.13532e-20  -3.81165e-10
-6.9115  0  3.14159  3.35743e-19  2.54993e-09
-5.65487  0  3.14159  7.29994e-22  1.35427e-10
-4.39823  0  3.14159  -1.82561e-18  -2.67886e-09
-3.14159  0  3.14159  1.85654e-19  -3.17891e-09
-1.88496  0  3.14159  -2.29033e-20  -1.3714e-10
-0.628319  0  3.14159  1.06079e-21  1.67288e-11
0.628319  0  3.14159  1.06079e-21  -1.67288e-11
1.88496  0  3.14159  -2.29033e-20  1.3714e-10
3.14159  0  3.14159  1.85654e-19  3.17891e-09
4.39823  0  3.14159  -1.82561e-18  2.67886e-09
5.65487  0  3.14159  7.29994e-22  -1.35427e-10
6.9115  0  3.14159  3.35743e-19  -2.54993e-09
8.16814  0  3.14159  2.13532e-20  3.81165e-10
10.6814  0  3.14159  3.43232e-20  5.48089e-10
15.708  0  3.14159  9.28521e-14  -4.54997e-10
33.3009  0  3.14159  -9.02585e-12  6.92331e-10
-54.6637  3.14159  0  -1.71244e-11  -6.31736e-10
-27.0177  3.14159  0  -2.72284e-10  2.04371e-09
-13.1947  3.14159  0  -1.78343e-11  -4.54841e-10
-10.6814  3.14159  0  3.20313e-20  -5.48089e-10
-8.16814  3.14159  0  2.04664e-20  -3.81165e-10
-6.9115  3.14159  0  -1.60331e-19  2.54993e-09
-5.65487  3.14159  0  7.29994e-22  1.35427e-10
-4.39823  3.14159  0  -3.33673e-18  -2.67886e-09
-3.14159  3.14159  0  -1.53581e-19  -3.17891e-09
-1.88496  3.14159  0  -2.15258e-20  -1.3714e-10
-0.628319  3.14159  0  1.17352e-21  1.67288e-11
0.628319  3.14159  0  1.17352e-21  -1.67288e-11
1.88496  3.14159  0  -2.15258e-20  1.3714e-10
3.14159  3.14159  0  -1.53581e-19  3.17891e-09
4.39823  3.14159  0  -3.33673e-18  2.67886e-09
5.65487  3.14159  0  7.29994e-22  -1.35427e-10
6.9115  3.14159  0  -1.60331e-19  -2.54993e-09
8.16814  3.14159  0  2.04664e-20  3.81165e-10
10.6814  3.14159  0  3.20313e-20  5.48089e-10
15.708  3.14159  0  9.28521e-14  -4.54997e-10
33.3009  3.14159  0  -9.02585e-12  6.92331e-10
-54.6637  3.14159  3.14159  -2.82156e-08  -1.37407e-08
-27.0177  3.14159  3.14159  -5.80418e-10  3.01334e-08
-13.1947  3.14159  3.14159  1.29433e-08  -2.21913e-08
-10.6814  3.14159  3.14159  -5.22737e-08  -2.48504e-08
-8.16814  3.14159  3.14159  -3.87998e-08  2.37907e-08
-6.9115  3.14159  3.14159  -3.93893e-09  -5.30366e-08
-5.65487  3.14159  3.14159  8.06286e-09  1.31997e-08
-4.39823  3.14159  3.14159  2.79291e-09  -2.73829e-08
-3.14159  3.14159  3.14159  3.37332e-09  -1.99384e-08
-1.88496  3.14159  3.14159  -1.80643e-08  -2.72729e-10
-0.628319  3.14159  3.14159  3.48742e-09  1.02014e-09
0.628319  3.14159  3.14159  3.48742e-09  -1.02014e-09
1.88496  3.14159  3.14159  -1.80643e-08  2.72729e-10
3.14159  3.14159  3.14159  3.37332e-09  1.99384e-08
4.39823  3.14159  3.14159  2.79291e-09  2.73829e-08
5.65487  3.14159  3.14159  8.06286e-09  -1.31997e-08
6.9115  3.14159  3.14159  -3.93893e-09  5.30366e-08
8.16814  3.14159  3.14159  -3.87998e-08  -2.37907e-08
10.6814  3.14159  3.14159  -5.22737e-08  2.48504e-08
15.708  3.14159  3.14159  -3.57545e-08  -5.02465e-09
33.3009  3.14159  3.14159  -4.91381e-08  4.69819e-10
