-54.6637  0  0  1.20336e+21  -1.97562e+20
-27.0177  0  0  9.81306e+20  5.50347e+20
-13.1947  0  0  -1.13402e+21  -3.87031e+20
-10.6814  0  0  2.2992e+20  -6.03857e+20
-8.16814  0  0  -5.2392e+20  -1.20978e+21
-6.9115  0  0  -9.08856e+20  -7.42035e+20
-5.65487  0  0  6.64363e+20  -1.80491e+21
-4.39823  0  0  1.11125e+21  1.70235e+21
-3.14159  0  0  1.30906e+21  3.11594e+21
-1.88496  0  0  -5.81483e+21  -8.08439e+19
-0.628319  0  0  -4.50467e+21  1.31567e+22
0.628319  0  0  -4.50467e+21  -1.31567e+22
1.88496  0  0  -5.81483e+21  8.08439e+19
3.14159  0  0  1.30906e+21  -3.11594e+21
4.39823  0  0  1.11125e+21  -1.70235e+21
5.65487  0  0  6.64363e+20  1.80491e+21
6.9115  0  0  -9.08856e+20  7.42035e+20
8.16814  0  0  -5.2392e+20  1.20978e+21
10.6814  0  0  2.2992e+20  6.03857e+20
15.708  0  0  -1.71137e+21  1.33225e+20
33.3009  0  0  1.51507e+21  -3.26306e+20
-54.6637  0  3.14159  1.75784e+21  -6.22999e+22
-27.0177  0  3.14159  -1.63325e+21  -4.80783e+22
-13.1947  0  3.14159  1.49623e+21  -1.13916e+23
-10.6814  0  3.14159  3.54104e+12  1.14128e+23
-8.16814  0  3.14159  9.80021e+12  3.74536e+23
-6.9115  0  3.14159  -2.23934e+13  2.64103e+23
-5.65487  0  3.14159  -9.47603e+11  3.58715e+23
-4.39823  0  3.14159  1.97002e+13  -3.38694e+23
-3.14159  0  3.14159  -9.32641e+12  -4.79896e+23
-1.88496  0  3.14159  -2.85278e+13  3.56642e+23
-0.628319  0  3.14159  7.6706e+13  -1.71725e+24
0.628319  0  3.14159  7.6706e+13  1.71725e+24
1.88496  0  3.14159  -2.85278e+13  -3.56642e+23
3.14159  0  3.14159  -9.32641e+12  4.79896e+23
4.39823  0  3.14159  1.97002e+13  3.38694e+23
5.65487  0  3.14159  -9.47603e+11  -3.58715e+23
6.9115  0  3.14159  -2.23934e+13  -2.64103e+23
8.16814  0  3.14159  9.80021e+12  -3.74536e+23
10.6814  0  3.14159  3.54104e+12  -1.14128e+23
15.708  0  3.14159  -2.07336e+20  1.43786e+23
33.3009  0  3.14159  2.45231e+20  5.11703e+22
-54.6637  3.14159  0  1.75784e+21  -6.22999e+22
-27.0177  3.14159  0  -1.63325e+21  -4.80783e+22
-13.1947  3.14159  0  1.49623e+21  -1.13916e+23
-10.6814  3.14159  0  3.54104e+12  1.14128e+23
-8.16814  3.14159  0  9.80021e+12  3.74536e+23
-6.9115  3.14159  0  -2.23934e+13  2.64103e+23
-5.65487  3.14159  0  -9.47603e+11  3.58715e+23
-4.39823  3.14159  0  1.97002e+13  -3.38694e+23
-3.14159  3.14159  0  -9.32641e+12  -4.79896e+23
-1.88496  3.14159  0  -2.85278e+13  3.56642e+23
-0.628319  3.14159  0  7.6706e+13  -1.71725e+24
0.628319  3.14159  0  7.6706e+13  1.71725e+24
1.88496  3.14159  0  -2.85278e+13  -3.56642e+23
3.14159  3.14159  0  -9.32641e+12  4.79896e+23
4.39823  3.14159  0  1.97002e+13  3.38694e+23
5.65487  3.14159  0  -9.47603e+11  -3.58715e+23
6.9115  3.14159  0  -2.23934e+13  -2.64103e+23
8.16814  3.14159  0  9.80021e+12  -3.74536e+23
10.6814  3.14159  0  3.54104e+12  -1.14128e+23
15.708  3.14159  0  -2.07336e+20  1.43786e+23
33.3009  3.14159  0  2.45231e+20  5.11703e+22
-54.6637  3.14159  3.14159  1.20042e+21  -1.96913e+20
-27.0177  3.14159  3.14159  9.77543e+20  5.56466e+20
-13.1947  3.14159  3.14159  -1.13085e+21  -3.81647e+20
-10.6814  3.14159  3.14159  2.31193e+20  -6.08313e+20
-8.16814  3.14159  3.14159  -5.27558e+20  -1.21519e+21
-6.9115  3.14159  3.14159  -9.13562e+20  -7.44668e+20
-5.65487  3.14159  3.14159  6.68476e+20  -1.81769e+21
-4.39823  3.14159  3.14159  1.11664e+21  1.70952e+21
-3.14159  3.14159  3.14159  1.31214e+21  3.13516e+21
-1.88496  3.14159  3.14159  -5.85727e+21  -7.41188e+19
-0.628319  3.14159  3.14159  -4.54223e+21  1.32542e+22
0.628319  3.14159  3.14159  -4.54223e+21  -1.32542e+22
1.88496  3.14159  3.14159  -5.85727e+21  7.41188e+19
3.14159  3.14159  3.14159  1.31214e+21  -3.13516e+21
4.39823  3.14159  3.14159  1.11664e+21  -1.70952e+21
5.65487  3.14159  3.14159  6.68476e+20  1.81769e+21
6.9115  3.14159  3.14159  -9.13562e+20  7.44668e+20
8.16814  3.14159  3.14159  -5.27558e+20  1.21519e+21
10.6814  3.14159  3.14159  2.31193e+20  6.08313e+20
15.708  3.14159  3.14159  -1.70886e+21  1.22595e+20
33.3009  3.14159  3.14159  1.51072e+21  -3.29805e+20
