-54.6637  0  0  -4.60056e-07  -4.33762e-08
-27.0177  0  0  9.87967e-08  -5.38396e-07
-13.1947  0  0  4.99751e-07  -2.04423e-07
-10.6814  0  0  3.35677e-07  5.14606e-07
-8.16814  0  0  1.05194e-06  1.08106e-06
-6.9115  0  0  3.01686e-07  -4.03417e-07
-5.65487  0  0  -1.95354e-07  -1.14094e-07
-4.39823  0  0  -5.08724e-07  -2.05648e-07
-3.14159  0  0  -2.16541e-07  1.83322e-07
-1.88496  0  0  -6.98609e-08  2.55473e-09
-0.628319  0  0  -1.1037e-08  -2.03429e-08
0.628319  0  0  -1.1037e-08  2.03429e-08
1.88496  0  0  -6.98609e-08  -2.55473e-09
3.14159  0  0  -2.16541e-07  -1.83322e-07
4.39823  0  0  -5.08724e-07  2.05648e-07
5.65487  0  0  -1.95354e-07  1.14094e-07
6.9115  0  0  3.01686e-07  4.03417e-07
8.16814  0  0  1.05194e-06  -1.08106e-06
10.6814  0  0  3.35677e-07  -5.14606e-07
15.708  0  0  -8.0242e-07  -1.77907e-07
33.3009  0  0  -1.88736e-07  -1.52959e-07
-54.6637  0  3.14159  -7.85991e-10  -7.63924e-09
-27.0177  0  3.14159  -1.06071e-09  9.62378e-09
-13.1947  0  3.14159  -1.80803e-11  7.85721e-09
-10.6814  0  3.14159  -2.23988e-19  3.59115e-09
-8.16814  0  3.14159  -5.96121e-20  1.13974e-09
-6.9115  0  3.14159  -3.07501e-19  -1.79854e-09
-5.65487  0  3.14159  5.90252e-21  1.08681e-09
-4.39823  0  3.14159  -1.87147e-19  -1.65497e-09
-3.14159  0  3.14159  -9.24508e-20  2.36938e-09
-1.88496  0  3.14159  -2.39777e-19  -1.50659e-09
-0.628319  0  3.14159  2.45308e-20  2.78039e-10
0.628319  0  3.14159  2.45308e-20  -2.78039e-10
1.88496  0  3.14159  -2.39777e-19  1.50659e-09
3.14159  0  3.14159  -9.24508e-20  -2.36938e-09
4.39823  0  3.14159  -1.87147e-19  1.65497e-09
5.65487  0  3.14159  5.90252e-21  -1.08681e-09
6.9115  0  3.14159  -3.07501e-19  1.79854e-09
8.16814  0  3.14159  -5.96121e-20  -1.13974e-09
10.6814  0  3.14159  -2.23988e-19  -3.59115e-09
15.708  0  3.14159  -1.93499e-11  -7.70252e-09
33.3009  0  3.14159  -2.80054e-09  -1.23489e-07
-54.6637  3.14159  0  -7.85991e-10  -7.63924e-09
-27.0177  3.14159  0  -1.06071e-09  9.62378e-09
-13.1947  3.14159  0  -1.80803e-11  7.85721e-09
-10.6814  3.14159  0  -2.33827e-19  3.59115e-09
-8.16814  3.14159  0  -6.03554e-20  1.13974e-09
-6.9115  3.14159  0  -3.08735e-19  -1.79854e-09
-5.65487  3.14159  0  5.94476e-21  1.08681e-09
-4.39823  3.14159  0  -1.88192e-19  -1.65497e-09
-3.14159  3.14159  0  -9.56631e-20  2.36938e-09
-1.88496  3.14159  0  -2.26789e-19  -1.50659e-09
-0.628319  3.14159  0  2.3941e-20  2.78039e-10
0.628319  3.14159  0  2.3941e-20  -2.78039e-10
1.88496  3.14159  0  -2.26789e-19  1.50659e-09
3.14159  3.14159  0  -9.56631e-20  -2.36938e-09
4.39823  3.14159  0  -1.88192e-19  1.65497e-09
5.65487  3.14159  0  5.94476e-21  -1.08681e-09
6.9115  3.14159  0  -3.08735e-19  1.79854e-09
8.16814  3.14159  0  -6.03554e-20  -1.13974e-09
10.6814  3.14159  0  -2.33827e-19  -3.59115e-09
15.708  3.14159  0  -1.93499e-11  -7.70252e-09
33.3009  3.14159  0  -2.80054e-09  -1.23489e-07
-54.6637  3.14159  3.14159  -6.04527e-09  -1.98386e-06
-27.0177  3.14159  3.14159  4.21156e-08  3.52686e-07
-13.1947  3.14159  3.14159  2.82047e-07  -9.80635e-08
-10.6814  3.14159  3.14159  5.28281e-07  6.4197e-07
-8.16814  3.14159  3.14159  -9.92051e-08  2.0383e-07
-6.9115  3.14159  3.14159  -4.89208e-08  -3.7938e-07
-5.65487  3.14159  3.14159  1.76393e-07  6.02927e-07
-4.39823  3.14159  3.14159  -2.37141e-07  1.27019e-07
-3.14159  3.14159  3.14159  6.97365e-08  -1.72203e-07
-1.88496  3.14159  3.14159  -1.66568e-07  1.04221e-08
-0.628319  3.14159  3.14159  -8.18698e-08  4.4032e-08
0.628319  3.14159  3.14159  -8.18698e-08  -4.4032e-08
1.88496  3.14159  3.14159  -1.66568e-07  -1.04221e-08
3.14159  3.14159  3.14159  6.97365e-08  1.72203e-07
4.39823  3.14159  3.14159  -2.37141e-07  -1.27019e-07
5.65487  3.14159  3.14159  1.76393e-07  -6.02927e-07
6.9115  3.14159  3.14159  -4.89208e-08  3.7938e-07
8.16814  3.14159  3.14159  -9.92051e-08  -2.0383e-07
10.6814  3.14159  3.14159  5.28281e-07  -6.4197e-07
15.708  3.14159  3.14159  3.44328e-07  -2.41309e-09
33.3009  3.14159  3.14159  -3.44722e-07  -1.36896e-07
