-54.6637  0  0  7.7161e-06  1.00811e-06
-27.0177  0  0  -3.92114e-06  3.08875e-06
-13.1947  0  0  -4.54297e-06  2.73082e-07
-10.6814  0  0  8.58903e-06  -2.43873e-05
-8.16814  0  0  2.17053e-05  7.54705e-07
-6.9115  0  0  -3.88116e-06  1.63038e-06
-5.65487  0  0  -4.84264e-06  -2.96105e-06
-4.39823  0  0  1.02339e-06  -3.16282e-06
-3.14159  0  0  -5.13361e-07  2.14701e-06
-1.88496  0  0  1.20898e-06  -3.70725e-08
-0.628319  0  0  2.07991e-07  2.39827e-07
0.628319  0  0  2.07991e-07  -2.39827e-07
1.88496  0  0  1.20898e-06  3.70725e-08
3.14159  0  0  -5.13361e-07  -2.14701e-06
4.39823  0  0  1.02339e-06  3.16282e-06
5.65487  0  0  -4.84264e-06  2.96105e-06
6.9115  0  0  -3.88116e-06  -1.63038e-06
8.16814  0  0  2.17053e-05  -7.54705e-07
10.6814  0  0  8.58903e-06  2.43873e-05
15.708  0  0  5.0366e-06  8.7204e-07
33.3009  0  0  -3.33007e-06  -7.40097e-06
-54.6637  0  3.14159  4.69667e-09  5.61737e-08
-27.0177  0  3.14159  -1.76392e-08  1.40559e-07
-13.1947  0  3.14159  -8.266e-10  -4.07413e-08
-10.6814  0  3.14159  2.46763e-18  -3.9025e-08
-8.16814  0  3.14159  -5.72892e-18  9.36122e-08
-6.9115  0  3.14159  2.20658e-18  1.27104e-08
-5.65487  0  3.14159  -1.66375e-19  -3.10138e-08
-4.39823  0  3.14159  -3.55271e-16  -6.10352e-06
-3.14159  0  3.14159  -3.41901e-18  1.03449e-07
-1.88496  0  3.14159  -3.71867e-18  -2.50864e-08
-0.628319  0  3.14159  3.19462e-19  3.85713e-09
0.628319  0  3.14159  3.19462e-19  -3.85713e-09
1.88496  0  3.14159  -3.71867e-18  2.50864e-08
3.14159  0  3.14159  -3.41901e-18  -1.03449e-07
4.39823  0  3.14159  -3.55271e-16  6.10352e-06
5.65487  0  3.14159  -1.66375e-19  3.10138e-08
6.9115  0  3.14159  2.20658e-18  -1.27104e-08
8.16814  0  3.14159  -5.72892e-18  -9.36122e-08
10.6814  0  3.14159  2.46763e-18  3.9025e-08
15.708  0  3.14159  2.00105e-10  1.04512e-07
33.3009  0  3.14159  3.2385e-11  -1.99217e-07
-54.6637  3.14159  0  4.69667e-09  5.61737e-08
-27.0177  3.14159  0  -1.76392e-08  1.40559e-07
-13.1947  3.14159  0  -8.266e-10  -4.07413e-08
-10.6814  3.14159  0  2.34055e-18  -3.9025e-08
-8.16814  3.14159  0  -5.31105e-18  9.36122e-08
-6.9115  3.14159  0  2.20273e-18  1.27104e-08
-5.65487  3.14159  0  -1.66375e-19  -3.10138e-08
-4.39823  3.14159  0  1.42109e-15  -6.10352e-06
-3.14159  3.14159  0  -4.56719e-18  1.03449e-07
-1.88496  3.14159  0  -3.65865e-18  -2.50864e-08
-0.628319  3.14159  0  3.25137e-19  3.85713e-09
0.628319  3.14159  0  3.25137e-19  -3.85713e-09
1.88496  3.14159  0  -3.65865e-18  2.50864e-08
3.14159  3.14159  0  -4.56719e-18  -1.03449e-07
4.39823  3.14159  0  1.42109e-15  6.10352e-06
5.65487  3.14159  0  -1.66375e-19  3.10138e-08
6.9115  3.14159  0  2.20273e-18  -1.27104e-08
8.16814  3.14159  0  -5.31105e-18  -9.36122e-08
10.6814  3.14159  0  2.34055e-18  3.9025e-08
15.708  3.14159  0  2.00105e-10  1.04512e-07
33.3009  3.14159  0  3.2385e-11  -1.99217e-07
-54.6637  3.14159  3.14159  -3.85507e-06  -3.27882e-07
-27.0177  3.14159  3.14159  3.80703e-06  4.86942e-06
-13.1947  3.14159  3.14159  3.09265e-06  -3.61219e-06
-10.6814  3.14159  3.14159  -1.43813e-05  -1.29435e-06
-8.16814  3.14159  3.14159  -2.00791e-06  1.46992e-06
-6.9115  3.14159  3.14159  7.74767e-06  4.84964e-06
-5.65487  3.14159  3.14159  1.83008e-06  2.32858e-06
-4.39823  3.14159  3.14159  -1.19609e-06  1.58053e-06
-3.14159  3.14159  3.14159  8.38597e-07  -9.67297e-07
-1.88496  3.14159  3.14159  -6.15445e-07  2.32306e-08
-0.628319  3.14159  3.14159  -2.81655e-07  -2.31991e-07
0.628319  3.14159  3.14159  -2.81655e-07  2.31991e-07
1.88496  3.14159  3.14159  -6.15445e-07  -2.32306e-08
3.14159  3.14159  3.14159  8.38597e-07  9.67297e-07
4.39823  3.14159  3.14159  -1.19609e-06  -1.58053e-06
5.65487  3.14159  3.14159  1.83008e-06  -2.32858e-06
6.9115  3.14159  3.14159  7.74767e-06  -4.84964e-06
8.16814  3.14159  3.14159  -2.00791e-06  -1.46992e-06
10.6814  3.14159  3.14159  -1.43813e-05  1.29435e-06
15.708  3.14159  3.14159  -2.24792e-06  -3.52563e-07
33.3009  3.14159  3.14159  2.52117e-06  8.15896e-07
