-54.6637  0  0  2.92417e+18  -4.80075e+17
-27.0177  0  0  2.38457e+18  1.33734e+18
-13.1947  0  0  -2.75567e+18  -9.40485e+17
-10.6814  0  0  5.58705e+17  -1.46737e+18
-8.16814  0  0  -1.27312e+18  -2.93976e+18
-6.9115  0  0  -2.20852e+18  -1.80315e+18
-5.65487  0  0  1.6144e+18  -4.38593e+18
-4.39823  0  0  2.70033e+18  4.13671e+18
-3.14159  0  0  3.18101e+18  7.57174e+18
-1.88496  0  0  -1.413e+19  -1.96451e+17
-0.628319  0  0  -1.09463e+19  3.19707e+19
0.628319  0  0  -1.09463e+19  -3.19707e+19
1.88496  0  0  -1.413e+19  1.96451e+17
3.14159  0  0  3.18101e+18  -7.57174e+18
4.39823  0  0  2.70033e+18  -4.13671e+18
5.65487  0  0  1.6144e+18  4.38593e+18
6.9115  0  0  -2.20852e+18  1.80315e+18
8.16814  0  0  -1.27312e+18  2.93976e+18
10.6814  0  0  5.58705e+17  1.46737e+18
15.708  0  0  -4.15863e+18  3.23737e+17
33.3009  0  0  3.68162e+18  -7.92923e+17
-54.6637  0  3.14159  4.27156e+18  -1.51389e+20
-27.0177  0  3.14159  -3.96879e+18  -1.1683e+20
-13.1947  0  3.14159  3.63583e+18  -2.76817e+20
-10.6814  0  3.14159  8.60473e+09  2.77331e+20
-8.16814  0  3.14159  2.38145e+10  9.10123e+20
-6.9115  0  3.14159  -5.44159e+10  6.4177e+20
-5.65487  0  3.14159  -2.30268e+09  8.71677e+20
-4.39823  0  3.14159  4.78714e+10  -8.23026e+20
-3.14159  0  3.14159  -2.26632e+10  -1.16615e+21
-1.88496  0  3.14159  -6.93227e+10  8.66641e+20
-0.628319  0  3.14159  1.86396e+11  -4.17292e+21
0.628319  0  3.14159  1.86396e+11  4.17292e+21
1.88496  0  3.14159  -6.93227e+10  -8.66641e+20
3.14159  0  3.14159  -2.26632e+10  1.16615e+21
4.39823  0  3.14159  4.78714e+10  8.23026e+20
5.65487  0  3.14159  -2.30268e+09  -8.71677e+20
6.9115  0  3.14159  -5.44159e+10  -6.4177e+20
8.16814  0  3.14159  2.38145e+10  -9.10123e+20
10.6814  0  3.14159  8.60473e+09  -2.77331e+20
15.708  0  3.14159  -5.03826e+17  3.49399e+20
33.3009  0  3.14159  5.9591e+17  1.24344e+20
-54.6637  3.14159  0  4.27156e+18  -1.51389e+20
-27.0177  3.14159  0  -3.96879e+18  -1.1683e+20
-13.1947  3.14159  0  3.63583e+18  -2.76817e+20
-10.6814  3.14159  0  8.60473e+09  2.77331e+20
-8.16814  3.14159  0  2.38145e+10  9.10123e+20
-6.9115  3.14159  0  -5.44159e+10  6.4177e+20
-5.65487  3.14159  0  -2.30268e+09  8.71677e+20
-4.39823  3.14159  0  4.78714e+10  -8.23026e+20
-3.14159  3.14159  0  -2.26632e+10  -1.16615e+21
-1.88496  3.14159  0  -6.93227e+10  8.66641e+20
-0.628319  3.14159  0  1.86396e+11  -4.17292e+21
0.628319  3.14159  0  1.86396e+11  4.17292e+21
1.88496  3.14159  0  -6.93227e+10  -8.66641e+20
3.14159  3.14159  0  -2.26632e+10  1.16615e+21
4.39823  3.14159  0  4.78714e+10  8.23026e+20
5.65487  3.14159  0  -2.30268e+09  -8.71677e+20
6.9115  3.14159  0  -5.44159e+10  -6.4177e+20
8.16814  3.14159  0  2.38145e+10  -9.10123e+20
10.6814  3.14159  0  8.60473e+09  -2.77331e+20
15.708  3.14159  0  -5.03826e+17  3.49399e+20
33.3009  3.14159  0  5.9591e+17  1.24344e+20
-54.6637  3.14159  3.14159  2.91703e+18  -4.78499e+17
-27.0177  3.14159  3.14159  2.37543e+18  1.35221e+18
-13.1947  3.14159  3.14159  -2.74796e+18  -9.27402e+17
-10.6814  3.14159  3.14159  5.61799e+17  -1.4782e+18
-8.16814  3.14159  3.14159  -1.28197e+18  -2.95291e+18
-6.9115  3.14159  3.14159  -2.21996e+18  -1.80954e+18
-5.65487  3.14159  3.14159  1.6244e+18  -4.41699e+18
-4.39823  3.14159  3.14159  2.71344e+18  4.15414e+18
-3.14159  3.14159  3.14159  3.18849e+18  7.61845e+18
-1.88496  3.14159  3.14159  -1.42332e+19  -1.80109e+17
-0.628319  3.14159  3.14159  -1.10376e+19  3.22077e+19
0.628319  3.14159  3.14159  -1.10376e+19  -3.22077e+19
1.88496  3.14159  3.14159  -1.42332e+19  1.80109e+17
3.14159  3.14159  3.14159  3.18849e+18  -7.61845e+18
4.39823  3.14159  3.14159  2.71344e+18  -4.15414e+18
5.65487  3.14159  3.14159  1.6244e+18  4.41699e+18
6.9115  3.14159  3.14159  -2.21996e+18  1.80954e+18
8.16814  3.14159  3.14159  -1.28197e+18  2.95291e+18
10.6814  3.14159  3.14159  5.61799e+17  1.4782e+18
15.708  3.14159  3.14159  -4.15253e+18  2.97906e+17
33.3009  3.14159  3.14159  3.67104e+18  -8.01426e+17
