-54.6637  0  0  5.27355e-05  3.1106e-05
-27.0177  0  0  -7.9686e-06  -5.29425e-05
-13.1947  0  0  3.20311e-05  -3.35999e-05
-10.6814  0  0  2.78698e-05  9.45378e-05
-8.16814  0  0  -6.88349e-05  2.38365e-05
-6.9115  0  0  5.74887e-05  6.12422e-05
-5.65487  0  0  -1.15121e-05  -4.09997e-05
-4.39823  0  0  2.46827e-05  -1.1135e-06
-3.14159  0  0  -7.57841e-06  1.18445e-05
-1.88496  0  0  8.42455e-06  -2.14264e-07
-0.628319  0  0  -2.94139e-06  -3.24868e-06
0.628319  0  0  -2.94139e-06  3.24868e-06
1.88496  0  0  8.42455e-06  2.14264e-07
3.14159  0  0  -7.57841e-06  -1.18445e-05
4.39823  0  0  2.46827e-05  1.1135e-06
5.65487  0  0  -1.15121e-05  4.09997e-05
6.9115  0  0  5.74887e-05  -6.12422e-05
8.16814  0  0  -6.88349e-05  -2.38365e-05
10.6814  0  0  2.78698e-05  -9.45378e-05
15.708  0  0  -2.40071e-05  -2.6311e-06
33.3009  0  0  2.013e-05  1.30709e-05
-54.6637  0  3.14159  5.2988e-08  8.46979e-07
-27.0177  0  3.14159  4.76809e-07  -2.78643e-06
-13.1947  0  3.14159  1.36819e-08  4.95339e-07
-10.6814  0  3.14159  -6.03114e-17  9.12675e-07
-8.16814  0  3.14159  -7.36123e-18  1.54617e-07
-6.9115  0  3.14159  -4.32917e-17  -2.50529e-07
-5.65487  0  3.14159  -1.95311e-18  -3.91879e-07
-4.39823  0  3.14159  -2.09197e-17  -1.78075e-07
-3.14159  0  3.14159  -3.72646e-18  1.02044e-07
-1.88496  0  3.14159  -2.33463e-17  -1.50704e-07
-0.628319  0  3.14159  2.16763e-18  2.34751e-08
0.628319  0  3.14159  2.16763e-18  -2.34751e-08
1.88496  0  3.14159  -2.33463e-17  1.50704e-07
3.14159  0  3.14159  -3.72646e-18  -1.02044e-07
4.39823  0  3.14159  -2.09197e-17  1.78075e-07
5.65487  0  3.14159  -1.95311e-18  3.91879e-07
6.9115  0  3.14159  -4.32917e-17  2.50529e-07
8.16814  0  3.14159  -7.36123e-18  -1.54617e-07
10.6814  0  3.14159  -6.03114e-17  -9.12675e-07
15.708  0  3.14159  1.35629e-09  3.53182e-07
33.3009  0  3.14159  3.55687e-08  -1.61137e-06
-54.6637  3.14159  0  5.2988e-08  8.46979e-07
-27.0177  3.14159  0  4.76809e-07  -2.78643e-06
-13.1947  3.14159  0  1.36819e-08  4.95339e-07
-10.6814  3.14159  0  -5.87599e-17  9.12675e-07
-8.16814  3.14159  0  -7.4681e-18  1.54617e-07
-6.9115  3.14159  0  -4.32917e-17  -2.50529e-07
-5.65487  3.14159  0  -2.18195e-18  -3.91879e-07
-4.39823  3.14159  0  -2.12032e-17  -1.78075e-07
-3.14159  3.14159  0  -3.81956e-18  1.02044e-07
-1.88496  3.14159  0  -2.17895e-17  -1.50704e-07
-0.628319  3.14159  0  2.13478e-18  2.34751e-08
0.628319  3.14159  0  2.13478e-18  -2.34751e-08
1.88496  3.14159  0  -2.17895e-17  1.50704e-07
3.14159  3.14159  0  -3.81956e-18  -1.02044e-07
4.39823  3.14159  0  -2.12032e-17  1.78075e-07
5.65487  3.14159  0  -2.18195e-18  3.91879e-07
6.9115  3.14159  0  -4.32917e-17  2.50529e-07
8.16814  3.14159  0  -7.4681e-18  -1.54617e-07
10.6814  3.14159  0  -5.87599e-17  -9.12675e-07
15.708  3.14159  0  1.35629e-09  3.53182e-07
33.3009  3.14159  0  3.55687e-08  -1.61137e-06
-54.6637  3.14159  3.14159  3.43432e-05  6.75912e-06
-27.0177  3.14159  3.14159  2.58078e-05  6.70486e-05
-13.1947  3.14159  3.14159  -4.08063e-06  7.55947e-05
-10.6814  3.14159  3.14159  -9.79173e-05  -1.35429e-05
-8.16814  3.14159  3.14159  -2.97842e-05  1.52957e-05
-6.9115  3.14159  3.14159  -1.62847e-05  -3.12717e-05
-5.65487  3.14159  3.14159  -1.53896e-05  -4.58321e-05
-4.39823  3.14159  3.14159  1.82727e-05  -1.17132e-05
-3.14159  3.14159  3.14159  -8.77111e-06  8.03009e-06
-1.88496  3.14159  3.14159  8.7134e-06  -9.56179e-08
-0.628319  3.14159  3.14159  1.42909e-05  -7.24607e-06
0.628319  3.14159  3.14159  1.42909e-05  7.24607e-06
1.88496  3.14159  3.14159  8.7134e-06  9.56179e-08
3.14159  3.14159  3.14159  -8.77111e-06  -8.03009e-06
4.39823  3.14159  3.14159  1.82727e-05  1.17132e-05
5.65487  3.14159  3.14159  -1.53896e-05  4.58321e-05
6.9115  3.14159  3.14159  -1.62847e-05  3.12717e-05
8.16814  3.14159  3.14159  -2.97842e-05  -1.52957e-05
10.6814  3.14159  3.14159  -9.79173e-05  1.35429e-05
15.708  3.14159  3.14159  -2.37008e-05  -3.36287e-06
33.3009  3.14159  3.14159  5.15466e-05  7.15217e-05
