-54.6637  0  0  8.7725e+17  -1.44023e+17
-27.0177  0  0  7.15372e+17  4.01203e+17
-13.1947  0  0  -8.26701e+17  -2.82145e+17
-10.6814  0  0  1.67612e+17  -4.40212e+17
-8.16814  0  0  -3.81937e+17  -8.81929e+17
-6.9115  0  0  -6.62556e+17  -5.40944e+17
-5.65487  0  0  4.8432e+17  -1.31578e+18
-4.39823  0  0  8.10099e+17  1.24101e+18
-3.14159  0  0  9.54302e+17  2.27152e+18
-1.88496  0  0  -4.23901e+18  -5.89352e+16
-0.628319  0  0  -3.2839e+18  9.59122e+18
0.628319  0  0  -3.2839e+18  -9.59122e+18
1.88496  0  0  -4.23901e+18  5.89352e+16
3.14159  0  0  9.54302e+17  -2.27152e+18
4.39823  0  0  8.10099e+17  -1.24101e+18
5.65487  0  0  4.8432e+17  1.31578e+18
6.9115  0  0  -6.62556e+17  5.40944e+17
8.16814  0  0  -3.81937e+17  8.81929e+17
10.6814  0  0  1.67612e+17  4.40212e+17
15.708  0  0  -1.24759e+18  9.71212e+16
33.3009  0  0  1.10449e+18  -2.37877e+17
-54.6637  0  3.14159  1.28147e+18  -4.54166e+19
-27.0177  0  3.14159  -1.19064e+18  -3.5049e+19
-13.1947  0  3.14159  1.09075e+18  -8.30451e+19
-10.6814  0  3.14159  2.58142e+09  8.31994e+19
-8.16814  0  3.14159  7.14435e+09  2.73037e+20
-6.9115  0  3.14159  -1.63248e+10  1.92531e+20
-5.65487  0  3.14159  -6.90803e+08  2.61503e+20
-4.39823  0  3.14159  1.43614e+10  -2.46908e+20
-3.14159  0  3.14159  -6.79895e+09  -3.49845e+20
-1.88496  0  3.14159  -2.07968e+10  2.59992e+20
-0.628319  0  3.14159  5.59187e+10  -1.25188e+21
0.628319  0  3.14159  5.59187e+10  1.25188e+21
1.88496  0  3.14159  -2.07968e+10  -2.59992e+20
3.14159  0  3.14159  -6.79895e+09  3.49845e+20
4.39823  0  3.14159  1.43614e+10  2.46908e+20
5.65487  0  3.14159  -6.90803e+08  -2.61503e+20
6.9115  0  3.14159  -1.63248e+10  -1.92531e+20
8.16814  0  3.14159  7.14435e+09  -2.73037e+20
10.6814  0  3.14159  2.58142e+09  -8.31994e+19
15.708  0  3.14159  -1.51148e+17  1.0482e+20
33.3009  0  3.14159  1.78773e+17  3.73031e+19
-54.6637  3.14159  0  1.28147e+18  -4.54166e+19
-27.0177  3.14159  0  -1.19064e+18  -3.5049e+19
-13.1947  3.14159  0  1.09075e+18  -8.30451e+19
-10.6814  3.14159  0  2.58142e+09  8.31994e+19
-8.16814  3.14159  0  7.14435e+09  2.73037e+20
-6.9115  3.14159  0  -1.63248e+10  1.92531e+20
-5.65487  3.14159  0  -6.90803e+08  2.61503e+20
-4.39823  3.14159  0  1.43614e+10  -2.46908e+20
-3.14159  3.14159  0  -6.79895e+09  -3.49845e+20
-1.88496  3.14159  0  -2.07968e+10  2.59992e+20
-0.628319  3.14159  0  5.59187e+10  -1.25188e+21
0.628319  3.14159  0  5.59187e+10  1.25188e+21
1.88496  3.14159  0  -2.07968e+10  -2.59992e+20
3.14159  3.14159  0  -6.79895e+09  3.49845e+20
4.39823  3.14159  0  1.43614e+10  2.46908e+20
5.65487  3.14159  0  -6.90803e+08  -2.61503e+20
6.9115  3.14159  0  -1.63248e+10  -1.92531e+20
8.16814  3.14159  0  7.14435e+09  -2.73037e+20
10.6814  3.14159  0  2.58142e+09  -8.31994e+19
15.708  3.14159  0  -1.51148e+17  1.0482e+20
33.3009  3.14159  0  1.78773e+17  3.73031e+19
-54.6637  3.14159  3.14159  8.7511e+17  -1.4355e+17
-27.0177  3.14159  3.14159  7.12629e+17  4.05664e+17
-13.1947  3.14159  3.14159  -8.24388e+17  -2.78221e+17
-10.6814  3.14159  3.14159  1.6854e+17  -4.4346e+17
-8.16814  3.14159  3.14159  -3.8459e+17  -8.85873e+17
-6.9115  3.14159  3.14159  -6.65987e+17  -5.42863e+17
-5.65487  3.14159  3.14159  4.87319e+17  -1.3251e+18
-4.39823  3.14159  3.14159  8.14032e+17  1.24624e+18
-3.14159  3.14159  3.14159  9.56547e+17  2.28553e+18
-1.88496  3.14159  3.14159  -4.26995e+18  -5.40326e+16
-0.628319  3.14159  3.14159  -3.31129e+18  9.66232e+18
0.628319  3.14159  3.14159  -3.31129e+18  -9.66232e+18
1.88496  3.14159  3.14159  -4.26995e+18  5.40326e+16
3.14159  3.14159  3.14159  9.56547e+17  -2.28553e+18
4.39823  3.14159  3.14159  8.14032e+17  -1.24624e+18
5.65487  3.14159  3.14159  4.87319e+17  1.3251e+18
6.9115  3.14159  3.14159  -6.65987e+17  5.42863e+17
8.16814  3.14159  3.14159  -3.8459e+17  8.85873e+17
10.6814  3.14159  3.14159  1.6854e+17  4.4346e+17
15.708  3.14159  3.14159  -1.24576e+18  8.93717e+16
33.3009  3.14159  3.14159  1.10131e+18  -2.40428e+17
