-54.6637  0  0  2.63175e+17  -4.32068e+16
-27.0177  0  0  2.14612e+17  1.20361e+17
-13.1947  0  0  -2.4801e+17  -8.46436e+16
-10.6814  0  0  5.02835e+16  -1.32063e+17
-8.16814  0  0  -1.14581e+17  -2.64579e+17
-6.9115  0  0  -1.98767e+17  -1.62283e+17
-5.65487  0  0  1.45296e+17  -3.94734e+17
-4.39823  0  0  2.4303e+17  3.72304e+17
-3.14159  0  0  2.86291e+17  6.81456e+17
-1.88496  0  0  -1.2717e+18  -1.76806e+16
-0.628319  0  0  -9.85171e+17  2.87737e+18
0.628319  0  0  -9.85171e+17  -2.87737e+18
1.88496  0  0  -1.2717e+18  1.76806e+16
3.14159  0  0  2.86291e+17  -6.81456e+17
4.39823  0  0  2.4303e+17  -3.72304e+17
5.65487  0  0  1.45296e+17  3.94734e+17
6.9115  0  0  -1.98767e+17  1.62283e+17
8.16814  0  0  -1.14581e+17  2.64579e+17
10.6814  0  0  5.02835e+16  1.32063e+17
15.708  0  0  -3.74277e+17  2.91364e+16
33.3009  0  0  3.31346e+17  -7.13631e+16
-54.6637  0  3.14159  3.84441e+17  -1.3625e+19
-27.0177  0  3.14159  -3.57191e+17  -1.05147e+19
-13.1947  0  3.14159  3.27224e+17  -2.49135e+19
-10.6814  0  3.14159  7.74426e+08  2.49598e+19
-8.16814  0  3.14159  2.14331e+09  8.19111e+19
-6.9115  0  3.14159  -4.89743e+09  5.77593e+19
-5.65487  0  3.14159  -2.07241e+08  7.8451e+19
-4.39823  0  3.14159  4.30843e+09  -7.40723e+19
-3.14159  0  3.14159  -2.03969e+09  -1.04953e+20
-1.88496  0  3.14159  -6.23904e+09  7.79977e+19
-0.628319  0  3.14159  1.67756e+10  -3.75563e+20
0.628319  0  3.14159  1.67756e+10  3.75563e+20
1.88496  0  3.14159  -6.23904e+09  -7.79977e+19
3.14159  0  3.14159  -2.03969e+09  1.04953e+20
4.39823  0  3.14159  4.30843e+09  7.40723e+19
5.65487  0  3.14159  -2.07241e+08  -7.8451e+19
6.9115  0  3.14159  -4.89743e+09  -5.77593e+19
8.16814  0  3.14159  2.14331e+09  -8.19111e+19
10.6814  0  3.14159  7.74426e+08  -2.49598e+19
15.708  0  3.14159  -4.53444e+16  3.14459e+19
33.3009  0  3.14159  5.36319e+16  1.11909e+19
-54.6637  3.14159  0  3.84441e+17  -1.3625e+19
-27.0177  3.14159  0  -3.57191e+17  -1.05147e+19
-13.1947  3.14159  0  3.27224e+17  -2.49135e+19
-10.6814  3.14159  0  7.74426e+08  2.49598e+19
-8.16814  3.14159  0  2.14331e+09  8.19111e+19
-6.9115  3.14159  0  -4.89743e+09  5.77593e+19
-5.65487  3.14159  0  -2.07241e+08  7.8451e+19
-4.39823  3.14159  0  4.30843e+09  -7.40723e+19
-3.14159  3.14159  0  -2.03969e+09  -1.04953e+20
-1.88496  3.14159  0  -6.23904e+09  7.79977e+19
-0.628319  3.14159  0  1.67756e+10  -3.75563e+20
0.628319  3.14159  0  1.67756e+10  3.75563e+20
1.88496  3.14159  0  -6.23904e+09  -7.79977e+19
3.14159  3.14159  0  -2.03969e+09  1.04953e+20
4.39823  3.14159  0  4.30843e+09  7.40723e+19
5.65487  3.14159  0  -2.07241e+08  -7.8451e+19
6.9115  3.14159  0  -4.89743e+09  -5.77593e+19
8.16814  3.14159  0  2.14331e+09  -8.19111e+19
10.6814  3.14159  0  7.74426e+08  -2.49598e+19
15.708  3.14159  0  -4.53444e+16  3.14459e+19
33.3009  3.14159  0  5.36319e+16  1.11909e+19
-54.6637  3.14159  3.14159  2.62533e+17  -4.30649e+16
-27.0177  3.14159  3.14159  2.13789e+17  1.21699e+17
-13.1947  3.14159  3.14159  -2.47317e+17  -8.34662e+16
-10.6814  3.14159  3.14159  5.05619e+16  -1.33038e+17
-8.16814  3.14159  3.14159  -1.15377e+17  -2.65762e+17
-6.9115  3.14159  3.14159  -1.99796e+17  -1.62859e+17
-5.65487  3.14159  3.14159  1.46196e+17  -3.97529e+17
-4.39823  3.14159  3.14159  2.4421e+17  3.73872e+17
-3.14159  3.14159  3.14159  2.86964e+17  6.8566e+17
-1.88496  3.14159  3.14159  -1.28098e+18  -1.62098e+16
-0.628319  3.14159  3.14159  -9.93386e+17  2.8987e+18
0.628319  3.14159  3.14159  -9.93386e+17  -2.8987e+18
1.88496  3.14159  3.14159  -1.28098e+18  1.62098e+16
3.14159  3.14159  3.14159  2.86964e+17  -6.8566e+17
4.39823  3.14159  3.14159  2.4421e+17  -3.73872e+17
5.65487  3.14159  3.14159  1.46196e+17  3.97529e+17
6.9115  3.14159  3.14159  -1.99796e+17  1.62859e+17
8.16814  3.14159  3.14159  -1.15377e+17  2.65762e+17
10.6814  3.14159  3.14159  5.05619e+16  1.33038e+17
15.708  3.14159  3.14159  -3.73727e+17  2.68115e+16
33.3009  3.14159  3.14159  3.30394e+17  -7.21284e+16
