-54.6637  0  0  4.04456e-08  1.49792e-09
-27.0177  0  0  -6.27345e-09  -1.87499e-08
-13.1947  0  0  1.68376e-08  -3.70863e-08
-10.6814  0  0  6.15198e-08  1.7257e-08
-8.16814  0  0  7.1184e-09  -4.84398e-09
-6.9115  0  0  -1.28014e-08  1.52823e-08
-5.65487  0  0  -1.89189e-09  -4.21624e-09
-4.39823  0  0  -3.43968e-08  5.42904e-10
-3.14159  0  0  2.4408e-09  -1.60798e-09
-1.88496  0  0  -1.1724e-08  -3.2241e-08
-0.628319  0  0  3.53635e-10  1.37996e-09
0.628319  0  0  3.53635e-10  -1.37996e-09
1.88496  0  0  -1.1724e-08  3.2241e-08
3.14159  0  0  2.4408e-09  1.60798e-09
4.39823  0  0  -3.43968e-08  -5.42904e-10
5.65487  0  0  -1.89189e-09  4.21624e-09
6.9115  0  0  -1.28014e-08  -1.52823e-08
8.16814  0  0  7.1184e-09  4.84398e-09
10.6814  0  0  6.15198e-08  -1.7257e-08
15.708  0  0  -1.87923e-08  5.70278e-09
33.3009  0  0  -1.7422e-08  3.28246e-08
-54.6637  0  3.14159  4.09332e-06  2.24446e-05
-27.0177  0  3.14159  -7.94673e-08  4.0664e-06
-13.1947  0  3.14159  2.06497e-07  5.88453e-06
-10.6814  0  3.14159  3.74855e-15  5.45947e-06
-8.16814  0  3.14159  -4.4179e-16  -2.49362e-06
-6.9115  0  3.14159  -2.49585e-15  -2.65641e-06
-5.65487  0  3.14159  -2.88358e-16  -1.50646e-06
-4.39823  0  3.14159  3.09113e-17  -1.14856e-06
-3.14159  0  3.14159  -3.14731e-16  1.13686e-06
-1.88496  0  3.14159  1.04363e-14  4.7234e-06
-0.628319  0  3.14159  -1.371e-17  3.16963e-07
0.628319  0  3.14159  -1.371e-17  -3.16963e-07
1.88496  0  3.14159  1.04363e-14  -4.7234e-06
3.14159  0  3.14159  -3.14731e-16  -1.13686e-06
4.39823  0  3.14159  3.09113e-17  1.14856e-06
5.65487  0  3.14159  -2.88358e-16  1.50646e-06
6.9115  0  3.14159  -2.49585e-15  2.65641e-06
8.16814  0  3.14159  -4.4179e-16  2.49362e-06
10.6814  0  3.14159  3.74855e-15  -5.45947e-06
15.708  0  3.14159  6.46261e-08  2.46437e-06
33.3009  0  3.14159  6.15135e-08  1.50382e-05
-54.6637  3.14159  0  4.09332e-06  2.24446e-05
-27.0177  3.14159  0  -7.94673e-08  4.0664e-06
-13.1947  3.14159  0  2.06497e-07  5.88453e-06
-10.6814  3.14159  0  3.70414e-15  5.45947e-06
-8.16814  3.14159  0  -4.32524e-16  -2.49362e-06
-6.9115  3.14159  0  -2.4643e-15  -2.65641e-06
-5.65487  3.14159  0  -2.90048e-16  -1.50646e-06
-4.39823  3.14159  0  3.08499e-17  -1.14856e-06
-3.14159  3.14159  0  -3.05101e-16  1.13686e-06
-1.88496  3.14159  0  1.03366e-14  4.7234e-06
-0.628319  3.14159  0  -1.371e-17  3.16963e-07
0.628319  3.14159  0  -1.371e-17  -3.16963e-07
1.88496  3.14159  0  1.03366e-14  -4.7234e-06
3.14159  3.14159  0  -3.05101e-16  -1.13686e-06
4.39823  3.14159  0  3.08499e-17  1.14856e-06
5.65487  3.14159  0  -2.90048e-16  1.50646e-06
6.9115  3.14159  0  -2.4643e-15  2.65641e-06
8.16814  3.14159  0  -4.32524e-16  2.49362e-06
10.6814  3.14159  0  3.70414e-15  -5.45947e-06
15.708  3.14159  0  6.46261e-08  2.46437e-06
33.3009  3.14159  0  6.15135e-08  1.50382e-05
-54.6637  3.14159  3.14159  -1.24419e-07  -3.67226e-08
-27.0177  3.14159  3.14159  -5.80616e-08  2.73231e-08
-13.1947  3.14159  3.14159  -7.99254e-08  1.89519e-08
-10.6814  3.14159  3.14159  1.9957e-08  4.43803e-07
-8.16814  3.14159  3.14159  5.44379e-08  4.22321e-08
-6.9115  3.14159  3.14159  3.85314e-08  5.15165e-08
-5.65487  3.14159  3.14159  -2.05914e-07  -1.36008e-07
-4.39823  3.14159  3.14159  -2.22693e-07  8.90242e-08
-3.14159  3.14159  3.14159  -4.49712e-08  3.00867e-08
-1.88496  3.14159  3.14159  -4.3028e-10  1.85841e-08
-0.628319  3.14159  3.14159  8.58642e-09  -7.31482e-09
0.628319  3.14159  3.14159  8.58642e-09  7.31482e-09
1.88496  3.14159  3.14159  -4.3028e-10  -1.85841e-08
3.14159  3.14159  3.14159  -4.49712e-08  -3.00867e-08
4.39823  3.14159  3.14159  -2.22693e-07  -8.90242e-08
5.65487  3.14159  3.14159  -2.05914e-07  1.36008e-07
6.9115  3.14159  3.14159  3.85314e-08  -5.15165e-08
8.16814  3.14159  3.14159  5.44379e-08  -4.22321e-08
10.6814  3.14159  3.14159  1.9957e-08  -4.43803e-07
15.708  3.14159  3.14159  -3.38393e-08  2.51845e-08
33.3009  3.14159  3.14159  -3.71966e-08  -1.10137e-07
