-54.6637  0  0  -1.9049e+21  -1.18499e+20
-27.0177  0  0  -1.7448e+21  -1.07714e+21
-13.1947  0  0  1.34842e+21  4.00672e+20
-10.6814  0  0  -6.1058e+20  2.33159e+21
-8.16814  0  0  1.30629e+21  4.99264e+21
-6.9115  0  0  2.08304e+21  3.5664e+21
-5.65487  0  0  -1.62728e+21  6.55323e+21
-4.39823  0  0  -3.82632e+21  -4.98691e+21
-3.14159  0  0  -2.93992e+21  -9.21648e+21
-1.88496  0  0  1.4706e+22  2.504e+21
-0.628319  0  0  1.15367e+22  -4.10799e+22
0.628319  0  0  1.15367e+22  4.10799e+22
1.88496  0  0  1.4706e+22  -2.504e+21
3.14159  0  0  -2.93992e+21  9.21648e+21
4.39823  0  0  -3.82632e+21  4.98691e+21
5.65487  0  0  -1.62728e+21  -6.55323e+21
6.9115  0  0  2.08304e+21  -3.5664e+21
8.16814  0  0  1.30629e+21  -4.99264e+21
10.6814  0  0  -6.1058e+20  -2.33159e+21
15.708  0  0  2.24835e+21  2.92247e+20
33.3009  0  0  -2.49191e+21  8.15276e+20
-54.6637  0  3.14159  4.07211e+17  -2.0224e+18
-27.0177  0  3.14159  -3.32738e+17  -1.13224e+19
-13.1947  0  3.14159  2.45036e+17  -8.23318e+18
-10.6814  0  3.14159  -3.59475e+09  1.0695e+19
-8.16814  0  3.14159  -2.26172e+09  2.46104e+19
-6.9115  0  3.14159  -6.99565e+09  1.52913e+19
-5.65487  0  3.14159  -3.11826e+09  3.20436e+19
-4.39823  0  3.14159  -3.93759e+08  -3.01712e+19
-3.14159  0  3.14159  -6.57559e+09  -5.45482e+19
-1.88496  0  3.14159  -9.81574e+09  9.10747e+18
-0.628319  0  3.14159  -4.63218e+09  -2.21373e+20
0.628319  0  3.14159  -4.63218e+09  2.21373e+20
1.88496  0  3.14159  -9.81574e+09  -9.10747e+18
3.14159  0  3.14159  -6.57559e+09  5.45482e+19
4.39823  0  3.14159  -3.93759e+08  3.01712e+19
5.65487  0  3.14159  -3.11826e+09  -3.20436e+19
6.9115  0  3.14159  -6.99565e+09  -1.52913e+19
8.16814  0  3.14159  -2.26172e+09  -2.46104e+19
10.6814  0  3.14159  -3.59475e+09  -1.0695e+19
15.708  0  3.14159  -1.57926e+17  1.56907e+19
33.3009  0  3.14159  9.18298e+16  7.52641e+18
-54.6637  3.14159  0  4.07211e+17  -2.0224e+18
-27.0177  3.14159  0  -3.32738e+17  -1.13224e+19
-13.1947  3.14159  0  2.45036e+17  -8.23318e+18
-10.6814  3.14159  0  -3.59475e+09  1.0695e+19
-8.16814  3.14159  0  -2.26172e+09  2.46104e+19
-6.9115  3.14159  0  -6.99565e+09  1.52913e+19
-5.65487  3.14159  0  -3.11826e+09  3.20436e+19
-4.39823  3.14159  0  -3.93759e+08  -3.01712e+19
-3.14159  3.14159  0  -6.57559e+09  -5.45482e+19
-1.88496  3.14159  0  -9.81574e+09  9.10747e+18
-0.628319  3.14159  0  -4.63218e+09  -2.21373e+20
0.628319  3.14159  0  -4.63218e+09  2.21373e+20
1.88496  3.14159  0  -9.81574e+09  -9.10747e+18
3.14159  3.14159  0  -6.57559e+09  5.45482e+19
4.39823  3.14159  0  -3.93759e+08  3.01712e+19
5.65487  3.14159  0  -3.11826e+09  -3.20436e+19
6.9115  3.14159  0  -6.99565e+09  -1.52913e+19
8.16814  3.14159  0  -2.26172e+09  -2.46104e+19
10.6814  3.14159  0  -3.59475e+09  -1.0695e+19
15.708  3.14159  0  -1.57926e+17  1.56907e+19
33.3009  3.14159  0  9.18298e+16  7.52641e+18
-54.6637  3.14159  3.14159  4.84164e+20  -2.13881e+20
-27.0177  3.14159  3.14159  2.83477e+20  4.04047e+20
-13.1947  3.14159  3.14159  -5.18613e+20  -4.7491e+19
-10.6814  3.14159  3.14159  5.26304e+19  3.49094e+19
-8.16814  3.14159  3.14159  -2.23629e+20  5.71165e+20
-6.9115  3.14159  3.14159  -3.14378e+20  5.74096e+20
-5.65487  3.14159  3.14159  2.69793e+20  1.7978e+20
-4.39823  3.14159  3.14159  -1.64967e+20  -2.91164e+19
-3.14159  3.14159  3.14159  1.82968e+20  6.15161e+20
-1.88496  3.14159  3.14159  -2.39934e+21  1.33074e+21
-0.628319  3.14159  3.14159  -2.60252e+21  2.1072e+21
0.628319  3.14159  3.14159  -2.60252e+21  -2.1072e+21
1.88496  3.14159  3.14159  -2.39934e+21  -1.33074e+21
3.14159  3.14159  3.14159  1.82968e+20  -6.15161e+20
4.39823  3.14159  3.14159  -1.64967e+20  2.91164e+19
5.65487  3.14159  3.14159  2.69793e+20  -1.7978e+20
6.9115  3.14159  3.14159  -3.14378e+20  -5.74096e+20
8.16814  3.14159  3.14159  -2.23629e+20  -5.71165e+20
10.6814  3.14159  3.14159  5.26304e+19  -3.49094e+19
15.708  3.14159  3.14159  -8.10272e+20  -2.25122e+20
33.3009  3.14159  3.14159  5.50448e+20  -1.58606e+20
