-54.6637  0  0  -5.7147e+20  -3.55498e+19
-27.0177  0  0  -5.2344e+20  -3.23142e+20
-13.1947  0  0  4.04526e+20  1.20202e+20
-10.6814  0  0  -1.83174e+20  6.99478e+20
-8.16814  0  0  3.91886e+20  1.49779e+21
-6.9115  0  0  6.24911e+20  1.06992e+21
-5.65487  0  0  -4.88185e+20  1.96597e+21
-4.39823  0  0  -1.1479e+21  -1.49607e+21
-3.14159  0  0  -8.81975e+20  -2.76494e+21
-1.88496  0  0  4.4118e+21  7.51199e+20
-0.628319  0  0  3.46102e+21  -1.2324e+22
0.628319  0  0  3.46102e+21  1.2324e+22
1.88496  0  0  4.4118e+21  -7.51199e+20
3.14159  0  0  -8.81975e+20  2.76494e+21
4.39823  0  0  -1.1479e+21  1.49607e+21
5.65487  0  0  -4.88185e+20  -1.96597e+21
6.9115  0  0  6.24911e+20  -1.06992e+21
8.16814  0  0  3.91886e+20  -1.49779e+21
10.6814  0  0  -1.83174e+20  -6.99478e+20
15.708  0  0  6.74505e+20  8.7674e+19
33.3009  0  0  -7.47572e+20  2.44583e+20
-54.6637  0  3.14159  1.22163e+17  -6.06721e+17
-27.0177  0  3.14159  -9.98213e+16  -3.39671e+18
-13.1947  0  3.14159  7.35109e+16  -2.46995e+18
-10.6814  0  3.14159  -1.07843e+09  3.2085e+18
-8.16814  0  3.14159  -6.78517e+08  7.38313e+18
-6.9115  0  3.14159  -2.09869e+09  4.58738e+18
-5.65487  0  3.14159  -9.35478e+08  9.61308e+18
-4.39823  0  3.14159  -1.18128e+08  -9.05135e+18
-3.14159  0  3.14159  -1.97268e+09  -1.63645e+19
-1.88496  0  3.14159  -2.94472e+09  2.73224e+18
-0.628319  0  3.14159  -1.38965e+09  -6.64119e+19
0.628319  0  3.14159  -1.38965e+09  6.64119e+19
1.88496  0  3.14159  -2.94472e+09  -2.73224e+18
3.14159  0  3.14159  -1.97268e+09  1.63645e+19
4.39823  0  3.14159  -1.18128e+08  9.05135e+18
5.65487  0  3.14159  -9.35478e+08  -9.61308e+18
6.9115  0  3.14159  -2.09869e+09  -4.58738e+18
8.16814  0  3.14159  -6.78517e+08  -7.38313e+18
10.6814  0  3.14159  -1.07843e+09  -3.2085e+18
15.708  0  3.14159  -4.73778e+16  4.70721e+18
33.3009  0  3.14159  2.75489e+16  2.25792e+18
-54.6637  3.14159  0  1.22163e+17  -6.06721e+17
-27.0177  3.14159  0  -9.98213e+16  -3.39671e+18
-13.1947  3.14159  0  7.35109e+16  -2.46995e+18
-10.6814  3.14159  0  -1.07843e+09  3.2085e+18
-8.16814  3.14159  0  -6.78517e+08  7.38313e+18
-6.9115  3.14159  0  -2.09869e+09  4.58738e+18
-5.65487  3.14159  0  -9.35478e+08  9.61308e+18
-4.39823  3.14159  0  -1.18128e+08  -9.05135e+18
-3.14159  3.14159  0  -1.97268e+09  -1.63645e+19
-1.88496  3.14159  0  -2.94472e+09  2.73224e+18
-0.628319  3.14159  0  -1.38965e+09  -6.64119e+19
0.628319  3.14159  0  -1.38965e+09  6.64119e+19
1.88496  3.14159  0  -2.94472e+09  -2.73224e+18
3.14159  3.14159  0  -1.97268e+09  1.63645e+19
4.39823  3.14159  0  -1.18128e+08  9.05135e+18
5.65487  3.14159  0  -9.35478e+08  -9.61308e+18
6.9115  3.14159  0  -2.09869e+09  -4.58738e+18
8.16814  3.14159  0  -6.78517e+08  -7.38313e+18
10.6814  3.14159  0  -1.07843e+09  -3.2085e+18
15.708  3.14159  0  -4.73778e+16  4.70721e+18
33.3009  3.14159  0  2.75489e+16  2.25792e+18
-54.6637  3.14159  3.14159  1.45249e+20  -6.41644e+19
-27.0177  3.14159  3.14159  8.50432e+19  1.21214e+20
-13.1947  3.14159  3.14159  -1.55584e+20  -1.42473e+19
-10.6814  3.14159  3.14159  1.57891e+19  1.04728e+19
-8.16814  3.14159  3.14159  -6.70887e+19  1.7135e+20
-6.9115  3.14159  3.14159  -9.43135e+19  1.72229e+20
-5.65487  3.14159  3.14159  8.09379e+19  5.3934e+19
-4.39823  3.14159  3.14159  -4.949e+19  -8.73491e+18
-3.14159  3.14159  3.14159  5.48905e+19  1.84548e+20
-1.88496  3.14159  3.14159  -7.19803e+20  3.99222e+20
-0.628319  3.14159  3.14159  -7.80755e+20  6.32159e+20
0.628319  3.14159  3.14159  -7.80755e+20  -6.32159e+20
1.88496  3.14159  3.14159  -7.19803e+20  -3.99222e+20
3.14159  3.14159  3.14159  5.48905e+19  -1.84548e+20
4.39823  3.14159  3.14159  -4.949e+19  8.73491e+18
5.65487  3.14159  3.14159  8.09379e+19  -5.3934e+19
6.9115  3.14159  3.14159  -9.43135e+19  -1.72229e+20
8.16814  3.14159  3.14159  -6.70887e+19  -1.7135e+20
10.6814  3.14159  3.14159  1.57891e+19  -1.04728e+19
15.708  3.14159  3.14159  -2.43082e+20  -6.75367e+19
33.3009  3.14159  3.14159  1.65134e+20  -4.75819e+19
