-54.6637  0  0  2.6763e-06  5.2852e-08
-27.0177  0  0  -8.78793e-07  3.9621e-08
-13.1947  0  0  -8.36973e-07  7.95175e-07
-10.6814  0  0  1.30962e-07  8.7468e-07
-8.16814  0  0  5.37453e-07  -2.19017e-07
-6.9115  0  0  8.40305e-08  -2.5801e-07
-5.65487  0  0  -1.08783e-07  -1.51958e-07
-4.39823  0  0  -2.67625e-07  -2.73933e-07
-3.14159  0  0  8.3428e-08  -8.68512e-08
-1.88496  0  0  -3.48716e-07  2.68051e-08
-0.628319  0  0  -2.18051e-08  -1.72503e-08
0.628319  0  0  -2.18051e-08  1.72503e-08
1.88496  0  0  -3.48716e-07  -2.68051e-08
3.14159  0  0  8.3428e-08  8.68512e-08
4.39823  0  0  -2.67625e-07  2.73933e-07
5.65487  0  0  -1.08783e-07  1.51958e-07
6.9115  0  0  8.40305e-08  2.5801e-07
8.16814  0  0  5.37453e-07  2.19017e-07
10.6814  0  0  1.30962e-07  -8.7468e-07
15.708  0  0  -4.25669e-07  7.04603e-08
33.3009  0  0  -4.26684e-07  -6.03071e-07
-54.6637  0  3.14159  -0.000398244  -0.000635643
-27.0177  0  3.14159  -9.55601e-06  0.000137803
-13.1947  0  3.14159  5.8418e-06  0.000122723
-10.6814  0  3.14159  1.0582e-13  0.000157233
-8.16814  0  3.14159  -1.43302e-13  -0.000657895
-6.9115  0  3.14159  6.08768e-13  0.00055371
-5.65487  0  3.14159  -9.41741e-15  -4.92611e-05
-4.39823  0  3.14159  -2.22484e-15  9.01226e-05
-3.14159  0  3.14159  9.93222e-15  -4.11862e-05
-1.88496  0  3.14159  -5.41869e-13  -0.0002331
-0.628319  0  3.14159  5.38068e-16  -1.20378e-05
0.628319  0  3.14159  5.38068e-16  1.20378e-05
1.88496  0  3.14159  -5.41869e-13  0.0002331
3.14159  0  3.14159  9.93222e-15  4.11862e-05
4.39823  0  3.14159  -2.22484e-15  -9.01226e-05
5.65487  0  3.14159  -9.41741e-15  4.92611e-05
6.9115  0  3.14159  6.08768e-13  -0.00055371
8.16814  0  3.14159  -1.43302e-13  0.000657895
10.6814  0  3.14159  1.0582e-13  -0.000157233
15.708  0  3.14159  2.19358e-06  7.93422e-05
33.3009  0  3.14159  5.73115e-06  -0.000222322
-54.6637  3.14159  0  -0.000398244  -0.000635643
-27.0177  3.14159  0  -9.55601e-06  0.000137803
-13.1947  3.14159  0  5.8418e-06  0.000122723
-10.6814  3.14159  0  1.09273e-13  0.000157233
-8.16814  3.14159  0  -4.25271e-14  -0.000657895
-6.9115  3.14159  0  4.08891e-13  0.00055371
-5.65487  3.14159  0  -9.64341e-15  -4.92611e-05
-4.39823  3.14159  0  -2.2012e-15  9.01226e-05
-3.14159  3.14159  0  9.97171e-15  -4.11862e-05
-1.88496  3.14159  0  -5.26687e-13  -0.0002331
-0.628319  3.14159  0  5.41442e-16  -1.20378e-05
0.628319  3.14159  0  5.41442e-16  1.20378e-05
1.88496  3.14159  0  -5.26687e-13  0.0002331
3.14159  3.14159  0  9.97171e-15  4.11862e-05
4.39823  3.14159  0  -2.2012e-15  -9.01226e-05
5.65487  3.14159  0  -9.64341e-15  4.92611e-05
6.9115  3.14159  0  4.08891e-13  -0.00055371
8.16814  3.14159  0  -4.25271e-14  0.000657895
10.6814  3.14159  0  1.09273e-13  -0.000157233
15.708  3.14159  0  2.19358e-06  7.93422e-05
33.3009  3.14159  0  5.75045e-06  -0.000222321
-54.6637  3.14159  3.14159  -7.99805e-07  -2.79769e-06
-27.0177  3.14159  3.14159  -9.01865e-06  -3.61229e-06
-13.1947  3.14159  3.14159  9.72712e-06  -3.23901e-06
-10.6814  3.14159  3.14159  -1.69115e-05  1.52481e-05
-8.16814  3.14159  3.14159  3.27335e-06  2.65875e-06
-6.9115  3.14159  3.14159  -1.12808e-06  -1.30051e-06
-5.65487  3.14159  3.14159  7.31503e-06  -1.82381e-05
-4.39823  3.14159  3.14159  -6.37188e-06  1.93569e-06
-3.14159  3.14159  3.14159  -9.16852e-07  2.21829e-06
-1.88496  3.14159  3.14159  4.16807e-07  1.08047e-06
-0.628319  3.14159  3.14159  5.00065e-07  3.79997e-07
0.628319  3.14159  3.14159  5.00065e-07  -3.79997e-07
1.88496  3.14159  3.14159  4.16807e-07  -1.08047e-06
3.14159  3.14159  3.14159  -9.16852e-07  -2.21829e-06
4.39823  3.14159  3.14159  -6.37188e-06  -1.93569e-06
5.65487  3.14159  3.14159  7.31503e-06  1.82381e-05
6.9115  3.14159  3.14159  -1.12808e-06  1.30051e-06
8.16814  3.14159  3.14159  3.27335e-06  -2.65875e-06
10.6814  3.14159  3.14159  -1.69115e-05  -1.52481e-05
15.708  3.14159  3.14159  2.06423e-06  -3.31822e-06
33.3009  3.14159  3.14159  -2.66543e-06  -8.64607e-07
