-54.6637  0  0  -2.84576e-06  3.20161e-07
-27.0177  0  0  -1.23042e-07  1.69201e-06
-13.1947  0  0  -2.63412e-06  4.64161e-06
-10.6814  0  0  -7.65344e-07  -4.37954e-06
-8.16814  0  0  -6.25413e-07  6.87496e-07
-6.9115  0  0  -4.33231e-07  -1.66615e-06
-5.65487  0  0  -7.11314e-07  -4.64023e-07
-4.39823  0  0  4.92054e-07  -9.68401e-07
-3.14159  0  0  -1.66023e-07  3.59733e-07
-1.88496  0  0  3.71813e-07  -2.18343e-07
-0.628319  0  0  -3.63049e-08  -9.23374e-08
0.628319  0  0  -3.63049e-08  9.23374e-08
1.88496  0  0  3.71813e-07  2.18343e-07
3.14159  0  0  -1.66023e-07  -3.59733e-07
4.39823  0  0  4.92054e-07  9.68401e-07
5.65487  0  0  -7.11314e-07  4.64023e-07
6.9115  0  0  -4.33231e-07  1.66615e-06
8.16814  0  0  -6.25413e-07  -6.87496e-07
10.6814  0  0  -7.65344e-07  4.37954e-06
15.708  0  0  1.32944e-06  -4.91854e-07
33.3009  0  0  -3.38296e-06  -7.0211e-07
-54.6637  0  3.14159  -0.00204889  -0.00227077
-27.0177  0  3.14159  -0.00270869  0.0063319
-13.1947  0  3.14159  2.16753e-05  0.000528351
-10.6814  0  3.14159  -1.82096e-13  -0.000278203
-8.16814  0  3.14159  7.93061e-14  0.000434405
-6.9115  0  3.14159  -1.9979e-13  -0.000232721
-5.65487  0  3.14159  3.0294e-14  0.00016129
-4.39823  0  3.14159  -4.35209e-15  0.000166556
-3.14159  0  3.14159  1.92037e-14  -7.73994e-05
-1.88496  0  3.14159  1.40189e-11  0.00557103
-0.628319  0  3.14159  -9.10147e-16  2.21828e-05
0.628319  0  3.14159  -9.10147e-16  -2.21828e-05
1.88496  0  3.14159  1.40189e-11  -0.00557103
3.14159  0  3.14159  1.92037e-14  7.73994e-05
4.39823  0  3.14159  -4.35209e-15  -0.000166556
5.65487  0  3.14159  3.0294e-14  -0.00016129
6.9115  0  3.14159  -1.9979e-13  0.000232721
8.16814  0  3.14159  7.93061e-14  -0.000434405
10.6814  0  3.14159  -1.82096e-13  0.000278203
15.708  0  3.14159  1.64572e-05  0.000497961
33.3009  0  3.14159  5.33168e-06  0.00146841
-54.6637  3.14159  0  -0.00204889  -0.00227077
-27.0177  3.14159  0  -0.00270869  0.0063319
-13.1947  3.14159  0  2.17842e-05  0.000528342
-10.6814  3.14159  0  -1.80744e-13  -0.000278203
-8.16814  3.14159  0  7.76585e-14  0.000434405
-6.9115  3.14159  0  -1.9979e-13  -0.000232721
-5.65487  3.14159  0  3.0294e-14  0.00016129
-4.39823  3.14159  0  -4.32181e-15  0.000166556
-3.14159  3.14159  0  1.93432e-14  -7.73994e-05
-1.88496  3.14159  0  1.40189e-11  0.00557103
-0.628319  3.14159  0  -9.33061e-16  2.21828e-05
0.628319  3.14159  0  -9.33061e-16  -2.21828e-05
1.88496  3.14159  0  1.40189e-11  -0.00557103
3.14159  3.14159  0  1.93432e-14  7.73994e-05
4.39823  3.14159  0  -4.32181e-15  -0.000166556
5.65487  3.14159  0  3.0294e-14  -0.00016129
6.9115  3.14159  0  -1.9979e-13  0.000232721
8.16814  3.14159  0  7.76585e-14  -0.000434405
10.6814  3.14159  0  -1.80744e-13  0.000278203
15.708  3.14159  0  1.64572e-05  0.000497961
33.3009  3.14159  0  5.54224e-06  0.00146841
-54.6637  3.14159  3.14159  4.25546e-06  -1.3225e-05
-27.0177  3.14159  3.14159  -6.87181e-06  1.23095e-05
-13.1947  3.14159  3.14159  1.60008e-05  5.73506e-08
-10.6814  3.14159  3.14159  -0.000131127  2.92798e-05
-8.16814  3.14159  3.14159  -9.44981e-06  -2.5863e-06
-6.9115  3.14159  3.14159  2.26653e-06  1.61289e-05
-5.65487  3.14159  3.14159  1.24941e-05  1.18331e-05
-4.39823  3.14159  3.14159  5.04295e-05  9.4279e-06
-3.14159  3.14159  3.14159  1.99892e-06  -4.55584e-06
-1.88496  3.14159  3.14159  2.76751e-07  1.6247e-06
-0.628319  3.14159  3.14159  -1.90628e-06  -1.20485e-07
0.628319  3.14159  3.14159  -1.90628e-06  1.20485e-07
1.88496  3.14159  3.14159  2.76751e-07  -1.6247e-06
3.14159  3.14159  3.14159  1.99892e-06  4.55584e-06
4.39823  3.14159  3.14159  5.04295e-05  -9.4279e-06
5.65487  3.14159  3.14159  1.24941e-05  -1.18331e-05
6.9115  3.14159  3.14159  2.26653e-06  -1.61289e-05
8.16814  3.14159  3.14159  -9.44981e-06  2.5863e-06
10.6814  3.14159  3.14159  -0.000131127  -2.92798e-05
15.708  3.14159  3.14159  -5.56734e-06  1.82028e-06
33.3009  3.14159  3.14159  6.59594e-06  6.07071e-06
