-54.6637  0  0  -8.41902e-06  1.87179e-06
-27.0177  0  0  1.04633e-05  6.02467e-06
-13.1947  0  0  -1.04725e-05  3.58821e-06
-10.6814  0  0  1.66167e-06  9.3191e-06
-8.16814  0  0  -1.91964e-06  1.73476e-06
-6.9115  0  0  4.92283e-06  8.28295e-06
-5.65487  0  0  2.51205e-06  2.51772e-06
-4.39823  0  0  -2.96265e-06  1.12349e-09
-3.14159  0  0  2.97698e-06  7.15244e-06
-1.88496  0  0  -2.08855e-06  -1.76858e-07
-0.628319  0  0  1.78766e-07  2.76968e-07
0.628319  0  0  1.78766e-07  -2.76968e-07
1.88496  0  0  -2.08855e-06  1.76858e-07
3.14159  0  0  2.97698e-06  -7.15244e-06
4.39823  0  0  -2.96265e-06  -1.12349e-09
5.65487  0  0  2.51205e-06  -2.51772e-06
6.9115  0  0  4.92283e-06  -8.28295e-06
8.16814  0  0  -1.91964e-06  -1.73476e-06
10.6814  0  0  1.66167e-06  -9.3191e-06
15.708  0  0  -2.55979e-05  1.87e-05
33.3009  0  0  7.4748e-06  7.33787e-06
-54.6637  0  3.14159  -0.0154863  -0.0230831
-27.0177  0  3.14159  -0.0012532  0.0103051
-13.1947  0  3.14159  -0.00103251  -0.035212
-10.6814  0  3.14159  3.53262e-12  0.00545703
-8.16814  0  3.14159  1.39484e-13  0.000805639
-6.9115  0  3.14159  -1.46308e-12  -0.00159744
-5.65487  0  3.14159  -2.65207e-13  -0.00129282
-4.39823  0  3.14159  4.1617e-14  -0.00104548
-3.14159  0  3.14159  1.11446e-13  -0.000430478
-1.88496  0  3.14159  -3.40147e-12  0.0540541
-0.628319  0  3.14159  4.15061e-15  -9.57854e-05
0.628319  0  3.14159  4.15061e-15  9.57854e-05
1.88496  0  3.14159  -3.40147e-12  -0.0540541
3.14159  0  3.14159  1.11446e-13  0.000430478
4.39823  0  3.14159  4.1617e-14  0.00104548
5.65487  0  3.14159  -2.65207e-13  0.00129282
6.9115  0  3.14159  -1.46308e-12  0.00159744
8.16814  0  3.14159  1.39484e-13  -0.000805639
10.6814  0  3.14159  3.53262e-12  -0.00545703
15.708  0  3.14159  -1.45229e-05  -0.00168267
33.3009  0  3.14159  3.03515e-05  -0.00132909
-54.6637  3.14159  0  -0.0153686  -0.023363
-27.0177  3.14159  0  -0.00117122  0.0103247
-13.1947  3.14159  0  5.82195e-05  -0.0352422
-10.6814  3.14159  0  3.79262e-12  0.00545703
-8.16814  3.14159  0  1.43262e-13  0.000805639
-6.9115  3.14159  0  -1.48536e-12  -0.00159744
-5.65487  3.14159  0  -2.82233e-13  -0.00129282
-4.39823  3.14159  0  4.1617e-14  -0.00104548
-3.14159  3.14159  0  1.13064e-13  -0.000430478
-1.88496  3.14159  0  1.1565e-10  0.0540541
-0.628319  3.14159  0  4.92498e-15  -9.57854e-05
0.628319  3.14159  0  4.92498e-15  9.57854e-05
1.88496  3.14159  0  1.1565e-10  -0.0540541
3.14159  3.14159  0  1.13064e-13  0.000430478
4.39823  3.14159  0  4.1617e-14  0.00104548
5.65487  3.14159  0  -2.82233e-13  0.00129282
6.9115  3.14159  0  -1.48536e-12  0.00159744
8.16814  3.14159  0  1.43262e-13  -0.000805639
10.6814  3.14159  0  3.79262e-12  -0.00545703
15.708  3.14159  0  -1.38317e-05  -0.00168268
33.3009  3.14159  0  3.33684e-05  -0.00132895
-54.6637  3.14159  3.14159  -0.000163032  0.000127411
-27.0177  3.14159  3.14159  -3.26308e-05  -3.58346e-05
-13.1947  3.14159  3.14159  -4.41317e-05  3.57178e-06
-10.6814  3.14159  3.14159  -0.000214682  -0.00026954
-8.16814  3.14159  3.14159  5.52886e-05  -0.000100659
-6.9115  3.14159  3.14159  -6.01138e-07  0.000173368
-5.65487  3.14159  3.14159  4.40613e-05  3.02657e-05
-4.39823  3.14159  3.14159  -0.000143201  9.61264e-05
-3.14159  3.14159  3.14159  9.4087e-06  -1.96919e-05
-1.88496  3.14159  3.14159  9.34836e-06  1.30383e-05
-0.628319  3.14159  3.14159  3.15918e-06  1.93708e-06
0.628319  3.14159  3.14159  3.15918e-06  -1.93708e-06
1.88496  3.14159  3.14159  9.34836e-06  -1.30383e-05
3.14159  3.14159  3.14159  9.4087e-06  1.96919e-05
4.39823  3.14159  3.14159  -0.000143201  -9.61264e-05
5.65487  3.14159  3.14159  4.40613e-05  -3.02657e-05
6.9115  3.14159  3.14159  -6.01138e-07  -0.000173368
8.16814  3.14159  3.14159  5.52886e-05  0.000100659
10.6814  3.14159  3.14159  -0.000214682  0.00026954
15.708  3.14159  3.14159  1.81854e-05  -2.63786e-06
33.3009  3.14159  3.14159  -1.63103e-05  -1.15306e-05
