-54.6637  0  0  5.56162e-05  -5.47168e-06
-27.0177  0  0  -2.45716e-05  1.69648e-05
-13.1947  0  0  -2.76162e-05  5.47141e-05
-10.6814  0  0  -4.18627e-05  -2.72399e-05
-8.16814  0  0  -1.02948e-05  1.11437e-05
-6.9115  0  0  1.16129e-05  -1.19278e-05
-5.65487  0  0  3.95182e-06  7.57432e-06
-4.39823  0  0  -3.76406e-06  -1.00155e-05
-3.14159  0  0  1.90928e-06  -3.30259e-06
-1.88496  0  0  3.69305e-06  -9.35106e-07
-0.628319  0  0  5.84831e-07  7.985e-07
0.628319  0  0  5.84831e-07  -7.985e-07
1.88496  0  0  3.69305e-06  9.35106e-07
3.14159  0  0  1.90928e-06  3.30259e-06
4.39823  0  0  -3.76406e-06  1.00155e-05
5.65487  0  0  3.95182e-06  -7.57432e-06
6.9115  0  0  1.16129e-05  1.19278e-05
8.16814  0  0  -1.02948e-05  -1.11437e-05
10.6814  0  0  -4.18627e-05  2.72399e-05
15.708  0  0  -2.84511e-05  3.88704e-06
33.3009  0  0  -1.35181e-05  -1.01386e-05
-54.6637  0  3.14159  0.000243174  -0.000167968
-27.0177  0  3.14159  -3.95691e-05  -9.88377e-05
-13.1947  0  3.14159  -0.000289517  5.862e-05
-10.6814  0  3.14159  -8.51214e-15  -1.26416e-05
-8.16814  0  3.14159  6.70257e-15  -1.80115e-05
-6.9115  0  3.14159  4.1425e-15  6.72332e-06
-5.65487  0  3.14159  1.33291e-15  -3.95971e-06
-4.39823  0  3.14159  -2.69587e-15  -3.62866e-06
-3.14159  0  3.14159  2.9876e-14  8.92857e-05
-1.88496  0  3.14159  2.22938e-15  -2.2238e-05
-0.628319  0  3.14159  -3.7591e-17  -6.02259e-07
0.628319  0  3.14159  -3.7591e-17  6.02259e-07
1.88496  0  3.14159  2.22938e-15  2.2238e-05
3.14159  0  3.14159  2.9876e-14  -8.92857e-05
4.39823  0  3.14159  -2.69587e-15  3.62866e-06
5.65487  0  3.14159  1.33291e-15  3.95971e-06
6.9115  0  3.14159  4.1425e-15  -6.72332e-06
8.16814  0  3.14159  6.70257e-15  1.80115e-05
10.6814  0  3.14159  -8.51214e-15  1.26416e-05
15.708  0  3.14159  -1.38015e-05  -5.45102e-05
33.3009  0  3.14159  1.15644e-06  -1.90078e-05
-54.6637  3.14159  0  0.000243174  -0.000167968
-27.0177  3.14159  0  -3.95691e-05  -9.88377e-05
-13.1947  3.14159  0  -0.000289517  5.862e-05
-10.6814  3.14159  0  -8.48237e-15  -1.26416e-05
-8.16814  3.14159  0  6.52128e-15  -1.80115e-05
-6.9115  3.14159  0  3.99937e-15  6.72332e-06
-5.65487  3.14159  0  1.37088e-15  -3.95971e-06
-4.39823  3.14159  0  -2.66153e-15  -3.62866e-06
-3.14159  3.14159  0  3.43306e-14  8.92857e-05
-1.88496  3.14159  0  2.26392e-15  -2.2238e-05
-0.628319  3.14159  0  -3.66451e-17  -6.02259e-07
0.628319  3.14159  0  -3.66451e-17  6.02259e-07
1.88496  3.14159  0  2.26392e-15  2.2238e-05
3.14159  3.14159  0  3.43306e-14  -8.92857e-05
4.39823  3.14159  0  -2.66153e-15  3.62866e-06
5.65487  3.14159  0  1.37088e-15  3.95971e-06
6.9115  3.14159  0  3.99937e-15  -6.72332e-06
8.16814  3.14159  0  6.52128e-15  1.80115e-05
10.6814  3.14159  0  -8.48237e-15  1.26416e-05
15.708  3.14159  0  -1.38015e-05  -5.45102e-05
33.3009  3.14159  0  1.15644e-06  -1.90078e-05
-54.6637  3.14159  3.14159  6.61082e-05  4.53097e-05
-27.0177  3.14159  3.14159  -0.000113631  7.08872e-05
-13.1947  3.14159  3.14159  -0.000174095  -1.25024e-07
-10.6814  3.14159  3.14159  0.000828939  -0.000629354
-8.16814  3.14159  3.14159  -8.31995e-05  -4.29632e-05
-6.9115  3.14159  3.14159  -2.929e-05  -0.000118684
-5.65487  3.14159  3.14159  5.61918e-05  -0.000164035
-4.39823  3.14159  3.14159  -0.00028107  -1.90847e-05
-3.14159  3.14159  3.14159  1.982e-05  -5.72023e-05
-1.88496  3.14159  3.14159  -1.0445e-05  -1.21081e-05
-0.628319  3.14159  3.14159  -4.2341e-06  -1.06156e-05
0.628319  3.14159  3.14159  -4.2341e-06  1.06156e-05
1.88496  3.14159  3.14159  -1.0445e-05  1.21081e-05
3.14159  3.14159  3.14159  1.982e-05  5.72023e-05
4.39823  3.14159  3.14159  -0.00028107  1.90847e-05
5.65487  3.14159  3.14159  5.61918e-05  0.000164035
6.9115  3.14159  3.14159  -2.929e-05  0.000118684
8.16814  3.14159  3.14159  -8.31995e-05  4.29632e-05
10.6814  3.14159  3.14159  0.000828939  0.000629354
15.708  3.14159  3.14159  -0.000171287  -1.52893e-05
33.3009  3.14159  3.14159  8.00052e-05  7.14661e-05
