-54.6637  0  0  0.000857633  0.0182487
-27.0177  0  0  0.00347935  0.0366445
-13.1947  0  0  0.0140651  0.0727606
-10.6814  0  0  0.0209546  0.0880728
-8.16814  0  0  0.0342056  0.11068
-6.9115  0  0  0.0458338  0.126207
-5.65487  0  0  0.0640652  0.145576
-4.39823  0  0  0.094351  0.16903
-3.14159  0  0  0.147718  0.19329
-1.88496  0  0  0.243057  0.199445
-0.628319  0  0  0.383735  0.119709
0.628319  0  0  0.383735  -0.119709
1.88496  0  0  0.243057  -0.199445
3.14159  0  0  0.147718  -0.19329
4.39823  0  0  0.094351  -0.16903
5.65487  0  0  0.0640652  -0.145576
6.9115  0  0  0.0458338  -0.126207
8.16814  0  0  0.0342056  -0.11068
10.6814  0  0  0.0209546  -0.0880728
15.708  0  0  0.0100627  -0.061838
33.3009  0  0  0.00229954  -0.0298316
-54.6637  0  3.14159  8.3858e-06  0.018289
-27.0177  0  3.14159  3.42447e-05  0.0369746
-13.1947  0  3.14159  0.000142291  0.0754702
-10.6814  0  3.14159  0.000215758  0.0930333
-8.16814  0  3.14159  0.00036471  0.121166
-6.9115  0  3.14159  0.000503954  0.142655
-5.65487  0  3.14159  0.00074015  0.173291
-4.39823  0  3.14159  0.00119193  0.220583
-3.14159  0  3.14159  0.0022137  0.302334
-1.88496  0  3.14159  0.00544135  0.478221
-0.628319  0  3.14159  0.046873  1.37496
0.628319  0  3.14159  0.046873  -1.37496
1.88496  0  3.14159  0.00544135  -0.478221
3.14159  0  3.14159  0.0022137  -0.302334
4.39823  0  3.14159  0.00119193  -0.220583
5.65487  0  3.14159  0.00074015  -0.173291
6.9115  0  3.14159  0.000503954  -0.142655
8.16814  0  3.14159  0.00036471  -0.121166
10.6814  0  3.14159  0.000215758  -0.0930333
15.708  0  3.14159  0.000100723  -0.0634716
33.3009  0  3.14159  2.25669e-05  -0.0300088
-54.6637  3.14159  0  8.3858e-06  0.018289
-27.0177  3.14159  0  3.42447e-05  0.0369746
-13.1947  3.14159  0  0.000142291  0.0754702
-10.6814  3.14159  0  0.000215758  0.0930333
-8.16814  3.14159  0  0.00036471  0.121166
-6.9115  3.14159  0  0.000503954  0.142655
-5.65487  3.14159  0  0.00074015  0.173291
-4.39823  3.14159  0  0.00119193  0.220583
-3.14159  3.14159  0  0.0022137  0.302334
-1.88496  3.14159  0  0.00544135  0.478221
-0.628319  3.14159  0  0.046873  1.37496
0.628319  3.14159  0  0.046873  -1.37496
1.88496  3.14159  0  0.00544135  -0.478221
3.14159  3.14159  0  0.0022137  -0.302334
4.39823  3.14159  0  0.00119193  -0.220583
5.65487  3.14159  0  0.00074015  -0.173291
6.9115  3.14159  0  0.000503954  -0.142655
8.16814  3.14159  0  0.00036471  -0.121166
10.6814  3.14159  0  0.000215758  -0.0930333
15.708  3.14159  0  0.000100723  -0.0634716
33.3009  3.14159  0  2.25669e-05  -0.0300088
-54.6637  3.14159  3.14159  -0.00084097  0.0182503
-27.0177  3.14159  3.14159  -0.00341265  0.0366571
-13.1947  3.14159  3.14159  -0.0138098  0.0728617
-10.6814  3.14159  3.14159  -0.0205879  0.0882547
-8.16814  3.14159  3.14159  -0.0336496  0.111052
-6.9115  3.14159  3.14159  -0.0451379  0.126775
-5.65487  3.14159  3.14159  -0.0631997  0.146489
-4.39823  3.14159  3.14159  -0.0933364  0.170595
-3.14159  3.14159  3.14159  -0.146884  0.196145
-1.88496  3.14159  3.14159  -0.24401  0.204376
-0.628319  3.14159  3.14159  -0.390401  0.124989
0.628319  3.14159  3.14159  -0.390401  -0.124989
1.88496  3.14159  3.14159  -0.24401  -0.204376
3.14159  3.14159  3.14159  -0.146884  -0.196145
4.39823  3.14159  3.14159  -0.0933364  -0.170595
5.65487  3.14159  3.14159  -0.0631997  -0.146489
6.9115  3.14159  3.14159  -0.0451379  -0.126775
8.16814  3.14159  3.14159  -0.0336496  -0.111052
10.6814  3.14159  3.14159  -0.0205879  -0.0882547
15.708  3.14159  3.14159  -0.00987619  -0.0618995
33.3009  3.14159  3.14159  -0.00225519  -0.0298384
