-54.6637  0  0  -0.00397575  0.112328
-27.0177  0  0  -0.0207586  0.227036
-13.1947  0  0  -0.0809259  0.44748
-10.6814  0  0  -0.111599  0.544784
-8.16814  0  0  -0.162905  0.685963
-6.9115  0  0  -0.20232  0.776922
-5.65487  0  0  -0.26192  0.896068
-4.39823  0  0  -0.343219  1.02647
-3.14159  0  0  -0.456198  1.18741
-1.88496  0  0  -0.604778  1.28139
-0.628319  0  0  -0.787422  0.797139
0.628319  0  0  -0.787422  -0.797139
1.88496  0  0  -0.604778  -1.28139
3.14159  0  0  -0.456198  -1.18741
4.39823  0  0  -0.343219  -1.02647
5.65487  0  0  -0.26192  -0.896068
6.9115  0  0  -0.20232  -0.776922
8.16814  0  0  -0.162905  -0.685963
10.6814  0  0  -0.111599  -0.544784
15.708  0  0  -0.0610174  -0.380369
33.3009  0  0  -0.0127923  -0.184632
-54.6637  0  3.14159  -0.000449679  0.0992103
-27.0177  0  3.14159  0.000482781  0.199754
-13.1947  0  3.14159  -0.000546678  0.408603
-10.6814  0  3.14159  2.46794e-12  0.58064
-8.16814  0  3.14159  6.98464e-14  0.754112
-6.9115  0  3.14159  -2.37179e-13  0.803936
-5.65487  0  3.14159  -2.25924e-12  0.9591
-4.39823  0  3.14159  1.93886e-12  0.913995
-3.14159  0  3.14159  1.73337e-12  0.996978
-1.88496  0  3.14159  -2.30695e-11  1.41645
-0.628319  0  3.14159  -8.44125e-12  5.35019
0.628319  0  3.14159  -8.44125e-12  -5.35019
1.88496  0  3.14159  -2.30695e-11  -1.41645
3.14159  0  3.14159  1.73337e-12  -0.996978
4.39823  0  3.14159  1.93886e-12  -0.913995
5.65487  0  3.14159  -2.25924e-12  -0.9591
6.9115  0  3.14159  -2.37179e-13  -0.803936
8.16814  0  3.14159  6.98464e-14  -0.754112
10.6814  0  3.14159  2.46794e-12  -0.58064
15.708  0  3.14159  -4.7372e-05  -0.316215
33.3009  0  3.14159  -2.39698e-05  -0.165783
-54.6637  3.14159  0  -0.000449679  0.0992103
-27.0177  3.14159  0  0.000482781  0.199754
-13.1947  3.14159  0  -0.000546678  0.408603
-10.6814  3.14159  0  2.46794e-12  0.58064
-8.16814  3.14159  0  6.98464e-14  0.754112
-6.9115  3.14159  0  -2.37179e-13  0.803936
-5.65487  3.14159  0  -2.25924e-12  0.9591
-4.39823  3.14159  0  1.93886e-12  0.913995
-3.14159  3.14159  0  1.73337e-12  0.996978
-1.88496  3.14159  0  -2.30695e-11  1.41645
-0.628319  3.14159  0  -8.44125e-12  5.35019
0.628319  3.14159  0  -8.44125e-12  -5.35019
1.88496  3.14159  0  -2.30695e-11  -1.41645
3.14159  3.14159  0  1.73337e-12  -0.996978
4.39823  3.14159  0  1.93886e-12  -0.913995
5.65487  3.14159  0  -2.25924e-12  -0.9591
6.9115  3.14159  0  -2.37179e-13  -0.803936
8.16814  3.14159  0  6.98464e-14  -0.754112
10.6814  3.14159  0  2.46794e-12  -0.58064
15.708  3.14159  0  -4.7372e-05  -0.316215
33.3009  3.14159  0  -2.39698e-05  -0.165783
-54.6637  3.14159  3.14159  0.00831295  0.112232
-27.0177  3.14159  3.14159  0.0275454  0.226651
-13.1947  3.14159  3.14159  0.0949095  0.444578
-10.6814  3.14159  3.14159  0.135785  0.539992
-8.16814  3.14159  3.14159  0.204695  0.677302
-6.9115  3.14159  3.14159  0.257387  0.764838
-5.65487  3.14159  3.14159  0.325002  0.878808
-4.39823  3.14159  3.14159  0.424818  1.0012
-3.14159  3.14159  3.14159  0.576426  1.15103
-1.88496  3.14159  3.14159  0.79759  1.23419
-0.628319  3.14159  3.14159  0.96821  0.761973
0.628319  3.14159  3.14159  0.96821  -0.761973
1.88496  3.14159  3.14159  0.79759  -1.23419
3.14159  3.14159  3.14159  0.576426  -1.15103
4.39823  3.14159  3.14159  0.424818  -1.0012
5.65487  3.14159  3.14159  0.325002  -0.878808
6.9115  3.14159  3.14159  0.257387  -0.764838
8.16814  3.14159  3.14159  0.204695  -0.677302
10.6814  3.14159  3.14159  0.135785  -0.539992
15.708  3.14159  3.14159  0.0694786  -0.378517
33.3009  3.14159  3.14159  0.0195752  -0.184408
