-54.6637  0  0  4.67217e-09  1.41641e-09
-27.0177  0  0  2.66921e-09  -1.07012e-09
-13.1947  0  0  2.13219e-09  -9.44731e-10
-10.6814  0  0  -3.41669e-09  -2.62696e-09
-8.16814  0  0  -3.87265e-09  1.2066e-09
-6.9115  0  0  -2.79833e-09  1.14485e-09
-5.65487  0  0  2.56378e-10  -2.26484e-09
-4.39823  0  0  -2.12571e-09  2.17916e-09
-3.14159  0  0  -1.07674e-09  1.41902e-09
-1.88496  0  0  -6.26762e-10  4.76946e-12
-0.628319  0  0  4.82461e-10  -2.92279e-10
0.628319  0  0  4.82461e-10  2.92279e-10
1.88496  0  0  -6.26762e-10  -4.76946e-12
3.14159  0  0  -1.07674e-09  -1.41902e-09
4.39823  0  0  -2.12571e-09  -2.17916e-09
5.65487  0  0  2.56378e-10  2.26484e-09
6.9115  0  0  -2.79833e-09  -1.14485e-09
8.16814  0  0  -3.87265e-09  -1.2066e-09
10.6814  0  0  -3.41669e-09  2.62696e-09
15.708  0  0  1.5119e-09  1.00606e-10
33.3009  0  0  -1.91216e-09  -8.8884e-10
-54.6637  0  3.14159  -7.82303e-13  -2.38416e-10
-27.0177  0  3.14159  -4.72112e-12  5.50542e-11
-13.1947  0  3.14159  3.32541e-12  7.13993e-11
-10.6814  0  3.14159  2.37367e-21  -2.94344e-11
-8.16814  0  3.14159  2.00518e-22  -1.23764e-11
-6.9115  0  3.14159  8.91916e-22  2.48249e-11
-5.65487  0  3.14159  3.9529e-23  7.29555e-12
-4.39823  0  3.14159  3.08755e-22  1.64245e-11
-3.14159  0  3.14159  5.39027e-21  7.30449e-11
-1.88496  0  3.14159  -9.05255e-22  -1.37655e-11
-0.628319  0  3.14159  -5.5485e-23  -4.82551e-12
0.628319  0  3.14159  -5.5485e-23  4.82551e-12
1.88496  0  3.14159  -9.05255e-22  1.37655e-11
3.14159  0  3.14159  5.39027e-21  -7.30449e-11
4.39823  0  3.14159  3.08755e-22  -1.64245e-11
5.65487  0  3.14159  3.9529e-23  -7.29555e-12
6.9115  0  3.14159  8.91916e-22  -2.48249e-11
8.16814  0  3.14159  2.00518e-22  1.23764e-11
10.6814  0  3.14159  2.37367e-21  2.94344e-11
15.708  0  3.14159  1.62301e-13  3.43139e-11
33.3009  0  3.14159  -3.00006e-13  7.14671e-11
-54.6637  3.14159  0  -7.82303e-13  -2.38416e-10
-27.0177  3.14159  0  -4.72112e-12  5.50542e-11
-13.1947  3.14159  0  3.32541e-12  7.13993e-11
-10.6814  3.14159  0  2.28377e-21  -2.94344e-11
-8.16814  3.14159  0  2.43524e-22  -1.23764e-11
-6.9115  3.14159  0  1.13265e-21  2.48249e-11
-5.65487  3.14159  0  4.07472e-23  7.29555e-12
-4.39823  3.14159  0  4.0096e-22  1.64245e-11
-3.14159  3.14159  0  7.60473e-21  7.30449e-11
-1.88496  3.14159  0  -8.49741e-22  -1.37655e-11
-0.628319  3.14159  0  -5.0937e-23  -4.82551e-12
0.628319  3.14159  0  -5.0937e-23  4.82551e-12
1.88496  3.14159  0  -8.49741e-22  1.37655e-11
3.14159  3.14159  0  7.60473e-21  -7.30449e-11
4.39823  3.14159  0  4.0096e-22  -1.64245e-11
5.65487  3.14159  0  4.07472e-23  -7.29555e-12
6.9115  3.14159  0  1.13265e-21  -2.48249e-11
8.16814  3.14159  0  2.43524e-22  1.23764e-11
10.6814  3.14159  0  2.28377e-21  2.94344e-11
15.708  3.14159  0  1.62301e-13  3.43139e-11
33.3009  3.14159  0  -3.00006e-13  7.14671e-11
-54.6637  3.14159  3.14159  3.83656e-09  3.27283e-09
-27.0177  3.14159  3.14159  4.54202e-09  3.87098e-09
-13.1947  3.14159  3.14159  2.96468e-09  -4.29104e-09
-10.6814  3.14159  3.14159  -1.95213e-09  -4.5833e-09
-8.16814  3.14159  3.14159  2.83254e-09  -1.85351e-10
-6.9115  3.14159  3.14159  1.1916e-09  -4.07434e-09
-5.65487  3.14159  3.14159  -5.168e-11  3.33227e-09
-4.39823  3.14159  3.14159  -1.09929e-09  -2.58412e-09
-3.14159  3.14159  3.14159  5.88683e-10  -6.188e-10
-1.88496  3.14159  3.14159  -5.91502e-10  1.97412e-11
-0.628319  3.14159  3.14159  -1.49739e-10  -3.82005e-10
0.628319  3.14159  3.14159  -1.49739e-10  3.82005e-10
1.88496  3.14159  3.14159  -5.91502e-10  -1.97412e-11
3.14159  3.14159  3.14159  5.88683e-10  6.188e-10
4.39823  3.14159  3.14159  -1.09929e-09  2.58412e-09
5.65487  3.14159  3.14159  -5.168e-11  -3.33227e-09
6.9115  3.14159  3.14159  1.1916e-09  4.07434e-09
8.16814  3.14159  3.14159  2.83254e-09  1.85351e-10
10.6814  3.14159  3.14159  -1.95213e-09  4.5833e-09
15.708  3.14159  3.14159  2.32627e-09  8.78566e-11
33.3009  3.14159  3.14159  -2.97698e-09  -6.90385e-10
