-54.6637  0  0  4.0112e+21  -6.58539e+20
-27.0177  0  0  3.27102e+21  1.83449e+21
-13.1947  0  0  -3.78007e+21  -1.2901e+21
-10.6814  0  0  7.66399e+20  -2.01286e+21
-8.16814  0  0  -1.7464e+21  -4.0326e+21
-6.9115  0  0  -3.02952e+21  -2.47345e+21
-5.65487  0  0  2.21454e+21  -6.01636e+21
-4.39823  0  0  3.70416e+21  5.67449e+21
-3.14159  0  0  4.36352e+21  1.03865e+22
-1.88496  0  0  -1.93828e+22  -2.6948e+20
-0.628319  0  0  -1.50156e+22  4.38556e+22
0.628319  0  0  -1.50156e+22  -4.38556e+22
1.88496  0  0  -1.93828e+22  2.6948e+20
3.14159  0  0  4.36352e+21  -1.03865e+22
4.39823  0  0  3.70416e+21  -5.67449e+21
5.65487  0  0  2.21454e+21  6.01636e+21
6.9115  0  0  -3.02952e+21  2.47345e+21
8.16814  0  0  -1.7464e+21  4.0326e+21
10.6814  0  0  7.66399e+20  2.01286e+21
15.708  0  0  -5.70457e+21  4.44084e+20
33.3009  0  0  5.05024e+21  -1.08769e+21
-54.6637  0  3.14159  5.85948e+21  -2.07666e+23
-27.0177  0  3.14159  -5.44416e+21  -1.60261e+23
-13.1947  0  3.14159  4.98742e+21  -3.79721e+23
-10.6814  0  3.14159  1.18035e+13  3.80427e+23
-8.16814  0  3.14159  3.26674e+13  1.24845e+24
-6.9115  0  3.14159  -7.46445e+13  8.80344e+23
-5.65487  0  3.14159  -3.15868e+12  1.19572e+24
-4.39823  0  3.14159  6.56672e+13  -1.12898e+24
-3.14159  0  3.14159  -3.1088e+13  -1.59965e+24
-1.88496  0  3.14159  -9.50928e+13  1.18881e+24
-0.628319  0  3.14159  2.55687e+14  -5.72417e+24
0.628319  0  3.14159  2.55687e+14  5.72417e+24
1.88496  0  3.14159  -9.50928e+13  -1.18881e+24
3.14159  0  3.14159  -3.1088e+13  1.59965e+24
4.39823  0  3.14159  6.56672e+13  1.12898e+24
5.65487  0  3.14159  -3.15868e+12  -1.19572e+24
6.9115  0  3.14159  -7.46445e+13  -8.80344e+23
8.16814  0  3.14159  3.26674e+13  -1.24845e+24
10.6814  0  3.14159  1.18035e+13  -3.80427e+23
15.708  0  3.14159  -6.9112e+20  4.79285e+23
33.3009  0  3.14159  8.17435e+20  1.70568e+23
-54.6637  3.14159  0  5.85948e+21  -2.07666e+23
-27.0177  3.14159  0  -5.44416e+21  -1.60261e+23
-13.1947  3.14159  0  4.98742e+21  -3.79721e+23
-10.6814  3.14159  0  1.18035e+13  3.80427e+23
-8.16814  3.14159  0  3.26674e+13  1.24845e+24
-6.9115  3.14159  0  -7.46445e+13  8.80344e+23
-5.65487  3.14159  0  -3.15868e+12  1.19572e+24
-4.39823  3.14159  0  6.56672e+13  -1.12898e+24
-3.14159  3.14159  0  -3.1088e+13  -1.59965e+24
-1.88496  3.14159  0  -9.50928e+13  1.18881e+24
-0.628319  3.14159  0  2.55687e+14  -5.72417e+24
0.628319  3.14159  0  2.55687e+14  5.72417e+24
1.88496  3.14159  0  -9.50928e+13  -1.18881e+24
3.14159  3.14159  0  -3.1088e+13  1.59965e+24
4.39823  3.14159  0  6.56672e+13  1.12898e+24
5.65487  3.14159  0  -3.15868e+12  -1.19572e+24
6.9115  3.14159  0  -7.46445e+13  -8.80344e+23
8.16814  3.14159  0  3.26674e+13  -1.24845e+24
10.6814  3.14159  0  1.18035e+13  -3.80427e+23
15.708  3.14159  0  -6.9112e+20  4.79285e+23
33.3009  3.14159  0  8.17435e+20  1.70568e+23
-54.6637  3.14159  3.14159  4.00142e+21  -6.56378e+20
-27.0177  3.14159  3.14159  3.25848e+21  1.85489e+21
-13.1947  3.14159  3.14159  -3.76949e+21  -1.27216e+21
-10.6814  3.14159  3.14159  7.70643e+20  -2.02771e+21
-8.16814  3.14159  3.14159  -1.75853e+21  -4.05063e+21
-6.9115  3.14159  3.14159  -3.04521e+21  -2.48223e+21
-5.65487  3.14159  3.14159  2.22825e+21  -6.05897e+21
-4.39823  3.14159  3.14159  3.72214e+21  5.6984e+21
-3.14159  3.14159  3.14159  4.37379e+21  1.04505e+22
-1.88496  3.14159  3.14159  -1.95242e+22  -2.47063e+20
-0.628319  3.14159  3.14159  -1.51408e+22  4.41807e+22
0.628319  3.14159  3.14159  -1.51408e+22  -4.41807e+22
1.88496  3.14159  3.14159  -1.95242e+22  2.47063e+20
3.14159  3.14159  3.14159  4.37379e+21  -1.04505e+22
4.39823  3.14159  3.14159  3.72214e+21  -5.6984e+21
5.65487  3.14159  3.14159  2.22825e+21  6.05897e+21
6.9115  3.14159  3.14159  -3.04521e+21  2.48223e+21
8.16814  3.14159  3.14159  -1.75853e+21  4.05063e+21
10.6814  3.14159  3.14159  7.70643e+20  2.02771e+21
15.708  3.14159  3.14159  -5.69619e+21  4.0865e+20
33.3009  3.14159  3.14159  5.03572e+21  -1.09935e+21
