-25.9181  0  0  0.00581638  0.0376864
-13.3518  0  0  0.0205935  0.0687334
-8.63938  0  0  0.0441447  0.095328
-7.06858  0  0  0.0606606  0.10717
-5.49779  0  0  0.0865683  0.118946
-3.92699  0  0  0.127355  0.124979
-2.35619  0  0  0.185652  0.109301
-0.785398  0  0  0.240734  0.0472396
0.785398  0  0  0.240734  -0.0472396
2.35619  0  0  0.185652  -0.109301
3.92699  0  0  0.127355  -0.124979
5.49779  0  0  0.0865683  -0.118946
7.06858  0  0  0.0606606  -0.10717
8.63938  0  0  0.0441447  -0.095328
11.781  0  0  0.0258466  -0.0761157
16.4934  0  0  0.0138891  -0.0572657
25.9181  0  0  0.00581638  -0.0376864
-25.9181  0  3.14159  2.79341e-15  0.0385841
-13.3518  0  3.14159  2.51255e-14  0.0749041
-8.63938  0  3.14159  2.95031e-14  0.115776
-7.06858  0  3.14159  5.09045e-13  0.141519
-5.49779  0  3.14159  7.99579e-13  0.181992
-3.92699  0  3.14159  3.59856e-12  0.254917
-2.35619  0  3.14159  3.24891e-11  0.425583
-0.785398  0  3.14159  1.1785e-09  1.28143
0.785398  0  3.14159  1.08648e-09  -1.28143
2.35619  0  3.14159  2.88993e-11  -0.425583
3.92699  0  3.14159  2.79992e-12  -0.254917
5.49779  0  3.14159  4.88919e-13  -0.181992
7.06858  0  3.14159  3.58835e-13  -0.141519
8.63938  0  3.14159  -4.51924e-14  -0.115776
11.781  0  3.14159  -2.63952e-14  -0.0848936
16.4934  0  3.14159  -2.91738e-15  -0.0606346
25.9181  0  3.14159  1.93643e-15  -0.0385841
-25.9181  3.14159  0  2.79341e-15  0.0385841
-13.3518  3.14159  0  2.51255e-14  0.0749041
-8.63938  3.14159  0  2.95031e-14  0.115776
-7.06858  3.14159  0  5.09045e-13  0.141519
-5.49779  3.14159  0  7.99579e-13  0.181992
-3.92699  3.14159  0  3.59856e-12  0.254917
-2.35619  3.14159  0  3.24891e-11  0.425583
-0.785398  3.14159  0  1.1785e-09  1.28143
0.785398  3.14159  0  1.08648e-09  -1.28143
2.35619  3.14159  0  2.88993e-11  -0.425583
3.92699  3.14159  0  2.79992e-12  -0.254917
5.49779  3.14159  0  4.88919e-13  -0.181992
7.06858  3.14159  0  3.58835e-13  -0.141519
8.63938  3.14159  0  -4.51924e-14  -0.115776
11.781  3.14159  0  -2.63952e-14  -0.0848936
16.4934  3.14159  0  -2.91738e-15  -0.0606346
25.9181  3.14159  0  1.93643e-15  -0.0385841
-25.9181  3.14159  3.14159  -0.00581638  0.0376864
-13.3518  3.14159  3.14159  -0.0205935  0.0687334
-8.63938  3.14159  3.14159  -0.0441447  0.095328
-7.06858  3.14159  3.14159  -0.0606606  0.10717
-5.49779  3.14159  3.14159  -0.0865683  0.118946
-3.92699  3.14159  3.14159  -0.127355  0.124979
-2.35619  3.14159  3.14159  -0.185652  0.109301
-0.785398  3.14159  3.14159  -0.240734  0.0472396
0.785398  3.14159  3.14159  -0.240734  -0.0472396
2.35619  3.14159  3.14159  -0.185652  -0.109301
3.92699  3.14159  3.14159  -0.127355  -0.124979
5.49779  3.14159  3.14159  -0.0865683  -0.118946
7.06858  3.14159  3.14159  -0.0606606  -0.10717
8.63938  3.14159  3.14159  -0.0441447  -0.095328
11.781  3.14159  3.14159  -0.0258466  -0.0761157
16.4934  3.14159  3.14159  -0.0138891  -0.0572657
25.9181  3.14159  3.14159  -0.00581638  -0.0376864
