-29.531  0  0  0.0028865  0.0335855
-14.4513  0  0  0.011695  0.0669148
-8.16814  0  0  0.033881  0.110872
-5.65487  0  0  0.0634921  0.146029
-4.39823  0  0  0.0935176  0.169821
-3.14159  0  0  0.146338  0.195039
-1.88496  0  0  0.241425  0.204696
-0.628319  0  0  0.392861  0.133383
0.628319  0  0  0.392861  -0.133383
1.88496  0  0  0.241425  -0.204696
3.14159  0  0  0.146338  -0.195039
4.39823  0  0  0.0935176  -0.169821
5.65487  0  0  0.0634921  -0.146029
8.16814  0  0  0.033881  -0.110872
10.6814  0  0  0.0207471  -0.08817
14.4513  0  0  0.011695  -0.0669148
33.3009  0  0  0.0022747  -0.0298354
-29.531  0  3.14159  -3.47032e-06  0.0338334
-14.4513  0  3.14159  -1.43734e-05  0.0689533
-8.16814  0  3.14159  -4.40891e-05  0.121145
-5.65487  0  3.14159  -8.94143e-05  0.17323
-4.39823  0  3.14159  -0.000143274  0.220196
-3.14159  0  3.14159  -0.000263671  0.300966
-1.88496  0  3.14159  -0.000626305  0.470591
-0.628319  0  3.14159  -0.0030305  1.05836
0.628319  0  3.14159  -0.0030305  -1.05836
1.88496  0  3.14159  -0.000626305  -0.470591
3.14159  0  3.14159  -0.000263671  -0.300966
4.39823  0  3.14159  -0.000143274  -0.220196
5.65487  0  3.14159  -8.94143e-05  -0.17323
8.16814  0  3.14159  -4.40891e-05  -0.121145
10.6814  0  3.14159  -2.61089e-05  -0.0930288
14.4513  0  3.14159  -1.43734e-05  -0.0689533
33.3009  0  3.14159  -2.73154e-06  -0.0300088
-29.531  3.14159  0  -3.47032e-06  0.0338334
-14.4513  3.14159  0  -1.43734e-05  0.0689533
-8.16814  3.14159  0  -4.40891e-05  0.121145
-5.65487  3.14159  0  -8.94143e-05  0.17323
-4.39823  3.14159  0  -0.000143274  0.220196
-3.14159  3.14159  0  -0.000263671  0.300966
-1.88496  3.14159  0  -0.000626305  0.470591
-0.628319  3.14159  0  -0.0030305  1.05836
0.628319  3.14159  0  -0.0030305  -1.05836
1.88496  3.14159  0  -0.000626305  -0.470591
3.14159  3.14159  0  -0.000263671  -0.300966
4.39823  3.14159  0  -0.000143274  -0.220196
5.65487  3.14159  0  -8.94143e-05  -0.17323
8.16814  3.14159  0  -4.40891e-05  -0.121145
10.6814  3.14159  0  -2.61089e-05  -0.0930288
14.4513  3.14159  0  -1.43734e-05  -0.0689533
33.3009  3.14159  0  -2.73154e-06  -0.0300088
-29.531  3.14159  3.14159  -0.00289328  0.0335843
-14.4513  3.14159  3.14159  -0.0117213  0.0669053
-8.16814  3.14159  3.14159  -0.0339485  0.110827
-5.65487  3.14159  3.14159  -0.0635973  0.145917
-4.39823  3.14159  3.14159  -0.0936407  0.169628
-3.14159  3.14159  3.14159  -0.14644  0.194687
-1.88496  3.14159  3.14159  -0.241312  0.204079
-0.628319  3.14159  3.14159  -0.391982  0.132772
0.628319  3.14159  3.14159  -0.391982  -0.132772
1.88496  3.14159  3.14159  -0.241312  -0.204079
3.14159  3.14159  3.14159  -0.14644  -0.194687
4.39823  3.14159  3.14159  -0.0936407  -0.169628
5.65487  3.14159  3.14159  -0.0635973  -0.145917
8.16814  3.14159  3.14159  -0.0339485  -0.110827
10.6814  3.14159  3.14159  -0.0207914  -0.088148
14.4513  3.14159  3.14159  -0.0117213  -0.0669053
33.3009  3.14159  3.14159  -0.00228005  -0.0298346
