-29.531  0  0  0.0028865  0.0335855
-14.4513  0  0  0.011695  0.0669148
-8.16814  0  0  0.033881  0.110872
-5.65487  0  0  0.0634911  0.146028
-4.39823  0  0  0.0935137  0.16982
-3.14159  0  0  0.146322  0.195042
-1.88496  0  0  0.241383  0.204747
-0.628319  0  0  0.392996  0.133634
0.628319  0  0  0.392996  -0.133634
1.88496  0  0  0.241383  -0.204747
3.14159  0  0  0.146322  -0.195042
4.39823  0  0  0.0935137  -0.16982
5.65487  0  0  0.0634911  -0.146028
8.16814  0  0  0.033881  -0.110872
10.6814  0  0  0.0207471  -0.08817
14.4513  0  0  0.011695  -0.0669148
33.3009  0  0  0.0022747  -0.0298354
-29.531  0  3.14159  -3.47026e-06  0.0338334
-14.4513  0  3.14159  -1.43734e-05  0.0689533
-8.16814  0  3.14159  -4.40889e-05  0.121145
-5.65487  0  3.14159  -8.94122e-05  0.173229
-4.39823  0  3.14159  -0.000143265  0.220192
-3.14159  0  3.14159  -0.000263613  0.300947
-1.88496  0  3.14159  -0.00062555  0.47041
-0.628319  0  3.14159  -0.00295802  1.04847
0.628319  0  3.14159  -0.00295802  -1.04847
1.88496  0  3.14159  -0.00062555  -0.47041
3.14159  0  3.14159  -0.000263613  -0.300947
4.39823  0  3.14159  -0.000143265  -0.220192
5.65487  0  3.14159  -8.94122e-05  -0.173229
8.16814  0  3.14159  -4.40889e-05  -0.121145
10.6814  0  3.14159  -2.61078e-05  -0.0930288
14.4513  0  3.14159  -1.43734e-05  -0.0689533
33.3009  0  3.14159  -2.73142e-06  -0.0300088
-29.531  3.14159  0  -3.47026e-06  0.0338334
-14.4513  3.14159  0  -1.43734e-05  0.0689533
-8.16814  3.14159  0  -4.40889e-05  0.121145
-5.65487  3.14159  0  -8.94122e-05  0.173229
-4.39823  3.14159  0  -0.000143265  0.220192
-3.14159  3.14159  0  -0.000263613  0.300947
-1.88496  3.14159  0  -0.00062555  0.47041
-0.628319  3.14159  0  -0.00295802  1.04847
0.628319  3.14159  0  -0.00295802  -1.04847
1.88496  3.14159  0  -0.00062555  -0.47041
3.14159  3.14159  0  -0.000263613  -0.300947
4.39823  3.14159  0  -0.000143265  -0.220192
5.65487  3.14159  0  -8.94122e-05  -0.173229
8.16814  3.14159  0  -4.40889e-05  -0.121145
10.6814  3.14159  0  -2.61078e-05  -0.0930288
14.4513  3.14159  0  -1.43734e-05  -0.0689533
33.3009  3.14159  0  -2.73142e-06  -0.0300088
-29.531  3.14159  3.14159  -0.00289328  0.0335843
-14.4513  3.14159  3.14159  -0.0117213  0.0669053
-8.16814  3.14159  3.14159  -0.0339484  0.110826
-5.65487  3.14159  3.14159  -0.0635964  0.145916
-4.39823  3.14159  3.14159  -0.0936368  0.169627
-3.14159  3.14159  3.14159  -0.146424  0.19469
-1.88496  3.14159  3.14159  -0.241272  0.204131
-0.628319  3.14159  3.14159  -0.39212  0.133015
0.628319  3.14159  3.14159  -0.39212  -0.133015
1.88496  3.14159  3.14159  -0.241272  -0.204131
3.14159  3.14159  3.14159  -0.146424  -0.19469
4.39823  3.14159  3.14159  -0.0936368  -0.169627
5.65487  3.14159  3.14159  -0.0635964  -0.145916
8.16814  3.14159  3.14159  -0.0339484  -0.110826
10.6814  3.14159  3.14159  -0.0207914  -0.0881479
14.4513  3.14159  3.14159  -0.0117213  -0.0669053
33.3009  3.14159  3.14159  -0.00228005  -0.0298346
