-29.531  0  0  -0.013182  0.168481
-14.4513  0  0  -0.047435  0.326863
-8.16814  0  0  -0.109077  0.511754
-5.65487  0  0  -0.163501  0.634979
-4.39823  0  0  -0.202643  0.702436
-3.14159  0  0  -0.251272  0.749424
-1.88496  0  0  -0.305684  0.704426
-0.628319  0  0  -0.350265  0.389096
0.628319  0  0  -0.350265  -0.389096
1.88496  0  0  -0.305684  -0.704426
3.14159  0  0  -0.251272  -0.749424
4.39823  0  0  -0.202643  -0.702436
5.65487  0  0  -0.163501  -0.634979
8.16814  0  0  -0.109077  -0.511754
10.6814  0  0  -0.0758628  -0.42014
14.4513  0  0  -0.047435  -0.326863
33.3009  0  0  -0.0104826  -0.149956
-29.531  0  3.14159  -1.50896e-08  0.168625
-14.4513  0  3.14159  1.47451e-17  0.327041
-8.16814  0  3.14159  -3.1225e-17  0.508497
-5.65487  0  3.14159  2.42861e-17  0.62833
-4.39823  0  3.14159  -1.97758e-16  0.701403
-3.14159  0  3.14159  -8.67362e-18  0.787463
-1.88496  0  3.14159  6.245e-16  0.913206
-0.628319  0  3.14159  -8.67362e-17  1.21226
0.628319  0  3.14159  -8.67362e-17  -1.21226
1.88496  0  3.14159  6.245e-16  -0.913206
3.14159  0  3.14159  -8.67362e-18  -0.787463
4.39823  0  3.14159  -1.97758e-16  -0.701403
5.65487  0  3.14159  2.42861e-17  -0.62833
8.16814  0  3.14159  -3.1225e-17  -0.508497
10.6814  0  3.14159  -3.37399e-07  -0.419305
14.4513  0  3.14159  1.47451e-17  -0.327041
33.3009  0  3.14159  -3.90644e-08  -0.150066
-29.531  3.14159  0  -1.50896e-08  0.168625
-14.4513  3.14159  0  1.47451e-17  0.327041
-8.16814  3.14159  0  -3.1225e-17  0.508497
-5.65487  3.14159  0  2.42861e-17  0.62833
-4.39823  3.14159  0  -1.97758e-16  0.701403
-3.14159  3.14159  0  -8.67362e-18  0.787463
-1.88496  3.14159  0  6.245e-16  0.913206
-0.628319  3.14159  0  -8.67362e-17  1.21226
0.628319  3.14159  0  -8.67362e-17  -1.21226
1.88496  3.14159  0  6.245e-16  -0.913206
3.14159  3.14159  0  -8.67362e-18  -0.787463
4.39823  3.14159  0  -1.97758e-16  -0.701403
5.65487  3.14159  0  2.42861e-17  -0.62833
8.16814  3.14159  0  -3.1225e-17  -0.508497
10.6814  3.14159  0  -3.37399e-07  -0.419305
14.4513  3.14159  0  1.47451e-17  -0.327041
33.3009  3.14159  0  -3.90644e-08  -0.150066
-29.531  3.14159  3.14159  0.0128849  0.168506
-14.4513  3.14159  3.14159  0.0463018  0.32704
-8.16814  3.14159  3.14159  0.10621  0.51241
-5.65487  3.14159  3.14159  0.158881  0.636234
-4.39823  3.14159  3.14159  0.196703  0.704198
-3.14159  3.14159  3.14159  0.243846  0.751849
-1.88496  3.14159  3.14159  0.297292  0.707393
-0.628319  3.14159  3.14159  0.342874  0.391048
0.628319  3.14159  3.14159  0.342874  -0.391048
1.88496  3.14159  3.14159  0.297292  -0.707393
3.14159  3.14159  3.14159  0.243846  -0.751849
4.39823  3.14159  3.14159  0.196703  -0.704198
5.65487  3.14159  3.14159  0.158881  -0.636234
8.16814  3.14159  3.14159  0.10621  -0.51241
10.6814  3.14159  3.14159  0.0739648  -0.420509
14.4513  3.14159  3.14159  0.0463018  -0.32704
33.3009  3.14159  3.14159  0.0102473  -0.149974
