-29.531  0  0  -0.013156  0.168473
-14.4513  0  0  -0.0473288  0.326793
-8.16814  0  0  -0.108766  0.511423
-5.65487  0  0  -0.162918  0.634201
-4.39823  0  0  -0.201785  0.701172
-3.14159  0  0  -0.24995  0.747339
-1.88496  0  0  -0.303619  0.701303
-0.628319  0  0  -0.347418  0.386239
0.628319  0  0  -0.347418  -0.386239
1.88496  0  0  -0.303619  -0.701303
3.14159  0  0  -0.24995  -0.747339
4.39823  0  0  -0.201785  -0.701172
5.65487  0  0  -0.162918  -0.634201
8.16814  0  0  -0.108766  -0.511423
10.6814  0  0  -0.0756734  -0.419978
14.4513  0  0  -0.0473288  -0.326793
33.3009  0  0  -0.0104621  -0.14995
-29.531  0  3.14159  -1.11693e-08  0.168615
-14.4513  0  3.14159  -8.67362e-18  0.326959
-8.16814  0  3.14159  -1.37043e-16  0.508175
-5.65487  0  3.14159  -1.04083e-16  0.627678
-4.39823  0  3.14159  -2.2031e-16  0.700413
-3.14159  0  3.14159  -1.26635e-16  0.785791
-1.88496  0  3.14159  1.78677e-16  0.9093
-0.628319  0  3.14159  -2.5327e-16  1.18807
0.628319  0  3.14159  -2.5327e-16  -1.18807
1.88496  0  3.14159  1.78677e-16  -0.9093
3.14159  0  3.14159  -1.26635e-16  -0.785791
4.39823  0  3.14159  -2.2031e-16  -0.700413
5.65487  0  3.14159  -1.04083e-16  -0.627678
8.16814  0  3.14159  -1.37043e-16  -0.508175
10.6814  0  3.14159  -2.38374e-07  -0.419131
14.4513  0  3.14159  -8.67362e-18  -0.326959
33.3009  0  3.14159  -2.66843e-08  -0.150059
-29.531  3.14159  0  -1.11693e-08  0.168615
-14.4513  3.14159  0  -8.67362e-18  0.326959
-8.16814  3.14159  0  -1.37043e-16  0.508175
-5.65487  3.14159  0  -1.04083e-16  0.627678
-4.39823  3.14159  0  -2.2031e-16  0.700413
-3.14159  3.14159  0  -1.26635e-16  0.785791
-1.88496  3.14159  0  1.78677e-16  0.9093
-0.628319  3.14159  0  -2.5327e-16  1.18807
0.628319  3.14159  0  -2.5327e-16  -1.18807
1.88496  3.14159  0  1.78677e-16  -0.9093
3.14159  3.14159  0  -1.26635e-16  -0.785791
4.39823  3.14159  0  -2.2031e-16  -0.700413
5.65487  3.14159  0  -1.04083e-16  -0.627678
8.16814  3.14159  0  -1.37043e-16  -0.508175
10.6814  3.14159  0  -2.38374e-07  -0.419131
14.4513  3.14159  0  -8.67362e-18  -0.326959
33.3009  3.14159  0  -2.66843e-08  -0.150059
-29.531  3.14159  3.14159  0.0128615  0.168498
-14.4513  3.14159  3.14159  0.0462061  0.326969
-8.16814  3.14159  3.14159  0.105927  0.512074
-5.65487  3.14159  3.14159  0.158346  0.635444
-4.39823  3.14159  3.14159  0.195912  0.702917
-3.14159  3.14159  3.14159  0.24261  0.749738
-1.88496  3.14159  3.14159  0.295331  0.704234
-0.628319  3.14159  3.14159  0.340139  0.388171
0.628319  3.14159  3.14159  0.340139  -0.388171
1.88496  3.14159  3.14159  0.295331  -0.704234
3.14159  3.14159  3.14159  0.24261  -0.749738
4.39823  3.14159  3.14159  0.195912  -0.702917
5.65487  3.14159  3.14159  0.158346  -0.635444
8.16814  3.14159  3.14159  0.105927  -0.512074
10.6814  3.14159  3.14159  0.0737936  -0.420345
14.4513  3.14159  3.14159  0.0462061  -0.326969
33.3009  3.14159  3.14159  0.010229  -0.149968
