-29.531  0  0  -0.0131482  0.16847
-14.4513  0  0  -0.0472971  0.326772
-8.16814  0  0  -0.108674  0.511323
-5.65487  0  0  -0.162744  0.633966
-4.39823  0  0  -0.201528  0.700791
-3.14159  0  0  -0.249555  0.746712
-1.88496  0  0  -0.303003  0.700364
-0.628319  0  0  -0.346569  0.385383
0.628319  0  0  -0.346569  -0.385383
1.88496  0  0  -0.303003  -0.700364
3.14159  0  0  -0.249555  -0.746712
4.39823  0  0  -0.201528  -0.700791
5.65487  0  0  -0.162744  -0.633966
8.16814  0  0  -0.108674  -0.511323
10.6814  0  0  -0.0756169  -0.41993
14.4513  0  0  -0.0472971  -0.326772
33.3009  0  0  -0.010456  -0.149949
-29.531  0  3.14159  -1.02464e-08  0.168612
-14.4513  0  3.14159  -2.86229e-17  0.326935
-8.16814  0  3.14159  -1.50921e-16  0.508078
-5.65487  0  3.14159  -1.73472e-16  0.627481
-4.39823  0  3.14159  -3.20924e-16  0.700114
-3.14159  0  3.14159  -2.8276e-16  0.785285
-1.88496  0  3.14159  7.28584e-17  0.90811
-0.628319  0  3.14159  -8.4828e-16  1.1809
0.628319  0  3.14159  -8.4828e-16  -1.1809
1.88496  0  3.14159  7.28584e-17  -0.90811
3.14159  0  3.14159  -2.8276e-16  -0.785285
4.39823  0  3.14159  -3.20924e-16  -0.700114
5.65487  0  3.14159  -1.73472e-16  -0.627481
8.16814  0  3.14159  -1.50921e-16  -0.508078
10.6814  0  3.14159  -2.14974e-07  -0.419078
14.4513  0  3.14159  -2.86229e-17  -0.326935
33.3009  0  3.14159  -2.37653e-08  -0.150057
-29.531  3.14159  0  -1.02464e-08  0.168612
-14.4513  3.14159  0  -2.86229e-17  0.326935
-8.16814  3.14159  0  -1.50921e-16  0.508078
-5.65487  3.14159  0  -1.73472e-16  0.627481
-4.39823  3.14159  0  -3.20924e-16  0.700114
-3.14159  3.14159  0  -2.8276e-16  0.785285
-1.88496  3.14159  0  7.28584e-17  0.90811
-0.628319  3.14159  0  -8.4828e-16  1.1809
0.628319  3.14159  0  -8.4828e-16  -1.1809
1.88496  3.14159  0  7.28584e-17  -0.90811
3.14159  3.14159  0  -2.8276e-16  -0.785285
4.39823  3.14159  0  -3.20924e-16  -0.700114
5.65487  3.14159  0  -1.73472e-16  -0.627481
8.16814  3.14159  0  -1.50921e-16  -0.508078
10.6814  3.14159  0  -2.14974e-07  -0.419078
14.4513  3.14159  0  -2.86229e-17  -0.326935
33.3009  3.14159  0  -2.37653e-08  -0.150057
-29.531  3.14159  3.14159  0.0128546  0.168495
-14.4513  3.14159  3.14159  0.0461776  0.326947
-8.16814  3.14159  3.14159  0.105843  0.511972
-5.65487  3.14159  3.14159  0.158186  0.635205
-4.39823  3.14159  3.14159  0.195676  0.70253
-3.14159  3.14159  3.14159  0.242241  0.749103
-1.88496  3.14159  3.14159  0.294746  0.703284
-0.628319  3.14159  3.14159  0.339324  0.387308
0.628319  3.14159  3.14159  0.339324  -0.387308
1.88496  3.14159  3.14159  0.294746  -0.703284
3.14159  3.14159  3.14159  0.242241  -0.749103
4.39823  3.14159  3.14159  0.195676  -0.70253
5.65487  3.14159  3.14159  0.158186  -0.635205
8.16814  3.14159  3.14159  0.105843  -0.511972
10.6814  3.14159  3.14159  0.0737424  -0.420295
14.4513  3.14159  3.14159  0.0461776  -0.326947
33.3009  3.14159  3.14159  0.0102235  -0.149966
