-29.531  0  0  0.00287583  0.0335874
-14.4513  0  0  0.0116537  0.0669298
-8.16814  0  0  0.0337759  0.110947
-5.65487  0  0  0.0633472  0.146229
-4.39823  0  0  0.0934053  0.170175
-3.14159  0  0  0.146549  0.195576
-1.88496  0  0  0.242694  0.204448
-0.628319  0  0  0.390725  0.127825
0.628319  0  0  0.390725  -0.127825
1.88496  0  0  0.242694  -0.204448
3.14159  0  0  0.146549  -0.195576
4.39823  0  0  0.0934053  -0.170175
5.65487  0  0  0.0633472  -0.146229
8.16814  0  0  0.0337759  -0.110947
10.6814  0  0  0.0206768  -0.0882055
14.4513  0  0  0.0116537  -0.0669298
33.3009  0  0  0.00226624  -0.0298367
-29.531  0  3.14159  -1.43806e-05  0.0338336
-14.4513  0  3.14159  -5.95128e-05  0.0689532
-8.16814  0  3.14159  -0.00018257  0.121148
-5.65487  0  3.14159  -0.000370285  0.173237
-4.39823  0  3.14159  -0.000594057  0.22028
-3.14159  0  3.14159  -0.00109614  0.301317
-1.88496  0  3.14159  -0.00262582  0.472467
-0.628319  0  3.14159  -0.0208749  1.30482
0.628319  0  3.14159  -0.0208749  -1.30482
1.88496  0  3.14159  -0.00262582  -0.472467
3.14159  0  3.14159  -0.00109614  -0.301317
4.39823  0  3.14159  -0.000594057  -0.22028
5.65487  0  3.14159  -0.000370285  -0.173237
8.16814  0  3.14159  -0.00018257  -0.121148
10.6814  0  3.14159  -0.000108364  -0.0930291
14.4513  0  3.14159  -5.95128e-05  -0.0689532
33.3009  0  3.14159  -1.13432e-05  -0.0300086
-29.531  3.14159  0  -1.43806e-05  0.0338336
-14.4513  3.14159  0  -5.95128e-05  0.0689532
-8.16814  3.14159  0  -0.00018257  0.121148
-5.65487  3.14159  0  -0.000370285  0.173237
-4.39823  3.14159  0  -0.000594057  0.22028
-3.14159  3.14159  0  -0.00109614  0.301317
-1.88496  3.14159  0  -0.00262582  0.472467
-0.628319  3.14159  0  -0.0208749  1.30482
0.628319  3.14159  0  -0.0208749  -1.30482
1.88496  3.14159  0  -0.00262582  -0.472467
3.14159  3.14159  0  -0.00109614  -0.301317
4.39823  3.14159  0  -0.000594057  -0.22028
5.65487  3.14159  0  -0.000370285  -0.173237
8.16814  3.14159  0  -0.00018257  -0.121148
10.6814  3.14159  0  -0.000108364  -0.0930291
14.4513  3.14159  0  -5.95128e-05  -0.0689532
33.3009  3.14159  0  -1.13432e-05  -0.0300086
-29.531  3.14159  3.14159  -0.00290392  0.0335825
-14.4513  3.14159  3.14159  -0.0117624  0.0668906
-8.16814  3.14159  3.14159  -0.0340551  0.11076
-5.65487  3.14159  3.14159  -0.0637828  0.145765
-4.39823  3.14159  3.14159  -0.0939138  0.169374
-3.14159  3.14159  3.14159  -0.146977  0.194131
-1.88496  3.14159  3.14159  -0.242333  0.201916
-0.628319  3.14159  3.14159  -0.38718  0.125334
0.628319  3.14159  3.14159  -0.38718  -0.125334
1.88496  3.14159  3.14159  -0.242333  -0.201916
3.14159  3.14159  3.14159  -0.146977  -0.194131
4.39823  3.14159  3.14159  -0.0939138  -0.169374
5.65487  3.14159  3.14159  -0.0637828  -0.145765
8.16814  3.14159  3.14159  -0.0340551  -0.11076
10.6814  3.14159  3.14159  -0.0208605  -0.0881141
14.4513  3.14159  3.14159  -0.0117624  -0.0668906
33.3009  3.14159  3.14159  -0.00228843  -0.0298333
