-29.531  0  0  -0.0161737  0.168796
-14.4513  0  0  -0.0598723  0.332316
-8.16814  0  0  -0.143929  0.535779
-5.65487  0  0  -0.229948  0.691357
-4.39823  0  0  -0.300029  0.783679
-3.14159  0  0  -0.393872  0.902894
-1.88496  0  0  -0.522081  0.965921
-0.628319  0  0  -0.669233  0.673672
0.628319  0  0  -0.669233  -0.673672
1.88496  0  0  -0.522081  -0.965921
3.14159  0  0  -0.393872  -0.902894
4.39823  0  0  -0.300029  -0.783679
5.65487  0  0  -0.229948  -0.691357
8.16814  0  0  -0.143929  -0.535779
10.6814  0  0  -0.0978089  -0.427848
14.4513  0  0  -0.0598723  -0.332316
33.3009  0  0  -0.0128485  -0.149232
-29.531  0  3.14159  -7.91622e-06  0.170393
-14.4513  0  3.14159  5.54279e-14  0.322704
-8.16814  0  3.14159  3.01426e-14  0.53314
-5.65487  0  3.14159  2.69784e-14  0.646079
-4.39823  0  3.14159  -1.29896e-14  0.773671
-3.14159  0  3.14159  -3.88578e-14  0.891433
-1.88496  0  3.14159  7.9714e-14  1.05482
-0.628319  0  3.14159  -3.31957e-13  4.68709
0.628319  0  3.14159  -3.31957e-13  -4.68709
1.88496  0  3.14159  7.9714e-14  -1.05482
3.14159  0  3.14159  -3.88578e-14  -0.891433
4.39823  0  3.14159  -1.29896e-14  -0.773671
5.65487  0  3.14159  2.69784e-14  -0.646079
8.16814  0  3.14159  3.01426e-14  -0.53314
10.6814  0  3.14159  -0.00027469  -0.426287
14.4513  0  3.14159  5.54279e-14  -0.322704
33.3009  0  3.14159  -3.36339e-05  -0.152478
-29.531  3.14159  0  -7.91622e-06  0.170393
-14.4513  3.14159  0  5.54279e-14  0.322704
-8.16814  3.14159  0  3.01426e-14  0.53314
-5.65487  3.14159  0  2.69784e-14  0.646079
-4.39823  3.14159  0  -1.29896e-14  0.773671
-3.14159  3.14159  0  -3.88578e-14  0.891433
-1.88496  3.14159  0  7.9714e-14  1.05482
-0.628319  3.14159  0  -3.31957e-13  4.68709
0.628319  3.14159  0  -3.31957e-13  -4.68709
1.88496  3.14159  0  7.9714e-14  -1.05482
3.14159  3.14159  0  -3.88578e-14  -0.891433
4.39823  3.14159  0  -1.29896e-14  -0.773671
5.65487  3.14159  0  2.69784e-14  -0.646079
8.16814  3.14159  0  3.01426e-14  -0.53314
10.6814  3.14159  0  -0.00027469  -0.426287
14.4513  3.14159  0  5.54279e-14  -0.322704
33.3009  3.14159  0  -3.36339e-05  -0.152478
-29.531  3.14159  3.14159  0.0152424  0.168876
-14.4513  3.14159  3.14159  0.055686  0.332972
-8.16814  3.14159  3.14159  0.13473  0.538407
-5.65487  3.14159  3.14159  0.210975  0.69593
-4.39823  3.14159  3.14159  0.273499  0.790234
-3.14159  3.14159  3.14159  0.371462  0.912245
-1.88496  3.14159  3.14159  0.513491  0.979004
-0.628319  3.14159  3.14159  0.64298  0.683452
0.628319  3.14159  3.14159  0.64298  -0.683452
1.88496  3.14159  3.14159  0.513491  -0.979004
3.14159  3.14159  3.14159  0.371462  -0.912245
4.39823  3.14159  3.14159  0.273499  -0.790234
5.65487  3.14159  3.14159  0.210975  -0.69593
8.16814  3.14159  3.14159  0.13473  -0.538407
10.6814  3.14159  3.14159  0.0907962  -0.429097
14.4513  3.14159  3.14159  0.055686  -0.332972
33.3009  3.14159  3.14159  0.0120918  -0.149246
