-29.531  0  0  0.0028865  0.0335855
-14.4513  0  0  0.011695  0.0669148
-8.16814  0  0  0.0338814  0.110874
-5.65487  0  0  0.0635005  0.146038
-4.39823  0  0  0.0935531  0.169839
-3.14159  0  0  0.146489  0.195027
-1.88496  0  0  0.241865  0.204212
-0.628319  0  0  0.391575  0.130818
0.628319  0  0  0.391575  -0.130818
1.88496  0  0  0.241865  -0.204212
3.14159  0  0  0.146489  -0.195027
4.39823  0  0  0.0935531  -0.169839
5.65487  0  0  0.0635005  -0.146038
8.16814  0  0  0.0338814  -0.110874
10.6814  0  0  0.020747  -0.0881704
14.4513  0  0  0.011695  -0.0669148
33.3009  0  0  0.0022747  -0.0298354
-29.531  0  3.14159  -3.47284e-06  0.0338334
-14.4513  0  3.14159  -1.43734e-05  0.0689534
-8.16814  0  3.14159  -4.40909e-05  0.121146
-5.65487  0  3.14159  -8.94299e-05  0.173238
-4.39823  0  3.14159  -0.00014336  0.220232
-3.14159  0  3.14159  -0.000264171  0.301132
-1.88496  0  3.14159  -0.000631469  0.471826
-0.628319  0  3.14159  -0.00385842  1.16495
0.628319  0  3.14159  -0.00385842  -1.16495
1.88496  0  3.14159  -0.000631469  -0.471826
3.14159  0  3.14159  -0.000264171  -0.301132
4.39823  0  3.14159  -0.00014336  -0.220232
5.65487  0  3.14159  -8.94299e-05  -0.173238
8.16814  0  3.14159  -4.40909e-05  -0.121146
10.6814  0  3.14159  -2.61572e-05  -0.0930291
14.4513  0  3.14159  -1.43734e-05  -0.0689534
33.3009  0  3.14159  -2.73766e-06  -0.0300087
-29.531  3.14159  0  -3.47284e-06  0.0338334
-14.4513  3.14159  0  -1.43734e-05  0.0689534
-8.16814  3.14159  0  -4.40909e-05  0.121146
-5.65487  3.14159  0  -8.94299e-05  0.173238
-4.39823  3.14159  0  -0.00014336  0.220232
-3.14159  3.14159  0  -0.000264171  0.301132
-1.88496  3.14159  0  -0.000631469  0.471826
-0.628319  3.14159  0  -0.00385842  1.16495
0.628319  3.14159  0  -0.00385842  -1.16495
1.88496  3.14159  0  -0.000631469  -0.471826
3.14159  3.14159  0  -0.000264171  -0.301132
4.39823  3.14159  0  -0.00014336  -0.220232
5.65487  3.14159  0  -8.94299e-05  -0.173238
8.16814  3.14159  0  -4.40909e-05  -0.121146
10.6814  3.14159  0  -2.61572e-05  -0.0930291
14.4513  3.14159  0  -1.43734e-05  -0.0689534
33.3009  3.14159  0  -2.73766e-06  -0.0300087
-29.531  3.14159  3.14159  -0.00289328  0.0335843
-14.4513  3.14159  3.14159  -0.0117213  0.0669054
-8.16814  3.14159  3.14159  -0.0339491  0.110828
-5.65487  3.14159  3.14159  -0.0636062  0.145925
-4.39823  3.14159  3.14159  -0.0936762  0.169642
-3.14159  3.14159  3.14159  -0.146588  0.194667
-1.88496  3.14159  3.14159  -0.241732  0.203583
-0.628319  3.14159  3.14159  -0.390657  0.130321
0.628319  3.14159  3.14159  -0.390657  -0.130321
1.88496  3.14159  3.14159  -0.241732  -0.203583
3.14159  3.14159  3.14159  -0.146588  -0.194667
4.39823  3.14159  3.14159  -0.0936762  -0.169642
5.65487  3.14159  3.14159  -0.0636062  -0.145925
8.16814  3.14159  3.14159  -0.0339491  -0.110828
10.6814  3.14159  3.14159  -0.0207914  -0.0881483
14.4513  3.14159  3.14159  -0.0117213  -0.0669054
33.3009  3.14159  3.14159  -0.00228005  -0.0298346
