-29.531  0  0  -0.0142406  0.168769
-14.4513  0  0  -0.0517799  0.32892
-8.16814  0  0  -0.121563  0.522395
-5.65487  0  0  -0.186885  0.659827
-4.39823  0  0  -0.23696  0.742264
-3.14159  0  0  -0.303348  0.818581
-1.88496  0  0  -0.38736  0.812367
-0.628319  0  0  -0.464654  0.493745
0.628319  0  0  -0.464654  -0.493745
1.88496  0  0  -0.38736  -0.812367
3.14159  0  0  -0.303348  -0.818581
4.39823  0  0  -0.23696  -0.742264
5.65487  0  0  -0.186885  -0.659827
8.16814  0  0  -0.121563  -0.522395
10.6814  0  0  -0.0835972  -0.42463
14.4513  0  0  -0.0517799  -0.32892
33.3009  0  0  -0.011319  -0.150065
-29.531  0  3.14159  -2.70317e-07  0.169098
-14.4513  0  3.14159  7.89733e-15  0.328505
-8.16814  0  3.14159  -9.02056e-17  0.518819
-5.65487  0  3.14159  3.4972e-15  0.6457
-4.39823  0  3.14159  -5.13478e-16  0.733661
-3.14159  0  3.14159  -5.32907e-15  0.838368
-1.88496  0  3.14159  5.70793e-14  1.00918
-0.628319  0  3.14159  9.83935e-15  2.33454
0.628319  0  3.14159  9.83935e-15  -2.33454
1.88496  0  3.14159  5.70793e-14  -1.00918
3.14159  0  3.14159  -5.32907e-15  -0.838368
4.39823  0  3.14159  -5.13478e-16  -0.733661
5.65487  0  3.14159  3.4972e-15  -0.6457
8.16814  0  3.14159  -9.02056e-17  -0.518819
10.6814  0  3.14159  -2.25143e-05  -0.424366
14.4513  0  3.14159  7.89733e-15  -0.328505
33.3009  0  3.14159  -2.48744e-06  -0.150555
-29.531  3.14159  0  -2.70317e-07  0.169098
-14.4513  3.14159  0  7.89733e-15  0.328505
-8.16814  3.14159  0  -9.02056e-17  0.518819
-5.65487  3.14159  0  3.4972e-15  0.6457
-4.39823  3.14159  0  -5.13478e-16  0.733661
-3.14159  3.14159  0  -5.32907e-15  0.838368
-1.88496  3.14159  0  5.70793e-14  1.00918
-0.628319  3.14159  0  9.83935e-15  2.33454
0.628319  3.14159  0  9.83935e-15  -2.33454
1.88496  3.14159  0  5.70793e-14  -1.00918
3.14159  3.14159  0  -5.32907e-15  -0.838368
4.39823  3.14159  0  -5.13478e-16  -0.733661
5.65487  3.14159  0  3.4972e-15  -0.6457
8.16814  3.14159  0  -9.02056e-17  -0.518819
10.6814  3.14159  0  -2.25143e-05  -0.424366
14.4513  3.14159  0  7.89733e-15  -0.328505
33.3009  3.14159  0  -2.48744e-06  -0.150555
-29.531  3.14159  3.14159  0.0137594  0.168808
-14.4513  3.14159  3.14159  0.0498425  0.329207
-8.16814  3.14159  3.14159  0.1168  0.523477
-5.65487  3.14159  3.14159  0.178975  0.66193
-4.39823  3.14159  3.14159  0.22652  0.745257
-3.14159  3.14159  3.14159  0.291712  0.822828
-1.88496  3.14159  3.14159  0.374881  0.817841
-0.628319  3.14159  3.14159  0.45107  0.496785
0.628319  3.14159  3.14159  0.45107  -0.496785
1.88496  3.14159  3.14159  0.374881  -0.817841
3.14159  3.14159  3.14159  0.291712  -0.822828
4.39823  3.14159  3.14159  0.22652  -0.745257
5.65487  3.14159  3.14159  0.178975  -0.66193
8.16814  3.14159  3.14159  0.1168  -0.523477
10.6814  3.14159  3.14159  0.0802919  -0.425232
14.4513  3.14159  3.14159  0.0498425  -0.329207
33.3009  3.14159  3.14159  0.0109335  -0.150093
