-29.531  0  0  0.0028865  0.0335855
-14.4513  0  0  0.011695  0.0669148
-8.16814  0  0  0.0338814  0.110873
-5.65487  0  0  0.0634982  0.146035
-4.39823  0  0  0.093543  0.169833
-3.14159  0  0  0.146444  0.195028
-1.88496  0  0  0.241728  0.204351
-0.628319  0  0  0.391947  0.131594
0.628319  0  0  0.391947  -0.131594
1.88496  0  0  0.241728  -0.204351
3.14159  0  0  0.146444  -0.195028
4.39823  0  0  0.093543  -0.169833
5.65487  0  0  0.0634982  -0.146035
8.16814  0  0  0.0338814  -0.110873
10.6814  0  0  0.0207471  -0.0881703
14.4513  0  0  0.011695  -0.0669148
33.3009  0  0  0.0022747  -0.0298354
-29.531  0  3.14159  -3.47163e-06  0.0338334
-14.4513  0  3.14159  -1.43734e-05  0.0689534
-8.16814  0  3.14159  -4.40904e-05  0.121146
-5.65487  0  3.14159  -8.94265e-05  0.173236
-4.39823  0  3.14159  -0.000143335  0.220221
-3.14159  0  3.14159  -0.000264032  0.301086
-1.88496  0  3.14159  -0.000630341  0.471556
-0.628319  0  3.14159  -0.00359966  1.13267
0.628319  0  3.14159  -0.00359966  -1.13267
1.88496  0  3.14159  -0.000630341  -0.471556
3.14159  0  3.14159  -0.000264032  -0.301086
4.39823  0  3.14159  -0.000143335  -0.220221
5.65487  0  3.14159  -8.94265e-05  -0.173236
8.16814  0  3.14159  -4.40904e-05  -0.121146
10.6814  0  3.14159  -2.61336e-05  -0.093029
14.4513  0  3.14159  -1.43734e-05  -0.0689534
33.3009  0  3.14159  -2.73462e-06  -0.0300087
-29.531  3.14159  0  -3.47163e-06  0.0338334
-14.4513  3.14159  0  -1.43734e-05  0.0689534
-8.16814  3.14159  0  -4.40904e-05  0.121146
-5.65487  3.14159  0  -8.94265e-05  0.173236
-4.39823  3.14159  0  -0.000143335  0.220221
-3.14159  3.14159  0  -0.000264032  0.301086
-1.88496  3.14159  0  -0.000630341  0.471556
-0.628319  3.14159  0  -0.00359966  1.13267
0.628319  3.14159  0  -0.00359966  -1.13267
1.88496  3.14159  0  -0.000630341  -0.471556
3.14159  3.14159  0  -0.000264032  -0.301086
4.39823  3.14159  0  -0.000143335  -0.220221
5.65487  3.14159  0  -8.94265e-05  -0.173236
8.16814  3.14159  0  -4.40904e-05  -0.121146
10.6814  3.14159  0  -2.61336e-05  -0.093029
14.4513  3.14159  0  -1.43734e-05  -0.0689534
33.3009  3.14159  0  -2.73462e-06  -0.0300087
-29.531  3.14159  3.14159  -0.00289328  0.0335843
-14.4513  3.14159  3.14159  -0.0117213  0.0669054
-8.16814  3.14159  3.14159  -0.0339489  0.110828
-5.65487  3.14159  3.14159  -0.0636037  0.145923
-4.39823  3.14159  3.14159  -0.093666  0.169638
-3.14159  3.14159  3.14159  -0.146544  0.194672
-1.88496  3.14159  3.14159  -0.241606  0.203729
-0.628319  3.14159  3.14159  -0.391049  0.131045
0.628319  3.14159  3.14159  -0.391049  -0.131045
1.88496  3.14159  3.14159  -0.241606  -0.203729
3.14159  3.14159  3.14159  -0.146544  -0.194672
4.39823  3.14159  3.14159  -0.093666  -0.169638
5.65487  3.14159  3.14159  -0.0636037  -0.145923
8.16814  3.14159  3.14159  -0.0339489  -0.110828
10.6814  3.14159  3.14159  -0.0207914  -0.0881482
14.4513  3.14159  3.14159  -0.0117213  -0.0669054
33.3009  3.14159  3.14159  -0.00228005  -0.0298346
