-29.531  0  0  -0.0136915  0.168634
-14.4513  0  0  -0.0495157  0.328032
-8.16814  0  0  -0.115104  0.517509
-5.65487  0  0  -0.174831  0.648453
-4.39823  0  0  -0.219314  0.724131
-3.14159  0  0  -0.276782  0.78619
-1.88496  0  0  -0.345742  0.760778
-0.628319  0  0  -0.40614  0.442313
0.628319  0  0  -0.40614  -0.442313
1.88496  0  0  -0.345742  -0.760778
3.14159  0  0  -0.276782  -0.78619
4.39823  0  0  -0.219314  -0.724131
5.65487  0  0  -0.174831  -0.648453
8.16814  0  0  -0.115104  -0.517509
10.6814  0  0  -0.0795702  -0.422754
14.4513  0  0  -0.0495157  -0.328032
33.3009  0  0  -0.0108849  -0.150033
-29.531  0  3.14159  -3.16127e-07  0.168811
-14.4513  0  3.14159  -2.84495e-16  0.3283
-8.16814  0  3.14159  -3.95517e-15  0.514123
-5.65487  0  3.14159  -2.3731e-15  0.638985
-4.39823  0  3.14159  -3.08087e-15  0.718449
-3.14159  0  3.14159  -4.44089e-15  0.815287
-1.88496  0  3.14159  1.65562e-14  0.972358
-0.628319  0  3.14159  -9.25648e-15  1.72765
0.628319  0  3.14159  -9.25648e-15  -1.72765
1.88496  0  3.14159  1.65562e-14  -0.972358
3.14159  0  3.14159  -4.44089e-15  -0.815287
4.39823  0  3.14159  -3.08087e-15  -0.718449
5.65487  0  3.14159  -2.3731e-15  -0.638985
8.16814  0  3.14159  -3.95517e-15  -0.514123
10.6814  0  3.14159  -9.86541e-06  -0.422247
14.4513  0  3.14159  -2.84495e-16  -0.3283
33.3009  0  3.14159  -1.1979e-06  -0.150199
-29.531  3.14159  0  -3.16127e-07  0.168811
-14.4513  3.14159  0  -2.84495e-16  0.3283
-8.16814  3.14159  0  -3.95517e-15  0.514123
-5.65487  3.14159  0  -2.3731e-15  0.638985
-4.39823  3.14159  0  -3.08087e-15  0.718449
-3.14159  3.14159  0  -4.44089e-15  0.815287
-1.88496  3.14159  0  1.65562e-14  0.972358
-0.628319  3.14159  0  -9.25648e-15  1.72765
0.628319  3.14159  0  -9.25648e-15  -1.72765
1.88496  3.14159  0  1.65562e-14  -0.972358
3.14159  3.14159  0  -4.44089e-15  -0.815287
4.39823  3.14159  0  -3.08087e-15  -0.718449
5.65487  3.14159  0  -2.3731e-15  -0.638985
8.16814  3.14159  0  -3.95517e-15  -0.514123
10.6814  3.14159  0  -9.86541e-06  -0.422247
14.4513  3.14159  0  -2.84495e-16  -0.3283
33.3009  3.14159  0  -1.1979e-06  -0.150199
-29.531  3.14159  3.14159  0.0133348  0.168663
-14.4513  3.14159  3.14159  0.0481384  0.328242
-8.16814  3.14159  3.14159  0.11166  0.51829
-5.65487  3.14159  3.14159  0.169184  0.649964
-4.39823  3.14159  3.14159  0.211938  0.726271
-3.14159  3.14159  3.14159  0.267977  0.78918
-1.88496  3.14159  3.14159  0.335954  0.764531
-0.628319  3.14159  3.14159  0.396675  0.444656
0.628319  3.14159  3.14159  0.396675  -0.444656
1.88496  3.14159  3.14159  0.335954  -0.764531
3.14159  3.14159  3.14159  0.267977  -0.78918
4.39823  3.14159  3.14159  0.211938  -0.726271
5.65487  3.14159  3.14159  0.169184  -0.649964
8.16814  3.14159  3.14159  0.11166  -0.51829
10.6814  3.14159  3.14159  0.0772471  -0.423192
14.4513  3.14159  3.14159  0.0481384  -0.328242
33.3009  3.14159  3.14159  0.0106007  -0.150054
