-29.531  0  0  -0.013325  0.168527
-14.4513  0  0  -0.048018  0.327228
-8.16814  0  0  -0.110774  0.513495
-5.65487  0  0  -0.166694  0.63907
-4.39823  0  0  -0.207341  0.709057
-3.14159  0  0  -0.2585  0.760439
-1.88496  0  0  -0.317002  0.721074
-0.628319  0  0  -0.365933  0.404508
0.628319  0  0  -0.365933  -0.404508
1.88496  0  0  -0.317002  -0.721074
3.14159  0  0  -0.2585  -0.760439
4.39823  0  0  -0.207341  -0.709057
5.65487  0  0  -0.166694  -0.63907
8.16814  0  0  -0.110774  -0.513495
10.6814  0  0  -0.0769017  -0.420972
14.4513  0  0  -0.048018  -0.327228
33.3009  0  0  -0.0105954  -0.149984
-29.531  0  3.14159  -6.40418e-08  0.168679
-14.4513  0  3.14159  4.26742e-16  0.327466
-8.16814  0  3.14159  3.43475e-16  0.510196
-5.65487  0  3.14159  6.69603e-16  0.631725
-4.39823  0  3.14159  3.92048e-16  0.70658
-3.14159  0  3.14159  2.98372e-16  0.7961
-1.88496  0  3.14159  2.36269e-15  0.93283
-0.628319  0  3.14159  -7.04298e-16  1.34913
0.628319  0  3.14159  -7.04298e-16  -1.34913
1.88496  0  3.14159  2.36269e-15  -0.93283
3.14159  0  3.14159  2.98372e-16  -0.7961
4.39823  0  3.14159  3.92048e-16  -0.70658
5.65487  0  3.14159  6.69603e-16  -0.631725
8.16814  0  3.14159  3.43475e-16  -0.510196
10.6814  0  3.14159  -1.60467e-06  -0.42022
14.4513  0  3.14159  4.26742e-16  -0.327466
33.3009  0  3.14159  -1.97681e-07  -0.150101
-29.531  3.14159  0  -6.40418e-08  0.168679
-14.4513  3.14159  0  4.26742e-16  0.327466
-8.16814  3.14159  0  3.43475e-16  0.510196
-5.65487  3.14159  0  6.69603e-16  0.631725
-4.39823  3.14159  0  3.92048e-16  0.70658
-3.14159  3.14159  0  2.98372e-16  0.7961
-1.88496  3.14159  0  2.36269e-15  0.93283
-0.628319  3.14159  0  -7.04298e-16  1.34913
0.628319  3.14159  0  -7.04298e-16  -1.34913
1.88496  3.14159  0  2.36269e-15  -0.93283
3.14159  3.14159  0  2.98372e-16  -0.7961
4.39823  3.14159  0  3.92048e-16  -0.70658
5.65487  3.14159  0  6.69603e-16  -0.631725
8.16814  3.14159  0  3.43475e-16  -0.510196
10.6814  3.14159  0  -1.60467e-06  -0.42022
14.4513  3.14159  0  4.26742e-16  -0.327466
33.3009  3.14159  0  -1.97681e-07  -0.150101
-29.531  3.14159  3.14159  0.0130127  0.168553
-14.4513  3.14159  3.14159  0.0468256  0.327413
-8.16814  3.14159  3.14159  0.107759  0.514183
-5.65487  3.14159  3.14159  0.16181  0.64039
-4.39823  3.14159  3.14159  0.201032  0.710915
-3.14159  3.14159  3.14159  0.25064  0.763009
-1.88496  3.14159  3.14159  0.308106  0.724241
-0.628319  3.14159  3.14159  0.357952  0.406572
0.628319  3.14159  3.14159  0.357952  -0.406572
1.88496  3.14159  3.14159  0.308106  -0.724241
3.14159  3.14159  3.14159  0.25064  -0.763009
4.39823  3.14159  3.14159  0.201032  -0.710915
5.65487  3.14159  3.14159  0.16181  -0.64039
8.16814  3.14159  3.14159  0.107759  -0.514183
10.6814  3.14159  3.14159  0.0749021  -0.421359
14.4513  3.14159  3.14159  0.0468256  -0.327413
33.3009  3.14159  3.14159  0.0103478  -0.150003
