-29.531  0  0  0.0028865  0.0335855
-14.4513  0  0  0.011695  0.0669148
-8.16814  0  0  0.0338811  0.110872
-5.65487  0  0  0.0634927  0.14603
-4.39823  0  0  0.0935201  0.169822
-3.14159  0  0  0.146348  0.195038
-1.88496  0  0  0.241453  0.204662
-0.628319  0  0  0.392771  0.133215
0.628319  0  0  0.392771  -0.133215
1.88496  0  0  0.241453  -0.204662
3.14159  0  0  0.146348  -0.195038
4.39823  0  0  0.0935201  -0.169822
5.65487  0  0  0.0634927  -0.14603
8.16814  0  0  0.0338811  -0.110872
10.6814  0  0  0.0207471  -0.08817
14.4513  0  0  0.011695  -0.0669148
33.3009  0  0  0.0022747  -0.0298354
-29.531  0  3.14159  -3.47037e-06  0.0338334
-14.4513  0  3.14159  -1.43734e-05  0.0689533
-8.16814  0  3.14159  -4.40892e-05  0.121145
-5.65487  0  3.14159  -8.94156e-05  0.17323
-4.39823  0  3.14159  -0.00014328  0.220198
-3.14159  0  3.14159  -0.000263708  0.300979
-1.88496  0  3.14159  -0.000626781  0.470704
-0.628319  0  3.14159  -0.00308047  1.06511
0.628319  0  3.14159  -0.00308047  -1.06511
1.88496  0  3.14159  -0.000626781  -0.470704
3.14159  0  3.14159  -0.000263708  -0.300979
4.39823  0  3.14159  -0.00014328  -0.220198
5.65487  0  3.14159  -8.94156e-05  -0.17323
8.16814  0  3.14159  -4.40892e-05  -0.121145
10.6814  0  3.14159  -2.61098e-05  -0.0930288
14.4513  0  3.14159  -1.43734e-05  -0.0689533
33.3009  0  3.14159  -2.73165e-06  -0.0300088
-29.531  3.14159  0  -3.47037e-06  0.0338334
-14.4513  3.14159  0  -1.43734e-05  0.0689533
-8.16814  3.14159  0  -4.40892e-05  0.121145
-5.65487  3.14159  0  -8.94156e-05  0.17323
-4.39823  3.14159  0  -0.00014328  0.220198
-3.14159  3.14159  0  -0.000263708  0.300979
-1.88496  3.14159  0  -0.000626781  0.470704
-0.628319  3.14159  0  -0.00308047  1.06511
0.628319  3.14159  0  -0.00308047  -1.06511
1.88496  3.14159  0  -0.000626781  -0.470704
3.14159  3.14159  0  -0.000263708  -0.300979
4.39823  3.14159  0  -0.00014328  -0.220198
5.65487  3.14159  0  -8.94156e-05  -0.17323
8.16814  3.14159  0  -4.40892e-05  -0.121145
10.6814  3.14159  0  -2.61098e-05  -0.0930288
14.4513  3.14159  0  -1.43734e-05  -0.0689533
33.3009  3.14159  0  -2.73165e-06  -0.0300088
-29.531  3.14159  3.14159  -0.00289328  0.0335843
-14.4513  3.14159  3.14159  -0.0117213  0.0669053
-8.16814  3.14159  3.14159  -0.0339485  0.110827
-5.65487  3.14159  3.14159  -0.063598  0.145918
-4.39823  3.14159  3.14159  -0.0936432  0.169629
-3.14159  3.14159  3.14159  -0.14645  0.194686
-1.88496  3.14159  3.14159  -0.241339  0.204045
-0.628319  3.14159  3.14159  -0.391891  0.132609
0.628319  3.14159  3.14159  -0.391891  -0.132609
1.88496  3.14159  3.14159  -0.241339  -0.204045
3.14159  3.14159  3.14159  -0.14645  -0.194686
4.39823  3.14159  3.14159  -0.0936432  -0.169629
5.65487  3.14159  3.14159  -0.063598  -0.145918
8.16814  3.14159  3.14159  -0.0339485  -0.110827
10.6814  3.14159  3.14159  -0.0207914  -0.088148
14.4513  3.14159  3.14159  -0.0117213  -0.0669053
33.3009  3.14159  3.14159  -0.00228005  -0.0298346
