-25.9181  0  0  0.00581595  0.0376841
-13.3518  0  0  0.0205831  0.0687177
-8.63938  0  0  0.044097  0.0952769
-7.06858  0  0  0.0605796  0.107083
-5.49779  0  0  0.0864055  0.118893
-3.92699  0  0  0.127256  0.124912
-2.35619  0  0  0.185415  0.109653
-0.785398  0  0  0.241041  0.0476205
0.785398  0  0  0.241027  -0.0476379
2.35619  0  0  0.185406  -0.109642
3.92699  0  0  0.127257  -0.124914
5.49779  0  0  0.0864059  -0.118889
7.06858  0  0  0.0605807  -0.107081
8.63938  0  0  0.0440975  -0.0952762
11.781  0  0  0.0258324  -0.0760949
16.4934  0  0  0.0138843  -0.0572557
25.9181  0  0  0.00581593  -0.0376841
-25.9181  0  3.14159  2.21581e-07  0.0385793
-13.3518  0  3.14159  8.34661e-07  0.0748874
-8.63938  0  3.14159  1.98834e-06  0.11571
-7.06858  0  3.14159  2.96908e-06  0.141343
-5.49779  0  3.14159  4.87742e-06  0.181877
-3.92699  0  3.14159  9.59172e-06  0.254141
-2.35619  0  3.14159  2.75276e-05  0.42689
-0.785398  0  3.14159  0.000207889  1.2015
0.785398  0  3.14159  0.000210294  -1.2015
2.35619  0  3.14159  2.75187e-05  -0.42689
3.92699  0  3.14159  9.61243e-06  -0.254141
5.49779  0  3.14159  4.88377e-06  -0.181877
7.06858  0  3.14159  2.97566e-06  -0.141343
8.63938  0  3.14159  1.99088e-06  -0.11571
11.781  0  3.14159  1.07548e-06  -0.0848628
16.4934  0  3.14159  5.47677e-07  -0.0606336
25.9181  0  3.14159  2.21708e-07  -0.0385793
-25.9181  3.14159  0  2.21581e-07  0.0385793
-13.3518  3.14159  0  8.34661e-07  0.0748874
-8.63938  3.14159  0  1.98834e-06  0.11571
-7.06858  3.14159  0  2.96908e-06  0.141343
-5.49779  3.14159  0  4.87742e-06  0.181877
-3.92699  3.14159  0  9.59172e-06  0.254141
-2.35619  3.14159  0  2.75276e-05  0.42689
-0.785398  3.14159  0  0.000207889  1.2015
0.785398  3.14159  0  0.000210294  -1.2015
2.35619  3.14159  0  2.75187e-05  -0.42689
3.92699  3.14159  0  9.61243e-06  -0.254141
5.49779  3.14159  0  4.88377e-06  -0.181877
7.06858  3.14159  0  2.97566e-06  -0.141343
8.63938  3.14159  0  1.99088e-06  -0.11571
11.781  3.14159  0  1.07548e-06  -0.0848628
16.4934  3.14159  0  5.47677e-07  -0.0606336
25.9181  3.14159  0  2.21708e-07  -0.0385793
-25.9181  3.14159  3.14159  -0.00581541  0.0376843
-13.3518  3.14159  3.14159  -0.0205832  0.0687177
-8.63938  3.14159  3.14159  -0.0440865  0.0952892
-7.06858  3.14159  3.14159  -0.0605452  0.10714
-5.49779  3.14159  3.14159  -0.0864055  0.118893
-3.92699  3.14159  3.14159  -0.127258  0.125049
-2.35619  3.14159  3.14159  -0.185229  0.109315
-0.785398  3.14159  3.14159  -0.240249  0.0472957
0.785398  3.14159  3.14159  -0.240247  -0.0473175
2.35619  3.14159  3.14159  -0.185234  -0.109329
3.92699  3.14159  3.14159  -0.127259  -0.125047
5.49779  3.14159  3.14159  -0.0864036  -0.118896
7.06858  3.14159  3.14159  -0.0605445  -0.107141
8.63938  3.14159  3.14159  -0.0440859  -0.0952898
11.781  3.14159  3.14159  -0.0258301  -0.0760966
16.4934  3.14159  3.14159  -0.0138837  -0.057256
25.9181  3.14159  3.14159  -0.00581544  -0.0376843
