-16.9714  0  0  1.52028e-06  -6.30091e-05
-10.9371  0  0  4.90059e-06  -0.000192111
-7.91998  0  0  9.74615e-06  -0.000395485
-5.65713  0  0  1.90556e-05  -0.000732322
-4.90285  0  0  2.53045e-05  -0.000900521
-4.14856  0  0  3.49702e-05  -0.00109279
-3.39428  0  0  4.99665e-05  -0.00128437
-2.63999  0  0  7.25342e-05  -0.0014146
-1.88571  0  0  0.000103104  -0.00137619
-1.13143  0  0  0.000136852  -0.00104643
-0.377142  0  0  0.000160561  -0.000396872
0.377142  0  0  0.000160477  0.00039679
1.13143  0  0  0.000136869  0.00104646
1.88571  0  0  0.000103123  0.00137622
2.63999  0  0  7.25397e-05  0.0014146
3.39428  0  0  4.99579e-05  0.00128439
4.14856  0  0  3.49687e-05  0.00109279
4.90285  0  0  2.5313e-05  0.000900524
6.41141  0  0  1.48623e-05  0.000593934
7.91998  0  0  9.74782e-06  0.000395487
10.9371  0  0  4.90212e-06  0.000192113
16.2171  0  0  1.75068e-06  7.10854e-05
31.3028  0  0  1.85872e-07  1.14838e-05
-16.9714  0  3.14159  -1.94244e-09  -5.90829e-05
-10.9371  0  3.14159  -1.67773e-08  -0.000167735
-7.91998  0  3.14159  -3.27688e-08  -0.000322398
-5.65713  0  3.14159  -1.3075e-07  -0.000573617
-4.90285  0  3.14159  -2.4769e-07  -0.000713576
-4.14856  0  3.14159  -3.05675e-07  -0.000907721
-3.39428  0  3.14159  -4.11269e-07  -0.00119647
-2.63999  0  3.14159  -1.6643e-07  -0.0016812
-1.88571  0  3.14159  2.51591e-07  -0.00270342
-1.13143  0  3.14159  -3.55465e-06  -0.00630447
-0.377142  0  3.14159  8.29881e-06  -0.0837417
0.377142  0  3.14159  8.30676e-06  0.0837417
1.13143  0  3.14159  -3.53907e-06  0.00630447
1.88571  0  3.14159  2.59672e-07  0.00270342
2.63999  0  3.14159  -1.56236e-07  0.0016812
3.39428  0  3.14159  -4.10731e-07  0.00119647
4.14856  0  3.14159  -2.99766e-07  0.000907724
4.90285  0  3.14159  -2.46876e-07  0.000713576
6.41141  0  3.14159  -8.92041e-08  0.000468245
7.91998  0  3.14159  -3.05913e-08  0.000322398
10.9371  0  3.14159  -1.51871e-08  0.000167735
16.2171  0  3.14159  -7.07288e-09  6.62863e-05
31.3028  0  3.14159  4.07593e-09  1.1254e-05
-16.9714  3.14159  0  -1.94244e-09  -5.90829e-05
-10.9371  3.14159  0  -1.67773e-08  -0.000167735
-7.91998  3.14159  0  -3.27688e-08  -0.000322398
-5.65713  3.14159  0  -1.3075e-07  -0.000573617
-4.90285  3.14159  0  -2.4769e-07  -0.000713576
-4.14856  3.14159  0  -3.05675e-07  -0.000907721
-3.39428  3.14159  0  -4.11269e-07  -0.00119647
-2.63999  3.14159  0  -1.6643e-07  -0.0016812
-1.88571  3.14159  0  2.51591e-07  -0.00270342
-1.13143  3.14159  0  -3.55465e-06  -0.00630447
-0.377142  3.14159  0  8.29881e-06  -0.0837417
0.377142  3.14159  0  8.30676e-06  0.0837417
1.13143  3.14159  0  -3.53907e-06  0.00630447
1.88571  3.14159  0  2.59672e-07  0.00270342
2.63999  3.14159  0  -1.56236e-07  0.0016812
3.39428  3.14159  0  -4.10731e-07  0.00119647
4.14856  3.14159  0  -2.99766e-07  0.000907724
4.90285  3.14159  0  -2.46876e-07  0.000713576
6.41141  3.14159  0  -8.92041e-08  0.000468245
7.91998  3.14159  0  -3.05913e-08  0.000322398
10.9371  3.14159  0  -1.51871e-08  0.000167735
16.2171  3.14159  0  -7.07288e-09  6.62863e-05
31.3028  3.14159  0  4.07593e-09  1.1254e-05
-16.9714  3.14159  3.14159  -1.53833e-06  -6.30091e-05
-10.9371  3.14159  3.14159  -4.94086e-06  -0.000192112
-7.91998  3.14159  3.14159  -9.81369e-06  -0.000395485
-5.65713  3.14159  3.14159  -1.90936e-05  -0.000732322
-4.90285  3.14159  3.14159  -2.53717e-05  -0.000900521
-4.14856  3.14159  3.14159  -3.50276e-05  -0.00109279
-3.39428  3.14159  3.14159  -5.00665e-05  -0.00128437
-2.63999  3.14159  3.14159  -7.2609e-05  -0.0014146
-1.88571  3.14159  3.14159  -0.000103264  -0.00137619
-1.13143  3.14159  3.14159  -0.00013669  -0.00104643
-0.377142  3.14159  3.14159  -0.000160033  -0.000396877
0.377142  3.14159  3.14159  -0.000160113  0.000396798
1.13143  3.14159  3.14159  -0.000136675  0.00104646
1.88571  3.14159  3.14159  -0.000103246  0.00137622
2.63999  3.14159  3.14159  -7.26036e-05  0.0014146
3.39428  3.14159  3.14159  -5.00738e-05  0.00128439
4.14856  3.14159  3.14159  -3.50296e-05  0.00109279
4.90285  3.14159  3.14159  -2.53636e-05  0.000900525
6.41141  3.14159  3.14159  -1.48934e-05  0.000593934
7.91998  3.14159  3.14159  -9.81219e-06  0.000395487
10.9371  3.14159  3.14159  -4.93956e-06  0.000192113
16.2171  3.14159  3.14159  -1.7532e-06  7.10855e-05
31.3028  3.14159  3.14159  -1.90146e-07  1.14838e-05
