-54.6637  0  0  9.07085e-07  7.98516e-06
-27.0177  0  0  3.42994e-06  1.56939e-05
-13.1947  0  0  1.24025e-05  2.82758e-05
-10.6814  0  0  1.74653e-05  3.22283e-05
-8.16814  0  0  2.54903e-05  3.65753e-05
-6.9115  0  0  3.18245e-05  3.81294e-05
-5.65487  0  0  3.96899e-05  3.88191e-05
-4.39823  0  0  4.91901e-05  3.78818e-05
-3.14159  0  0  6.19361e-05  3.28321e-05
-1.88496  0  0  7.2688e-05  2.36532e-05
-0.628319  0  0  7.86318e-05  9.69171e-06
0.628319  0  0  7.97114e-05  -1.13176e-05
1.88496  0  0  7.16124e-05  -2.42025e-05
3.14159  0  0  6.05066e-05  -3.31688e-05
4.39823  0  0  4.83883e-05  -3.89271e-05
5.65487  0  0  3.85362e-05  -3.98887e-05
6.9115  0  0  3.07879e-05  -3.9117e-05
8.16814  0  0  2.47074e-05  -3.74512e-05
10.6814  0  0  1.66313e-05  -3.26826e-05
15.708  0  0  8.47608e-06  -2.52197e-05
33.3009  0  0  1.9681e-06  -1.29748e-05
-54.6637  0  3.14159  6.35178e-07  8.04275e-06
-27.0177  0  3.14159  2.36843e-06  1.60549e-05
-13.1947  0  3.14159  9.02052e-06  3.08344e-05
-10.6814  0  3.14159  1.31444e-05  3.65683e-05
-8.16814  0  3.14159  2.01574e-05  4.43721e-05
-6.9115  0  3.14159  2.65481e-05  4.92451e-05
-5.65487  0  3.14159  3.55426e-05  5.43197e-05
-4.39823  0  3.14159  4.87522e-05  5.91588e-05
-3.14159  0  3.14159  7.02794e-05  6.09093e-05
-1.88496  0  3.14159  9.73199e-05  5.23497e-05
-0.628319  0  3.14159  0.000119214  2.29721e-05
0.628319  0  3.14159  0.000122355  -2.35857e-05
1.88496  0  3.14159  9.56099e-05  -5.17005e-05
3.14159  0  3.14159  6.77713e-05  -6.05959e-05
4.39823  0  3.14159  4.75378e-05  -6.02312e-05
5.65487  0  3.14159  3.41356e-05  -5.52376e-05
6.9115  0  3.14159  2.54915e-05  -4.98972e-05
8.16814  0  3.14159  1.95633e-05  -4.52863e-05
10.6814  0  3.14159  1.22319e-05  -3.69927e-05
15.708  0  3.14159  5.87795e-06  -2.69168e-05
33.3009  0  3.14159  1.26998e-06  -1.31829e-05
-54.6637  3.14159  0  6.35178e-07  8.04275e-06
-27.0177  3.14159  0  2.36843e-06  1.60549e-05
-13.1947  3.14159  0  9.02052e-06  3.08344e-05
-10.6814  3.14159  0  1.31444e-05  3.65683e-05
-8.16814  3.14159  0  2.01574e-05  4.43721e-05
-6.9115  3.14159  0  2.65481e-05  4.92451e-05
-5.65487  3.14159  0  3.55426e-05  5.43197e-05
-4.39823  3.14159  0  4.87522e-05  5.91588e-05
-3.14159  3.14159  0  7.02794e-05  6.09093e-05
-1.88496  3.14159  0  9.73199e-05  5.23497e-05
-0.628319  3.14159  0  0.000119214  2.29721e-05
0.628319  3.14159  0  0.000122355  -2.35857e-05
1.88496  3.14159  0  9.56099e-05  -5.17005e-05
3.14159  3.14159  0  6.77713e-05  -6.05959e-05
4.39823  3.14159  0  4.75378e-05  -6.02312e-05
5.65487  3.14159  0  3.41356e-05  -5.52376e-05
6.9115  3.14159  0  2.54915e-05  -4.98972e-05
8.16814  3.14159  0  1.95633e-05  -4.52863e-05
10.6814  3.14159  0  1.22319e-05  -3.69927e-05
15.708  3.14159  0  5.87795e-06  -2.69168e-05
33.3009  3.14159  0  1.26998e-06  -1.31829e-05
-54.6637  3.14159  3.14159  3.65558e-07  8.04038e-06
-27.0177  3.14159  3.14159  1.27011e-06  1.62128e-05
-13.1947  3.14159  3.14159  4.65294e-06  3.23505e-05
-10.6814  3.14159  3.14159  6.73137e-06  3.93298e-05
-8.16814  3.14159  3.14159  1.04178e-05  5.01729e-05
-6.9115  3.14159  3.14159  1.38389e-05  5.80112e-05
-5.65487  3.14159  3.14159  1.90397e-05  6.88215e-05
-4.39823  3.14159  3.14159  2.78874e-05  8.47793e-05
-3.14159  3.14159  3.14159  4.68885e-05  0.000109542
-1.88496  3.14159  3.14159  9.51603e-05  0.00015109
-0.628319  3.14159  3.14159  0.000270308  0.000157696
0.628319  3.14159  3.14159  0.000270048  -0.000160084
1.88496  3.14159  3.14159  9.36216e-05  -0.000152105
3.14159  3.14159  3.14159  4.53924e-05  -0.000110154
4.39823  3.14159  3.14159  2.69594e-05  -8.57199e-05
5.65487  3.14159  3.14159  1.79879e-05  -6.96487e-05
6.9115  3.14159  3.14159  1.28854e-05  -5.88e-05
8.16814  3.14159  3.14159  9.60912e-06  -5.0838e-05
10.6814  3.14159  3.14159  5.92681e-06  -3.9761e-05
15.708  3.14159  3.14159  2.7017e-06  -2.77163e-05
33.3009  3.14159  3.14159  4.82044e-07  -1.3239e-05
