-54.6637  0  0  -0.0109727  1.14215
-27.0177  0  0  -0.0443021  2.30011
-13.1947  0  0  -0.18394  4.58929
-10.6814  0  0  -0.276987  5.57438
-8.16814  0  0  -0.457398  7.08499
-6.9115  0  0  -0.617  8.11841
-5.65487  0  0  -0.882369  9.42963
-4.39823  0  0  -1.31124  11.0347
-3.14159  0  0  -2.05101  12.8645
-1.88496  0  0  -3.32786  13.4219
-0.628319  0  0  -4.97456  7.21654
0.628319  0  0  -4.97252  -7.21709
1.88496  0  0  -3.32838  -13.4225
3.14159  0  0  -2.05092  -12.8642
4.39823  0  0  -1.31139  -11.0345
5.65487  0  0  -0.882936  -9.42951
6.9115  0  0  -0.617364  -8.11853
8.16814  0  0  -0.457829  -7.08506
10.6814  0  0  -0.277276  -5.57434
15.708  0  0  -0.132447  -3.90405
33.3009  0  0  -0.0302709  -1.86282
-54.6637  0  3.14159  1.68269e-05  1.14153
-27.0177  0  3.14159  5.14716e-05  2.30794
-13.1947  0  3.14159  8.22083e-05  4.72948
-10.6814  0  3.14159  9.734e-05  5.84112
-8.16814  0  3.14159  0.000122208  7.66018
-6.9115  0  3.14159  0.000182261  8.99184
-5.65487  0  3.14159  0.000245112  10.9407
-4.39823  0  3.14159  0.000205411  14.0149
-3.14159  0  3.14159  0.000186183  19.4019
-1.88496  0  3.14159  0.000168844  31.887
-0.628319  0  3.14159  0.00153562  93.4595
0.628319  0  3.14159  -0.0022429  -93.4597
1.88496  0  3.14159  -0.00054195  -31.887
3.14159  0  3.14159  -0.000397965  -19.4019
4.39823  0  3.14159  -0.000203373  -14.0149
5.65487  0  3.14159  -0.000210421  -10.9407
6.9115  0  3.14159  -0.000192243  -8.99185
8.16814  0  3.14159  -0.000114436  -7.66017
10.6814  0  3.14159  -0.000101869  -5.84112
15.708  0  3.14159  -8.48788e-05  -3.96635
33.3009  0  3.14159  -2.25525e-05  -1.88159
-54.6637  3.14159  0  1.68269e-05  1.14153
-27.0177  3.14159  0  5.14716e-05  2.30794
-13.1947  3.14159  0  8.22083e-05  4.72948
-10.6814  3.14159  0  9.734e-05  5.84112
-8.16814  3.14159  0  0.000122208  7.66018
-6.9115  3.14159  0  0.000182261  8.99184
-5.65487  3.14159  0  0.000245112  10.9407
-4.39823  3.14159  0  0.000205411  14.0149
-3.14159  3.14159  0  0.000186183  19.4019
-1.88496  3.14159  0  0.000168844  31.887
-0.628319  3.14159  0  0.00153562  93.4595
0.628319  3.14159  0  -0.0022429  -93.4597
1.88496  3.14159  0  -0.00054195  -31.887
3.14159  3.14159  0  -0.000397965  -19.4019
4.39823  3.14159  0  -0.000203373  -14.0149
5.65487  3.14159  0  -0.000210421  -10.9407
6.9115  3.14159  0  -0.000192243  -8.99185
8.16814  3.14159  0  -0.000114436  -7.66017
10.6814  3.14159  0  -0.000101869  -5.84112
15.708  3.14159  0  -8.48788e-05  -3.96635
33.3009  3.14159  0  -2.25525e-05  -1.88159
-54.6637  3.14159  3.14159  0.0110732  1.14215
-27.0177  3.14159  3.14159  0.0454734  2.30011
-13.1947  3.14159  3.14159  0.184638  4.58932
-10.6814  3.14159  3.14159  0.27713  5.57442
-8.16814  3.14159  3.14159  0.460115  7.08491
-6.9115  3.14159  3.14159  0.624501  8.11835
-5.65487  3.14159  3.14159  0.873112  9.42964
-4.39823  3.14159  3.14159  1.3065  11.0346
-3.14159  3.14159  3.14159  2.08775  12.8643
-1.88496  3.14159  3.14159  3.44284  13.4218
-0.628319  3.14159  3.14159  4.99026  7.21635
0.628319  3.14159  3.14159  4.99235  -7.21705
1.88496  3.14159  3.14159  3.44231  -13.4227
3.14159  3.14159  3.14159  2.0879  -12.8642
4.39823  3.14159  3.14159  1.30636  -11.0345
5.65487  3.14159  3.14159  0.872527  -9.42958
6.9115  3.14159  3.14159  0.624164  -8.11848
8.16814  3.14159  3.14159  0.459724  -7.08499
10.6814  3.14159  3.14159  0.276818  -5.57439
15.708  3.14159  3.14159  0.129754  -3.90406
33.3009  3.14159  3.14159  0.0289591  -1.86283
