-54.6637  0  0  -0.000106762  0.00107164
-27.0177  0  0  0.0002888  0.00203094
-13.1947  0  0  0.00144651  0.00305934
-10.6814  0  0  0.00192517  0.0033044
-8.16814  0  0  0.00262967  0.00354493
-6.9115  0  0  0.00312004  0.00362902
-5.65487  0  0  0.00373677  0.00363331
-4.39823  0  0  0.00448316  0.00347688
-3.14159  0  0  0.00531185  0.00305197
-1.88496  0  0  0.00608417  0.00225635
-0.628319  0  0  0.00656238  0.00110201
0.628319  0  0  0.00654187  -0.000198711
1.88496  0  0  0.00603222  -0.00133098
3.14159  0  0  0.00524053  -0.00208978
4.39823  0  0  0.00440528  -0.00246694
5.65487  0  0  0.00367452  -0.00257082
6.9115  0  0  0.00309306  -0.00252039
8.16814  0  0  0.00264721  -0.00240169
10.6814  0  0  0.00204809  -0.00211408
15.708  0  0  0.00146532  -0.001654
33.3009  0  0  0.000798727  -0.00104364
-54.6637  0  3.14159  -0.000107365  0.00107045
-27.0177  0  3.14159  0.000283467  0.00202398
-13.1947  0  3.14159  0.00138003  0.00303055
-10.6814  0  3.14159  0.00180213  0.00328871
-8.16814  0  3.14159  0.00241686  0.00360089
-6.9115  0  3.14159  0.00285699  0.00377235
-5.65487  0  3.14159  0.00344309  0.0039291
-4.39823  0  3.14159  0.00424238  0.00400678
-3.14159  0  3.14159  0.00532126  0.00386073
-1.88496  0  3.14159  0.00664761  0.00316874
-0.628319  0  3.14159  0.00773502  0.00154295
0.628319  0  3.14159  0.00770509  -0.000670394
1.88496  0  3.14159  0.00657125  -0.00226174
3.14159  0  3.14159  0.00522408  -0.00290118
4.39823  0  3.14159  0.00414689  -0.00299031
5.65487  0  3.14159  0.00337283  -0.00285881
6.9115  0  3.14159  0.002822  -0.00265781
8.16814  0  3.14159  0.00242793  -0.00244929
10.6814  0  3.14159  0.00192736  -0.00208982
15.708  0  3.14159  0.00143216  -0.00162972
33.3009  0  3.14159  0.000795417  -0.00103947
-54.6637  3.14159  0  -0.000107365  0.00107045
-27.0177  3.14159  0  0.000283467  0.00202398
-13.1947  3.14159  0  0.00138003  0.00303055
-10.6814  3.14159  0  0.00180213  0.00328871
-8.16814  3.14159  0  0.00241686  0.00360089
-6.9115  3.14159  0  0.00285699  0.00377235
-5.65487  3.14159  0  0.00344309  0.0039291
-4.39823  3.14159  0  0.00424238  0.00400678
-3.14159  3.14159  0  0.00532126  0.00386073
-1.88496  3.14159  0  0.00664761  0.00316874
-0.628319  3.14159  0  0.00773502  0.00154295
0.628319  3.14159  0  0.00770509  -0.000670394
1.88496  3.14159  0  0.00657125  -0.00226174
3.14159  3.14159  0  0.00522408  -0.00290118
4.39823  3.14159  0  0.00414689  -0.00299031
5.65487  3.14159  0  0.00337283  -0.00285881
6.9115  3.14159  0  0.002822  -0.00265781
8.16814  3.14159  0  0.00242793  -0.00244929
10.6814  3.14159  0  0.00192736  -0.00208982
15.708  3.14159  0  0.00143216  -0.00162972
33.3009  3.14159  0  0.000795417  -0.00103947
-54.6637  3.14159  3.14159  -0.000107947  0.00106929
-27.0177  3.14159  3.14159  0.000278788  0.00201712
-13.1947  3.14159  3.14159  0.00132313  0.00299865
-10.6814  3.14159  3.14159  0.00170126  0.00325711
-8.16814  3.14159  3.14159  0.00223002  0.00358664
-6.9115  3.14159  3.14159  0.00259145  0.00378735
-5.65487  3.14159  3.14159  0.003053  0.00402009
-4.39823  3.14159  3.14159  0.00366475  0.00430635
-3.14159  3.14159  3.14159  0.00455376  0.00469515
-1.88496  3.14159  3.14159  0.00619718  0.00533086
-0.628319  3.14159  3.14159  0.0110368  0.00490783
0.628319  3.14159  3.14159  0.0109611  -0.00410391
1.88496  3.14159  3.14159  0.00604781  -0.0044298
3.14159  3.14159  3.14159  0.00443638  -0.00370908
4.39823  3.14159  3.14159  0.00357238  -0.00327903
5.65487  3.14159  3.14159  0.00297378  -0.00294891
6.9115  3.14159  3.14159  0.0025471  -0.00266472
8.16814  3.14159  3.14159  0.00223715  -0.00242369
10.6814  3.14159  3.14159  0.00182924  -0.00205179
15.708  3.14159  3.14159  0.00140231  -0.00160436
33.3009  3.14159  3.14159  0.000792397  -0.00103546
