-54.6637  0  0  -0.00598583  0.112565
-27.0177  0  0  -0.0214541  0.21808
-13.1947  0  0  -0.0589439  0.390168
-10.6814  0  0  -0.0726485  0.449539
-8.16814  0  0  -0.0889814  0.52344
-6.9115  0  0  -0.0977741  0.564362
-5.65487  0  0  -0.106548  0.602701
-4.39823  0  0  -0.114788  0.62538
-3.14159  0  0  -0.121857  0.60115
-1.88496  0  0  -0.127073  0.471845
-0.628319  0  0  -0.129853  0.186444
0.628319  0  0  -0.129853  -0.186444
1.88496  0  0  -0.127073  -0.471845
3.14159  0  0  -0.121857  -0.60115
4.39823  0  0  -0.114788  -0.625381
5.65487  0  0  -0.106548  -0.602701
6.9115  0  0  -0.0977744  -0.564362
8.16814  0  0  -0.0889817  -0.52344
10.6814  0  0  -0.0726487  -0.449539
15.708  0  0  -0.0479866  -0.343056
33.3009  0  0  -0.0149667  -0.180289
-54.6637  0  3.14159  3.05871e-09  0.112538
-27.0177  0  3.14159  -1.29092e-08  0.217344
-13.1947  0  3.14159  -4.39204e-09  0.378184
-10.6814  0  3.14159  -1.40589e-09  0.427423
-8.16814  0  3.14159  -7.44051e-10  0.484197
-6.9115  0  3.14159  -1.418e-09  0.515935
-5.65487  0  3.14159  -9.9429e-10  0.552492
-4.39823  0  3.14159  -1.55175e-09  0.602624
-3.14159  0  3.14159  -2.26273e-09  0.696713
-1.88496  0  3.14159  -3.15317e-09  0.959729
-0.628319  0  3.14159  -4.35554e-09  2.53253
0.628319  0  3.14159  -6.08846e-09  -2.53253
1.88496  0  3.14159  -8.66988e-09  -0.959729
3.14159  0  3.14159  -1.24912e-08  -0.696713
4.39823  0  3.14159  -1.77263e-08  -0.602624
5.65487  0  3.14159  -2.33159e-08  -0.552492
6.9115  0  3.14159  -2.68925e-08  -0.515935
8.16814  0  3.14159  -1.96355e-08  -0.484197
10.6814  0  3.14159  1.47385e-08  -0.427423
15.708  0  3.14159  5.30065e-08  -0.336426
33.3009  0  3.14159  -1.65749e-08  -0.180003
-54.6637  3.14159  0  3.05871e-09  0.112538
-27.0177  3.14159  0  -1.29092e-08  0.217344
-13.1947  3.14159  0  -4.39204e-09  0.378184
-10.6814  3.14159  0  -1.40589e-09  0.427423
-8.16814  3.14159  0  -7.44051e-10  0.484197
-6.9115  3.14159  0  -1.418e-09  0.515935
-5.65487  3.14159  0  -9.9429e-10  0.552492
-4.39823  3.14159  0  -1.55175e-09  0.602624
-3.14159  3.14159  0  -2.26273e-09  0.696713
-1.88496  3.14159  0  -3.15317e-09  0.959729
-0.628319  3.14159  0  -4.35554e-09  2.53253
0.628319  3.14159  0  -6.08846e-09  -2.53253
1.88496  3.14159  0  -8.66988e-09  -0.959729
3.14159  3.14159  0  -1.24912e-08  -0.696713
4.39823  3.14159  0  -1.77263e-08  -0.602624
5.65487  3.14159  0  -2.33159e-08  -0.552492
6.9115  3.14159  0  -2.68925e-08  -0.515935
8.16814  3.14159  0  -1.96355e-08  -0.484197
10.6814  3.14159  0  1.47385e-08  -0.427423
15.708  3.14159  0  5.30065e-08  -0.336426
33.3009  3.14159  0  -1.65749e-08  -0.180003
-54.6637  3.14159  3.14159  0.00598584  0.112565
-27.0177  3.14159  3.14159  0.0214541  0.21808
-13.1947  3.14159  3.14159  0.0589439  0.390168
-10.6814  3.14159  3.14159  0.0726485  0.449539
-8.16814  3.14159  3.14159  0.0889814  0.52344
-6.9115  3.14159  3.14159  0.0977741  0.564362
-5.65487  3.14159  3.14159  0.106548  0.602701
-4.39823  3.14159  3.14159  0.114788  0.62538
-3.14159  3.14159  3.14159  0.121857  0.60115
-1.88496  3.14159  3.14159  0.127073  0.471845
-0.628319  3.14159  3.14159  0.129853  0.186444
0.628319  3.14159  3.14159  0.129853  -0.186444
1.88496  3.14159  3.14159  0.127073  -0.471845
3.14159  3.14159  3.14159  0.121857  -0.60115
4.39823  3.14159  3.14159  0.114788  -0.625381
5.65487  3.14159  3.14159  0.106548  -0.602701
6.9115  3.14159  3.14159  0.0977741  -0.564362
8.16814  3.14159  3.14159  0.0889815  -0.523441
10.6814  3.14159  3.14159  0.0726488  -0.449539
15.708  3.14159  3.14159  0.0479868  -0.343056
33.3009  3.14159  3.14159  0.0149666  -0.180289
