-54.6637  0  0  0.0154657  -0.0070233
-27.0177  0  0  -0.0421651  -0.0744203
-13.1947  0  0  0.10567  -0.744487
-10.6814  0  0  0.279342  -0.0913584
-8.16814  0  0  0.477112  -0.83801
-6.9115  0  0  -2.64119  0.555542
-5.65487  0  0  -1.53837  5.35585
-4.39823  0  0  -0.704253  -3.84295
-3.14159  0  0  -13.0345  16.3699
-1.88496  0  0  33.0969  19.1106
-0.628319  0  0  20.7218  97.0204
0.628319  0  0  55.9474  79.6734
1.88496  0  0  -21.694  40.6125
3.14159  0  0  16.8059  -9.9023
4.39823  0  0  -2.55841  -4.85106
5.65487  0  0  2.00193  3.30229
6.9115  0  0  4.12929  -2.27275
8.16814  0  0  -0.17723  -0.242113
10.6814  0  0  -0.491528  -0.19973
15.708  0  0  0.087493  0.0226728
33.3009  0  0  0.014839  0.00609343
-54.6637  0  3.14159  0.0135551  0.00552724
-27.0177  0  3.14159  -0.0648064  -0.00281
-13.1947  0  3.14159  0.119443  -0.44336
-10.6814  0  3.14159  -0.123584  0.143728
-8.16814  0  3.14159  1.25034  -2.09417
-6.9115  0  3.14159  -2.0889  -0.549103
-5.65487  0  3.14159  -1.75575  1.2464
-4.39823  0  3.14159  -1.92953  1.36798
-3.14159  0  3.14159  -11.8419  10.5488
-1.88496  0  3.14159  16.8204  13.3782
-0.628319  0  3.14159  160.735  122.7
0.628319  0  3.14159  -17.9492  -24.7752
1.88496  0  3.14159  -8.69423  32.4317
3.14159  0  3.14159  16.9138  -4.43783
4.39823  0  3.14159  -2.33699  -0.357596
5.65487  0  3.14159  1.95674  1.62375
6.9115  0  3.14159  1.10513  -3.3734
8.16814  0  3.14159  -0.220596  -2.03697
10.6814  0  3.14159  0.0342169  -0.0423207
15.708  0  3.14159  0.281529  -0.0239486
33.3009  0  3.14159  -0.018256  0.107308
-54.6637  3.14159  0  0.0135551  0.00552724
-27.0177  3.14159  0  -0.0648064  -0.00281
-13.1947  3.14159  0  0.119443  -0.44336
-10.6814  3.14159  0  -0.123584  0.143728
-8.16814  3.14159  0  1.25034  -2.09417
-6.9115  3.14159  0  -2.0889  -0.549103
-5.65487  3.14159  0  -1.75575  1.2464
-4.39823  3.14159  0  -1.92953  1.36798
-3.14159  3.14159  0  -11.8419  10.5488
-1.88496  3.14159  0  16.8204  13.3782
-0.628319  3.14159  0  160.735  122.7
0.628319  3.14159  0  -17.9492  -24.7752
1.88496  3.14159  0  -8.69423  32.4317
3.14159  3.14159  0  16.9138  -4.43783
4.39823  3.14159  0  -2.33699  -0.357596
5.65487  3.14159  0  1.95674  1.62375
6.9115  3.14159  0  1.10513  -3.3734
8.16814  3.14159  0  -0.220596  -2.03697
10.6814  3.14159  0  0.0342169  -0.0423207
15.708  3.14159  0  0.281529  -0.0239486
33.3009  3.14159  0  -0.018256  0.107308
-54.6637  3.14159  3.14159  -0.0478007  0.0486274
-27.0177  3.14159  3.14159  -0.104176  0.112991
-13.1947  3.14159  3.14159  0.807088  -0.662033
-10.6814  3.14159  3.14159  -0.367839  -0.141056
-8.16814  3.14159  3.14159  1.6521  -1.91758
-6.9115  3.14159  3.14159  -2.43681  0.896225
-5.65487  3.14159  3.14159  0.0687922  2.67825
-4.39823  3.14159  3.14159  -3.80964  -1.02893
-3.14159  3.14159  3.14159  -8.76074  7.56388
-1.88496  3.14159  3.14159  37.6342  3.53681
-0.628319  3.14159  3.14159  315.495  200.084
0.628319  3.14159  3.14159  -89.3051  -213.612
1.88496  3.14159  3.14159  -6.25783  29.2998
3.14159  3.14159  3.14159  19.9408  -13.036
4.39823  3.14159  3.14159  -4.49531  -1.79814
5.65487  3.14159  3.14159  5.49344  2.18384
6.9115  3.14159  3.14159  3.03111  -2.29839
8.16814  3.14159  3.14159  0.316274  -2.24025
10.6814  3.14159  3.14159  -0.741253  0.355737
15.708  3.14159  3.14159  0.45343  -0.0610185
33.3009  3.14159  3.14159  0.005215  0.00771143
