-54.6637  0  0  0.000145446  0.000540506
-27.0177  0  0  0.000224488  0.00111577
-13.1947  0  0  0.000905051  0.00233895
-10.6814  0  0  0.00137015  0.00270033
-8.16814  0  0  0.00211373  0.00303923
-6.9115  0  0  0.00263539  0.00315398
-5.65487  0  0  0.0032816  0.00317572
-4.39823  0  0  0.00405536  0.00303407
-3.14159  0  0  0.00491616  0.00261985
-1.88496  0  0  0.00572395  0.00182162
-0.628319  0  0  0.00623405  0.000651107
0.628319  0  0  0.00623671  -0.000680024
1.88496  0  0  0.0057316  -0.00184769
3.14159  0  0  0.00492858  -0.00263859
4.39823  0  0  0.00407262  -0.00303595
5.65487  0  0  0.00331878  -0.00315129
6.9115  0  0  0.00271499  -0.00310841
8.16814  0  0  0.00224864  -0.00298999
10.6814  0  0  0.00161622  -0.00269992
15.708  0  0  0.000939987  -0.00223746
33.3009  0  0  0.000111008  -0.00130132
-54.6637  0  3.14159  0.000145339  0.000539412
-27.0177  0  3.14159  0.000219625  0.00110545
-13.1947  0  3.14159  0.000828486  0.00231535
-10.6814  0  3.14159  0.00124122  0.00269514
-8.16814  0  3.14159  0.00190032  0.00310548
-6.9115  0  3.14159  0.00237258  0.00330759
-5.65487  0  3.14159  0.00299102  0.00348333
-4.39823  0  3.14159  0.00381829  0.00357352
-3.14159  0  3.14159  0.00492768  0.00343782
-1.88496  0  3.14159  0.0062931  0.0027493
-0.628319  0  3.14159  0.00742374  0.00110715
0.628319  0  3.14159  0.00742445  -0.00114654
1.88496  0  3.14159  0.00629632  -0.00278555
3.14159  0  3.14159  0.00493287  -0.00346587
4.39823  0  3.14159  0.00382488  -0.0035835
5.65487  0  3.14159  0.00301385  -0.00346405
6.9115  0  3.14159  0.00243315  -0.00325844
8.16814  0  3.14159  0.00202131  -0.00304078
10.6814  0  3.14159  0.00149487  -0.0026793
15.708  0  3.14159  0.000901166  -0.00221728
33.3009  0  3.14159  0.00010754  -0.00129519
-54.6637  3.14159  0  0.000145339  0.000539412
-27.0177  3.14159  0  0.000219625  0.00110545
-13.1947  3.14159  0  0.000828486  0.00231535
-10.6814  3.14159  0  0.00124122  0.00269514
-8.16814  3.14159  0  0.00190032  0.00310548
-6.9115  3.14159  0  0.00237258  0.00330759
-5.65487  3.14159  0  0.00299102  0.00348333
-4.39823  3.14159  0  0.00381829  0.00357352
-3.14159  3.14159  0  0.00492768  0.00343782
-1.88496  3.14159  0  0.0062931  0.0027493
-0.628319  3.14159  0  0.00742374  0.00110715
0.628319  3.14159  0  0.00742445  -0.00114654
1.88496  3.14159  0  0.00629632  -0.00278555
3.14159  3.14159  0  0.00493287  -0.00346587
4.39823  3.14159  0  0.00382488  -0.0035835
5.65487  3.14159  0  0.00301385  -0.00346405
6.9115  3.14159  0  0.00243315  -0.00325844
8.16814  3.14159  0  0.00202131  -0.00304078
10.6814  3.14159  0  0.00149487  -0.0026793
15.708  3.14159  0  0.000901166  -0.00221728
33.3009  3.14159  0  0.00010754  -0.00129519
-54.6637  3.14159  3.14159  0.000145241  0.000538346
-27.0177  3.14159  3.14159  0.000215345  0.00109513
-13.1947  3.14159  3.14159  0.000763459  0.0022902
-10.6814  3.14159  3.14159  0.00113793  0.00267191
-8.16814  3.14159  3.14159  0.00171095  0.00309443
-6.9115  3.14159  3.14159  0.00210064  0.0033291
-5.65487  3.14159  3.14159  0.00259916  0.00358987
-4.39823  3.14159  3.14159  0.00325645  0.00388188
-3.14159  3.14159  3.14159  0.0041514  0.00426383
-1.88496  3.14159  3.14159  0.00581124  0.00494469
-0.628319  3.14159  3.14159  0.0107379  0.00453478
0.628319  3.14159  3.14159  0.0107545  -0.00456378
1.88496  3.14159  3.14159  0.00583478  -0.00499224
3.14159  3.14159  3.14159  0.00415789  -0.00432039
4.39823  3.14159  3.14159  0.00323336  -0.00390382
5.65487  3.14159  3.14159  0.00260468  -0.00356503
6.9115  3.14159  3.14159  0.00215488  -0.00327265
8.16814  3.14159  3.14159  0.00182702  -0.00302412
10.6814  3.14159  3.14159  0.00139018  -0.00264727
15.708  3.14159  3.14159  0.000866108  -0.00219271
33.3009  3.14159  3.14159  0.000104327  -0.0012894
