-54.6637  0  0  -0.0109692  1.14214
-27.0177  0  0  -0.0443319  2.30011
-13.1947  0  0  -0.183961  4.58926
-10.6814  0  0  -0.276897  5.57435
-8.16814  0  0  -0.457463  7.08497
-6.9115  0  0  -0.617075  8.11837
-5.65487  0  0  -0.882333  9.42956
-4.39823  0  0  -1.31109  11.0346
-3.14159  0  0  -2.05115  12.8647
-1.88496  0  0  -3.3277  13.4221
-0.628319  0  0  -4.97534  7.21648
0.628319  0  0  -4.97171  -7.21726
1.88496  0  0  -3.32842  -13.4222
3.14159  0  0  -2.05069  -12.864
4.39823  0  0  -1.31152  -11.0343
5.65487  0  0  -0.882975  -9.42949
6.9115  0  0  -0.617294  -8.11852
8.16814  0  0  -0.457765  -7.08506
10.6814  0  0  -0.277362  -5.57429
15.708  0  0  -0.132348  -3.90404
33.3009  0  0  -0.0302758  -1.86281
-54.6637  0  3.14159  -2.4826e-05  1.14154
-27.0177  0  3.14159  0.000175468  2.30791
-13.1947  0  3.14159  0.000280446  4.72949
-10.6814  0  3.14159  -4.81063e-05  5.84103
-8.16814  0  3.14159  -0.000461351  7.66027
-6.9115  0  3.14159  6.8485e-05  8.99194
-5.65487  0  3.14159  -2.23142e-05  10.9405
-4.39823  0  3.14159  0.000662861  14.0145
-3.14159  0  3.14159  0.000865395  19.4015
-1.88496  0  3.14159  -0.00123378  31.8883
-0.628319  0  3.14159  0.00484514  93.4597
0.628319  0  3.14159  -0.00424987  -93.4577
1.88496  0  3.14159  0.00127135  -31.8857
3.14159  0  3.14159  -0.00108912  -19.402
4.39823  0  3.14159  -0.000662715  -14.0151
5.65487  0  3.14159  2.28786e-05  -10.9407
6.9115  0  3.14159  -2.9318e-05  -8.99157
8.16814  0  3.14159  0.000504469  -7.66005
10.6814  0  3.14159  3.58061e-05  -5.84114
15.708  0  3.14159  -0.000264386  -3.96635
33.3009  0  3.14159  -0.000196957  -1.88159
-54.6637  3.14159  0  -2.4826e-05  1.14154
-27.0177  3.14159  0  0.000175468  2.30791
-13.1947  3.14159  0  0.000280446  4.72949
-10.6814  3.14159  0  -4.81063e-05  5.84103
-8.16814  3.14159  0  -0.000461351  7.66027
-6.9115  3.14159  0  6.8485e-05  8.99194
-5.65487  3.14159  0  -2.23142e-05  10.9405
-4.39823  3.14159  0  0.000662861  14.0145
-3.14159  3.14159  0  0.000865395  19.4015
-1.88496  3.14159  0  -0.00123378  31.8883
-0.628319  3.14159  0  0.00484514  93.4597
0.628319  3.14159  0  -0.00424987  -93.4577
1.88496  3.14159  0  0.00127135  -31.8857
3.14159  3.14159  0  -0.00108912  -19.402
4.39823  3.14159  0  -0.000662715  -14.0151
5.65487  3.14159  0  2.28786e-05  -10.9407
6.9115  3.14159  0  -2.9318e-05  -8.99157
8.16814  3.14159  0  0.000504469  -7.66005
10.6814  3.14159  0  3.58061e-05  -5.84114
15.708  3.14159  0  -0.000264386  -3.96635
33.3009  3.14159  0  -0.000196957  -1.88159
-54.6637  3.14159  3.14159  0.0110765  1.14214
-27.0177  3.14159  3.14159  0.0454435  2.30011
-13.1947  3.14159  3.14159  0.184617  4.58929
-10.6814  3.14159  3.14159  0.277219  5.57439
-8.16814  3.14159  3.14159  0.460048  7.08489
-6.9115  3.14159  3.14159  0.624423  8.11833
-5.65487  3.14159  3.14159  0.873144  9.42958
-4.39823  3.14159  3.14159  1.30665  11.0346
-3.14159  3.14159  3.14159  2.0876  12.8645
-1.88496  3.14159  3.14159  3.44297  13.422
-0.628319  3.14159  3.14159  4.98946  7.2164
0.628319  3.14159  3.14159  4.99313  -7.21713
1.88496  3.14159  3.14159  3.44226  -13.4223
3.14159  3.14159  3.14159  2.08812  -12.8639
4.39823  3.14159  3.14159  1.30622  -11.0343
5.65487  3.14159  3.14159  0.872484  -9.42954
6.9115  3.14159  3.14159  0.624231  -8.11847
8.16814  3.14159  3.14159  0.459786  -7.08498
10.6814  3.14159  3.14159  0.276731  -5.57434
15.708  3.14159  3.14159  0.129853  -3.90406
33.3009  3.14159  3.14159  0.0289539  -1.86282
