-54.6637  0  0  0.000995688  -0.13961
-27.0177  0  0  0.00424558  -0.281667
-13.1947  0  0  0.0191933  -0.568056
-10.6814  0  0  0.0295294  -0.693413
-8.16814  0  0  0.0492984  -0.884014
-6.9115  0  0  0.0660019  -1.01977
-5.65487  0  0  0.0907161  -1.19659
-4.39823  0  0  0.128358  -1.42653
-3.14159  0  0  0.187578  -1.69746
-1.88496  0  0  0.2799  -1.82205
-0.628319  0  0  0.385021  -0.988653
0.628319  0  0  0.385034  0.988653
1.88496  0  0  0.279925  1.82205
3.14159  0  0  0.1876  1.69745
4.39823  0  0  0.128376  1.42653
5.65487  0  0  0.0907319  1.19659
6.9115  0  0  0.0660147  1.01977
8.16814  0  0  0.0493097  0.884014
10.6814  0  0  0.0295392  0.693413
15.708  0  0  0.0133282  0.480179
33.3009  0  0  0.00275115  0.228828
-54.6637  0  3.14159  -9.3153e-07  -0.13978
-27.0177  0  3.14159  -1.9989e-06  -0.283079
-13.1947  0  3.14159  -4.48872e-06  -0.579803
-10.6814  0  3.14159  -5.4682e-06  -0.714629
-8.16814  0  3.14159  -6.89986e-06  -0.927047
-6.9115  0  3.14159  -8.06063e-06  -1.08492
-5.65487  0  3.14159  -9.7728e-06  -1.30189
-4.39823  0  3.14159  -1.2357e-05  -1.61825
-3.14159  0  3.14159  -1.66471e-05  -2.13752
-1.88496  0  3.14159  -2.77836e-05  -3.27768
-0.628319  0  3.14159  -0.000148767  -9.13197
0.628319  0  3.14159  9.86367e-05  9.13195
1.88496  0  3.14159  2.96014e-05  3.27768
3.14159  0  3.14159  1.75886e-05  2.13752
4.39823  0  3.14159  1.24229e-05  1.61825
5.65487  0  3.14159  9.39743e-06  1.30189
6.9115  0  3.14159  7.52851e-06  1.08491
8.16814  0  3.14159  6.28075e-06  0.927047
10.6814  0  3.14159  4.74515e-06  0.714629
15.708  0  3.14159  3.2665e-06  0.487274
33.3009  0  3.14159  1.54282e-06  0.229581
-54.6637  3.14159  0  -9.3153e-07  -0.13978
-27.0177  3.14159  0  -1.9989e-06  -0.283079
-13.1947  3.14159  0  -4.48872e-06  -0.579803
-10.6814  3.14159  0  -5.4682e-06  -0.714629
-8.16814  3.14159  0  -6.89986e-06  -0.927047
-6.9115  3.14159  0  -8.06063e-06  -1.08492
-5.65487  3.14159  0  -9.7728e-06  -1.30189
-4.39823  3.14159  0  -1.2357e-05  -1.61825
-3.14159  3.14159  0  -1.66471e-05  -2.13752
-1.88496  3.14159  0  -2.77836e-05  -3.27768
-0.628319  3.14159  0  -0.000148767  -9.13197
0.628319  3.14159  0  9.86367e-05  9.13195
1.88496  3.14159  0  2.96014e-05  3.27768
3.14159  3.14159  0  1.75886e-05  2.13752
4.39823  3.14159  0  1.24229e-05  1.61825
5.65487  3.14159  0  9.39743e-06  1.30189
6.9115  3.14159  0  7.52851e-06  1.08491
8.16814  3.14159  0  6.28075e-06  0.927047
10.6814  3.14159  0  4.74515e-06  0.714629
15.708  3.14159  0  3.2665e-06  0.487274
33.3009  3.14159  0  1.54282e-06  0.229581
-54.6637  3.14159  3.14159  -0.000997095  -0.13961
-27.0177  3.14159  3.14159  -0.00424906  -0.281667
-13.1947  3.14159  3.14159  -0.0192031  -0.568055
-10.6814  3.14159  3.14159  -0.029541  -0.693413
-8.16814  3.14159  3.14159  -0.0493108  -0.884013
-6.9115  3.14159  3.14159  -0.0660155  -1.01977
-5.65487  3.14159  3.14159  -0.0907348  -1.19659
-4.39823  3.14159  3.14159  -0.12838  -1.42653
-3.14159  3.14159  3.14159  -0.187604  -1.69745
-1.88496  3.14159  3.14159  -0.279927  -1.82204
-0.628319  3.14159  3.14159  -0.385031  -0.988651
0.628319  3.14159  3.14159  -0.385017  0.988653
1.88496  3.14159  3.14159  -0.2799  1.82204
3.14159  3.14159  3.14159  -0.18758  1.69745
4.39823  3.14159  3.14159  -0.12836  1.42652
5.65487  3.14159  3.14159  -0.0907179  1.19659
6.9115  3.14159  3.14159  -0.0660022  1.01977
8.16814  3.14159  3.14159  -0.0492991  0.884013
10.6814  3.14159  3.14159  -0.0295308  0.693412
15.708  3.14159  3.14159  -0.0133218  0.480179
33.3009  3.14159  3.14159  -0.00274823  0.228828
