-54.6637  0  0  1.13379e-06  6.93528e-06
-27.0177  0  0  3.31318e-06  1.43607e-05
-13.1947  0  0  1.04762e-05  2.81192e-05
-10.6814  0  0  1.80888e-05  2.5949e-05
-8.16814  0  0  1.21709e-05  5.21494e-05
-6.9115  0  0  4.04246e-05  3.4122e-05
-5.65487  0  0  3.96275e-05  1.78324e-05
-4.39823  0  0  4.3948e-05  2.34825e-05
-3.14159  0  0  0.000134749  -3.87707e-05
-1.88496  0  0  0.000189226  -1.29103e-05
-0.628319  0  0  0.000149761  0.000166908
0.628319  0  0  0.00013562  -0.000177479
1.88496  0  0  0.000177211  1.76401e-05
3.14159  0  0  0.000131756  4.87407e-05
4.39823  0  0  4.84803e-05  -1.81532e-05
5.65487  0  0  3.99691e-05  -1.8055e-05
6.9115  0  0  4.11013e-05  -3.57181e-05
8.16814  0  0  1.38412e-05  -5.08338e-05
10.6814  0  0  1.88522e-05  -2.40578e-05
15.708  0  0  -6.31481e-07  -2.40101e-05
33.3009  0  0  1.59646e-06  -1.46994e-05
-54.6637  0  3.14159  8.10892e-07  7.01519e-06
-27.0177  0  3.14159  3.09737e-06  1.50168e-05
-13.1947  0  3.14159  7.19667e-06  3.04272e-05
-10.6814  0  3.14159  1.24469e-05  3.19514e-05
-8.16814  0  3.14159  9.80803e-06  6.21844e-05
-6.9115  0  3.14159  3.33432e-05  4.51839e-05
-5.65487  0  3.14159  2.77682e-05  3.26795e-05
-4.39823  0  3.14159  4.5202e-05  5.22572e-05
-3.14159  0  3.14159  0.000131657  -3.3198e-05
-1.88496  0  3.14159  0.000216838  -2.19027e-06
-0.628319  0  3.14159  0.000210483  0.000115598
0.628319  0  3.14159  0.00013066  -0.000170867
1.88496  0  3.14159  0.000186467  -2.2594e-05
3.14159  0  3.14159  0.000152632  4.19622e-06
4.39823  0  3.14159  5.69006e-05  -3.91443e-05
5.65487  0  3.14159  3.44167e-05  -3.70252e-05
6.9115  0  3.14159  3.4772e-05  -5.07859e-05
8.16814  0  3.14159  9.04981e-06  -5.57044e-05
10.6814  0  3.14159  1.48253e-05  -2.84105e-05
15.708  0  3.14159  -3.35957e-06  -2.46675e-05
33.3009  0  3.14159  3.54485e-07  -1.4463e-05
-54.6637  3.14159  0  8.10892e-07  7.01519e-06
-27.0177  3.14159  0  3.09737e-06  1.50168e-05
-13.1947  3.14159  0  7.19667e-06  3.04272e-05
-10.6814  3.14159  0  1.24469e-05  3.19514e-05
-8.16814  3.14159  0  9.80803e-06  6.21844e-05
-6.9115  3.14159  0  3.33432e-05  4.51839e-05
-5.65487  3.14159  0  2.77682e-05  3.26795e-05
-4.39823  3.14159  0  4.5202e-05  5.22572e-05
-3.14159  3.14159  0  0.000131657  -3.3198e-05
-1.88496  3.14159  0  0.000216838  -2.19027e-06
-0.628319  3.14159  0  0.000210483  0.000115598
0.628319  3.14159  0  0.00013066  -0.000170867
1.88496  3.14159  0  0.000186467  -2.2594e-05
3.14159  3.14159  0  0.000152632  4.19622e-06
4.39823  3.14159  0  5.69006e-05  -3.91443e-05
5.65487  3.14159  0  3.44167e-05  -3.70252e-05
6.9115  3.14159  0  3.4772e-05  -5.07859e-05
8.16814  3.14159  0  9.04981e-06  -5.57044e-05
10.6814  3.14159  0  1.48253e-05  -2.84105e-05
15.708  3.14159  0  -3.35957e-06  -2.46675e-05
33.3009  3.14159  0  3.54485e-07  -1.4463e-05
-54.6637  3.14159  3.14159  6.33677e-07  7.04353e-06
-27.0177  3.14159  3.14159  1.13865e-06  1.51137e-05
-13.1947  3.14159  3.14159  2.79959e-06  3.24508e-05
-10.6814  3.14159  3.14159  7.98644e-06  3.3198e-05
-8.16814  3.14159  3.14159  -4.10976e-06  6.49931e-05
-6.9115  3.14159  3.14159  2.40283e-05  5.45526e-05
-5.65487  3.14159  3.14159  2.17407e-05  4.81026e-05
-4.39823  3.14159  3.14159  2.36471e-05  6.93244e-05
-3.14159  3.14159  3.14159  0.000128801  4.19044e-05
-1.88496  3.14159  3.14159  0.000218258  0.000123031
-0.628319  3.14159  3.14159  0.00033118  0.000330105
0.628319  3.14159  3.14159  0.000348495  -0.000326327
1.88496  3.14159  3.14159  0.000199766  -0.000101917
3.14159  3.14159  3.14159  0.000113416  -1.90376e-05
4.39823  3.14159  3.14159  2.48016e-05  -6.46995e-05
5.65487  3.14159  3.14159  1.8083e-05  -4.66338e-05
6.9115  3.14159  3.14159  2.30769e-05  -5.46098e-05
8.16814  3.14159  3.14159  -8.86835e-07  -6.53886e-05
10.6814  3.14159  3.14159  7.46037e-06  -3.08381e-05
15.708  3.14159  3.14159  -6.7861e-06  -2.72982e-05
33.3009  3.14159  3.14159  3.13809e-07  -1.51297e-05
