-54.6637  0  0  0.000996814  -0.13961
-27.0177  0  0  0.00424789  -0.281666
-13.1947  0  0  0.019198  -0.568055
-10.6814  0  0  0.0295352  -0.693412
-8.16814  0  0  0.0493058  -0.884012
-6.9115  0  0  0.0660104  -1.01977
-5.65487  0  0  0.090726  -1.19659
-4.39823  0  0  0.128369  -1.42652
-3.14159  0  0  0.187592  -1.69745
-1.88496  0  0  0.279914  -1.82204
-0.628319  0  0  0.385026  -0.988651
0.628319  0  0  0.385025  0.988651
1.88496  0  0  0.279912  1.82204
3.14159  0  0  0.18759  1.69745
4.39823  0  0  0.128368  1.42652
5.65487  0  0  0.0907244  1.19659
6.9115  0  0  0.0660082  1.01977
8.16814  0  0  0.049304  0.884013
10.6814  0  0  0.0295346  0.693412
15.708  0  0  0.0133248  0.480179
33.3009  0  0  0.00274944  0.228827
-54.6637  0  3.14159  1.80591e-07  -0.13978
-27.0177  0  3.14159  3.0721e-07  -0.283079
-13.1947  0  3.14159  3.53658e-07  -0.579802
-10.6814  0  3.14159  4.97771e-07  -0.714628
-8.16814  0  3.14159  7.9563e-07  -0.927046
-6.9115  0  3.14159  9.32785e-07  -1.08491
-5.65487  0  3.14159  1.07853e-06  -1.30188
-4.39823  0  3.14159  1.27918e-06  -1.61825
-3.14159  0  3.14159  1.7358e-06  -2.13752
-1.88496  0  3.14159  2.80744e-06  -3.27768
-0.628319  0  3.14159  1.07572e-05  -9.13194
0.628319  0  3.14159  -7.55534e-06  9.13194
1.88496  0  3.14159  -1.78755e-06  3.27768
3.14159  0  3.14159  -1.22039e-06  2.13752
4.39823  0  3.14159  -8.74499e-07  1.61825
5.65487  0  3.14159  -7.30051e-07  1.30189
6.9115  0  3.14159  -5.74203e-07  1.08491
8.16814  0  3.14159  -5.0402e-07  0.927046
10.6814  0  3.14159  -4.44205e-07  0.714628
15.708  0  3.14159  -3.12329e-07  0.487274
33.3009  0  3.14159  -1.8491e-07  0.229581
-54.6637  3.14159  0  1.80591e-07  -0.13978
-27.0177  3.14159  0  3.0721e-07  -0.283079
-13.1947  3.14159  0  3.53658e-07  -0.579802
-10.6814  3.14159  0  4.97771e-07  -0.714628
-8.16814  3.14159  0  7.9563e-07  -0.927046
-6.9115  3.14159  0  9.32785e-07  -1.08491
-5.65487  3.14159  0  1.07853e-06  -1.30188
-4.39823  3.14159  0  1.27918e-06  -1.61825
-3.14159  3.14159  0  1.7358e-06  -2.13752
-1.88496  3.14159  0  2.80744e-06  -3.27768
-0.628319  3.14159  0  1.07572e-05  -9.13194
0.628319  3.14159  0  -7.55534e-06  9.13194
1.88496  3.14159  0  -1.78755e-06  3.27768
3.14159  3.14159  0  -1.22039e-06  2.13752
4.39823  3.14159  0  -8.74499e-07  1.61825
5.65487  3.14159  0  -7.30051e-07  1.30189
6.9115  3.14159  0  -5.74203e-07  1.08491
8.16814  3.14159  0  -5.0402e-07  0.927046
10.6814  3.14159  0  -4.44205e-07  0.714628
15.708  3.14159  0  -3.12329e-07  0.487274
33.3009  3.14159  0  -1.8491e-07  0.229581
-54.6637  3.14159  3.14159  -0.000995967  -0.13961
-27.0177  3.14159  3.14159  -0.00424673  -0.281666
-13.1947  3.14159  3.14159  -0.0191983  -0.568055
-10.6814  3.14159  3.14159  -0.0295351  -0.693412
-8.16814  3.14159  3.14159  -0.0493031  -0.884012
-6.9115  3.14159  3.14159  -0.0660066  -1.01977
-5.65487  3.14159  3.14159  -0.0907243  -1.19659
-4.39823  3.14159  3.14159  -0.128367  -1.42652
-3.14159  3.14159  3.14159  -0.187589  -1.69745
-1.88496  3.14159  3.14159  -0.279911  -1.82204
-0.628319  3.14159  3.14159  -0.385025  -0.988651
0.628319  3.14159  3.14159  -0.385026  0.988651
1.88496  3.14159  3.14159  -0.279914  1.82204
3.14159  3.14159  3.14159  -0.187592  1.69745
4.39823  3.14159  3.14159  -0.128369  1.42652
5.65487  3.14159  3.14159  -0.0907259  1.19659
6.9115  3.14159  3.14159  -0.066009  1.01977
8.16814  3.14159  3.14159  -0.0493051  0.884013
10.6814  3.14159  3.14159  -0.0295356  0.693412
15.708  3.14159  3.14159  -0.0133252  0.480179
33.3009  3.14159  3.14159  -0.00274995  0.228827
