-54.6637  0  0  0.00019933  0.000899848
-27.0177  0  0  0.000605865  0.00152849
-13.1947  0  0  0.00140224  0.00241191
-10.6814  0  0  0.00180573  0.00271988
-8.16814  0  0  0.00248194  0.00304387
-6.9115  0  0  0.00297574  0.0031637
-5.65487  0  0  0.00360163  0.00319744
-4.39823  0  0  0.00436407  0.00306453
-3.14159  0  0  0.00521517  0.00265392
-1.88496  0  0  0.00600988  0.00186532
-0.628319  0  0  0.00651089  0.00071106
0.628319  0  0  0.00651475  -0.000600157
1.88496  0  0  0.00602514  -0.00175229
3.14159  0  0  0.00524792  -0.00254376
4.39823  0  0  0.00441301  -0.00296741
5.65487  0  0  0.00365645  -0.00311907
6.9115  0  0  0.00302578  -0.00310145
8.16814  0  0  0.00252339  -0.00299081
10.6814  0  0  0.00183294  -0.0026708
15.708  0  0  0.0011681  -0.00210627
33.3009  0  0  0.000493065  -0.00128187
-54.6637  0  3.14159  0.000199091  0.000898477
-27.0177  0  3.14159  0.000599461  0.00151924
-13.1947  0  3.14159  0.0013318  0.00238825
-10.6814  0  3.14159  0.00168259  0.00271015
-8.16814  0  3.14159  0.00227066  0.00310315
-6.9115  0  3.14159  0.0027124  0.0033082
-5.65487  0  3.14159  0.00330365  0.00349237
-4.39823  0  3.14159  0.00411365  0.00359947
-3.14159  0  3.14159  0.00521693  0.00347764
-1.88496  0  3.14159  0.00657676  0.00279341
-0.628319  0  3.14159  0.00769428  0.00116803
0.628319  0  3.14159  0.00769314  -0.00106312
1.88496  0  3.14159  0.00658081  -0.0026779
3.14159  0  3.14159  0.00525084  -0.00335858
4.39823  0  3.14159  0.00416854  -0.00349798
5.65487  0  3.14159  0.00336602  -0.00341337
6.9115  0  3.14159  0.00276769  -0.00324908
8.16814  0  3.14159  0.00231427  -0.00305508
10.6814  0  3.14159  0.00170762  -0.00266476
15.708  0  3.14159  0.00112413  -0.00208297
33.3009  0  3.14159  0.000490511  -0.0012761
-54.6637  3.14159  0  0.000199091  0.000898477
-27.0177  3.14159  0  0.000599461  0.00151924
-13.1947  3.14159  0  0.0013318  0.00238825
-10.6814  3.14159  0  0.00168259  0.00271015
-8.16814  3.14159  0  0.00227066  0.00310315
-6.9115  3.14159  0  0.0027124  0.0033082
-5.65487  3.14159  0  0.00330365  0.00349237
-4.39823  3.14159  0  0.00411365  0.00359947
-3.14159  3.14159  0  0.00521693  0.00347764
-1.88496  3.14159  0  0.00657676  0.00279341
-0.628319  3.14159  0  0.00769428  0.00116803
0.628319  3.14159  0  0.00769314  -0.00106312
1.88496  3.14159  0  0.00658081  -0.0026779
3.14159  3.14159  0  0.00525084  -0.00335858
4.39823  3.14159  0  0.00416854  -0.00349798
5.65487  3.14159  0  0.00336602  -0.00341337
6.9115  3.14159  0  0.00276769  -0.00324908
8.16814  3.14159  0  0.00231427  -0.00305508
10.6814  3.14159  0  0.00170762  -0.00266476
15.708  3.14159  0  0.00112413  -0.00208297
33.3009  3.14159  0  0.000490511  -0.0012761
-54.6637  3.14159  3.14159  0.000198859  0.000897131
-27.0177  3.14159  3.14159  0.000593686  0.00151022
-13.1947  3.14159  3.14159  0.00127227  0.00236036
-10.6814  3.14159  3.14159  0.00158102  0.00268096
-8.16814  3.14159  3.14159  0.00208013  0.00308896
-6.9115  3.14159  3.14159  0.00244158  0.00332627
-5.65487  3.14159  3.14159  0.00291124  0.00358933
-4.39823  3.14159  3.14159  0.00353483  0.00389503
-3.14159  3.14159  3.14159  0.00442657  0.00431049
-1.88496  3.14159  3.14159  0.00608699  0.00500484
-0.628319  3.14159  3.14159  0.0110225  0.00461173
0.628319  3.14159  3.14159  0.0110281  -0.00449708
1.88496  3.14159  3.14159  0.00610557  -0.00489043
3.14159  3.14159  3.14159  0.00446098  -0.00420036
4.39823  3.14159  3.14159  0.00358457  -0.00379693
5.65487  3.14159  3.14159  0.0029688  -0.00350943
6.9115  3.14159  3.14159  0.00249673  -0.00326438
8.16814  3.14159  3.14159  0.00212626  -0.0030395
10.6814  3.14159  3.14159  0.00160747  -0.00263758
15.708  3.14159  3.14159  0.00108563  -0.0020597
33.3009  3.14159  3.14159  0.000488168  -0.00127046
