-54.6637  0  0  0.00538836  -0.00426275
-27.0177  0  0  -0.0115774  0.0046478
-13.1947  0  0  -0.0122708  -0.00113783
-10.6814  0  0  -0.003824  -0.00355422
-8.16814  0  0  -0.0325755  -0.00879194
-6.9115  0  0  -0.0295188  -0.0203668
-5.65487  0  0  -0.0144089  0.00355369
-4.39823  0  0  0.00460458  0.00858014
-3.14159  0  0  -0.00323588  0.0653918
-1.88496  0  0  -0.0730488  -0.0521306
-0.628319  0  0  -0.0972596  0.0939152
0.628319  0  0  0.013339  -0.161931
1.88496  0  0  -0.047407  -0.0516333
3.14159  0  0  0.0437792  0.00230277
4.39823  0  0  0.012989  -0.0189627
5.65487  0  0  0.0312658  0.021143
6.9115  0  0  0.00507171  -0.0158553
8.16814  0  0  0.0211831  -0.00333179
10.6814  0  0  0.00756155  0.0039182
15.708  0  0  0.0253382  -0.00542758
33.3009  0  0  0.00904682  -0.00798541
-54.6637  0  3.14159  -0.000486256  -0.000838774
-27.0177  0  3.14159  0.000744361  0.00109828
-13.1947  0  3.14159  0.000161128  -0.000261732
-10.6814  0  3.14159  -0.00203611  -0.000929294
-8.16814  0  3.14159  -0.000321988  0.000282537
-6.9115  0  3.14159  -0.00244025  0.000277521
-5.65487  0  3.14159  -0.00798431  0.000607641
-4.39823  0  3.14159  0.00229825  -0.00132287
-3.14159  0  3.14159  0.00720709  0.0105182
-1.88496  0  3.14159  0.00206755  0.0202427
-0.628319  0  3.14159  0.0170198  0.0352424
0.628319  0  3.14159  -0.0269968  -0.00392584
1.88496  0  3.14159  -0.0146601  0.0199351
3.14159  0  3.14159  -5.77418e-06  0.00210953
4.39823  0  3.14159  -0.00137496  -0.00397289
5.65487  0  3.14159  0.0109213  -0.000689871
6.9115  0  3.14159  -0.000726567  -8.32448e-05
8.16814  0  3.14159  -0.0013533  0.0019844
10.6814  0  3.14159  0.00240722  -0.000409016
15.708  0  3.14159  0.000140011  -0.00117458
33.3009  0  3.14159  -0.00161935  -0.00135562
-54.6637  3.14159  0  -0.000486256  -0.000838774
-27.0177  3.14159  0  0.000744361  0.00109828
-13.1947  3.14159  0  0.000161128  -0.000261732
-10.6814  3.14159  0  -0.00203611  -0.000929294
-8.16814  3.14159  0  -0.000321988  0.000282537
-6.9115  3.14159  0  -0.00244025  0.000277521
-5.65487  3.14159  0  -0.00798431  0.000607641
-4.39823  3.14159  0  0.00229825  -0.00132287
-3.14159  3.14159  0  0.00720709  0.0105182
-1.88496  3.14159  0  0.00206755  0.0202427
-0.628319  3.14159  0  0.0170198  0.0352424
0.628319  3.14159  0  -0.0269968  -0.00392584
1.88496  3.14159  0  -0.0146601  0.0199351
3.14159  3.14159  0  -5.77418e-06  0.00210953
4.39823  3.14159  0  -0.00137496  -0.00397289
5.65487  3.14159  0  0.0109213  -0.000689871
6.9115  3.14159  0  -0.000726567  -8.32448e-05
8.16814  3.14159  0  -0.0013533  0.0019844
10.6814  3.14159  0  0.00240722  -0.000409016
15.708  3.14159  0  0.000140011  -0.00117458
33.3009  3.14159  0  -0.00161935  -0.00135562
-54.6637  3.14159  3.14159  -0.000737166  -0.000604961
-27.0177  3.14159  3.14159  -0.0001961  0.00113531
-13.1947  3.14159  3.14159  -0.00197025  0.00122807
-10.6814  3.14159  3.14159  0.00263354  -0.000382997
-8.16814  3.14159  3.14159  0.00837255  -0.00278395
-6.9115  3.14159  3.14159  0.00378882  -0.0023063
-5.65487  3.14159  3.14159  0.00607017  -8.15024e-05
-4.39823  3.14159  3.14159  -8.84922e-05  0.00508004
-3.14159  3.14159  3.14159  -0.00889346  0.0118068
-1.88496  3.14159  3.14159  0.00385346  -0.00798689
-0.628319  3.14159  3.14159  -0.0578169  0.0333663
0.628319  3.14159  3.14159  0.043677  -0.0332124
1.88496  3.14159  3.14159  -0.0259821  -0.000491825
3.14159  3.14159  3.14159  0.018301  -0.00575038
4.39823  3.14159  3.14159  0.00335026  0.000708698
5.65487  3.14159  3.14159  -0.00252028  0.00298278
6.9115  3.14159  3.14159  -0.00886277  8.61193e-05
8.16814  3.14159  3.14159  -0.0104509  0.00163029
10.6814  3.14159  3.14159  -0.00176243  0.00124699
15.708  3.14159  3.14159  -0.000284235  -0.00109022
33.3009  3.14159  3.14159  0.00202847  -0.00192287
