-54.6637  0  0  2.38791e-06  7.77833e-06
-27.0177  0  0  3.87473e-06  1.413e-05
-13.1947  0  0  8.3453e-06  2.88643e-05
-10.6814  0  0  2.70241e-05  2.22819e-05
-8.16814  0  0  -1.52182e-05  2.0839e-05
-6.9115  0  0  4.5524e-05  4.91838e-05
-5.65487  0  0  9.22359e-05  2.76435e-05
-4.39823  0  0  6.92406e-05  -8.79696e-06
-3.14159  0  0  0.000275052  8.59294e-05
-1.88496  0  0  0.000237449  0.000229275
-0.628319  0  0  -0.000208477  0.000451395
0.628319  0  0  0.00065407  -0.000107409
1.88496  0  0  0.000169795  0.000186758
3.14159  0  0  4.57097e-05  0.000195357
4.39823  0  0  -7.30087e-06  -4.14341e-05
5.65487  0  0  1.28232e-05  4.8029e-06
6.9115  0  0  2.95664e-05  -3.58727e-07
8.16814  0  0  3.03527e-05  -7.42137e-05
10.6814  0  0  8.29793e-06  -1.97228e-05
15.708  0  0  2.13974e-07  -3.67064e-05
33.3009  0  0  7.01775e-06  -1.67754e-05
-54.6637  0  3.14159  7.15899e-06  8.58087e-06
-27.0177  0  3.14159  5.53706e-06  5.66664e-06
-13.1947  0  3.14159  -8.67386e-06  2.97406e-05
-10.6814  0  3.14159  6.97023e-05  1.02319e-05
-8.16814  0  3.14159  -0.000139288  -1.54485e-05
-6.9115  0  3.14159  9.56656e-05  0.00012648
-5.65487  0  3.14159  0.000261536  2.80305e-05
-4.39823  0  3.14159  0.000195072  -0.000120463
-3.14159  0  3.14159  0.00104052  0.000363031
-1.88496  0  3.14159  0.000789298  0.000999232
-0.628319  0  3.14159  -0.00141704  0.00172131
0.628319  0  3.14159  0.00262114  -6.45179e-05
1.88496  0  3.14159  0.000441203  0.00099047
3.14159  0  3.14159  -9.101e-05  0.000964282
4.39823  0  3.14159  -0.000166987  -9.21072e-05
5.65487  0  3.14159  -0.000118401  0.000126054
6.9115  0  3.14159  -1.50338e-05  9.06221e-05
8.16814  0  3.14159  6.50355e-05  -0.000235277
10.6814  0  3.14159  -2.72286e-05  7.16212e-06
15.708  0  3.14159  -2.23487e-05  -8.5786e-05
33.3009  0  3.14159  2.32438e-05  -2.75743e-05
-54.6637  3.14159  0  7.15899e-06  8.58087e-06
-27.0177  3.14159  0  5.53706e-06  5.66664e-06
-13.1947  3.14159  0  -8.67386e-06  2.97406e-05
-10.6814  3.14159  0  6.97023e-05  1.02319e-05
-8.16814  3.14159  0  -0.000139288  -1.54485e-05
-6.9115  3.14159  0  9.56656e-05  0.00012648
-5.65487  3.14159  0  0.000261536  2.80305e-05
-4.39823  3.14159  0  0.000195072  -0.000120463
-3.14159  3.14159  0  0.00104052  0.000363031
-1.88496  3.14159  0  0.000789298  0.000999232
-0.628319  3.14159  0  -0.00141704  0.00172131
0.628319  3.14159  0  0.00262114  -6.45179e-05
1.88496  3.14159  0  0.000441203  0.00099047
3.14159  3.14159  0  -9.101e-05  0.000964282
4.39823  3.14159  0  -0.000166987  -9.21072e-05
5.65487  3.14159  0  -0.000118401  0.000126054
6.9115  3.14159  0  -1.50338e-05  9.06221e-05
8.16814  3.14159  0  6.50355e-05  -0.000235277
10.6814  3.14159  0  -2.72286e-05  7.16212e-06
15.708  3.14159  0  -2.23487e-05  -8.5786e-05
33.3009  3.14159  0  2.32438e-05  -2.75743e-05
-54.6637  3.14159  3.14159  1.63806e-06  7.75181e-06
-27.0177  3.14159  3.14159  1.18218e-06  1.48208e-05
-13.1947  3.14159  3.14159  3.64506e-07  3.29849e-05
-10.6814  3.14159  3.14159  1.48078e-05  2.91602e-05
-8.16814  3.14159  3.14159  -2.6355e-05  3.67828e-05
-6.9115  3.14159  3.14159  2.70289e-05  6.69216e-05
-5.65487  3.14159  3.14159  6.59303e-05  5.67715e-05
-4.39823  3.14159  3.14159  4.36727e-05  3.90746e-05
-3.14159  3.14159  3.14159  0.000241606  0.000146405
-1.88496  3.14159  3.14159  0.000252172  0.000327637
-0.628319  3.14159  3.14159  2.13924e-05  0.000577823
0.628319  3.14159  3.14159  0.000797201  -0.000267677
1.88496  3.14159  3.14159  0.000200677  3.7876e-05
3.14159  3.14159  3.14159  4.5343e-05  0.000104048
4.39823  3.14159  3.14159  -2.17096e-05  -8.73862e-05
5.65487  3.14159  3.14159  -3.02434e-06  -2.6761e-05
6.9115  3.14159  3.14159  1.35672e-05  -2.34502e-05
8.16814  3.14159  3.14159  1.18604e-05  -8.5818e-05
10.6814  3.14159  3.14159  -6.72805e-07  -2.77214e-05
15.708  3.14159  3.14159  -5.46272e-06  -3.80515e-05
33.3009  3.14159  3.14159  4.97086e-06  -1.68515e-05
