-54.6637  0  0  9354  -3655.46
-27.0177  0  0  -3893.75  -34.3574
-13.1947  0  0  -31252.7  -30396.2
-10.6814  0  0  50598  27868.5
-8.16814  0  0  132834  36988.4
-6.9115  0  0  113391  19451.9
-5.65487  0  0  143171  58268.7
-4.39823  0  0  -130244  36832.8
-3.14159  0  0  -240647  -64587.5
-1.88496  0  0  123249  -147348
-0.628319  0  0  -803122  -510010
0.628319  0  0  845322  152027
1.88496  0  0  -19660.9  -376961
3.14159  0  0  107308  134970
4.39823  0  0  54318.1  133198
5.65487  0  0  -174420  -16241.3
6.9115  0  0  -61477.5  -78684.1
8.16814  0  0  -121183  -80574.4
10.6814  0  0  -56274.3  -3862.96
15.708  0  0  -6504.32  20236.8
33.3009  0  0  41683.9  20884.8
-54.6637  0  3.14159  72773.2  37827
-27.0177  0  3.14159  -69697.6  -44256.5
-13.1947  0  3.14159  -73482.4  -296527
-10.6814  0  3.14159  62120.5  307408
-8.16814  0  3.14159  324522  637838
-6.9115  0  3.14159  426732  409864
-5.65487  0  3.14159  146725  881690
-4.39823  0  3.14159  -780554  -541325
-3.14159  0  3.14159  -1.09302e+06  -968212
-1.88496  0  3.14159  1.37682e+06  -381020
-0.628319  0  3.14159  -1.82288e+06  -5.4736e+06
0.628319  0  3.14159  3.7115e+06  3.84715e+06
1.88496  0  3.14159  1.35772e+06  -1.775e+06
3.14159  0  3.14159  29446.9  1.32186e+06
4.39823  0  3.14159  -253398  908219
5.65487  0  3.14159  -530590  -616793
6.9115  0  3.14159  116529  -684769
8.16814  0  3.14159  -70536.9  -842201
10.6814  0  3.14159  -209483  -232100
15.708  0  3.14159  29354.3  118700
33.3009  0  3.14159  137491  284832
-54.6637  3.14159  0  72773.2  37827
-27.0177  3.14159  0  -69697.6  -44256.5
-13.1947  3.14159  0  -73482.4  -296527
-10.6814  3.14159  0  62120.5  307408
-8.16814  3.14159  0  324522  637838
-6.9115  3.14159  0  426732  409864
-5.65487  3.14159  0  146725  881690
-4.39823  3.14159  0  -780554  -541325
-3.14159  3.14159  0  -1.09302e+06  -968212
-1.88496  3.14159  0  1.37682e+06  -381020
-0.628319  3.14159  0  -1.82288e+06  -5.4736e+06
0.628319  3.14159  0  3.7115e+06  3.84715e+06
1.88496  3.14159  0  1.35772e+06  -1.775e+06
3.14159  3.14159  0  29446.9  1.32186e+06
4.39823  3.14159  0  -253398  908219
5.65487  3.14159  0  -530590  -616793
6.9115  3.14159  0  116529  -684769
8.16814  3.14159  0  -70536.9  -842201
10.6814  3.14159  0  -209483  -232100
15.708  3.14159  0  29354.3  118700
33.3009  3.14159  0  137491  284832
-54.6637  3.14159  3.14159  27737.3  18592.5
-27.0177  3.14159  3.14159  -23239.2  -38831.8
-13.1947  3.14159  3.14159  -16854.9  -80738.4
-10.6814  3.14159  3.14159  38358.1  47349.2
-8.16814  3.14159  3.14159  138216  12440.1
-6.9115  3.14159  3.14159  139817  -27202.5
-5.65487  3.14159  3.14159  98546.9  113420
-4.39823  3.14159  3.14159  -193766  -27233.7
-3.14159  3.14159  3.14159  -409989  -143394
-1.88496  3.14159  3.14159  354431  -387707
-0.628319  3.14159  3.14159  -778770  -1.2537e+06
0.628319  3.14159  3.14159  1.30557e+06  576354
1.88496  3.14159  3.14159  356716  -532258
3.14159  3.14159  3.14159  96587.9  341230
4.39823  3.14159  3.14159  65569.4  206691
5.65487  3.14159  3.14159  -221981  -18685.3
6.9115  3.14159  3.14159  27462.2  -118882
8.16814  3.14159  3.14159  -67435.3  -90285.5
10.6814  3.14159  3.14159  -61535.1  -13417.4
15.708  3.14159  3.14159  6891.16  83532.7
33.3009  3.14159  3.14159  62590.2  70134.6
