-54.6637  0  0  0.000996931  -0.13961
-27.0177  0  0  0.00424813  -0.281666
-13.1947  0  0  0.0191986  -0.568055
-10.6814  0  0  0.0295358  -0.693412
-8.16814  0  0  0.0493066  -0.884013
-6.9115  0  0  0.0660114  -1.01977
-5.65487  0  0  0.0907271  -1.19659
-4.39823  0  0  0.128371  -1.42652
-3.14159  0  0  0.187593  -1.69745
-1.88496  0  0  0.279916  -1.82204
-0.628319  0  0  0.385027  -0.988651
0.628319  0  0  0.385024  0.988652
1.88496  0  0  0.27991  1.82204
3.14159  0  0  0.187588  1.69745
4.39823  0  0  0.128366  1.42652
5.65487  0  0  0.0907232  1.19659
6.9115  0  0  0.0660072  1.01977
8.16814  0  0  0.0493031  0.884012
10.6814  0  0  0.0295339  0.693412
15.708  0  0  0.0133244  0.480178
33.3009  0  0  0.00274924  0.228827
-54.6637  0  3.14159  3.0639e-07  -0.13978
-27.0177  0  3.14159  5.52814e-07  -0.283079
-13.1947  0  3.14159  8.33889e-07  -0.579802
-10.6814  0  3.14159  1.09917e-06  -0.714628
-8.16814  0  3.14159  1.60772e-06  -0.927046
-6.9115  0  3.14159  1.89686e-06  -1.08491
-5.65487  0  3.14159  2.22727e-06  -1.30189
-4.39823  0  3.14159  2.73381e-06  -1.61825
-3.14159  0  3.14159  3.6909e-06  -2.13752
-1.88496  0  3.14159  5.56871e-06  -3.27768
-0.628319  0  3.14159  2.55669e-05  -9.13194
0.628319  0  3.14159  -2.29545e-05  9.13193
1.88496  0  3.14159  -5.59245e-06  3.27768
3.14159  0  3.14159  -3.42823e-06  2.13752
4.39823  0  3.14159  -2.48953e-06  1.61825
5.65487  0  3.14159  -1.97944e-06  1.30188
6.9115  0  3.14159  -1.6169e-06  1.08491
8.16814  0  3.14159  -1.3851e-06  0.927045
10.6814  0  3.14159  -1.09492e-06  0.714628
15.708  0  3.14159  -7.36348e-07  0.487273
33.3009  0  3.14159  -3.87827e-07  0.229581
-54.6637  3.14159  0  3.0639e-07  -0.13978
-27.0177  3.14159  0  5.52814e-07  -0.283079
-13.1947  3.14159  0  8.33889e-07  -0.579802
-10.6814  3.14159  0  1.09917e-06  -0.714628
-8.16814  3.14159  0  1.60772e-06  -0.927046
-6.9115  3.14159  0  1.89686e-06  -1.08491
-5.65487  3.14159  0  2.22727e-06  -1.30189
-4.39823  3.14159  0  2.73381e-06  -1.61825
-3.14159  3.14159  0  3.6909e-06  -2.13752
-1.88496  3.14159  0  5.56871e-06  -3.27768
-0.628319  3.14159  0  2.55669e-05  -9.13194
0.628319  3.14159  0  -2.29545e-05  9.13193
1.88496  3.14159  0  -5.59245e-06  3.27768
3.14159  3.14159  0  -3.42823e-06  2.13752
4.39823  3.14159  0  -2.48953e-06  1.61825
5.65487  3.14159  0  -1.97944e-06  1.30188
6.9115  3.14159  0  -1.6169e-06  1.08491
8.16814  3.14159  0  -1.3851e-06  0.927045
10.6814  3.14159  0  -1.09492e-06  0.714628
15.708  3.14159  0  -7.36348e-07  0.487273
33.3009  3.14159  0  -3.87827e-07  0.229581
-54.6637  3.14159  3.14159  -0.00099585  -0.13961
-27.0177  3.14159  3.14159  -0.0042465  -0.281666
-13.1947  3.14159  3.14159  -0.0191978  -0.568055
-10.6814  3.14159  3.14159  -0.0295345  -0.693412
-8.16814  3.14159  3.14159  -0.0493025  -0.884013
-6.9115  3.14159  3.14159  -0.0660058  -1.01977
-5.65487  3.14159  3.14159  -0.0907235  -1.19659
-4.39823  3.14159  3.14159  -0.128366  -1.42652
-3.14159  3.14159  3.14159  -0.187588  -1.69745
-1.88496  3.14159  3.14159  -0.27991  -1.82204
-0.628319  3.14159  3.14159  -0.385024  -0.988651
0.628319  3.14159  3.14159  -0.385027  0.988651
1.88496  3.14159  3.14159  -0.279915  1.82204
3.14159  3.14159  3.14159  -0.187593  1.69745
4.39823  3.14159  3.14159  -0.12837  1.42652
5.65487  3.14159  3.14159  -0.0907268  1.19659
6.9115  3.14159  3.14159  -0.0660098  1.01977
8.16814  3.14159  3.14159  -0.0493058  0.884012
10.6814  3.14159  3.14159  -0.0295361  0.693411
15.708  3.14159  3.14159  -0.0133256  0.480178
33.3009  3.14159  3.14159  -0.00275014  0.228827
