-54.6637  0  0  0.000114739  0.000859522
-27.0177  0  0  0.000521633  0.00165798
-13.1947  0  0  0.00165232  0.0025556
-10.6814  0  0  0.00211255  0.00276223
-8.16814  0  0  0.0027804  0.00296857
-6.9115  0  0  0.00324601  0.00304341
-5.65487  0  0  0.00383704  0.00304772
-4.39823  0  0  0.0045647  0.00290199
-3.14159  0  0  0.00538714  0.00249148
-1.88496  0  0  0.00616532  0.00170736
-0.628319  0  0  0.00665947  0.000557002
0.628319  0  0  0.00666276  -0.000751588
1.88496  0  0  0.00617713  -0.00190794
3.14159  0  0  0.00540313  -0.00270528
4.39823  0  0  0.00457542  -0.00313092
5.65487  0  0  0.00384055  -0.00329144
6.9115  0  0  0.00324049  -0.00330581
8.16814  0  0  0.00275615  -0.00325426
10.6814  0  0  0.00201682  -0.00307152
15.708  0  0  0.00108887  -0.00259052
33.3009  0  0  0.000181164  -0.00136807
-54.6637  0  3.14159  0.000114319  0.000858686
-27.0177  0  3.14159  0.000518659  0.00165047
-13.1947  0  3.14159  0.00158479  0.00252269
-10.6814  0  3.14159  0.00198814  0.00274229
-8.16814  0  3.14159  0.00256354  0.00301876
-6.9115  0  3.14159  0.00297595  0.00318021
-5.65487  0  3.14159  0.003533  0.00333619
-4.39823  0  3.14159  0.00430837  0.00343108
-3.14159  0  3.14159  0.00538161  0.003305
-1.88496  0  3.14159  0.0067139  0.00262733
-0.628319  0  3.14159  0.00781961  0.0010133
0.628319  0  3.14159  0.00782308  -0.00119858
1.88496  0  3.14159  0.00672747  -0.0028171
3.14159  0  3.14159  0.00540424  -0.00350743
4.39823  0  3.14159  0.00433035  -0.00365172
5.65487  0  3.14159  0.00354888  -0.00357448
6.9115  0  3.14159  0.00298524  -0.00344021
8.16814  0  3.14159  0.00255436  -0.00330648
10.6814  0  3.14159  0.00190249  -0.00306138
15.708  0  3.14159  0.00104944  -0.0025725
33.3009  0  3.14159  0.000177073  -0.00136221
-54.6637  3.14159  0  0.000114319  0.000858686
-27.0177  3.14159  0  0.000518659  0.00165047
-13.1947  3.14159  0  0.00158479  0.00252269
-10.6814  3.14159  0  0.00198814  0.00274229
-8.16814  3.14159  0  0.00256354  0.00301876
-6.9115  3.14159  0  0.00297595  0.00318021
-5.65487  3.14159  0  0.003533  0.00333619
-4.39823  3.14159  0  0.00430837  0.00343108
-3.14159  3.14159  0  0.00538161  0.003305
-1.88496  3.14159  0  0.0067139  0.00262733
-0.628319  3.14159  0  0.00781961  0.0010133
0.628319  3.14159  0  0.00782308  -0.00119858
1.88496  3.14159  0  0.00672747  -0.0028171
3.14159  3.14159  0  0.00540424  -0.00350743
4.39823  3.14159  0  0.00433035  -0.00365172
5.65487  3.14159  0  0.00354888  -0.00357448
6.9115  3.14159  0  0.00298524  -0.00344021
8.16814  3.14159  0  0.00255436  -0.00330648
10.6814  3.14159  0  0.00190249  -0.00306138
15.708  3.14159  0  0.00104944  -0.0025725
33.3009  3.14159  0  0.000177073  -0.00136221
-54.6637  3.14159  3.14159  0.000113895  0.000857876
-27.0177  3.14159  3.14159  0.000516363  0.00164332
-13.1947  3.14159  3.14159  0.0015265  0.00248426
-10.6814  3.14159  3.14159  0.00188192  0.00270478
-8.16814  3.14159  3.14159  0.00236848  0.0030003
-6.9115  3.14159  3.14159  0.00270099  0.00319366
-5.65487  3.14159  3.14159  0.00313545  0.0034318
-4.39823  3.14159  3.14159  0.00373344  0.00373053
-3.14159  3.14159  3.14159  0.00461  0.00412414
-1.88496  3.14159  3.14159  0.0062231  0.00477911
-0.628319  3.14159  3.14159  0.0110814  0.00440825
0.628319  3.14159  3.14159  0.0110878  -0.00458174
1.88496  3.14159  3.14159  0.00624289  -0.00495985
3.14159  3.14159  3.14159  0.00463666  -0.00431897
4.39823  3.14159  3.14159  0.00376383  -0.00394294
5.65487  3.14159  3.14159  0.00316197  -0.00366426
6.9115  3.14159  3.14159  0.00272187  -0.00344908
8.16814  3.14159  3.14159  0.00237406  -0.00328536
10.6814  3.14159  3.14159  0.00181148  -0.00303285
15.708  3.14159  3.14159  0.00101464  -0.00255437
33.3009  3.14159  3.14159  0.000173223  -0.00135646
