-54.6637  0  0  6.83804e-05  -1.99445e-05
-27.0177  0  0  0.000252455  -0.00013664
-13.1947  0  0  0.000576213  -0.00078869
-10.6814  0  0  0.00060801  -0.00118131
-8.16814  0  0  0.000486886  -0.00183286
-6.9115  0  0  0.000261024  -0.00229356
-5.65487  0  0  -0.000202134  -0.00282379
-4.39823  0  0  -0.00104227  -0.00330215
-3.14159  0  0  -0.0023409  -0.00343043
-1.88496  0  0  -0.00389779  -0.00276209
-0.628319  0  0  -0.00504671  -0.00106651
0.628319  0  0  -0.00503762  0.00113707
1.88496  0  0  -0.00387127  0.0028287
3.14159  0  0  -0.00229806  0.00348989
4.39823  0  0  -0.000983858  0.00335085
5.65487  0  0  -0.00012998  0.00285694
6.9115  0  0  0.000342528  0.00230551
8.16814  0  0  0.000569217  0.0018204
10.6814  0  0  0.000667146  0.00112996
15.708  0  0  0.000506289  0.000485801
33.3009  0  0  0.000157647  7.51654e-05
-54.6637  0  3.14159  6.77582e-05  -1.98798e-05
-27.0177  0  3.14159  0.000248578  -0.000133447
-13.1947  0  3.14159  0.000578299  -0.000745297
-10.6814  0  3.14159  0.000637925  -0.00110245
-8.16814  0  3.14159  0.000627996  -0.00170664
-6.9115  0  3.14159  0.000534932  -0.0021769
-5.65487  0  3.14159  0.000278063  -0.00282144
-4.39823  0  3.14159  -0.000342262  -0.00366159
-3.14159  0  3.14159  -0.00170438  -0.00453687
-1.88496  0  3.14159  -0.00421366  -0.00464089
-0.628319  0  3.14159  -0.00697768  -0.00221983
0.628319  0  3.14159  -0.00696687  0.00229552
1.88496  0  3.14159  -0.00418506  0.00471034
3.14159  0  3.14159  -0.00166173  0.00460016
4.39823  0  3.14159  -0.000282567  0.00371809
5.65487  0  3.14159  0.00035782  0.00286267
6.9115  0  3.14159  0.000628675  0.00219163
8.16814  0  3.14159  0.000722029  0.00169038
10.6814  0  3.14159  0.000699789  0.00104239
15.708  0  3.14159  0.00049808  0.000459112
33.3009  0  3.14159  0.000155305  7.42356e-05
-54.6637  3.14159  0  6.77582e-05  -1.98798e-05
-27.0177  3.14159  0  0.000248578  -0.000133447
-13.1947  3.14159  0  0.000578299  -0.000745297
-10.6814  3.14159  0  0.000637925  -0.00110245
-8.16814  3.14159  0  0.000627996  -0.00170664
-6.9115  3.14159  0  0.000534932  -0.0021769
-5.65487  3.14159  0  0.000278063  -0.00282144
-4.39823  3.14159  0  -0.000342262  -0.00366159
-3.14159  3.14159  0  -0.00170438  -0.00453687
-1.88496  3.14159  0  -0.00421366  -0.00464089
-0.628319  3.14159  0  -0.00697768  -0.00221983
0.628319  3.14159  0  -0.00696687  0.00229552
1.88496  3.14159  0  -0.00418506  0.00471034
3.14159  3.14159  0  -0.00166173  0.00460016
4.39823  3.14159  0  -0.000282567  0.00371809
5.65487  3.14159  0  0.00035782  0.00286267
6.9115  3.14159  0  0.000628675  0.00219163
8.16814  3.14159  0  0.000722029  0.00169038
10.6814  3.14159  0  0.000699789  0.00104239
15.708  3.14159  0  0.00049808  0.000459112
33.3009  3.14159  0  0.000155305  7.42356e-05
-54.6637  3.14159  3.14159  6.71363e-05  -1.97923e-05
-27.0177  3.14159  3.14159  0.000244682  -0.000130244
-13.1947  3.14159  3.14159  0.00057438  -0.000706134
-10.6814  3.14159  3.14159  0.000643827  -0.00103095
-8.16814  3.14159  3.14159  0.000682383  -0.00155545
-6.9115  3.14159  3.14159  0.000673804  -0.00195291
-5.65487  3.14159  3.14159  0.000618176  -0.00251616
-4.39823  3.14159  3.14159  0.000445959  -0.00336275
-3.14159  3.14159  3.14159  2.81893e-06  -0.00474554
-1.88496  3.14159  3.14159  -0.00140415  -0.00768024
-0.628319  3.14159  3.14159  -0.0127485  -0.0128747
0.628319  3.14159  3.14159  -0.0127184  0.0129636
1.88496  3.14159  3.14159  -0.0013641  0.00774053
3.14159  3.14159  3.14159  3.25806e-05  0.00480521
4.39823  3.14159  3.14159  0.000494283  0.0034369
5.65487  3.14159  3.14159  0.000710474  0.00257704
6.9115  3.14159  3.14159  0.000791027  0.00197127
8.16814  3.14159  3.14159  0.000794128  0.0015299
10.6814  3.14159  3.14159  0.000706074  0.000959349
15.708  3.14159  3.14159  0.000487497  0.00043477
33.3009  3.14159  3.14159  0.000152987  7.32325e-05
