-54.6637  0  0  -7.3837e-06  1.21753e-05
-27.0177  0  0  1.42435e-05  2.88719e-05
-13.1947  0  0  0.000294732  -0.000176247
-10.6814  0  0  7.13638e-05  -0.000149019
-8.16814  0  0  0.000182908  -0.000728769
-6.9115  0  0  0.00042447  0.000993429
-5.65487  0  0  -0.000549172  -0.000488222
-4.39823  0  0  -0.00132378  -0.000708342
-3.14159  0  0  0.00076937  -0.00188478
-1.88496  0  0  -0.0013999  -0.0112781
-0.628319  0  0  0.0548805  0.0155559
0.628319  0  0  -0.0325047  -0.0329121
1.88496  0  0  0.00137834  0.00372172
3.14159  0  0  0.000529606  -0.0025786
4.39823  0  0  -0.00158493  0.000738554
5.65487  0  0  0.000574295  0.00033635
6.9115  0  0  -0.000507636  0.00088122
8.16814  0  0  0.000738748  -0.000538372
10.6814  0  0  -1.06386e-05  6.50643e-05
15.708  0  0  0.000173339  -2.99007e-05
33.3009  0  0  -2.0433e-05  -2.00854e-05
-54.6637  0  3.14159  2.42415e-08  -1.19771e-05
-27.0177  0  3.14159  -3.03583e-05  -1.36382e-05
-13.1947  0  3.14159  -3.53103e-05  -3.5681e-06
-10.6814  0  3.14159  0.000180296  -0.000130935
-8.16814  0  3.14159  0.000538487  0.000533755
-6.9115  0  3.14159  9.746e-05  -9.10939e-05
-5.65487  0  3.14159  0.000112711  0.000115772
-4.39823  0  3.14159  -0.00119111  -0.00186963
-3.14159  0  3.14159  0.00151524  -0.000121822
-1.88496  0  3.14159  0.00228356  -0.000148131
-0.628319  0  3.14159  -0.0597485  0.0487207
0.628319  0  3.14159  0.0763317  0.009205
1.88496  0  3.14159  -0.00125776  0.00913583
3.14159  0  3.14159  0.000787248  -0.000295583
4.39823  0  3.14159  -0.000939881  -0.00111574
5.65487  0  3.14159  -0.000185226  0.000864051
6.9115  0  3.14159  0.000909326  -0.00029517
8.16814  0  3.14159  0.000529735  0.000368868
10.6814  0  3.14159  -6.47918e-05  -4.19112e-05
15.708  0  3.14159  -1.1422e-05  0.000190269
33.3009  0  3.14159  -2.65411e-05  -3.02565e-05
-54.6637  3.14159  0  2.42415e-08  -1.19771e-05
-27.0177  3.14159  0  -3.03583e-05  -1.36382e-05
-13.1947  3.14159  0  -3.53103e-05  -3.5681e-06
-10.6814  3.14159  0  0.000180296  -0.000130935
-8.16814  3.14159  0  0.000538487  0.000533755
-6.9115  3.14159  0  9.746e-05  -9.10939e-05
-5.65487  3.14159  0  0.000112711  0.000115772
-4.39823  3.14159  0  -0.00119111  -0.00186963
-3.14159  3.14159  0  0.00151524  -0.000121822
-1.88496  3.14159  0  0.00228356  -0.000148131
-0.628319  3.14159  0  -0.0597485  0.0487207
0.628319  3.14159  0  0.0763317  0.009205
1.88496  3.14159  0  -0.00125776  0.00913583
3.14159  3.14159  0  0.000787248  -0.000295583
4.39823  3.14159  0  -0.000939881  -0.00111574
5.65487  3.14159  0  -0.000185226  0.000864051
6.9115  3.14159  0  0.000909326  -0.00029517
8.16814  3.14159  0  0.000529735  0.000368868
10.6814  3.14159  0  -6.47918e-05  -4.19112e-05
15.708  3.14159  0  -1.1422e-05  0.000190269
33.3009  3.14159  0  -2.65411e-05  -3.02565e-05
-54.6637  3.14159  3.14159  2.4351e-07  1.56507e-07
-27.0177  3.14159  3.14159  5.46178e-06  -6.72328e-06
-13.1947  3.14159  3.14159  5.85168e-05  -1.99436e-05
-10.6814  3.14159  3.14159  1.18256e-05  -7.56496e-05
-8.16814  3.14159  3.14159  0.000131751  2.57846e-05
-6.9115  3.14159  3.14159  4.64205e-05  0.000152443
-5.65487  3.14159  3.14159  0.000116316  -0.000115464
-4.39823  3.14159  3.14159  -0.000113436  -0.000249391
-3.14159  3.14159  3.14159  -0.000210844  -0.000473932
-1.88496  3.14159  3.14159  0.000728929  -0.000293958
-0.628319  3.14159  3.14159  -0.00619104  0.0135625
0.628319  3.14159  3.14159  -0.00376609  -0.00400752
1.88496  3.14159  3.14159  -0.00134555  -0.0010991
3.14159  3.14159  3.14159  0.000119268  -5.50051e-05
4.39823  3.14159  3.14159  -0.000274517  -0.000121938
5.65487  3.14159  3.14159  4.39467e-05  7.51367e-05
6.9115  3.14159  3.14159  0.000196873  0.000132909
8.16814  3.14159  3.14159  0.00020243  0.000108346
10.6814  3.14159  3.14159  8.96271e-05  -2.20379e-05
15.708  3.14159  3.14159  2.08247e-05  2.08443e-05
33.3009  3.14159  3.14159  -6.01045e-07  -3.7242e-06
