-54.6637  0  0  -0.00382242  0.113638
-27.0177  0  0  -0.0148104  0.225798
-13.1947  0  0  -0.0506784  0.432947
-10.6814  0  0  -0.0686187  0.514832
-8.16814  0  0  -0.0952339  0.629881
-6.9115  0  0  -0.112723  0.70543
-5.65487  0  0  -0.13309  0.796184
-4.39823  0  0  -0.155578  0.900351
-3.14159  0  0  -0.178155  0.994007
-1.88496  0  0  -0.197236  0.959834
-0.628319  0  0  -0.208394  0.467074
0.628319  0  0  -0.208394  -0.467076
1.88496  0  0  -0.197235  -0.959836
3.14159  0  0  -0.178155  -0.994008
4.39823  0  0  -0.155578  -0.900352
5.65487  0  0  -0.13309  -0.796185
6.9115  0  0  -0.112722  -0.705431
8.16814  0  0  -0.095234  -0.629881
10.6814  0  0  -0.0686189  -0.514832
15.708  0  0  -0.0384944  -0.372377
33.3009  0  0  -0.00998726  -0.184672
-54.6637  0  3.14159  -2.54491e-07  0.113634
-27.0177  0  3.14159  -2.75524e-08  0.225667
-13.1947  0  3.14159  4.98457e-08  0.429645
-10.6814  0  3.14159  -4.58402e-09  0.50721
-8.16814  0  3.14159  -6.9152e-09  0.610433
-6.9115  0  3.14159  -1.30871e-08  0.673558
-5.65487  0  3.14159  -4.53491e-08  0.744569
-4.39823  0  3.14159  -6.25328e-08  0.824086
-3.14159  0  3.14159  -9.18714e-08  0.924209
-1.88496  0  3.14159  -4.67754e-08  1.14245
-0.628319  0  3.14159  -4.53718e-06  2.60454
0.628319  0  3.14159  5.10616e-06  -2.60455
1.88496  0  3.14159  -2.10003e-07  -1.14245
3.14159  0  3.14159  -1.0232e-08  -0.924209
4.39823  0  3.14159  -1.20641e-09  -0.824086
5.65487  0  3.14159  1.08343e-09  -0.744569
6.9115  0  3.14159  -4.52093e-08  -0.673558
8.16814  0  3.14159  -1.10835e-07  -0.610433
10.6814  0  3.14159  -1.44343e-07  -0.50721
15.708  0  3.14159  3.98939e-07  -0.370802
33.3009  0  3.14159  1.03301e-06  -0.184624
-54.6637  3.14159  0  -2.54491e-07  0.113634
-27.0177  3.14159  0  -2.75524e-08  0.225667
-13.1947  3.14159  0  4.98457e-08  0.429645
-10.6814  3.14159  0  -4.58402e-09  0.50721
-8.16814  3.14159  0  -6.9152e-09  0.610433
-6.9115  3.14159  0  -1.30871e-08  0.673558
-5.65487  3.14159  0  -4.53491e-08  0.744569
-4.39823  3.14159  0  -6.25328e-08  0.824086
-3.14159  3.14159  0  -9.18714e-08  0.924209
-1.88496  3.14159  0  -4.67754e-08  1.14245
-0.628319  3.14159  0  -4.53718e-06  2.60454
0.628319  3.14159  0  5.10616e-06  -2.60455
1.88496  3.14159  0  -2.10003e-07  -1.14245
3.14159  3.14159  0  -1.0232e-08  -0.924209
4.39823  3.14159  0  -1.20641e-09  -0.824086
5.65487  3.14159  0  1.08343e-09  -0.744569
6.9115  3.14159  0  -4.52093e-08  -0.673558
8.16814  3.14159  0  -1.10835e-07  -0.610433
10.6814  3.14159  0  -1.44343e-07  -0.50721
15.708  3.14159  0  3.98939e-07  -0.370802
33.3009  3.14159  0  1.03301e-06  -0.184624
-54.6637  3.14159  3.14159  0.00382191  0.113638
-27.0177  3.14159  3.14159  0.0148104  0.225798
-13.1947  3.14159  3.14159  0.0506785  0.432947
-10.6814  3.14159  3.14159  0.0686186  0.514832
-8.16814  3.14159  3.14159  0.0952339  0.629881
-6.9115  3.14159  3.14159  0.112723  0.70543
-5.65487  3.14159  3.14159  0.13309  0.796184
-4.39823  3.14159  3.14159  0.155578  0.900351
-3.14159  3.14159  3.14159  0.178155  0.994007
-1.88496  3.14159  3.14159  0.197235  0.959834
-0.628319  3.14159  3.14159  0.208394  0.467074
0.628319  3.14159  3.14159  0.208395  -0.467076
1.88496  3.14159  3.14159  0.197236  -0.959836
3.14159  3.14159  3.14159  0.178155  -0.994008
4.39823  3.14159  3.14159  0.155578  -0.900352
5.65487  3.14159  3.14159  0.13309  -0.796185
6.9115  3.14159  3.14159  0.112723  -0.705431
8.16814  3.14159  3.14159  0.0952338  -0.629881
10.6814  3.14159  3.14159  0.0686184  -0.514832
15.708  3.14159  3.14159  0.0384952  -0.372377
33.3009  3.14159  3.14159  0.00998934  -0.184672
