-54.6637  0  0  2.37601e-06  -5.09085e-07
-27.0177  0  0  8.67266e-06  -3.98367e-06
-13.1947  0  0  2.28969e-05  -2.64607e-05
-10.6814  0  0  2.62195e-05  -4.16917e-05
-8.16814  0  0  2.36949e-05  -7.13079e-05
-6.9115  0  0  1.33841e-05  -8.75828e-05
-5.65487  0  0  -3.55142e-06  -0.000112013
-4.39823  0  0  -3.70707e-05  -0.000133542
-3.14159  0  0  -0.000104201  -0.000144764
-1.88496  0  0  -0.000137232  -0.000115059
-0.628319  0  0  -7.55792e-05  -6.19309e-05
0.628319  0  0  -0.000224467  -5.96989e-05
1.88496  0  0  -0.000175349  8.91698e-05
3.14159  0  0  -8.93592e-05  0.000152603
4.39823  0  0  -3.76042e-05  0.000134493
5.65487  0  0  -2.73747e-06  0.000109079
6.9115  0  0  1.32223e-05  8.99421e-05
8.16814  0  0  2.50977e-05  6.7376e-05
10.6814  0  0  2.64598e-05  4.25861e-05
15.708  0  0  1.94016e-05  1.6801e-05
33.3009  0  0  6.14729e-06  2.20866e-06
-54.6637  0  3.14159  2.40813e-06  -4.48916e-07
-27.0177  0  3.14159  9.09371e-06  -3.41712e-06
-13.1947  0  3.14159  2.802e-05  -2.30723e-05
-10.6814  0  3.14159  3.54416e-05  -3.79899e-05
-8.16814  0  3.14159  4.17929e-05  -6.67332e-05
-6.9115  0  3.14159  4.17475e-05  -9.11781e-05
-5.65487  0  3.14159  3.42635e-05  -0.000126403
-4.39823  0  3.14159  8.23315e-06  -0.000175375
-3.14159  0  3.14159  -6.01756e-05  -0.000233065
-1.88496  0  3.14159  -0.000202533  -0.000253094
-0.628319  0  3.14159  -0.000372098  -0.000125413
0.628319  0  3.14159  -0.000369938  0.00012863
1.88496  0  3.14159  -0.000200773  0.000254295
3.14159  0  3.14159  -5.86753e-05  0.000232796
4.39823  0  3.14159  9.26895e-06  0.000175702
5.65487  0  3.14159  3.50912e-05  0.000126311
6.9115  0  3.14159  4.24172e-05  9.11256e-05
8.16814  0  3.14159  4.22032e-05  6.66211e-05
10.6814  0  3.14159  3.5596e-05  3.76011e-05
15.708  0  3.14159  2.2241e-05  1.4728e-05
33.3009  0  3.14159  6.21339e-06  1.85755e-06
-54.6637  3.14159  0  2.40813e-06  -4.48916e-07
-27.0177  3.14159  0  9.09371e-06  -3.41712e-06
-13.1947  3.14159  0  2.802e-05  -2.30723e-05
-10.6814  3.14159  0  3.54416e-05  -3.79899e-05
-8.16814  3.14159  0  4.17929e-05  -6.67332e-05
-6.9115  3.14159  0  4.17475e-05  -9.11781e-05
-5.65487  3.14159  0  3.42635e-05  -0.000126403
-4.39823  3.14159  0  8.23315e-06  -0.000175375
-3.14159  3.14159  0  -6.01756e-05  -0.000233065
-1.88496  3.14159  0  -0.000202533  -0.000253094
-0.628319  3.14159  0  -0.000372098  -0.000125413
0.628319  3.14159  0  -0.000369938  0.00012863
1.88496  3.14159  0  -0.000200773  0.000254295
3.14159  3.14159  0  -5.86753e-05  0.000232796
4.39823  3.14159  0  9.26895e-06  0.000175702
5.65487  3.14159  0  3.50912e-05  0.000126311
6.9115  3.14159  0  4.24172e-05  9.11256e-05
8.16814  3.14159  0  4.22032e-05  6.66211e-05
10.6814  3.14159  0  3.5596e-05  3.76011e-05
15.708  3.14159  0  2.2241e-05  1.4728e-05
33.3009  3.14159  0  6.21339e-06  1.85755e-06
-54.6637  3.14159  3.14159  2.42688e-06  -3.63267e-07
-27.0177  3.14159  3.14159  9.23955e-06  -2.60599e-06
-13.1947  3.14159  3.14159  3.14689e-05  -1.78542e-05
-10.6814  3.14159  3.14159  4.23406e-05  -2.93826e-05
-8.16814  3.14159  3.14159  6.0185e-05  -5.58489e-05
-6.9115  3.14159  3.14159  7.15403e-05  -7.70836e-05
-5.65487  3.14159  3.14159  8.23272e-05  -0.000110258
-4.39823  3.14159  3.14159  0.000103149  -0.000170874
-3.14159  3.14159  3.14159  0.000117853  -0.000292964
-1.88496  3.14159  3.14159  6.22891e-05  -0.000599723
-0.628319  3.14159  3.14159  -0.00096045  -0.00119214
0.628319  3.14159  3.14159  -0.000946425  0.00112107
1.88496  3.14159  3.14159  6.62185e-05  0.000603003
3.14159  3.14159  3.14159  0.000124857  0.000288804
4.39823  3.14159  3.14159  0.000103338  0.000170253
5.65487  3.14159  3.14159  8.46867e-05  0.000112693
6.9115  3.14159  3.14159  7.28848e-05  7.63725e-05
8.16814  3.14159  3.14159  6.11589e-05  5.33729e-05
10.6814  3.14159  3.14159  4.17781e-05  2.99434e-05
15.708  3.14159  3.14159  2.42965e-05  1.16828e-05
33.3009  3.14159  3.14159  6.3066e-06  1.45962e-06
