-54.6637  0  0  -0.00938371  0.928482
-27.0177  0  0  -0.0381628  1.86712
-13.1947  0  0  -0.155454  3.72403
-10.6814  0  0  -0.233118  4.52075
-8.16814  0  0  -0.385025  5.71357
-6.9115  0  0  -0.518569  6.55078
-5.65487  0  0  -0.728142  7.6218
-4.39823  0  0  -1.07879  8.9928
-3.14159  0  0  -1.70707  10.6194
-1.88496  0  0  -2.86322  11.8192
-0.628319  0  0  -4.70465  7.94996
0.628319  0  0  -4.7088  -7.93903
1.88496  0  0  -2.86113  -11.8123
3.14159  0  0  -1.70953  -10.6194
4.39823  0  0  -1.08026  -8.99309
5.65487  0  0  -0.726392  -7.6214
6.9115  0  0  -0.517307  -6.54989
8.16814  0  0  -0.383172  -5.71291
10.6814  0  0  -0.23267  -4.52064
15.708  0  0  -0.110699  -3.15911
33.3009  0  0  -0.0253493  -1.51971
-54.6637  0  3.14159  0.000480864  0.931426
-27.0177  0  3.14159  0.0022165  1.87935
-13.1947  0  3.14159  0.008757  3.83122
-10.6814  0  3.14159  0.010879  4.72441
-8.16814  0  3.14159  0.0208673  6.14123
-6.9115  0  3.14159  0.0294103  7.21591
-5.65487  0  3.14159  0.0378873  8.73687
-4.39823  0  3.14159  0.0607122  11.0186
-3.14159  0  3.14159  0.116726  14.8904
-1.88496  0  3.14159  0.311993  23.4113
-0.628319  0  3.14159  2.97116  71.8587
0.628319  0  3.14159  2.95363  -71.8632
1.88496  0  3.14159  0.310607  -23.4095
3.14159  0  3.14159  0.113412  -14.8908
4.39823  0  3.14159  0.0592829  -11.0201
5.65487  0  3.14159  0.0394187  -8.7376
6.9115  0  3.14159  0.0302197  -7.21495
8.16814  0  3.14159  0.022339  -6.14098
10.6814  0  3.14159  0.0112715  -4.72457
15.708  0  3.14159  0.00458062  -3.22434
33.3009  0  3.14159  0.000591357  -1.52335
-54.6637  3.14159  0  0.000480864  0.931426
-27.0177  3.14159  0  0.0022165  1.87935
-13.1947  3.14159  0  0.008757  3.83122
-10.6814  3.14159  0  0.010879  4.72441
-8.16814  3.14159  0  0.0208673  6.14123
-6.9115  3.14159  0  0.0294103  7.21591
-5.65487  3.14159  0  0.0378873  8.73687
-4.39823  3.14159  0  0.0607122  11.0186
-3.14159  3.14159  0  0.116726  14.8904
-1.88496  3.14159  0  0.311993  23.4113
-0.628319  3.14159  0  2.97116  71.8587
0.628319  3.14159  0  2.95363  -71.8632
1.88496  3.14159  0  0.310607  -23.4095
3.14159  3.14159  0  0.113412  -14.8908
4.39823  3.14159  0  0.0592829  -11.0201
5.65487  3.14159  0  0.0394187  -8.7376
6.9115  3.14159  0  0.0302197  -7.21495
8.16814  3.14159  0  0.022339  -6.14098
10.6814  3.14159  0  0.0112715  -4.72457
15.708  3.14159  0  0.00458062  -3.22434
33.3009  3.14159  0  0.000591357  -1.52335
-54.6637  3.14159  3.14159  0.010329  0.928518
-27.0177  3.14159  3.14159  0.0416908  1.86679
-13.1947  3.14159  3.14159  0.169162  3.72235
-10.6814  3.14159  3.14159  0.25408  4.51861
-8.16814  3.14159  3.14159  0.416814  5.70871
-6.9115  3.14159  3.14159  0.558642  6.54279
-5.65487  3.14159  3.14159  0.782783  7.61044
-4.39823  3.14159  3.14159  1.15019  8.97245
-3.14159  3.14159  3.14159  1.79538  10.5814
-1.88496  3.14159  3.14159  2.95803  11.7498
-0.628319  3.14159  3.14159  4.65717  7.87292
0.628319  3.14159  3.14159  4.67414  -7.88215
1.88496  3.14159  3.14159  2.95656  -11.7534
3.14159  3.14159  3.14159  1.79752  -10.5817
4.39823  3.14159  3.14159  1.15156  -8.9718
5.65487  3.14159  3.14159  0.780543  -7.61049
6.9115  3.14159  3.14159  0.556854  -6.54405
8.16814  3.14159  3.14159  0.414302  -5.7094
10.6814  3.14159  3.14159  0.253325  -4.51868
15.708  3.14159  3.14159  0.121284  -3.15816
33.3009  3.14159  3.14159  0.0280134  -1.51933
