-54.6637  0  0  1.3338e-06  1.34539e-05
-27.0177  0  0  5.30511e-06  2.64301e-05
-13.1947  0  0  1.98384e-05  4.81767e-05
-10.6814  0  0  2.81557e-05  5.52977e-05
-8.16814  0  0  4.20578e-05  6.30728e-05
-6.9115  0  0  5.23835e-05  6.64059e-05
-5.65487  0  0  6.58212e-05  6.81883e-05
-4.39823  0  0  8.27498e-05  6.65879e-05
-3.14159  0  0  0.000102421  5.87946e-05
-1.88496  0  0  0.000121592  4.18416e-05
-0.628319  0  0  0.000134083  1.53772e-05
0.628319  0  0  0.000134084  -1.53687e-05
1.88496  0  0  0.000121594  -4.18338e-05
3.14159  0  0  0.000102424  -5.87875e-05
4.39823  0  0  8.27536e-05  -6.65818e-05
5.65487  0  0  6.58251e-05  -6.81833e-05
6.9115  0  0  5.23867e-05  -6.64016e-05
8.16814  0  0  4.20613e-05  -6.3069e-05
10.6814  0  0  2.81602e-05  -5.52949e-05
15.708  0  0  1.46145e-05  -4.22651e-05
33.3009  0  0  3.53928e-06  -2.17286e-05
-54.6637  0  3.14159  8.53957e-07  1.35347e-05
-27.0177  0  3.14159  3.47035e-06  2.70638e-05
-13.1947  0  3.14159  1.39336e-05  5.26556e-05
-10.6814  0  3.14159  2.05575e-05  6.28284e-05
-8.16814  0  3.14159  3.28042e-05  7.67813e-05
-6.9115  0  3.14159  4.30362e-05  8.54598e-05
-5.65487  0  3.14159  5.81957e-05  9.4985e-05
-4.39823  0  3.14159  8.12735e-05  0.000103871
-3.14159  0  3.14159  0.000116398  0.000107167
-1.88496  0  3.14159  0.00016478  9.19024e-05
-0.628319  0  3.14159  0.000208644  3.92735e-05
0.628319  0  3.14159  0.000208644  -3.92652e-05
1.88496  0  3.14159  0.000164783  -9.18948e-05
3.14159  0  3.14159  0.000116401  -0.00010716
4.39823  0  3.14159  8.12771e-05  -0.000103865
5.65487  0  3.14159  5.81994e-05  -9.49803e-05
6.9115  0  3.14159  4.304e-05  -8.54556e-05
8.16814  0  3.14159  3.2808e-05  -7.67776e-05
10.6814  0  3.14159  2.05613e-05  -6.28257e-05
15.708  0  3.14159  1.00141e-05  -4.51126e-05
33.3009  0  3.14159  2.29424e-06  -2.20752e-05
-54.6637  3.14159  0  8.53957e-07  1.35347e-05
-27.0177  3.14159  0  3.47035e-06  2.70638e-05
-13.1947  3.14159  0  1.39336e-05  5.26556e-05
-10.6814  3.14159  0  2.05575e-05  6.28284e-05
-8.16814  3.14159  0  3.28042e-05  7.67813e-05
-6.9115  3.14159  0  4.30362e-05  8.54598e-05
-5.65487  3.14159  0  5.81957e-05  9.4985e-05
-4.39823  3.14159  0  8.12735e-05  0.000103871
-3.14159  3.14159  0  0.000116398  0.000107167
-1.88496  3.14159  0  0.00016478  9.19024e-05
-0.628319  3.14159  0  0.000208644  3.92735e-05
0.628319  3.14159  0  0.000208644  -3.92652e-05
1.88496  3.14159  0  0.000164783  -9.18948e-05
3.14159  3.14159  0  0.000116401  -0.00010716
4.39823  3.14159  0  8.12771e-05  -0.000103865
5.65487  3.14159  0  5.81994e-05  -9.49803e-05
6.9115  3.14159  0  4.304e-05  -8.54556e-05
8.16814  3.14159  0  3.2808e-05  -7.67776e-05
10.6814  3.14159  0  2.05613e-05  -6.28257e-05
15.708  3.14159  0  1.00141e-05  -4.51126e-05
33.3009  3.14159  0  2.29424e-06  -2.20752e-05
-54.6637  3.14159  3.14159  3.66484e-07  1.35758e-05
-27.0177  3.14159  3.14159  1.51435e-06  2.73946e-05
-13.1947  3.14159  3.14159  6.31613e-06  5.52894e-05
-10.6814  3.14159  3.14159  9.47797e-06  6.75917e-05
-8.16814  3.14159  3.14159  1.55673e-05  8.66265e-05
-6.9115  3.14159  3.14159  2.09307e-05  0.000100619
-5.65487  3.14159  3.14159  2.94517e-05  0.000119793
-4.39823  3.14159  3.14159  4.42697e-05  0.000147715
-3.14159  3.14159  3.14159  7.4407e-05  0.000192119
-1.88496  3.14159  3.14159  0.000156526  0.000268622
-0.628319  3.14159  3.14159  0.000475888  0.000296081
0.628319  3.14159  3.14159  0.000475887  -0.000296075
1.88496  3.14159  3.14159  0.000156527  -0.000268615
3.14159  3.14159  3.14159  7.44092e-05  -0.000192113
4.39823  3.14159  3.14159  4.42727e-05  -0.00014771
5.65487  3.14159  3.14159  2.94546e-05  -0.000119788
6.9115  3.14159  3.14159  2.09339e-05  -0.000100615
8.16814  3.14159  3.14159  1.55706e-05  -8.66227e-05
10.6814  3.14159  3.14159  9.48126e-06  -6.75889e-05
15.708  3.14159  3.14159  4.4886e-06  -4.67136e-05
33.3009  3.14159  3.14159  9.95373e-07  -2.22539e-05
