-54.6637  0  0  4.31628e-05  8.40594e-06
-27.0177  0  0  -7.22645e-05  -2.69652e-05
-13.1947  0  0  -4.93273e-05  -6.82224e-05
-10.6814  0  0  -2.18352e-05  -1.68063e-05
-8.16814  0  0  -0.000146938  -0.000132835
-6.9115  0  0  -5.11872e-05  -0.000190986
-5.65487  0  0  -0.000114984  8.79837e-06
-4.39823  0  0  -8.75282e-06  3.79453e-05
-3.14159  0  0  -0.000258534  0.000268467
-1.88496  0  0  -3.14608e-05  -0.00053042
-0.628319  0  0  -0.00051473  -0.000169257
0.628319  0  0  0.000675856  -0.000530009
1.88496  0  0  0.000139102  -0.000421916
3.14159  0  0  0.000160741  0.000279301
4.39823  0  0  9.20615e-05  -4.91333e-05
5.65487  0  0  0.000114077  0.000172391
6.9115  0  0  0.000139286  -9.82617e-05
8.16814  0  0  0.000166843  3.40675e-05
10.6814  0  0  3.57929e-05  2.78769e-05
15.708  0  0  0.000155343  7.73948e-05
33.3009  0  0  6.85e-05  1.1499e-05
-54.6637  0  3.14159  5.54314e-07  1.0347e-06
-27.0177  0  3.14159  1.00868e-06  4.56453e-06
-13.1947  0  3.14159  1.1709e-05  2.88125e-06
-10.6814  0  3.14159  -1.32312e-05  -4.44723e-06
-8.16814  0  3.14159  -5.62465e-06  8.80211e-06
-6.9115  0  3.14159  -1.34914e-05  -3.11075e-06
-5.65487  0  3.14159  -7.06459e-05  -1.46688e-05
-4.39823  0  3.14159  3.6504e-05  -1.72803e-06
-3.14159  0  3.14159  2.04925e-05  8.93705e-05
-1.88496  0  3.14159  1.37048e-05  0.000157257
-0.628319  0  3.14159  0.000105739  0.000150179
0.628319  0  3.14159  -0.000158129  3.33626e-05
1.88496  0  3.14159  -8.48825e-05  8.66031e-05
3.14159  0  3.14159  -1.7385e-05  3.03566e-05
4.39823  0  3.14159  3.0402e-06  -4.61509e-05
5.65487  0  3.14159  8.45411e-05  2.44687e-05
6.9115  0  3.14159  2.08919e-05  -8.55329e-06
8.16814  0  3.14159  6.42189e-06  2.27102e-06
10.6814  0  3.14159  2.29664e-05  -5.15884e-06
15.708  0  3.14159  5.83304e-06  -4.22547e-06
33.3009  0  3.14159  -8.57591e-06  -9.09172e-06
-54.6637  3.14159  0  5.54314e-07  1.0347e-06
-27.0177  3.14159  0  1.00868e-06  4.56453e-06
-13.1947  3.14159  0  1.1709e-05  2.88125e-06
-10.6814  3.14159  0  -1.32312e-05  -4.44723e-06
-8.16814  3.14159  0  -5.62465e-06  8.80211e-06
-6.9115  3.14159  0  -1.34914e-05  -3.11075e-06
-5.65487  3.14159  0  -7.06459e-05  -1.46688e-05
-4.39823  3.14159  0  3.6504e-05  -1.72803e-06
-3.14159  3.14159  0  2.04925e-05  8.93705e-05
-1.88496  3.14159  0  1.37048e-05  0.000157257
-0.628319  3.14159  0  0.000105739  0.000150179
0.628319  3.14159  0  -0.000158129  3.33626e-05
1.88496  3.14159  0  -8.48825e-05  8.66031e-05
3.14159  3.14159  0  -1.7385e-05  3.03566e-05
4.39823  3.14159  0  3.0402e-06  -4.61509e-05
5.65487  3.14159  0  8.45411e-05  2.44687e-05
6.9115  3.14159  0  2.08919e-05  -8.55329e-06
8.16814  3.14159  0  6.42189e-06  2.27102e-06
10.6814  3.14159  0  2.29664e-05  -5.15884e-06
15.708  3.14159  0  5.83304e-06  -4.22547e-06
33.3009  3.14159  0  -8.57591e-06  -9.09172e-06
-54.6637  3.14159  3.14159  -7.43979e-06  -1.01379e-06
-27.0177  3.14159  3.14159  2.43181e-06  4.28765e-06
-13.1947  3.14159  3.14159  3.59922e-06  7.48949e-06
-10.6814  3.14159  3.14159  -6.45147e-07  9.95112e-06
-8.16814  3.14159  3.14159  4.29289e-05  3.09583e-05
-6.9115  3.14159  3.14159  2.29091e-05  2.18366e-05
-5.65487  3.14159  3.14159  -1.90429e-05  2.16133e-05
-4.39823  3.14159  3.14159  1.25829e-05  1.13061e-05
-3.14159  3.14159  3.14159  -6.39427e-05  2.93706e-05
-1.88496  3.14159  3.14159  0.00012707  0.000106197
-0.628319  3.14159  3.14159  -0.000100722  3.33337e-05
0.628319  3.14159  3.14159  0.000224019  8.23328e-05
1.88496  3.14159  3.14159  -9.39406e-05  -2.75794e-05
3.14159  3.14159  3.14159  5.66186e-05  2.55881e-05
4.39823  3.14159  3.14159  -2.55241e-06  -2.37193e-05
5.65487  3.14159  3.14159  1.96763e-05  -8.30514e-06
6.9115  3.14159  3.14159  -1.62967e-05  -2.48777e-05
8.16814  3.14159  3.14159  -4.0523e-05  -2.67218e-05
10.6814  3.14159  3.14159  1.07685e-06  -9.8799e-06
15.708  3.14159  3.14159  -7.19397e-06  -8.20571e-06
33.3009  3.14159  3.14159  2.73838e-06  -1.02639e-06
