-54.6637  0  0  0.00384854  -0.0835781
-27.0177  0  0  0.0153256  -0.168031
-13.1947  0  0  0.0573639  -0.334981
-10.6814  0  0  0.0813655  -0.406584
-8.16814  0  0  0.12128  -0.514267
-6.9115  0  0  0.150645  -0.590665
-5.65487  0  0  0.188121  -0.69092
-4.39823  0  0  0.23249  -0.825653
-3.14159  0  0  0.271714  -1.00229
-1.88496  0  0  0.262223  -1.14903
-0.628319  0  0  0.170897  -0.751523
0.628319  0  0  0.170718  0.751517
1.88496  0  0  0.262308  1.14901
3.14159  0  0  0.271775  1.00227
4.39823  0  0  0.232536  0.825645
5.65487  0  0  0.18816  0.690919
6.9115  0  0  0.150678  0.590666
8.16814  0  0  0.12131  0.514268
10.6814  0  0  0.0813904  0.406585
15.708  0  0  0.0422664  0.284275
33.3009  0  0  0.0102239  0.13672
-54.6637  0  3.14159  0.00273085  -0.0838806
-27.0177  0  3.14159  0.0106034  -0.170397
-13.1947  0  3.14159  0.0365795  -0.351202
-10.6814  0  3.14159  0.0498223  -0.433199
-8.16814  0  3.14159  0.0699382  -0.560507
-6.9115  0  3.14159  0.0835928  -0.65267
-5.65487  0  3.14159  0.100225  -0.774556
-4.39823  0  3.14159  0.120508  -0.93982
-3.14159  0  3.14159  0.147558  -1.17625
-1.88496  0  3.14159  0.195164  -1.55833
-0.628319  0  3.14159  0.830869  -5.42499
0.628319  0  3.14159  0.831458  5.42482
1.88496  0  3.14159  0.195255  1.55835
3.14159  0  3.14159  0.147675  1.17622
4.39823  0  3.14159  0.120571  0.93981
5.65487  0  3.14159  0.100267  0.774557
6.9115  0  3.14159  0.0836315  0.652672
8.16814  0  3.14159  0.0699725  0.560509
10.6814  0  3.14159  0.0498481  0.4332
15.708  0  3.14159  0.0277119  0.294726
33.3009  0  3.14159  0.00715583  0.138017
-54.6637  3.14159  0  0.00273085  -0.0838806
-27.0177  3.14159  0  0.0106034  -0.170397
-13.1947  3.14159  0  0.0365795  -0.351202
-10.6814  3.14159  0  0.0498223  -0.433199
-8.16814  3.14159  0  0.0699382  -0.560507
-6.9115  3.14159  0  0.0835928  -0.65267
-5.65487  3.14159  0  0.100225  -0.774556
-4.39823  3.14159  0  0.120508  -0.93982
-3.14159  3.14159  0  0.147558  -1.17625
-1.88496  3.14159  0  0.195164  -1.55833
-0.628319  3.14159  0  0.830869  -5.42499
0.628319  3.14159  0  0.831458  5.42482
1.88496  3.14159  0  0.195255  1.55835
3.14159  3.14159  0  0.147675  1.17622
4.39823  3.14159  0  0.120571  0.93981
5.65487  3.14159  0  0.100267  0.774557
6.9115  3.14159  0  0.0836315  0.652672
8.16814  3.14159  0  0.0699725  0.560509
10.6814  3.14159  0  0.0498481  0.4332
15.708  3.14159  0  0.0277119  0.294726
33.3009  3.14159  0  0.00715583  0.138017
-54.6637  3.14159  3.14159  0.00160503  -0.0840061
-27.0177  3.14159  3.14159  0.00574646  -0.171314
-13.1947  3.14159  3.14159  0.0141341  -0.356449
-10.6814  3.14159  3.14159  0.0149647  -0.441263
-8.16814  3.14159  3.14159  0.0106086  -0.573754
-6.9115  3.14159  3.14159  0.00256292  -0.670297
-5.65487  3.14159  3.14159  -0.0152379  -0.798558
-4.39823  3.14159  3.14159  -0.0544705  -0.97067
-3.14159  3.14159  3.14159  -0.144561  -1.18974
-1.88496  3.14159  3.14159  -0.352326  -1.35404
-0.628319  3.14159  3.14159  -0.679209  -0.857963
0.628319  3.14159  3.14159  -0.679367  0.858079
1.88496  3.14159  3.14159  -0.352214  1.35409
3.14159  3.14159  3.14159  -0.144478  1.18976
4.39823  3.14159  3.14159  -0.0544139  0.970684
5.65487  3.14159  3.14159  -0.0151938  0.798573
6.9115  3.14159  3.14159  0.002599  0.670309
8.16814  3.14159  3.14159  0.0106401  0.573762
10.6814  3.14159  3.14159  0.0149902  0.441268
15.708  3.14159  3.14159  0.0122294  0.298297
33.3009  3.14159  3.14159  0.00402518  0.138535
