-54.6637  0  0  0.00055541  -1.13965
-27.0177  0  0  0.00167412  -2.26759
-13.1947  0  0  0.00118261  -4.3561
-10.6814  0  0  -0.000410882  -5.17124
-8.16814  0  0  -0.00185551  -6.27348
-6.9115  0  0  -3.10714e-05  -6.94312
-5.65487  0  0  0.00871835  -7.64641
-4.39823  0  0  0.0356256  -8.2169
-3.14159  0  0  0.105127  -8.17916
-1.88496  0  0  0.255297  -6.6091
-0.628319  0  0  0.457272  -2.77002
0.628319  0  0  0.457265  2.77003
1.88496  0  0  0.255279  6.6091
3.14159  0  0  0.105106  8.17916
4.39823  0  0  0.0356046  8.2169
5.65487  0  0  0.00869849  7.64641
6.9115  0  0  -5.02133e-05  6.94312
8.16814  0  0  -0.00187318  6.27348
10.6814  0  0  -0.000421525  5.17124
15.708  0  0  0.00192655  3.74656
33.3009  0  0  0.0012783  1.85352
-54.6637  0  3.14159  -8.03007e-08  -1.14124
-27.0177  0  3.14159  2.59825e-07  -2.28117
-13.1947  0  3.14159  3.90539e-06  -4.48296
-10.6814  0  3.14159  5.4353e-06  -5.41965
-8.16814  0  3.14159  7.5294e-06  -6.85434
-6.9115  0  3.14159  9.21014e-06  -7.91685
-5.65487  0  3.14159  1.13329e-05  -9.41051
-4.39823  0  3.14159  1.47133e-05  -11.7079
-3.14159  0  3.14159  2.0038e-05  -15.7468
-1.88496  0  3.14159  3.84611e-05  -24.3428
-0.628319  0  3.14159  5.10769e-05  -19.7692
0.628319  0  3.14159  -9.4347e-06  19.7692
1.88496  0  3.14159  -3.4754e-05  24.3428
3.14159  0  3.14159  -2.07234e-05  15.7468
4.39823  0  3.14159  -1.40724e-05  11.7079
5.65487  0  3.14159  -1.10843e-05  9.41051
6.9115  0  3.14159  -9.22305e-06  7.91685
8.16814  0  3.14159  -8.00407e-06  6.85434
10.6814  0  3.14159  -6.15845e-06  5.41965
15.708  0  3.14159  -4.3083e-06  3.81968
33.3009  0  3.14159  -1.71497e-06  1.86068
-54.6637  3.14159  0  -8.03007e-08  -1.14124
-27.0177  3.14159  0  2.59825e-07  -2.28117
-13.1947  3.14159  0  3.90539e-06  -4.48296
-10.6814  3.14159  0  5.4353e-06  -5.41965
-8.16814  3.14159  0  7.5294e-06  -6.85434
-6.9115  3.14159  0  9.21014e-06  -7.91685
-5.65487  3.14159  0  1.13329e-05  -9.41051
-4.39823  3.14159  0  1.47133e-05  -11.7079
-3.14159  3.14159  0  2.0038e-05  -15.7468
-1.88496  3.14159  0  3.84611e-05  -24.3428
-0.628319  3.14159  0  5.10769e-05  -19.7692
0.628319  3.14159  0  -9.4347e-06  19.7692
1.88496  3.14159  0  -3.4754e-05  24.3428
3.14159  3.14159  0  -2.07234e-05  15.7468
4.39823  3.14159  0  -1.40724e-05  11.7079
5.65487  3.14159  0  -1.10843e-05  9.41051
6.9115  3.14159  0  -9.22305e-06  7.91685
8.16814  3.14159  0  -8.00407e-06  6.85434
10.6814  3.14159  0  -6.15845e-06  5.41965
15.708  3.14159  0  -4.3083e-06  3.81968
33.3009  3.14159  0  -1.71497e-06  1.86068
-54.6637  3.14159  3.14159  -0.000566307  -1.13965
-27.0177  3.14159  3.14159  -0.00169589  -2.26759
-13.1947  3.14159  3.14159  -0.0011909  -4.3561
-10.6814  3.14159  3.14159  0.000421392  -5.17124
-8.16814  3.14159  3.14159  0.00188703  -6.27348
-6.9115  3.14159  3.14159  6.31052e-05  -6.94312
-5.65487  3.14159  3.14159  -0.00869363  -7.64641
-4.39823  3.14159  3.14159  -0.0356036  -8.2169
-3.14159  3.14159  3.14159  -0.105104  -8.17916
-1.88496  3.14159  3.14159  -0.255278  -6.6091
-0.628319  3.14159  3.14159  -0.457264  -2.77003
0.628319  3.14159  3.14159  -0.457271  2.77002
1.88496  3.14159  3.14159  -0.255296  6.6091
3.14159  3.14159  3.14159  -0.105126  8.17916
4.39823  3.14159  3.14159  -0.0356245  8.2169
5.65487  3.14159  3.14159  -0.00871334  7.64641
6.9115  3.14159  3.14159  4.27998e-05  6.94312
8.16814  3.14159  3.14159  0.00186797  6.27348
10.6814  3.14159  3.14159  0.000410511  5.17124
15.708  3.14159  3.14159  -0.00193984  3.74656
33.3009  3.14159  3.14159  -0.00127888  1.85352
