-54.6637  0  0  6.66495e-05  -2.33603e-05
-27.0177  0  0  0.000245158  -0.000130572
-13.1947  0  0  0.00064789  -0.000767669
-10.6814  0  0  0.000720703  -0.00120096
-8.16814  0  0  0.000618432  -0.00194009
-6.9115  0  0  0.000377358  -0.00246016
-5.65487  0  0  -0.000127494  -0.00305203
-4.39823  0  0  -0.00104251  -0.00358211
-3.14159  0  0  -0.00245269  -0.00373053
-1.88496  0  0  -0.00414292  -0.0030162
-0.628319  0  0  -0.00539428  -0.00118771
0.628319  0  0  -0.00539343  0.00119409
1.88496  0  0  -0.00414044  0.0030222
3.14159  0  0  -0.00244868  0.00373586
4.39823  0  0  -0.00103702  0.00358644
5.65487  0  0  -0.000120604  0.00305486
6.9115  0  0  0.000385238  0.00246067
8.16814  0  0  0.000626059  0.00193797
10.6814  0  0  0.000725204  0.00119547
15.708  0  0  0.00054462  0.000507703
33.3009  0  0  0.000168139  7.66886e-05
-54.6637  0  3.14159  6.59853e-05  -2.33062e-05
-27.0177  0  3.14159  0.000240732  -0.00012778
-13.1947  0  3.14159  0.000646287  -0.000716376
-10.6814  0  3.14159  0.00075364  -0.00110812
-8.16814  0  3.14159  0.000778758  -0.00180016
-6.9115  0  3.14159  0.00068139  -0.00233606
-5.65487  0  3.14159  0.000395564  -0.00305555
-4.39823  0  3.14159  -0.000285944  -0.00397588
-3.14159  0  3.14159  -0.00176243  -0.00492982
-1.88496  0  3.14159  -0.00447644  -0.00505584
-0.628319  0  3.14159  -0.00747636  -0.00244476
0.628319  0  3.14159  -0.00747533  0.00245162
1.88496  0  3.14159  -0.00447372  0.00506209
3.14159  0  3.14159  -0.00175838  0.00493546
4.39823  0  3.14159  -0.000280294  0.0039808
5.65487  0  3.14159  0.000403061  0.00305893
6.9115  0  3.14159  0.000690073  0.0023368
8.16814  0  3.14159  0.000787231  0.00179792
10.6814  0  3.14159  0.000758534  0.001102
15.708  0  3.14159  0.000535321  0.000479406
33.3009  0  3.14159  0.000165571  7.57241e-05
-54.6637  3.14159  0  6.59853e-05  -2.33062e-05
-27.0177  3.14159  0  0.000240732  -0.00012778
-13.1947  3.14159  0  0.000646287  -0.000716376
-10.6814  3.14159  0  0.00075364  -0.00110812
-8.16814  3.14159  0  0.000778758  -0.00180016
-6.9115  3.14159  0  0.00068139  -0.00233606
-5.65487  3.14159  0  0.000395564  -0.00305555
-4.39823  3.14159  0  -0.000285944  -0.00397588
-3.14159  3.14159  0  -0.00176243  -0.00492982
-1.88496  3.14159  0  -0.00447644  -0.00505584
-0.628319  3.14159  0  -0.00747636  -0.00244476
0.628319  3.14159  0  -0.00747533  0.00245162
1.88496  3.14159  0  -0.00447372  0.00506209
3.14159  3.14159  0  -0.00175838  0.00493546
4.39823  3.14159  0  -0.000280294  0.0039808
5.65487  3.14159  0  0.000403061  0.00305893
6.9115  3.14159  0  0.000690073  0.0023368
8.16814  3.14159  0  0.000787231  0.00179792
10.6814  3.14159  0  0.000758534  0.001102
15.708  3.14159  0  0.000535321  0.000479406
33.3009  3.14159  0  0.000165571  7.57241e-05
-54.6637  3.14159  3.14159  6.53224e-05  -2.32182e-05
-27.0177  3.14159  3.14159  0.000236336  -0.000124928
-13.1947  3.14159  3.14159  0.000636429  -0.000669893
-10.6814  3.14159  3.14159  0.00075843  -0.00102025
-8.16814  3.14159  3.14159  0.000850147  -0.00162831
-6.9115  3.14159  3.14159  0.000847791  -0.00209721
-5.65487  3.14159  3.14159  0.00076902  -0.00274235
-4.39823  3.14159  3.14159  0.000550411  -0.00366573
-3.14159  3.14159  3.14159  6.18853e-05  -0.00514486
-1.88496  3.14159  3.14159  -0.0014239  -0.00831115
-0.628319  3.14159  3.14159  -0.0136789  -0.014144
0.628319  3.14159  3.14159  -0.0136761  0.0141521
1.88496  3.14159  3.14159  -0.00142007  0.00831653
3.14159  3.14159  3.14159  6.4755e-05  0.00515011
4.39823  3.14159  3.14159  0.000554985  0.00367222
5.65487  3.14159  3.14159  0.000777605  0.00274745
6.9115  3.14159  3.14159  0.000858488  0.00209827
8.16814  3.14159  3.14159  0.000860108  0.0016253
10.6814  3.14159  3.14159  0.000763412  0.00101321
15.708  3.14159  3.14159  0.000523539  0.000453609
33.3009  3.14159  3.14159  0.000163026  7.46636e-05
