-54.6637  0  0  0.000213589  0.00202786
-27.0177  0  0  0.000842054  0.00396665
-13.1947  0  0  0.00309155  0.00713204
-10.6814  0  0  0.0043492  0.00812705
-8.16814  0  0  0.00640842  0.00916414
-6.9115  0  0  0.00790607  0.00957131
-5.65487  0  0  0.00981824  0.00973164
-4.39823  0  0  0.0121735  0.00939327
-3.14159  0  0  0.0148431  0.0081907
-1.88496  0  0  0.0173831  0.00576326
-0.628319  0  0  0.0190084  0.00210261
0.628319  0  0  0.0190084  -0.00210423
1.88496  0  0  0.0173832  -0.00576484
3.14159  0  0  0.0148434  -0.00819227
4.39823  0  0  0.0121739  -0.00939497
5.65487  0  0  0.00981876  -0.00973352
6.9115  0  0  0.00790654  -0.00957336
8.16814  0  0  0.00640884  -0.00916632
10.6814  0  0  0.00434952  -0.00812946
15.708  0  0  0.00229024  -0.0062896
33.3009  0  0  0.000561813  -0.00326905
-54.6637  0  3.14159  0.000213541  0.00202381
-27.0177  0  3.14159  0.000827725  0.00393951
-13.1947  0  3.14159  0.00289475  0.00704761
-10.6814  0  3.14159  0.00399502  0.00807337
-8.16814  0  3.14159  0.00577392  0.00929563
-6.9115  0  3.14159  0.00709069  0.00995256
-5.65487  0  3.14159  0.00886055  0.010575
-4.39823  0  3.14159  0.0112978  0.011005
-3.14159  0  3.14159  0.0146804  0.0108074
-1.88496  0  3.14159  0.019016  0.00890513
-0.628319  0  3.14159  0.0227674  0.00372559
0.628319  0  3.14159  0.0227673  -0.00372728
1.88496  0  3.14159  0.0190159  -0.0089067
3.14159  0  3.14159  0.0146807  -0.0108089
4.39823  0  3.14159  0.0112983  -0.0110067
5.65487  0  3.14159  0.00886115  -0.0105769
6.9115  0  3.14159  0.00709122  -0.00995464
8.16814  0  3.14159  0.00577436  -0.00929785
10.6814  0  3.14159  0.00399531  -0.00807582
15.708  0  3.14159  0.0021772  -0.00621285
33.3009  0  3.14159  0.00055631  -0.00325308
-54.6637  3.14159  0  0.000213541  0.00202381
-27.0177  3.14159  0  0.000827725  0.00393951
-13.1947  3.14159  0  0.00289475  0.00704761
-10.6814  3.14159  0  0.00399502  0.00807337
-8.16814  3.14159  0  0.00577392  0.00929563
-6.9115  3.14159  0  0.00709069  0.00995256
-5.65487  3.14159  0  0.00886055  0.010575
-4.39823  3.14159  0  0.0112978  0.011005
-3.14159  3.14159  0  0.0146804  0.0108074
-1.88496  3.14159  0  0.019016  0.00890513
-0.628319  3.14159  0  0.0227674  0.00372559
0.628319  3.14159  0  0.0227673  -0.00372728
1.88496  3.14159  0  0.0190159  -0.0089067
3.14159  3.14159  0  0.0146807  -0.0108089
4.39823  3.14159  0  0.0112983  -0.0110067
5.65487  3.14159  0  0.00886115  -0.0105769
6.9115  3.14159  0  0.00709122  -0.00995464
8.16814  3.14159  0  0.00577436  -0.00929785
10.6814  3.14159  0  0.00399531  -0.00807582
15.708  3.14159  0  0.0021772  -0.00621285
33.3009  3.14159  0  0.00055631  -0.00325308
-54.6637  3.14159  3.14159  0.000213536  0.00201983
-27.0177  3.14159  3.14159  0.00081499  0.00391341
-13.1947  3.14159  3.14159  0.00273669  0.00695034
-10.6814  3.14159  3.14159  0.0037131  0.00796273
-8.16814  3.14159  3.14159  0.00523524  0.0092129
-6.9115  3.14159  3.14159  0.00631616  0.00994034
-5.65487  3.14159  3.14159  0.0077062  0.0107522
-4.39823  3.14159  3.14159  0.00952312  0.0117095
-3.14159  3.14159  3.14159  0.0120473  0.0130691
-1.88496  3.14159  3.14159  0.0166369  0.0157525
-0.628319  3.14159  3.14159  0.0336264  0.017986
0.628319  3.14159  3.14159  0.0336264  -0.0179876
1.88496  3.14159  3.14159  0.0166371  -0.015754
3.14159  3.14159  3.14159  0.0120476  -0.0130707
4.39823  3.14159  3.14159  0.00952357  -0.0117111
5.65487  3.14159  3.14159  0.00770676  -0.0107541
6.9115  3.14159  3.14159  0.0063167  -0.00994241
8.16814  3.14159  3.14159  0.00523571  -0.00921514
10.6814  3.14159  3.14159  0.00371339  -0.00796521
15.708  3.14159  3.14159  0.00208416  -0.0061349
33.3009  3.14159  3.14159  0.000551353  -0.00323764
