-54.6637  0  0  -0.00101922  0.120215
-27.0177  0  0  -0.00447217  0.240628
-13.1947  0  0  -0.0189033  0.468236
-10.6814  0  0  -0.0272416  0.558526
-8.16814  0  0  -0.0409145  0.682199
-6.9115  0  0  -0.0510163  0.758704
-5.65487  0  0  -0.0644225  0.841342
-4.39823  0  0  -0.0823205  0.914221
-3.14159  0  0  -0.105604  0.928758
-1.88496  0  0  -0.132343  0.773176
-0.628319  0  0  -0.152873  0.318794
0.628319  0  0  -0.152873  -0.318794
1.88496  0  0  -0.132343  -0.773176
3.14159  0  0  -0.105604  -0.928758
4.39823  0  0  -0.0823204  -0.914221
5.65487  0  0  -0.0644224  -0.841342
6.9115  0  0  -0.0510167  -0.758704
8.16814  0  0  -0.0409147  -0.682199
10.6814  0  0  -0.0272413  -0.558526
15.708  0  0  -0.013617  -0.401244
33.3009  0  0  -0.00287408  -0.19621
-54.6637  0  3.14159  -1.42711e-09  0.12067
-27.0177  0  3.14159  -2.26652e-08  0.244357
-13.1947  0  3.14159  -4.10527e-08  0.496532
-10.6814  0  3.14159  -4.39702e-08  0.607631
-8.16814  0  3.14159  -5.18957e-08  0.778658
-6.9115  0  3.14159  -5.60384e-08  0.904477
-5.65487  0  3.14159  -6.02025e-08  1.07929
-4.39823  0  3.14159  -6.4827e-08  1.34497
-3.14159  0  3.14159  -7.40585e-08  1.81556
-1.88496  0  3.14159  -1.00771e-07  2.92224
-0.628319  0  3.14159  -2.61764e-07  8.57448
0.628319  0  3.14159  2.50907e-07  -8.57448
1.88496  0  3.14159  9.29982e-08  -2.92224
3.14159  0  3.14159  6.51671e-08  -1.81556
4.39823  0  3.14159  5.22099e-08  -1.34497
5.65487  0  3.14159  4.13361e-08  -1.07929
6.9115  0  3.14159  3.55839e-08  -0.904477
8.16814  0  3.14159  3.64016e-08  -0.778658
10.6814  0  3.14159  5.75889e-08  -0.607631
15.708  0  3.14159  6.07744e-08  -0.418892
33.3009  0  3.14159  -5.42427e-09  -0.198216
-54.6637  3.14159  0  -1.42711e-09  0.12067
-27.0177  3.14159  0  -2.26652e-08  0.244357
-13.1947  3.14159  0  -4.10527e-08  0.496532
-10.6814  3.14159  0  -4.39702e-08  0.607631
-8.16814  3.14159  0  -5.18957e-08  0.778658
-6.9115  3.14159  0  -5.60384e-08  0.904477
-5.65487  3.14159  0  -6.02025e-08  1.07929
-4.39823  3.14159  0  -6.4827e-08  1.34497
-3.14159  3.14159  0  -7.40585e-08  1.81556
-1.88496  3.14159  0  -1.00771e-07  2.92224
-0.628319  3.14159  0  -2.61764e-07  8.57448
0.628319  3.14159  0  2.50907e-07  -8.57448
1.88496  3.14159  0  9.29982e-08  -2.92224
3.14159  3.14159  0  6.51671e-08  -1.81556
4.39823  3.14159  0  5.22099e-08  -1.34497
5.65487  3.14159  0  4.13361e-08  -1.07929
6.9115  3.14159  0  3.55839e-08  -0.904477
8.16814  3.14159  0  3.64016e-08  -0.778658
10.6814  3.14159  0  5.75889e-08  -0.607631
15.708  3.14159  0  6.07744e-08  -0.418892
33.3009  3.14159  0  -5.42427e-09  -0.198216
-54.6637  3.14159  3.14159  0.00101932  0.120215
-27.0177  3.14159  3.14159  0.00447212  0.240628
-13.1947  3.14159  3.14159  0.0189031  0.468236
-10.6814  3.14159  3.14159  0.0272416  0.558526
-8.16814  3.14159  3.14159  0.0409144  0.682199
-6.9115  3.14159  3.14159  0.0510161  0.758704
-5.65487  3.14159  3.14159  0.0644224  0.841342
-4.39823  3.14159  3.14159  0.0823204  0.914221
-3.14159  3.14159  3.14159  0.105604  0.928758
-1.88496  3.14159  3.14159  0.132343  0.773176
-0.628319  3.14159  3.14159  0.152873  0.318794
0.628319  3.14159  3.14159  0.152873  -0.318794
1.88496  3.14159  3.14159  0.132343  -0.773176
3.14159  3.14159  3.14159  0.105604  -0.928758
4.39823  3.14159  3.14159  0.0823205  -0.914221
5.65487  3.14159  3.14159  0.0644225  -0.841342
6.9115  3.14159  3.14159  0.0510158  -0.758704
8.16814  3.14159  3.14159  0.0409142  -0.682199
10.6814  3.14159  3.14159  0.0272418  -0.558526
15.708  3.14159  3.14159  0.0136174  -0.401244
33.3009  3.14159  3.14159  0.00287382  -0.19621
