-54.6637  0  0  0.000218149  -0.000276161
-27.0177  0  0  0.000483908  -0.000257265
-13.1947  0  0  -0.000234988  0.000172207
-10.6814  0  0  0.000493169  -0.00171436
-8.16814  0  0  0.000599805  0.00072147
-6.9115  0  0  0.000903137  -0.0011938
-5.65487  0  0  0.00115081  -0.00356008
-4.39823  0  0  -0.00296722  -0.00468336
-3.14159  0  0  -0.00296627  -0.0038135
-1.88496  0  0  -0.00482363  -0.00309794
-0.628319  0  0  0.000509218  -2.17608e-05
0.628319  0  0  -0.00340093  0.00675822
1.88496  0  0  -0.0037743  0.00203108
3.14159  0  0  -0.00321404  0.00242034
4.39823  0  0  -0.00255339  0.00183103
5.65487  0  0  -0.00106519  0.00386111
6.9115  0  0  0.00118815  0.00206246
8.16814  0  0  0.00253797  0.000686824
10.6814  0  0  -9.24177e-05  0.00110253
15.708  0  0  0.00100811  -0.000294203
33.3009  0  0  -0.000203393  0.000422754
-54.6637  0  3.14159  0.000648938  -0.000866809
-27.0177  0  3.14159  0.00178417  -0.000130898
-13.1947  0  3.14159  -0.00377887  0.00208768
-10.6814  0  3.14159  0.000646569  -0.00433005
-8.16814  0  3.14159  -0.00105134  0.00785745
-6.9115  0  3.14159  0.00293006  0.00197168
-5.65487  0  3.14159  0.00760208  -0.00550449
-4.39823  0  3.14159  -0.00938243  -0.0114959
-3.14159  0  3.14159  -0.00415287  -0.00557274
-1.88496  0  3.14159  -0.0113452  -0.0055251
-0.628319  0  3.14159  0.0183487  0.0118988
0.628319  0  3.14159  -0.0110309  0.0325367
1.88496  0  3.14159  -0.000802769  0.00254506
3.14159  0  3.14159  -0.00744232  1.54687e-05
4.39823  0  3.14159  -0.00423625  -0.00331926
5.65487  0  3.14159  -0.00688421  0.00696285
6.9115  0  3.14159  0.00204622  0.00325156
8.16814  0  3.14159  0.00862646  -0.000491044
10.6814  0  3.14159  -0.00214854  0.000625901
15.708  0  3.14159  0.00514831  -0.00147996
33.3009  0  3.14159  -0.000969894  0.00124976
-54.6637  3.14159  0  0.000648938  -0.000866809
-27.0177  3.14159  0  0.00178417  -0.000130898
-13.1947  3.14159  0  -0.00377887  0.00208768
-10.6814  3.14159  0  0.000646569  -0.00433005
-8.16814  3.14159  0  -0.00105134  0.00785745
-6.9115  3.14159  0  0.00293006  0.00197168
-5.65487  3.14159  0  0.00760208  -0.00550449
-4.39823  3.14159  0  -0.00938243  -0.0114959
-3.14159  3.14159  0  -0.00415287  -0.00557274
-1.88496  3.14159  0  -0.0113452  -0.0055251
-0.628319  3.14159  0  0.0183487  0.0118988
0.628319  3.14159  0  -0.0110309  0.0325367
1.88496  3.14159  0  -0.000802769  0.00254506
3.14159  3.14159  0  -0.00744232  1.54687e-05
4.39823  3.14159  0  -0.00423625  -0.00331926
5.65487  3.14159  0  -0.00688421  0.00696285
6.9115  3.14159  0  0.00204622  0.00325156
8.16814  3.14159  0  0.00862646  -0.000491044
10.6814  3.14159  0  -0.00214854  0.000625901
15.708  3.14159  0  0.00514831  -0.00147996
33.3009  3.14159  0  -0.000969894  0.00124976
-54.6637  3.14159  3.14159  0.000185891  -0.000242145
-27.0177  3.14159  3.14159  0.000442556  -0.000256451
-13.1947  3.14159  3.14159  -0.000178749  0.000222295
-10.6814  3.14159  3.14159  0.00046105  -0.00141765
-8.16814  3.14159  3.14159  0.000909009  0.000803647
-6.9115  3.14159  3.14159  0.00140035  -0.000949412
-5.65487  3.14159  3.14159  0.00193848  -0.00322369
-4.39823  3.14159  3.14159  -0.00128386  -0.00445673
-3.14159  3.14159  3.14159  -0.000451772  -0.00499147
-1.88496  3.14159  3.14159  -0.00214835  -0.00779178
-0.628319  3.14159  3.14159  -0.00740657  -0.0122327
0.628319  3.14159  3.14159  -0.0110778  0.018145
1.88496  3.14159  3.14159  -0.00125965  0.00691969
3.14159  3.14159  3.14159  -0.000839341  0.00396266
4.39823  3.14159  3.14159  -0.000796171  0.00209433
5.65487  3.14159  3.14159  -0.000147441  0.00352535
6.9115  3.14159  3.14159  0.00150713  0.00177441
8.16814  3.14159  3.14159  0.00245552  0.000466188
10.6814  3.14159  3.14159  4.24987e-05  0.000922826
15.708  3.14159  3.14159  0.000964313  -0.000332518
33.3009  3.14159  3.14159  -0.000153564  0.000380577
