-54.6637  0  0  0.000436968  -0.000210531
-27.0177  0  0  -0.000884746  0.000198731
-13.1947  0  0  -0.000966102  -0.000361788
-10.6814  0  0  -0.000336355  -4.41582e-05
-8.16814  0  0  -0.00223292  -0.000286969
-6.9115  0  0  -0.00181002  -0.00138018
-5.65487  0  0  -0.00116635  0.000915998
-4.39823  0  0  -0.000148444  0.000259398
-3.14159  0  0  -0.0008236  0.00394611
-1.88496  0  0  -0.00403655  -0.00418111
-0.628319  0  0  -0.00643296  0.00248652
0.628319  0  0  0.00297164  -0.007632
1.88496  0  0  -0.00162208  -0.00403396
3.14159  0  0  0.0035493  0.00146058
4.39823  0  0  0.000439186  -0.00100721
5.65487  0  0  0.00219837  0.000970367
6.9115  0  0  0.000650569  -0.00166797
8.16814  0  0  0.00171217  -0.000681464
10.6814  0  0  0.000452762  8.94553e-05
15.708  0  0  0.0019189  -0.00023705
33.3009  0  0  0.000704028  -0.000302366
-54.6637  0  3.14159  1.86691e-05  -1.0053e-05
-27.0177  0  3.14159  -7.48224e-06  3.67671e-06
-13.1947  0  3.14159  3.4316e-05  -0.000118861
-10.6814  0  3.14159  -0.000170122  1.54912e-05
-8.16814  0  3.14159  -1.561e-05  4.11537e-05
-6.9115  0  3.14159  -0.00014982  -4.17034e-05
-5.65487  0  3.14159  -0.000688378  0.000279261
-4.39823  0  3.14159  3.93219e-05  -0.000185359
-3.14159  0  3.14159  0.000233374  0.000615615
-1.88496  0  3.14159  0.000826324  0.000892069
-0.628319  0  3.14159  0.000772009  0.000472426
0.628319  0  3.14159  -0.000372855  0.00102241
1.88496  0  3.14159  -0.00025652  0.00104213
3.14159  0  3.14159  0.000155119  0.000666998
4.39823  0  3.14159  -0.000174401  -0.000142667
5.65487  0  3.14159  0.000759574  -0.000152441
6.9115  0  3.14159  0.000100485  -0.000159589
8.16814  0  3.14159  2.41622e-05  3.62067e-05
10.6814  0  3.14159  0.000148295  -8.88569e-05
15.708  0  3.14159  7.31168e-05  6.50629e-06
33.3009  0  3.14159  -5.80119e-05  1.14371e-05
-54.6637  3.14159  0  1.86691e-05  -1.0053e-05
-27.0177  3.14159  0  -7.48224e-06  3.67671e-06
-13.1947  3.14159  0  3.4316e-05  -0.000118861
-10.6814  3.14159  0  -0.000170122  1.54912e-05
-8.16814  3.14159  0  -1.561e-05  4.11537e-05
-6.9115  3.14159  0  -0.00014982  -4.17034e-05
-5.65487  3.14159  0  -0.000688378  0.000279261
-4.39823  3.14159  0  3.93219e-05  -0.000185359
-3.14159  3.14159  0  0.000233374  0.000615615
-1.88496  3.14159  0  0.000826324  0.000892069
-0.628319  3.14159  0  0.000772009  0.000472426
0.628319  3.14159  0  -0.000372855  0.00102241
1.88496  3.14159  0  -0.00025652  0.00104213
3.14159  3.14159  0  0.000155119  0.000666998
4.39823  3.14159  0  -0.000174401  -0.000142667
5.65487  3.14159  0  0.000759574  -0.000152441
6.9115  3.14159  0  0.000100485  -0.000159589
8.16814  3.14159  0  2.41622e-05  3.62067e-05
10.6814  3.14159  0  0.000148295  -8.88569e-05
15.708  3.14159  0  7.31168e-05  6.50629e-06
33.3009  3.14159  0  -5.80119e-05  1.14371e-05
-54.6637  3.14159  3.14159  -6.01601e-05  1.59863e-05
-27.0177  3.14159  3.14159  -2.40381e-05  3.98895e-06
-13.1947  3.14159  3.14159  1.03749e-05  -1.79253e-06
-10.6814  3.14159  3.14159  1.50376e-06  3.84819e-06
-8.16814  3.14159  3.14159  0.000344533  -0.000104745
-6.9115  3.14159  3.14159  0.000161896  -9.80423e-05
-5.65487  3.14159  3.14159  -0.000163142  0.000154162
-4.39823  3.14159  3.14159  0.000147061  -0.000100017
-3.14159  3.14159  3.14159  -0.00051583  0.000486437
-1.88496  3.14159  3.14159  0.000943078  -0.000149219
-0.628319  3.14159  3.14159  -0.0016266  0.00102654
0.628319  3.14159  3.14159  0.00212029  -0.000151434
1.88496  3.14159  3.14159  -0.000813864  0.000688616
3.14159  3.14159  3.14159  0.000826104  -9.7057e-06
4.39823  3.14159  3.14159  -0.000150209  -8.57943e-05
5.65487  3.14159  3.14159  0.00024084  1.34193e-05
6.9115  3.14159  3.14159  -0.000231114  1.30415e-05
8.16814  3.14159  3.14159  -0.000331088  0.00011966
10.6814  3.14159  3.14159  1.53565e-06  -6.82106e-06
15.708  3.14159  3.14159  -2.3661e-05  9.84298e-06
33.3009  3.14159  3.14159  4.18098e-05  -2.43691e-05
