-54.6637  0  0  -0.795303  5.18786
-27.0177  0  0  7.51709  -10.4742
-13.1947  0  0  -34.7689  -18.1744
-10.6814  0  0  12.7765  -15.1953
-8.16814  0  0  49.3833  -3.33804
-6.9115  0  0  29.9562  -0.396863
-5.65487  0  0  31.1  -62.3793
-4.39823  0  0  -18.1745  114.801
-3.14159  0  0  -121.986  -2.6631
-1.88496  0  0  345.501  -25.087
-0.628319  0  0  -422.766  -332.543
0.628319  0  0  -604.975  480.134
1.88496  0  0  199.938  205.855
3.14159  0  0  -5.15903  -11.7975
4.39823  0  0  -18.9753  -85.1367
5.65487  0  0  71.7966  49.9584
6.9115  0  0  -48.9438  35.0875
8.16814  0  0  38.6955  -11.2709
10.6814  0  0  -2.07072  29.7453
15.708  0  0  8.80971  7.69673
33.3009  0  0  -3.19182  2.26945
-54.6637  0  3.14159  -0.274973  0.269071
-27.0177  0  3.14159  1.08856  0.147834
-13.1947  0  3.14159  -3.86281  -1.60833
-10.6814  0  3.14159  2.66087  -2.1021
-8.16814  0  3.14159  -0.671507  -0.979459
-6.9115  0  3.14159  -2.47601  -5.33225
-5.65487  0  3.14159  8.2998  -1.77784
-4.39823  0  3.14159  -11.8454  19.1315
-3.14159  0  3.14159  -11.2691  3.85145
-1.88496  0  3.14159  39.8463  1.04148
-0.628319  0  3.14159  -87.0529  -46.994
0.628319  0  3.14159  -6.55832  1.61707
1.88496  0  3.14159  37.0708  12.1946
3.14159  0  3.14159  -0.933269  -4.15948
4.39823  0  3.14159  8.23021  -19.4418
5.65487  0  3.14159  8.11472  11.8116
6.9115  0  3.14159  -3.92701  -1.28561
8.16814  0  3.14159  3.78485  1.25404
10.6814  0  3.14159  -1.771  2.67333
15.708  0  3.14159  1.07958  1.42493
33.3009  0  3.14159  -0.507441  -0.0116229
-54.6637  3.14159  0  -0.274973  0.269071
-27.0177  3.14159  0  1.08856  0.147834
-13.1947  3.14159  0  -3.86281  -1.60833
-10.6814  3.14159  0  2.66087  -2.1021
-8.16814  3.14159  0  -0.671507  -0.979459
-6.9115  3.14159  0  -2.47601  -5.33225
-5.65487  3.14159  0  8.2998  -1.77784
-4.39823  3.14159  0  -11.8454  19.1315
-3.14159  3.14159  0  -11.2691  3.85145
-1.88496  3.14159  0  39.8463  1.04148
-0.628319  3.14159  0  -87.0529  -46.994
0.628319  3.14159  0  -6.55832  1.61707
1.88496  3.14159  0  37.0708  12.1946
3.14159  3.14159  0  -0.933269  -4.15948
4.39823  3.14159  0  8.23021  -19.4418
5.65487  3.14159  0  8.11472  11.8116
6.9115  3.14159  0  -3.92701  -1.28561
8.16814  3.14159  0  3.78485  1.25404
10.6814  3.14159  0  -1.771  2.67333
15.708  3.14159  0  1.07958  1.42493
33.3009  3.14159  0  -0.507441  -0.0116229
-54.6637  3.14159  3.14159  0.0413811  0.426357
-27.0177  3.14159  3.14159  -0.283801  -0.102883
-13.1947  3.14159  3.14159  2.69601  -18.3334
-10.6814  3.14159  3.14159  9.45447  -2.85049
-8.16814  3.14159  3.14159  -1.09415  17.9923
-6.9115  3.14159  3.14159  -12.1699  -45.1556
-5.65487  3.14159  3.14159  30.409  71.2343
-4.39823  3.14159  3.14159  -156.102  -80.7582
-3.14159  3.14159  3.14159  -4.92661  -52.5963
-1.88496  3.14159  3.14159  -151.553  164.682
-0.628319  3.14159  3.14159  0.139838  -333.415
0.628319  3.14159  3.14159  298.639  -513.733
1.88496  3.14159  3.14159  17.5979  172.7
3.14159  3.14159  3.14159  36.4019  -8.60166
4.39823  3.14159  3.14159  179.707  10.8554
5.65487  3.14159  3.14159  -40.3672  79.0578
6.9115  3.14159  3.14159  14.7887  -55.1599
8.16814  3.14159  3.14159  0.732597  7.86506
10.6814  3.14159  3.14159  -9.36182  2.89061
15.708  3.14159  3.14159  -3.62809  7.14956
33.3009  3.14159  3.14159  -2.35474  -1.49653
