-54.6637  0  0  -0.0920117  -1.37616
-27.0177  0  0  -0.66868  -8.97356
-13.1947  0  0  -4.12682  -4.54578
-10.6814  0  0  -22.0886  -12.6648
-8.16814  0  0  -29.14  103.77
-6.9115  0  0  -7.08645  -4.06876
-5.65487  0  0  158.507  80.6967
-4.39823  0  0  16.8122  -205.325
-3.14159  0  0  -101.685  364.318
-1.88496  0  0  505.478  425.197
-0.628319  0  0  -11727.1  2502.05
0.628319  0  0  8112.63  8120.59
1.88496  0  0  -668.741  466.251
3.14159  0  0  -37.2892  153.559
4.39823  0  0  4.5486  -148.517
5.65487  0  0  -81.7675  -35.1045
6.9115  0  0  90.7558  -11.3718
8.16814  0  0  4.91697  108.388
10.6814  0  0  2.47227  -1.80268
15.708  0  0  -9.1183  4.08343
33.3009  0  0  0.691682  -2.3727
-54.6637  0  3.14159  -6.57956  4.81192
-27.0177  0  3.14159  -39.2776  38.8703
-13.1947  0  3.14159  -29.4382  66.2022
-10.6814  0  3.14159  68.0316  113.346
-8.16814  0  3.14159  494.966  -310.275
-6.9115  0  3.14159  -247.315  6.05451
-5.65487  0  3.14159  -267.069  -1005.48
-4.39823  0  3.14159  -725.267  694.271
-3.14159  0  3.14159  2391.46  -1143.88
-1.88496  0  3.14159  1836.1  -4491.58
-0.628319  0  3.14159  81237.2  51890.6
0.628319  0  3.14159  13762.2  -90688.2
1.88496  0  3.14159  5103.16  1483.45
3.14159  0  3.14159  2317.1  102.547
4.39823  0  3.14159  -750.12  582.929
5.65487  0  3.14159  254.067  830.598
6.9115  0  3.14159  -563.524  -287.131
8.16814  0  3.14159  398.71  -420.583
10.6814  0  3.14159  18.0064  -38.1612
15.708  0  3.14159  44.4283  12.7394
33.3009  0  3.14159  -1.08091  6.31946
-54.6637  3.14159  0  -6.57956  4.81192
-27.0177  3.14159  0  -39.2776  38.8703
-13.1947  3.14159  0  -29.4382  66.2022
-10.6814  3.14159  0  68.0316  113.346
-8.16814  3.14159  0  494.966  -310.275
-6.9115  3.14159  0  -247.315  6.05451
-5.65487  3.14159  0  -267.069  -1005.48
-4.39823  3.14159  0  -725.267  694.271
-3.14159  3.14159  0  2391.46  -1143.88
-1.88496  3.14159  0  1836.1  -4491.58
-0.628319  3.14159  0  81237.2  51890.6
0.628319  3.14159  0  13762.2  -90688.2
1.88496  3.14159  0  5103.16  1483.45
3.14159  3.14159  0  2317.1  102.547
4.39823  3.14159  0  -750.12  582.929
5.65487  3.14159  0  254.067  830.598
6.9115  3.14159  0  -563.524  -287.131
8.16814  3.14159  0  398.71  -420.583
10.6814  3.14159  0  18.0064  -38.1612
15.708  3.14159  0  44.4283  12.7394
33.3009  3.14159  0  -1.08091  6.31946
-54.6637  3.14159  3.14159  -0.712923  0.177092
-27.0177  3.14159  3.14159  -3.14602  -0.589164
-13.1947  3.14159  3.14159  1.9398  -10.3971
-10.6814  3.14159  3.14159  -14.5893  12.1609
-8.16814  3.14159  3.14159  48.5021  25.2416
-6.9115  3.14159  3.14159  11.6736  -14.942
-5.65487  3.14159  3.14159  80.6829  -62.5119
-4.39823  3.14159  3.14159  -78.4099  -21.7585
-3.14159  3.14159  3.14159  154.355  200.25
-1.88496  3.14159  3.14159  362.426  28.0317
-0.628319  3.14159  3.14159  -2709.88  7835.96
0.628319  3.14159  3.14159  6699.22  51.2757
1.88496  3.14159  3.14159  -7.8921  463.112
3.14159  3.14159  3.14159  11.9326  93.3043
4.39823  3.14159  3.14159  -64.3694  -26.4723
5.65487  3.14159  3.14159  -28.0229  6.56624
6.9115  3.14159  3.14159  29.4003  -44.1809
8.16814  3.14159  3.14159  39.3634  5.06971
10.6814  3.14159  3.14159  -0.49651  4.99031
15.708  3.14159  3.14159  -2.10954  -3.48903
33.3009  3.14159  3.14159  0.116035  0.167591
