-54.6637  0  0  7.84996e-07  7.8639e-06
-27.0177  0  0  3.12868e-06  1.5441e-05
-13.1947  0  0  1.16835e-05  2.80727e-05
-10.6814  0  0  1.65582e-05  3.21751e-05
-8.16814  0  0  2.46756e-05  3.66139e-05
-6.9115  0  0  3.06808e-05  3.84857e-05
-5.65487  0  0  3.84667e-05  3.94388e-05
-4.39823  0  0  4.82312e-05  3.84141e-05
-3.14159  0  0  5.95189e-05  3.38215e-05
-1.88496  0  0  7.04577e-05  2.4009e-05
-0.628319  0  0  7.75515e-05  8.83007e-06
0.628319  0  0  7.75572e-05  -8.74959e-06
1.88496  0  0  7.04788e-05  -2.39276e-05
3.14159  0  0  5.95618e-05  -3.37484e-05
4.39823  0  0  4.8289e-05  -3.83607e-05
5.65487  0  0  3.85251e-05  -3.9403e-05
6.9115  0  0  3.07313e-05  -3.84641e-05
8.16814  0  0  2.47187e-05  -3.66007e-05
10.6814  0  0  1.65917e-05  -3.21692e-05
15.708  0  0  8.63474e-06  -2.46503e-05
33.3009  0  0  2.09458e-06  -1.26982e-05
-54.6637  0  3.14159  5.0465e-07  7.91249e-06
-27.0177  0  3.14159  2.05865e-06  1.58154e-05
-13.1947  0  3.14159  8.25795e-06  3.07075e-05
-10.6814  0  3.14159  1.21675e-05  3.65986e-05
-8.16814  0  3.14159  1.93736e-05  4.46408e-05
-6.9115  0  3.14159  2.5374e-05  4.96111e-05
-5.65487  0  3.14159  3.42331e-05  5.50189e-05
-4.39823  0  3.14159  4.76583e-05  5.99557e-05
-3.14159  0  3.14159  6.79164e-05  6.15296e-05
-1.88496  0  3.14159  9.54856e-05  5.23337e-05
-0.628319  0  3.14159  0.000120111  2.22246e-05
0.628319  0  3.14159  0.000120111  -2.2144e-05
1.88496  0  3.14159  9.54811e-05  -5.22564e-05
3.14159  0  3.14159  6.79702e-05  -6.1446e-05
4.39823  0  3.14159  4.77248e-05  -5.99048e-05
5.65487  0  3.14159  3.43004e-05  -5.49772e-05
6.9115  0  3.14159  2.543e-05  -4.95828e-05
8.16814  0  3.14159  1.94204e-05  -4.46232e-05
10.6814  0  3.14159  1.22039e-05  -3.65929e-05
15.708  0  3.14159  5.96327e-06  -2.63304e-05
33.3009  0  3.14159  1.36935e-06  -1.29054e-05
-54.6637  3.14159  0  5.0465e-07  7.91249e-06
-27.0177  3.14159  0  2.05865e-06  1.58154e-05
-13.1947  3.14159  0  8.25795e-06  3.07075e-05
-10.6814  3.14159  0  1.21675e-05  3.65986e-05
-8.16814  3.14159  0  1.93736e-05  4.46408e-05
-6.9115  3.14159  0  2.5374e-05  4.96111e-05
-5.65487  3.14159  0  3.42331e-05  5.50189e-05
-4.39823  3.14159  0  4.76583e-05  5.99557e-05
-3.14159  3.14159  0  6.79164e-05  6.15296e-05
-1.88496  3.14159  0  9.54856e-05  5.23337e-05
-0.628319  3.14159  0  0.000120111  2.22246e-05
0.628319  3.14159  0  0.000120111  -2.2144e-05
1.88496  3.14159  0  9.54811e-05  -5.22564e-05
3.14159  3.14159  0  6.79702e-05  -6.1446e-05
4.39823  3.14159  0  4.77248e-05  -5.99048e-05
5.65487  3.14159  0  3.43004e-05  -5.49772e-05
6.9115  3.14159  0  2.543e-05  -4.95828e-05
8.16814  3.14159  0  1.94204e-05  -4.46232e-05
10.6814  3.14159  0  1.22039e-05  -3.65929e-05
15.708  3.14159  0  5.96327e-06  -2.63304e-05
33.3009  3.14159  0  1.36935e-06  -1.29054e-05
-54.6637  3.14159  3.14159  2.19885e-07  7.93616e-06
-27.0177  3.14159  3.14159  9.17078e-07  1.60114e-05
-13.1947  3.14159  3.14159  3.82305e-06  3.22766e-05
-10.6814  3.14159  3.14159  5.72905e-06  3.94357e-05
-8.16814  3.14159  3.14159  9.39585e-06  5.04954e-05
-6.9115  3.14159  3.14159  1.26253e-05  5.86102e-05
-5.65487  3.14159  3.14159  1.7759e-05  6.97034e-05
-4.39823  3.14159  3.14159  2.66943e-05  8.57862e-05
-3.14159  3.14159  3.14159  4.48515e-05  0.000111102
-1.88496  3.14159  3.14159  9.37236e-05  0.000153322
-0.628319  3.14159  3.14159  0.00027177  0.000160167
0.628319  3.14159  3.14159  0.000271854  -0.000159999
1.88496  3.14159  3.14159  9.38081e-05  -0.000153241
3.14159  3.14159  3.14159  4.49219e-05  -0.000111047
4.39823  3.14159  3.14159  2.67609e-05  -8.57454e-05
5.65487  3.14159  3.14159  1.78219e-05  -6.96758e-05
6.9115  3.14159  3.14159  1.26817e-05  -5.85933e-05
8.16814  3.14159  3.14159  9.44437e-06  -5.04857e-05
10.6814  3.14159  3.14159  5.76469e-06  -3.94325e-05
15.708  3.14159  3.14159  2.74079e-06  -2.72814e-05
33.3009  3.14159  3.14159  6.10803e-07  -1.30091e-05
