-54.6637  0  0  -406.941  -485.066
-27.0177  0  0  537.452  930.332
-13.1947  0  0  -643.83  153.653
-10.6814  0  0  308.01  195.989
-8.16814  0  0  1541.62  2732.19
-6.9115  0  0  1931.9  1954.22
-5.65487  0  0  926.533  733.33
-4.39823  0  0  -2500.56  -504.281
-3.14159  0  0  -1525  460.181
-1.88496  0  0  -151.299  7980.2
-0.628319  0  0  -4905.4  6721.58
0.628319  0  0  -4780.53  759.178
1.88496  0  0  -8363.39  -693.06
3.14159  0  0  -932.921  1118.97
4.39823  0  0  -7.76759  2230.12
5.65487  0  0  -67.5019  -886.404
6.9115  0  0  -1896.78  -1523.59
8.16814  0  0  -2312.89  -2256.22
10.6814  0  0  -363.99  -135.289
15.708  0  0  -392.486  -949.939
33.3009  0  0  -135.838  -312.045
-54.6637  0  3.14159  508.287  -168.319
-27.0177  0  3.14159  -864.091  -120.267
-13.1947  0  3.14159  -188.884  2.21401
-10.6814  0  3.14159  464.553  -852.387
-8.16814  0  3.14159  -1239.37  -3294.87
-6.9115  0  3.14159  -1446.61  -2288.35
-5.65487  0  3.14159  869.149  -2754.68
-4.39823  0  3.14159  1637.84  1938.24
-3.14159  0  3.14159  -1257.24  3257.25
-1.88496  0  3.14159  -7779.78  -7583.89
-0.628319  0  3.14159  -13082.6  7713.2
0.628319  0  3.14159  5909.42  -18788
1.88496  0  3.14159  -1790.15  -5448.39
3.14159  0  3.14159  2437.3  -3086.55
4.39823  0  3.14159  1752.15  -2132.2
5.65487  0  3.14159  -366.63  3984.58
6.9115  0  3.14159  335.199  971.248
8.16814  0  3.14159  540.291  2190.08
10.6814  0  3.14159  46.0167  1102.32
15.708  0  3.14159  945.224  567.71
33.3009  0  3.14159  807.877  -679.134
-54.6637  3.14159  0  508.287  -168.319
-27.0177  3.14159  0  -864.091  -120.267
-13.1947  3.14159  0  -188.884  2.21401
-10.6814  3.14159  0  464.553  -852.387
-8.16814  3.14159  0  -1239.37  -3294.87
-6.9115  3.14159  0  -1446.61  -2288.35
-5.65487  3.14159  0  869.149  -2754.68
-4.39823  3.14159  0  1637.84  1938.24
-3.14159  3.14159  0  -1257.24  3257.25
-1.88496  3.14159  0  -7779.78  -7583.89
-0.628319  3.14159  0  -13082.6  7713.2
0.628319  3.14159  0  5909.42  -18788
1.88496  3.14159  0  -1790.15  -5448.39
3.14159  3.14159  0  2437.3  -3086.55
4.39823  3.14159  0  1752.15  -2132.2
5.65487  3.14159  0  -366.63  3984.58
6.9115  3.14159  0  335.199  971.248
8.16814  3.14159  0  540.291  2190.08
10.6814  3.14159  0  46.0167  1102.32
15.708  3.14159  0  945.224  567.71
33.3009  3.14159  0  807.877  -679.134
-54.6637  3.14159  3.14159  -457.401  -560.046
-27.0177  3.14159  3.14159  517.814  1040.63
-13.1947  3.14159  3.14159  -543.79  355.098
-10.6814  3.14159  3.14159  -50.1337  -204.001
-8.16814  3.14159  3.14159  145.962  2149.44
-6.9115  3.14159  3.14159  783.631  1605.22
-5.65487  3.14159  3.14159  -204.87  -246.387
-4.39823  3.14159  3.14159  -1136.29  -413.037
-3.14159  3.14159  3.14159  351.065  1602.23
-1.88496  3.14159  3.14159  -2769.63  9488.77
-0.628319  3.14159  3.14159  150.07  13482.2
0.628319  3.14159  3.14159  -12579.9  -3408.66
1.88496  3.14159  3.14159  -9602.21  1514.08
3.14159  3.14159  3.14159  -1854.13  -285.082
4.39823  3.14159  3.14159  -201.543  744.095
5.65487  3.14159  3.14159  1518.92  -187.884
6.9115  3.14159  3.14159  -1394.19  -886.233
8.16814  3.14159  3.14159  -1269.72  -1367.5
10.6814  3.14159  3.14159  193.7  50.8202
15.708  3.14159  3.14159  -139.222  -1081.92
33.3009  3.14159  3.14159  -422.226  -671.599
