-54.6637  0  0  0.00132498  -0.124691
-27.0177  0  0  0.00552154  -0.251331
-13.1947  0  0  0.0234637  -0.504877
-10.6814  0  0  0.0351953  -0.614782
-8.16814  0  0  0.056831  -0.780413
-6.9115  0  0  0.0745341  -0.897354
-5.65487  0  0  0.0999273  -1.0488
-4.39823  0  0  0.136842  -1.24642
-3.14159  0  0  0.190859  -1.49247
-1.88496  0  0  0.269736  -1.69709
-0.628319  0  0  0.373839  -1.15045
0.628319  0  0  0.373287  1.14989
1.88496  0  0  0.26971  1.69691
3.14159  0  0  0.190918  1.49231
4.39823  0  0  0.136863  1.24632
5.65487  0  0  0.099945  1.04873
6.9115  0  0  0.0745516  0.897306
8.16814  0  0  0.0568486  0.78038
10.6814  0  0  0.0352135  0.614763
15.708  0  0  0.0166141  0.427396
33.3009  0  0  0.00361355  0.204267
-54.6637  0  3.14159  0.000345146  -0.124865
-27.0177  0  3.14159  0.00133524  -0.252713
-13.1947  0  3.14159  0.00463136  -0.515822
-10.6814  0  3.14159  0.00634667  -0.634188
-8.16814  0  3.14159  0.00900683  -0.818794
-6.9115  0  3.14159  0.0108427  -0.954378
-5.65487  0  3.14159  0.0131  -1.13818
-4.39823  0  3.14159  0.0159365  -1.39954
-3.14159  0  3.14159  0.0195508  -1.80419
-1.88496  0  3.14159  0.0250543  -2.62624
-0.628319  0  3.14159  0.233693  -7.60879
0.628319  0  3.14159  0.233654  7.6088
1.88496  0  3.14159  0.0250893  2.62625
3.14159  0  3.14159  0.0196018  1.80419
4.39823  0  3.14159  0.0159812  1.39953
5.65487  0  3.14159  0.0131359  1.13818
6.9115  0  3.14159  0.010859  0.95439
8.16814  0  3.14159  0.00902293  0.818806
10.6814  0  3.14159  0.00637158  0.634188
15.708  0  3.14159  0.00351531  0.434101
33.3009  0  3.14159  0.000901088  0.205011
-54.6637  3.14159  0  0.000345146  -0.124865
-27.0177  3.14159  0  0.00133524  -0.252713
-13.1947  3.14159  0  0.00463136  -0.515822
-10.6814  3.14159  0  0.00634667  -0.634188
-8.16814  3.14159  0  0.00900683  -0.818794
-6.9115  3.14159  0  0.0108427  -0.954378
-5.65487  3.14159  0  0.0131  -1.13818
-4.39823  3.14159  0  0.0159365  -1.39954
-3.14159  3.14159  0  0.0195508  -1.80419
-1.88496  3.14159  0  0.0250543  -2.62624
-0.628319  3.14159  0  0.233693  -7.60879
0.628319  3.14159  0  0.233654  7.6088
1.88496  3.14159  0  0.0250893  2.62625
3.14159  3.14159  0  0.0196018  1.80419
4.39823  3.14159  0  0.0159812  1.39953
5.65487  3.14159  0  0.0131359  1.13818
6.9115  3.14159  0  0.010859  0.95439
8.16814  3.14159  0  0.00902293  0.818806
10.6814  3.14159  0  0.00637158  0.634188
15.708  3.14159  0  0.00351531  0.434101
33.3009  3.14159  0  0.000901088  0.205011
-54.6637  3.14159  3.14159  -0.000642008  -0.124744
-27.0177  3.14159  3.14159  -0.00287344  -0.251739
-13.1947  3.14159  3.14159  -0.014376  -0.507573
-10.6814  3.14159  3.14159  -0.0228591  -0.619148
-8.16814  3.14159  3.14159  -0.0396845  -0.78793
-6.9115  3.14159  3.14159  -0.0543145  -0.907448
-5.65487  3.14159  3.14159  -0.0764426  -1.06251
-4.39823  3.14159  3.14159  -0.110983  -1.26503
-3.14159  3.14159  3.14159  -0.167323  -1.51698
-1.88496  3.14159  3.14159  -0.263155  -1.72518
-0.628319  3.14159  3.14159  -0.407017  -1.1658
0.628319  3.14159  3.14159  -0.407673  1.16645
1.88496  3.14159  3.14159  -0.263145  1.72552
3.14159  3.14159  3.14159  -0.167245  1.51715
4.39823  3.14159  3.14159  -0.110951  1.26514
5.65487  3.14159  3.14159  -0.0764176  1.06259
6.9115  3.14159  3.14159  -0.0542881  0.907505
8.16814  3.14159  3.14159  -0.0396614  0.787972
10.6814  3.14159  3.14159  -0.0228427  0.619173
15.708  3.14159  3.14159  -0.00969614  0.429175
33.3009  3.14159  3.14159  -0.00181743  0.204497
