-54.6637  0  0  8.98513e-05  0.000793278
-27.0177  0  0  0.000347072  0.00154299
-13.1947  0  0  0.00124413  0.00274606
-10.6814  0  0  0.0017391  0.00311519
-8.16814  0  0  0.00254108  0.00348758
-6.9115  0  0  0.0031176  0.0036236
-5.65487  0  0  0.00384547  0.00365989
-4.39823  0  0  0.00472956  0.00350388
-3.14159  0  0  0.0057155  0.00302715
-1.88496  0  0  0.00663804  0.00211134
-0.628319  0  0  0.00722069  0.000766024
0.628319  0  0  0.0072208  -0.00076623
1.88496  0  0  0.00663848  -0.00211149
3.14159  0  0  0.00571644  -0.00302739
4.39823  0  0  0.00473096  -0.0035045
5.65487  0  0  0.00384706  -0.00366105
6.9115  0  0  0.00311907  -0.00362523
8.16814  0  0  0.00254236  -0.00348952
10.6814  0  0  0.00174008  -0.00311751
15.708  0  0  0.000927041  -0.00243074
33.3009  0  0  0.000232495  -0.00127559
-54.6637  0  3.14159  8.95239e-05  0.000791732
-27.0177  0  3.14159  0.000340179  0.0015328
-13.1947  0  3.14159  0.00116401  0.00271785
-10.6814  0  3.14159  0.00159884  0.00310249
-8.16814  0  3.14159  0.00229859  0.00355179
-6.9115  0  3.14159  0.00281369  0.00378559
-5.65487  0  3.14159  0.00350129  0.00399565
-4.39823  0  3.14159  0.00443695  0.00411526
-3.14159  0  3.14159  0.00570761  0.00397466
-1.88496  0  3.14159  0.00727979  0.00319505
-0.628319  0  3.14159  0.00858848  0.00130444
0.628319  0  3.14159  0.00858845  -0.00130481
1.88496  0  3.14159  0.0072799  -0.00319514
3.14159  0  3.14159  0.00570859  -0.00397465
4.39823  0  3.14159  0.00443853  -0.00411577
5.65487  0  3.14159  0.00350308  -0.0039968
6.9115  0  3.14159  0.00281531  -0.00378732
8.16814  0  3.14159  0.00229993  -0.00355388
10.6814  0  3.14159  0.00159974  -0.00310491
15.708  0  3.14159  0.000879768  -0.00240354
33.3009  0  3.14159  0.000229502  -0.00126954
-54.6637  3.14159  0  8.95239e-05  0.000791732
-27.0177  3.14159  0  0.000340179  0.0015328
-13.1947  3.14159  0  0.00116401  0.00271785
-10.6814  3.14159  0  0.00159884  0.00310249
-8.16814  3.14159  0  0.00229859  0.00355179
-6.9115  3.14159  0  0.00281369  0.00378559
-5.65487  3.14159  0  0.00350129  0.00399565
-4.39823  3.14159  0  0.00443695  0.00411526
-3.14159  3.14159  0  0.00570761  0.00397466
-1.88496  3.14159  0  0.00727979  0.00319505
-0.628319  3.14159  0  0.00858848  0.00130444
0.628319  3.14159  0  0.00858845  -0.00130481
1.88496  3.14159  0  0.0072799  -0.00319514
3.14159  3.14159  0  0.00570859  -0.00397465
4.39823  3.14159  0  0.00443853  -0.00411577
5.65487  3.14159  0  0.00350308  -0.0039968
6.9115  3.14159  0  0.00281531  -0.00378732
8.16814  3.14159  0  0.00229993  -0.00355388
10.6814  3.14159  0  0.00159974  -0.00310491
15.708  3.14159  0  0.000879768  -0.00240354
33.3009  3.14159  0  0.000229502  -0.00126954
-54.6637  3.14159  3.14159  8.92093e-05  0.000790207
-27.0177  3.14159  3.14159  0.00033385  0.00152293
-13.1947  3.14159  3.14159  0.0010973  0.0026837
-10.6814  3.14159  3.14159  0.00148229  0.00306643
-8.16814  3.14159  3.14159  0.00208072  0.00353435
-6.9115  3.14159  3.14159  0.00250498  0.00380365
-5.65487  3.14159  3.14159  0.00305117  0.00410124
-4.39823  3.14159  3.14159  0.00377054  0.00444707
-3.14159  3.14159  3.14159  0.00479185  0.00492044
-1.88496  3.14159  3.14159  0.00668421  0.00573207
-0.628319  3.14159  3.14159  0.012441  0.00538986
0.628319  3.14159  3.14159  0.0124411  -0.00538996
1.88496  3.14159  3.14159  0.00668475  -0.00573218
3.14159  3.14159  3.14159  0.00479284  -0.00492068
4.39823  3.14159  3.14159  0.00377197  -0.00444767
5.65487  3.14159  3.14159  0.00305285  -0.00410237
6.9115  3.14159  3.14159  0.00250662  -0.00380532
8.16814  3.14159  3.14159  0.00208215  -0.00353643
10.6814  3.14159  3.14159  0.00148319  -0.00306893
15.708  3.14159  3.14159  0.000839569  -0.0023753
33.3009  3.14159  3.14159  0.000226696  -0.00126366
