-54.6637  0  0  0.000850114  -0.00349295
-27.0177  0  0  -0.00304932  0.00610143
-13.1947  0  0  -0.00615312  0.00337885
-10.6814  0  0  -0.00191751  0.00176954
-8.16814  0  0  -0.0119732  0.0111748
-6.9115  0  0  -0.0167285  0.00434837
-5.65487  0  0  -3.17601e-06  0.0125336
-4.39823  0  0  -0.000176222  0.00159885
-3.14159  0  0  0.0200985  0.0242318
-1.88496  0  0  -0.0406914  -0.00226575
-0.628319  0  0  -0.0184432  0.0486361
0.628319  0  0  -0.0233074  -0.0603551
1.88496  0  0  -0.0316905  -0.00920035
3.14159  0  0  0.0245501  -0.0126012
4.39823  0  0  -0.00282297  -0.00702302
5.65487  0  0  0.0155096  -0.00809876
6.9115  0  0  -0.00622504  -0.01109
8.16814  0  0  0.00438837  -0.0131913
10.6814  0  0  0.00269953  -0.00218883
15.708  0  0  0.00772945  -0.011899
33.3009  0  0  0.00173909  -0.00542757
-54.6637  0  3.14159  -5.47842e-05  -0.000167721
-27.0177  0  3.14159  6.49535e-05  7.67067e-05
-13.1947  0  3.14159  -0.0004223  -0.000746628
-10.6814  0  3.14159  -0.000992381  0.00103409
-8.16814  0  3.14159  5.00561e-05  0.000299342
-6.9115  0  3.14159  -0.00129122  0.000781158
-5.65487  0  3.14159  -0.00235443  0.00556871
-4.39823  0  3.14159  -0.000726615  -0.00143847
-3.14159  0  3.14159  0.0056148  0.00187081
-1.88496  0  3.14159  0.00929641  0.00132462
-0.628319  0  3.14159  0.0105987  -0.000768885
0.628319  0  3.14159  -0.000144044  0.0083731
1.88496  0  3.14159  0.00503903  0.0085162
3.14159  0  3.14159  0.00407822  0.00243998
4.39823  0  3.14159  -0.00195758  -0.000111652
5.65487  0  3.14159  0.00353987  -0.00540975
6.9115  0  3.14159  -0.000241448  -0.00114569
8.16814  0  3.14159  0.000379449  0.000220744
10.6814  0  3.14159  0.000432362  -0.00139944
15.708  0  3.14159  0.000281586  -0.000453245
33.3009  0  3.14159  -0.000422711  0.000381612
-54.6637  3.14159  0  -5.47842e-05  -0.000167721
-27.0177  3.14159  0  6.49535e-05  7.67067e-05
-13.1947  3.14159  0  -0.0004223  -0.000746628
-10.6814  3.14159  0  -0.000992381  0.00103409
-8.16814  3.14159  0  5.00561e-05  0.000299342
-6.9115  3.14159  0  -0.00129122  0.000781158
-5.65487  3.14159  0  -0.00235443  0.00556871
-4.39823  3.14159  0  -0.000726615  -0.00143847
-3.14159  3.14159  0  0.0056148  0.00187081
-1.88496  3.14159  0  0.00929641  0.00132462
-0.628319  3.14159  0  0.0105987  -0.000768885
0.628319  3.14159  0  -0.000144044  0.0083731
1.88496  3.14159  0  0.00503903  0.0085162
3.14159  3.14159  0  0.00407822  0.00243998
4.39823  3.14159  0  -0.00195758  -0.000111652
5.65487  3.14159  0  0.00353987  -0.00540975
6.9115  3.14159  0  -0.000241448  -0.00114569
8.16814  3.14159  0  0.000379449  0.000220744
10.6814  3.14159  0  0.000432362  -0.00139944
15.708  3.14159  0  0.000281586  -0.000453245
33.3009  3.14159  0  -0.000422711  0.000381612
-54.6637  3.14159  3.14159  8.64154e-05  -0.000286455
-27.0177  3.14159  3.14159  -0.000800556  0.00124749
-13.1947  3.14159  3.14159  -0.00102852  0.000509918
-10.6814  3.14159  3.14159  -0.000120557  -0.000188288
-8.16814  3.14159  3.14159  -0.00159104  -0.00120739
-6.9115  3.14159  3.14159  -0.00276477  -0.00109072
-5.65487  3.14159  3.14159  0.00033204  0.00245999
-4.39823  3.14159  3.14159  0.000948793  -0.00104258
-3.14159  3.14159  3.14159  0.0029388  0.0089424
-1.88496  3.14159  3.14159  -0.0053285  -0.00720428
-0.628319  3.14159  3.14159  -0.00993112  0.0256342
0.628319  3.14159  3.14159  0.0062773  -0.028887
1.88496  3.14159  3.14159  -0.00672877  0.0041064
3.14159  3.14159  3.14159  0.00700992  -0.00764248
4.39823  3.14159  3.14159  -0.00189564  -0.000876366
5.65487  3.14159  3.14159  0.00362069  -0.0012378
6.9115  3.14159  3.14159  -0.00149004  0.000220081
8.16814  3.14159  3.14159  0.000261977  0.000654115
10.6814  3.14159  3.14159  0.000345436  5.30598e-05
15.708  3.14159  3.14159  0.00152507  -0.00160657
33.3009  3.14159  3.14159  0.000459645  -0.00141967
