-54.6637  0  0  -0.000996459  0.13961
-27.0177  0  0  -0.00424754  0.281666
-13.1947  0  0  -0.0191984  0.568054
-10.6814  0  0  -0.0295353  0.693411
-8.16814  0  0  -0.0493048  0.884012
-6.9115  0  0  -0.0660091  1.01977
-5.65487  0  0  -0.0907255  1.19659
-4.39823  0  0  -0.128369  1.42652
-3.14159  0  0  -0.187591  1.69745
-1.88496  0  0  -0.279913  1.82204
-0.628319  0  0  -0.385025  0.988651
0.628319  0  0  -0.385025  -0.988651
1.88496  0  0  -0.279912  -1.82204
3.14159  0  0  -0.18759  -1.69745
4.39823  0  0  -0.128368  -1.42652
5.65487  0  0  -0.0907248  -1.19659
6.9115  0  0  -0.066009  -1.01977
8.16814  0  0  -0.0493047  -0.884012
10.6814  0  0  -0.0295346  -0.693411
15.708  0  0  -0.0133247  -0.480178
33.3009  0  0  -0.00274975  -0.228827
-54.6637  0  3.14159  -2.24036e-08  0.13978
-27.0177  0  3.14159  -1.29218e-07  0.283079
-13.1947  0  3.14159  -2.65887e-07  0.579802
-10.6814  0  3.14159  -2.25914e-07  0.714628
-8.16814  0  3.14159  -1.63098e-07  0.927045
-6.9115  0  3.14159  -2.01593e-07  1.08491
-5.65487  0  3.14159  -3.85779e-07  1.30188
-4.39823  0  3.14159  -3.29066e-07  1.61825
-3.14159  0  3.14159  -5.30208e-07  2.13752
-1.88496  0  3.14159  -7.10578e-07  3.27768
-0.628319  0  3.14159  -1.80411e-06  9.13193
0.628319  0  3.14159  3.21914e-06  -9.13193
1.88496  0  3.14159  1.128e-06  -3.27768
3.14159  0  3.14159  6.91378e-07  -2.13752
4.39823  0  3.14159  4.43829e-07  -1.61825
5.65487  0  3.14159  3.66313e-07  -1.30188
6.9115  0  3.14159  1.59068e-07  -1.08491
8.16814  0  3.14159  1.65968e-07  -0.927045
10.6814  0  3.14159  3.61281e-07  -0.714628
15.708  0  3.14159  3.54169e-07  -0.487273
33.3009  0  3.14159  3.74569e-08  -0.229581
-54.6637  3.14159  0  -2.24036e-08  0.13978
-27.0177  3.14159  0  -1.29218e-07  0.283079
-13.1947  3.14159  0  -2.65887e-07  0.579802
-10.6814  3.14159  0  -2.25914e-07  0.714628
-8.16814  3.14159  0  -1.63098e-07  0.927045
-6.9115  3.14159  0  -2.01593e-07  1.08491
-5.65487  3.14159  0  -3.85779e-07  1.30188
-4.39823  3.14159  0  -3.29066e-07  1.61825
-3.14159  3.14159  0  -5.30208e-07  2.13752
-1.88496  3.14159  0  -7.10578e-07  3.27768
-0.628319  3.14159  0  -1.80411e-06  9.13193
0.628319  3.14159  0  3.21914e-06  -9.13193
1.88496  3.14159  0  1.128e-06  -3.27768
3.14159  3.14159  0  6.91378e-07  -2.13752
4.39823  3.14159  0  4.43829e-07  -1.61825
5.65487  3.14159  0  3.66313e-07  -1.30188
6.9115  3.14159  0  1.59068e-07  -1.08491
8.16814  3.14159  0  1.65968e-07  -0.927045
10.6814  3.14159  0  3.61281e-07  -0.714628
15.708  3.14159  0  3.54169e-07  -0.487273
33.3009  3.14159  0  3.74569e-08  -0.229581
-54.6637  3.14159  3.14159  0.000996495  0.13961
-27.0177  3.14159  3.14159  0.00424721  0.281666
-13.1947  3.14159  3.14159  0.0191978  0.568054
-10.6814  3.14159  3.14159  0.0295349  0.693411
-8.16814  3.14159  3.14159  0.0493043  0.884012
-6.9115  3.14159  3.14159  0.0660082  1.01977
-5.65487  3.14159  3.14159  0.0907248  1.19659
-4.39823  3.14159  3.14159  0.128368  1.42652
-3.14159  3.14159  3.14159  0.18759  1.69745
-1.88496  3.14159  3.14159  0.279912  1.82204
-0.628319  3.14159  3.14159  0.385025  0.988651
0.628319  3.14159  3.14159  0.385026  -0.988651
1.88496  3.14159  3.14159  0.279913  -1.82204
3.14159  3.14159  3.14159  0.187591  -1.69745
4.39823  3.14159  3.14159  0.128369  -1.42652
5.65487  3.14159  3.14159  0.0907255  -1.19659
6.9115  3.14159  3.14159  0.0660078  -1.01977
8.16814  3.14159  3.14159  0.0493041  -0.884012
10.6814  3.14159  3.14159  0.0295356  -0.693411
15.708  3.14159  3.14159  0.0133256  -0.480178
33.3009  3.14159  3.14159  0.00274944  -0.228827
