-54.6637  0  0  2.22594e-06  -4.916e-07
-27.0177  0  0  8.1835e-06  -3.79771e-06
-13.1947  0  0  2.21077e-05  -2.48816e-05
-10.6814  0  0  2.46837e-05  -3.92609e-05
-8.16814  0  0  2.14562e-05  -6.49264e-05
-6.9115  0  0  1.33246e-05  -8.28812e-05
-5.65487  0  0  -3.96626e-06  -0.000104299
-4.39823  0  0  -3.65121e-05  -0.000123552
-3.14159  0  0  -8.60074e-05  -0.000130887
-1.88496  0  0  -0.000146054  -0.00010759
-0.628319  0  0  -0.000187667  -5.4747e-05
0.628319  0  0  -0.000182813  4.95665e-05
1.88496  0  0  -0.000146959  0.000108999
3.14159  0  0  -8.50104e-05  0.000130804
4.39823  0  0  -3.53536e-05  0.000124405
5.65487  0  0  -3.0383e-06  0.00010341
6.9115  0  0  1.36677e-05  8.28419e-05
8.16814  0  0  2.20337e-05  6.4374e-05
10.6814  0  0  2.49025e-05  3.92107e-05
15.708  0  0  1.85322e-05  1.59576e-05
33.3009  0  0  5.67674e-06  2.07661e-06
-54.6637  0  3.14159  2.24888e-06  -4.17012e-07
-27.0177  0  3.14159  8.4923e-06  -3.18612e-06
-13.1947  0  3.14159  2.61997e-05  -2.15753e-05
-10.6814  0  3.14159  3.29787e-05  -3.54609e-05
-8.16814  0  3.14159  3.9077e-05  -6.24776e-05
-6.9115  0  3.14159  3.90268e-05  -8.52851e-05
-5.65487  0  3.14159  3.20231e-05  -0.000118173
-4.39823  0  3.14159  7.4596e-06  -0.000163881
-3.14159  0  3.14159  -5.65214e-05  -0.000217243
-1.88496  0  3.14159  -0.000189284  -0.000235713
-0.628319  0  3.14159  -0.000344799  -0.000117853
0.628319  0  3.14159  -0.000344062  0.000119442
1.88496  0  3.14159  -0.000187912  0.000236823
3.14159  0  3.14159  -5.5259e-05  0.000217463
4.39823  0  3.14159  8.42768e-06  0.000163916
5.65487  0  3.14159  3.27517e-05  0.000117963
6.9115  0  3.14159  3.95635e-05  8.50233e-05
8.16814  0  3.14159  3.94427e-05  6.22009e-05
10.6814  0  3.14159  3.31403e-05  3.52178e-05
15.708  0  3.14159  2.07312e-05  1.37987e-05
33.3009  0  3.14159  5.80935e-06  1.73519e-06
-54.6637  3.14159  0  2.24888e-06  -4.17012e-07
-27.0177  3.14159  0  8.4923e-06  -3.18612e-06
-13.1947  3.14159  0  2.61997e-05  -2.15753e-05
-10.6814  3.14159  0  3.29787e-05  -3.54609e-05
-8.16814  3.14159  0  3.9077e-05  -6.24776e-05
-6.9115  3.14159  0  3.90268e-05  -8.52851e-05
-5.65487  3.14159  0  3.20231e-05  -0.000118173
-4.39823  3.14159  0  7.4596e-06  -0.000163881
-3.14159  3.14159  0  -5.65214e-05  -0.000217243
-1.88496  3.14159  0  -0.000189284  -0.000235713
-0.628319  3.14159  0  -0.000344799  -0.000117853
0.628319  3.14159  0  -0.000344062  0.000119442
1.88496  3.14159  0  -0.000187912  0.000236823
3.14159  3.14159  0  -5.5259e-05  0.000217463
4.39823  3.14159  0  8.42768e-06  0.000163916
5.65487  3.14159  0  3.27517e-05  0.000117963
6.9115  3.14159  0  3.95635e-05  8.50233e-05
8.16814  3.14159  0  3.94427e-05  6.22009e-05
10.6814  3.14159  0  3.31403e-05  3.52178e-05
15.708  3.14159  0  2.07312e-05  1.37987e-05
33.3009  3.14159  0  5.80935e-06  1.73519e-06
-54.6637  3.14159  3.14159  2.2617e-06  -3.34245e-07
-27.0177  3.14159  3.14159  8.6832e-06  -2.52655e-06
-13.1947  3.14159  3.14159  2.93746e-05  -1.70672e-05
-10.6814  3.14159  3.14159  3.97388e-05  -2.82211e-05
-8.16814  3.14159  3.14159  5.57086e-05  -5.09085e-05
-6.9115  3.14159  3.14159  6.64171e-05  -7.13814e-05
-5.65487  3.14159  3.14159  7.9654e-05  -0.000104023
-4.39823  3.14159  3.14159  9.53798e-05  -0.000159762
-3.14159  3.14159  3.14159  0.000109254  -0.00027159
-1.88496  3.14159  3.14159  6.11168e-05  -0.000556079
-0.628319  3.14159  3.14159  -0.000909198  -0.00106035
0.628319  3.14159  3.14159  -0.000903198  0.00106079
1.88496  3.14159  3.14159  6.30991e-05  0.000555369
3.14159  3.14159  3.14159  0.000110596  0.000271305
4.39823  3.14159  3.14159  9.62052e-05  0.000159564
5.65487  3.14159  3.14159  8.0348e-05  0.000103671
6.9115  3.14159  3.14159  6.69418e-05  7.11059e-05
8.16814  3.14159  3.14159  5.59984e-05  5.06003e-05
10.6814  3.14159  3.14159  3.98783e-05  2.79809e-05
15.708  3.14159  3.14159  2.24271e-05  1.08979e-05
33.3009  3.14159  3.14159  5.89579e-06  1.37843e-06
