-54.6637  0  0  -0.00382243  0.113638
-27.0177  0  0  -0.0148105  0.225798
-13.1947  0  0  -0.0506786  0.432947
-10.6814  0  0  -0.0686189  0.514832
-8.16814  0  0  -0.0952344  0.629881
-6.9115  0  0  -0.112723  0.70543
-5.65487  0  0  -0.133091  0.796184
-4.39823  0  0  -0.155579  0.900351
-3.14159  0  0  -0.178156  0.994007
-1.88496  0  0  -0.197238  0.959834
-0.628319  0  0  -0.208399  0.467073
0.628319  0  0  -0.208402  -0.467078
1.88496  0  0  -0.197243  -0.959837
3.14159  0  0  -0.17816  -0.994009
4.39823  0  0  -0.155581  -0.900353
5.65487  0  0  -0.133092  -0.796185
6.9115  0  0  -0.112724  -0.705431
8.16814  0  0  -0.0952349  -0.629881
10.6814  0  0  -0.0686194  -0.514832
15.708  0  0  -0.0384946  -0.372377
33.3009  0  0  -0.00998731  -0.184672
-54.6637  0  3.14159  -2.8509e-07  0.113634
-27.0177  0  3.14159  -1.61975e-07  0.225667
-13.1947  0  3.14159  -4.65838e-07  0.429645
-10.6814  0  3.14159  -7.39864e-07  0.50721
-8.16814  0  3.14159  -1.11038e-06  0.610433
-6.9115  0  3.14159  -1.38869e-06  0.673557
-5.65487  0  3.14159  -1.77703e-06  0.744569
-4.39823  0  3.14159  -2.28802e-06  0.824086
-3.14159  0  3.14159  -3.09644e-06  0.924208
-1.88496  0  3.14159  -3.72234e-06  1.14245
-0.628319  0  3.14159  9.3409e-06  2.60455
0.628319  0  3.14159  -4.10684e-05  -2.60456
1.88496  0  3.14159  -4.66559e-06  -1.14245
3.14159  0  3.14159  -3.59555e-06  -0.92421
4.39823  0  3.14159  -2.93298e-06  -0.824087
5.65487  0  3.14159  -2.26528e-06  -0.74457
6.9115  0  3.14159  -1.7936e-06  -0.673558
8.16814  0  3.14159  -1.48193e-06  -0.610433
10.6814  0  3.14159  -1.03535e-06  -0.50721
15.708  0  3.14159  -5.20675e-08  -0.370802
33.3009  0  3.14159  9.20752e-07  -0.184624
-54.6637  3.14159  0  -2.8509e-07  0.113634
-27.0177  3.14159  0  -1.61975e-07  0.225667
-13.1947  3.14159  0  -4.65838e-07  0.429645
-10.6814  3.14159  0  -7.39864e-07  0.50721
-8.16814  3.14159  0  -1.11038e-06  0.610433
-6.9115  3.14159  0  -1.38869e-06  0.673557
-5.65487  3.14159  0  -1.77703e-06  0.744569
-4.39823  3.14159  0  -2.28802e-06  0.824086
-3.14159  3.14159  0  -3.09644e-06  0.924208
-1.88496  3.14159  0  -3.72234e-06  1.14245
-0.628319  3.14159  0  9.3409e-06  2.60455
0.628319  3.14159  0  -4.10684e-05  -2.60456
1.88496  3.14159  0  -4.66559e-06  -1.14245
3.14159  3.14159  0  -3.59555e-06  -0.92421
4.39823  3.14159  0  -2.93298e-06  -0.824087
5.65487  3.14159  0  -2.26528e-06  -0.74457
6.9115  3.14159  0  -1.7936e-06  -0.673558
8.16814  3.14159  0  -1.48193e-06  -0.610433
10.6814  3.14159  0  -1.03535e-06  -0.50721
15.708  3.14159  0  -5.20675e-08  -0.370802
33.3009  3.14159  0  9.20752e-07  -0.184624
-54.6637  3.14159  3.14159  0.0038219  0.113638
-27.0177  3.14159  3.14159  0.0148103  0.225798
-13.1947  3.14159  3.14159  0.0506783  0.432947
-10.6814  3.14159  3.14159  0.0686183  0.514832
-8.16814  3.14159  3.14159  0.0952335  0.629881
-6.9115  3.14159  3.14159  0.112722  0.70543
-5.65487  3.14159  3.14159  0.133089  0.796184
-4.39823  3.14159  3.14159  0.155577  0.900351
-3.14159  3.14159  3.14159  0.178154  0.994007
-1.88496  3.14159  3.14159  0.197233  0.959834
-0.628319  3.14159  3.14159  0.208389  0.467073
0.628319  3.14159  3.14159  0.208386  -0.467078
1.88496  3.14159  3.14159  0.197228  -0.959837
3.14159  3.14159  3.14159  0.17815  -0.994009
4.39823  3.14159  3.14159  0.155575  -0.900353
5.65487  3.14159  3.14159  0.133088  -0.796185
6.9115  3.14159  3.14159  0.112722  -0.705431
8.16814  3.14159  3.14159  0.0952329  -0.629882
10.6814  3.14159  3.14159  0.0686179  -0.514832
15.708  3.14159  3.14159  0.038495  -0.372377
33.3009  3.14159  3.14159  0.00998929  -0.184672
