-54.6637  0  0  1134.26  1694.32
-27.0177  0  0  -640.761  -2700.31
-13.1947  0  0  -1103.51  -3036.49
-10.6814  0  0  2118.81  3549.83
-8.16814  0  0  9608.07  1501.19
-6.9115  0  0  8852.21  -1799.78
-5.65487  0  0  6147.1  9935.16
-4.39823  0  0  -12139.3  -738.295
-3.14159  0  0  -18298.2  -7778.13
-1.88496  0  0  31888  -25358.6
-0.628319  0  0  -33732.3  -75520.4
0.628319  0  0  80122.3  44380.8
1.88496  0  0  24815.4  -18663.9
3.14159  0  0  8999.33  19254.9
4.39823  0  0  4174.22  12524.3
5.65487  0  0  -12531.2  -5060.57
6.9115  0  0  -877.211  -5581.79
8.16814  0  0  -4593.96  -5357.02
10.6814  0  0  -4069.94  -1611.41
15.708  0  0  22.6985  3616.64
33.3009  0  0  3145.01  4464.37
-54.6637  0  3.14159  678.873  1627.4
-27.0177  0  3.14159  -113.844  -2064.5
-13.1947  0  3.14159  85.2636  -3881.73
-10.6814  0  3.14159  328.051  5175.2
-8.16814  0  3.14159  6816.12  8574.65
-6.9115  0  3.14159  7189.43  4668.47
-5.65487  0  3.14159  1715.93  14895.4
-4.39823  0  3.14159  -11687.6  -7599.94
-3.14159  0  3.14159  -13017.8  -17307.6
-1.88496  0  3.14159  35171.1  -9687.97
-0.628319  0  3.14159  -2314.63  -94284.3
0.628319  0  3.14159  57051.8  77187.1
1.88496  0  3.14159  32740.2  -13916.1
3.14159  0  3.14159  1116.26  21860.4
4.39823  0  3.14159  -3473.14  13654.5
5.65487  0  3.14159  -8942.08  -12611.3
6.9115  0  3.14159  2174.34  -8122.04
8.16814  0  3.14159  -940.569  -10551.6
10.6814  0  3.14159  -3067.26  -4116.61
15.708  0  3.14159  -1068.45  2362.64
33.3009  0  3.14159  1322.1  5483.54
-54.6637  3.14159  0  678.873  1627.4
-27.0177  3.14159  0  -113.844  -2064.5
-13.1947  3.14159  0  85.2636  -3881.73
-10.6814  3.14159  0  328.051  5175.2
-8.16814  3.14159  0  6816.12  8574.65
-6.9115  3.14159  0  7189.43  4668.47
-5.65487  3.14159  0  1715.93  14895.4
-4.39823  3.14159  0  -11687.6  -7599.94
-3.14159  3.14159  0  -13017.8  -17307.6
-1.88496  3.14159  0  35171.1  -9687.97
-0.628319  3.14159  0  -2314.63  -94284.3
0.628319  3.14159  0  57051.8  77187.1
1.88496  3.14159  0  32740.2  -13916.1
3.14159  3.14159  0  1116.26  21860.4
4.39823  3.14159  0  -3473.14  13654.5
5.65487  3.14159  0  -8942.08  -12611.3
6.9115  3.14159  0  2174.34  -8122.04
8.16814  3.14159  0  -940.569  -10551.6
10.6814  3.14159  0  -3067.26  -4116.61
15.708  3.14159  0  -1068.45  2362.64
33.3009  3.14159  0  1322.1  5483.54
-54.6637  3.14159  3.14159  -231.238  1146.36
-27.0177  3.14159  3.14159  976.93  -975.734
-13.1947  3.14159  3.14159  804.367  -2630.48
-10.6814  3.14159  3.14159  -676.113  4876.61
-8.16814  3.14159  3.14159  5001.45  11013.2
-6.9115  3.14159  3.14159  5006.2  7824.99
-5.65487  3.14159  3.14159  -402.721  13765
-4.39823  3.14159  3.14159  -8587.85  -8429.86
-3.14159  3.14159  3.14159  -4067.52  -17839
-1.88496  3.14159  3.14159  30108.1  5566.46
-0.628319  3.14159  3.14159  21486  -75779.8
0.628319  3.14159  3.14159  23093.5  79730.8
1.88496  3.14159  3.14159  25888.3  -2169.71
3.14159  3.14159  3.14159  -3330.67  16275.1
4.39823  3.14159  3.14159  -6654.79  10640.8
5.65487  3.14159  3.14159  -4787.41  -14794.1
6.9115  3.14159  3.14159  1612.2  -6889.92
8.16814  3.14159  3.14159  -298.051  -10509.3
10.6814  3.14159  3.14159  -1775.86  -4655.17
15.708  3.14159  3.14159  -2347.32  364.382
33.3009  3.14159  3.14159  -534.854  4380.5
