-54.6637  0  0  2.61507e-05  -0.00242507
-27.0177  0  0  0.000419955  -0.0193054
-13.1947  0  0  0.00583737  -0.1438
-10.6814  0  0  0.0114971  -0.249867
-8.16814  0  0  0.0245378  -0.485238
-6.9115  0  0  0.0370282  -0.715401
-5.65487  0  0  0.0576199  -1.10624
-4.39823  0  0  0.0957503  -1.80159
-3.14159  0  0  0.186659  -3.02442
-1.88496  0  0  0.468121  -4.54917
-0.628319  0  0  1.11158  -3.08414
0.628319  0  0  1.11158  3.08414
1.88496  0  0  0.468116  4.54917
3.14159  0  0  0.186655  3.02442
4.39823  0  0  0.0957482  1.80159
5.65487  0  0  0.0576192  1.10624
6.9115  0  0  0.0370272  0.7154
8.16814  0  0  0.0245373  0.485238
10.6814  0  0  0.0114969  0.249866
15.708  0  0  0.00319616  0.0896773
33.3009  0  0  0.000186054  0.0104925
-54.6637  0  3.14159  5.23537e-08  -0.00242138
-27.0177  0  3.14159  8.38757e-09  -0.0191883
-13.1947  0  3.14159  1.82578e-07  -0.140268
-10.6814  0  3.14159  4.03956e-07  -0.2405
-8.16814  0  3.14159  -4.65054e-06  -0.454192
-6.9115  0  3.14159  -1.07532e-05  -0.652832
-5.65487  0  3.14159  -1.97702e-06  -0.972179
-4.39823  0  3.14159  -2.19747e-06  -1.51074
-3.14159  0  3.14159  5.54945e-07  -2.51377
-1.88496  0  3.14159  5.55115e-05  -5.14761
-0.628319  0  3.14159  0.000162605  -41.7669
0.628319  0  3.14159  7.94263e-05  41.7669
1.88496  0  3.14159  5.43774e-05  5.14762
3.14159  0  3.14159  -1.38365e-06  2.51377
4.39823  0  3.14159  -3.44722e-06  1.51074
5.65487  0  3.14159  -2.8803e-06  0.972179
6.9115  0  3.14159  -1.13229e-05  0.652832
8.16814  0  3.14159  -5.08309e-06  0.454192
10.6814  0  3.14159  1.2757e-07  0.2405
15.708  0  3.14159  4.18974e-07  0.088115
33.3009  0  3.14159  -1.3619e-07  0.0104502
-54.6637  3.14159  0  5.23537e-08  -0.00242138
-27.0177  3.14159  0  8.38757e-09  -0.0191883
-13.1947  3.14159  0  1.82578e-07  -0.140268
-10.6814  3.14159  0  4.03956e-07  -0.2405
-8.16814  3.14159  0  -4.65054e-06  -0.454192
-6.9115  3.14159  0  -1.07532e-05  -0.652832
-5.65487  3.14159  0  -1.97702e-06  -0.972179
-4.39823  3.14159  0  -2.19747e-06  -1.51074
-3.14159  3.14159  0  5.54945e-07  -2.51377
-1.88496  3.14159  0  5.55115e-05  -5.14761
-0.628319  3.14159  0  0.000162605  -41.7669
0.628319  3.14159  0  7.94263e-05  41.7669
1.88496  3.14159  0  5.43774e-05  5.14762
3.14159  3.14159  0  -1.38365e-06  2.51377
4.39823  3.14159  0  -3.44722e-06  1.51074
5.65487  3.14159  0  -2.8803e-06  0.972179
6.9115  3.14159  0  -1.13229e-05  0.652832
8.16814  3.14159  0  -5.08309e-06  0.454192
10.6814  3.14159  0  1.2757e-07  0.2405
15.708  3.14159  0  4.18974e-07  0.088115
33.3009  3.14159  0  -1.3619e-07  0.0104502
-54.6637  3.14159  3.14159  -2.61826e-05  -0.00242506
-27.0177  3.14159  3.14159  -0.00042016  -0.0193054
-13.1947  3.14159  3.14159  -0.00583905  -0.1438
-10.6814  3.14159  3.14159  -0.0114954  -0.249867
-8.16814  3.14159  3.14159  -0.0245369  -0.485238
-6.9115  3.14159  3.14159  -0.0370229  -0.7154
-5.65487  3.14159  3.14159  -0.0576231  -1.10624
-4.39823  3.14159  3.14159  -0.0957502  -1.80159
-3.14159  3.14159  3.14159  -0.186665  -3.02442
-1.88496  3.14159  3.14159  -0.468115  -4.54917
-0.628319  3.14159  3.14159  -1.11159  -3.08414
0.628319  3.14159  3.14159  -1.1116  3.08414
1.88496  3.14159  3.14159  -0.468119  4.54917
3.14159  3.14159  3.14159  -0.186669  3.02442
4.39823  3.14159  3.14159  -0.0957523  1.80159
5.65487  3.14159  3.14159  -0.0576239  1.10624
6.9115  3.14159  3.14159  -0.037024  0.7154
8.16814  3.14159  3.14159  -0.0245375  0.485238
10.6814  3.14159  3.14159  -0.0114957  0.249866
15.708  3.14159  3.14159  -0.00319605  0.0896773
33.3009  3.14159  3.14159  -0.000185629  0.0104925
