-54.6637  0  0  -7.26668e-08  -7.78123e-07
-27.0177  0  0  4.35378e-07  -1.20173e-06
-13.1947  0  0  3.75308e-06  -1.75601e-06
-10.6814  0  0  6.03948e-06  -2.58516e-06
-8.16814  0  0  9.52113e-06  -8.03328e-06
-6.9115  0  0  1.24847e-05  -9.89166e-06
-5.65487  0  0  1.16229e-05  -1.45348e-05
-4.39823  0  0  7.29684e-06  -2.17626e-05
-3.14159  0  0  2.30242e-06  -2.75276e-05
-1.88496  0  0  -8.70955e-06  -2.49233e-05
-0.628319  0  0  -3.97753e-05  -1.54654e-05
0.628319  0  0  -1.00294e-05  -9.9722e-07
1.88496  0  0  -1.07424e-05  2.70796e-05
3.14159  0  0  2.98147e-06  2.58039e-05
4.39823  0  0  1.0595e-05  2.14892e-05
5.65487  0  0  1.28628e-05  1.72629e-05
6.9115  0  0  1.06243e-05  6.60925e-06
8.16814  0  0  8.91238e-06  6.27507e-06
10.6814  0  0  4.18599e-06  3.76914e-06
15.708  0  0  2.14917e-06  1.74059e-06
33.3009  0  0  6.05048e-07  9.70334e-07
-54.6637  0  3.14159  4.81131e-08  -7.30707e-07
-27.0177  0  3.14159  2.86256e-07  -1.32725e-06
-13.1947  0  3.14159  2.56463e-06  -2.24994e-06
-10.6814  0  3.14159  4.49516e-06  -3.22858e-06
-8.16814  0  3.14159  7.74627e-06  -6.26123e-06
-6.9115  0  3.14159  1.00466e-05  -9.26083e-06
-5.65487  0  3.14159  1.24288e-05  -1.43407e-05
-4.39823  0  3.14159  1.46157e-05  -2.30005e-05
-3.14159  0  3.14159  1.30565e-05  -3.73368e-05
-1.88496  0  3.14159  -2.35771e-06  -5.25297e-05
-0.628319  0  3.14159  -3.21889e-05  -3.23215e-05
0.628319  0  3.14159  -3.23914e-05  3.23408e-05
1.88496  0  3.14159  -2.10464e-06  5.25002e-05
3.14159  0  3.14159  1.31e-05  3.72507e-05
4.39823  0  3.14159  1.46427e-05  2.28635e-05
5.65487  0  3.14159  1.23618e-05  1.41291e-05
6.9115  0  3.14159  9.76727e-06  9.13355e-06
8.16814  0  3.14159  7.58967e-06  6.30384e-06
10.6814  0  3.14159  4.36155e-06  3.51117e-06
15.708  0  3.14159  1.65694e-06  2.02503e-06
33.3009  0  3.14159  2.00575e-07  1.07341e-06
-54.6637  3.14159  0  4.81131e-08  -7.30707e-07
-27.0177  3.14159  0  2.86256e-07  -1.32725e-06
-13.1947  3.14159  0  2.56463e-06  -2.24994e-06
-10.6814  3.14159  0  4.49516e-06  -3.22858e-06
-8.16814  3.14159  0  7.74627e-06  -6.26123e-06
-6.9115  3.14159  0  1.00466e-05  -9.26083e-06
-5.65487  3.14159  0  1.24288e-05  -1.43407e-05
-4.39823  3.14159  0  1.46157e-05  -2.30005e-05
-3.14159  3.14159  0  1.30565e-05  -3.73368e-05
-1.88496  3.14159  0  -2.35771e-06  -5.25297e-05
-0.628319  3.14159  0  -3.21889e-05  -3.23215e-05
0.628319  3.14159  0  -3.23914e-05  3.23408e-05
1.88496  3.14159  0  -2.10464e-06  5.25002e-05
3.14159  3.14159  0  1.31e-05  3.72507e-05
4.39823  3.14159  0  1.46427e-05  2.28635e-05
5.65487  3.14159  0  1.23618e-05  1.41291e-05
6.9115  3.14159  0  9.76727e-06  9.13355e-06
8.16814  3.14159  0  7.58967e-06  6.30384e-06
10.6814  3.14159  0  4.36155e-06  3.51117e-06
15.708  3.14159  0  1.65694e-06  2.02503e-06
33.3009  3.14159  0  2.00575e-07  1.07341e-06
-54.6637  3.14159  3.14159  7.71103e-09  -7.33619e-07
-27.0177  3.14159  3.14159  1.51789e-07  -1.33241e-06
-13.1947  3.14159  3.14159  1.8253e-06  -2.29852e-06
-10.6814  3.14159  3.14159  3.23076e-06  -3.2573e-06
-8.16814  3.14159  3.14159  5.62275e-06  -5.56189e-06
-6.9115  3.14159  3.14159  6.93377e-06  -8.07409e-06
-5.65487  3.14159  3.14159  8.91402e-06  -1.17527e-05
-4.39823  3.14159  3.14159  1.09335e-05  -1.68362e-05
-3.14159  3.14159  3.14159  1.51462e-05  -2.54125e-05
-1.88496  3.14159  3.14159  4.12741e-05  -5.01337e-05
-0.628319  3.14159  3.14159  -5.52702e-05  -0.000376217
0.628319  3.14159  3.14159  -5.50804e-05  0.000377102
1.88496  3.14159  3.14159  4.15413e-05  4.9092e-05
3.14159  3.14159  3.14159  1.53605e-05  2.52441e-05
4.39823  3.14159  3.14159  1.06609e-05  1.67642e-05
5.65487  3.14159  3.14159  8.84864e-06  1.13779e-05
6.9115  3.14159  3.14159  6.80582e-06  8.04174e-06
8.16814  3.14159  3.14159  5.22613e-06  5.64525e-06
10.6814  3.14159  3.14159  3.16631e-06  3.45657e-06
15.708  3.14159  3.14159  1.173e-06  2.09122e-06
33.3009  3.14159  3.14159  1.15568e-07  1.10282e-06
