-54.6637  0  0  0.000301855  0.0880385
-27.0177  0  0  0.00163704  0.1732
-13.1947  0  0  0.0106426  0.321519
-10.6814  0  0  0.0191325  0.375015
-8.16814  0  0  0.0392864  0.442544
-6.9115  0  0  0.059528  0.48063
-5.65487  0  0  0.0941782  0.518327
-4.39823  0  0  0.156802  0.548826
-3.14159  0  0  0.271848  0.556219
-1.88496  0  0  0.45645  0.488658
-0.628319  0  0  0.636492  0.226521
0.628319  0  0  0.636324  -0.220816
1.88496  0  0  0.453615  -0.485021
3.14159  0  0  0.265698  -0.554761
4.39823  0  0  0.151487  -0.54806
5.65487  0  0  0.0907538  -0.517425
6.9115  0  0  0.0572978  -0.479701
8.16814  0  0  0.0376617  -0.441823
10.6814  0  0  0.0179731  -0.374839
15.708  0  0  0.00584529  -0.280153
33.3009  0  0  0.000911524  -0.142608
-54.6637  0  3.14159  0.00417536  0.0878774
-27.0177  0  3.14159  0.0157591  0.171855
-13.1947  0  3.14159  0.0544288  0.311747
-10.6814  0  3.14159  0.0746075  0.358237
-8.16814  0  3.14159  0.105668  0.411276
-6.9115  0  3.14159  0.126795  0.436697
-5.65487  0  3.14159  0.151546  0.455267
-4.39823  0  3.14159  0.175516  0.454493
-3.14159  0  3.14159  0.184035  0.414401
-1.88496  0  3.14159  0.170531  0.330253
-0.628319  0  3.14159  0.198773  0.169291
0.628319  0  3.14159  0.199347  -0.170669
1.88496  0  3.14159  0.16774  -0.333007
3.14159  0  3.14159  0.176824  -0.415153
4.39823  0  3.14159  0.171526  -0.452788
5.65487  0  3.14159  0.149378  -0.454174
6.9115  0  3.14159  0.125103  -0.436391
8.16814  0  3.14159  0.104296  -0.411314
10.6814  0  3.14159  0.0736929  -0.358594
15.708  0  3.14159  0.0403735  -0.274355
33.3009  0  3.14159  0.0100884  -0.142004
-54.6637  3.14159  0  0.00417536  0.0878774
-27.0177  3.14159  0  0.0157591  0.171855
-13.1947  3.14159  0  0.0544288  0.311747
-10.6814  3.14159  0  0.0746075  0.358237
-8.16814  3.14159  0  0.105668  0.411276
-6.9115  3.14159  0  0.126795  0.436697
-5.65487  3.14159  0  0.151546  0.455267
-4.39823  3.14159  0  0.175516  0.454493
-3.14159  3.14159  0  0.184035  0.414401
-1.88496  3.14159  0  0.170531  0.330253
-0.628319  3.14159  0  0.198773  0.169291
0.628319  3.14159  0  0.199347  -0.170669
1.88496  3.14159  0  0.16774  -0.333007
3.14159  3.14159  0  0.176824  -0.415153
4.39823  3.14159  0  0.171526  -0.452788
5.65487  3.14159  0  0.149378  -0.454174
6.9115  3.14159  0  0.125103  -0.436391
8.16814  3.14159  0  0.104296  -0.411314
10.6814  3.14159  0  0.0736929  -0.358594
15.708  3.14159  0  0.0403735  -0.274355
33.3009  3.14159  0  0.0100884  -0.142004
-54.6637  3.14159  3.14159  0.00792183  0.0878215
-27.0177  3.14159  3.14159  0.0304668  0.171545
-13.1947  3.14159  3.14159  0.107078  0.312279
-10.6814  3.14159  3.14159  0.149144  0.36131
-8.16814  3.14159  3.14159  0.219415  0.422133
-6.9115  3.14159  3.14159  0.273097  0.456058
-5.65487  3.14159  3.14159  0.347575  0.489543
-4.39823  3.14159  3.14159  0.455799  0.516901
-3.14159  3.14159  3.14159  0.619054  0.524345
-1.88496  3.14159  3.14159  0.847012  0.462782
-0.628319  3.14159  3.14159  1.0538  0.213848
0.628319  3.14159  3.14159  1.05388  -0.216471
1.88496  3.14159  3.14159  0.844656  -0.466224
3.14159  3.14159  3.14159  0.613344  -0.528435
4.39823  3.14159  3.14159  0.450821  -0.520422
5.65487  3.14159  3.14159  0.344414  -0.491977
6.9115  3.14159  3.14159  0.271089  -0.457762
8.16814  3.14159  3.14159  0.217997  -0.423518
10.6814  3.14159  3.14159  0.148194  -0.36253
15.708  3.14159  3.14159  0.0795859  -0.274465
33.3009  3.14159  3.14159  0.0202756  -0.141848
