-54.6637  0  0  -0.0102656  0.997581
-27.0177  0  0  -0.0424498  1.98755
-13.1947  0  0  -0.165782  3.82001
-10.6814  0  0  -0.240885  4.5136
-8.16814  0  0  -0.378647  5.44001
-6.9115  0  0  -0.48647  6.00854
-5.65487  0  0  -0.624549  6.57741
-4.39823  0  0  -0.869307  7.02877
-3.14159  0  0  -1.16743  6.99428
-1.88496  0  0  -1.5846  5.63186
-0.628319  0  0  -1.86307  2.34332
0.628319  0  0  -1.83541  -2.35141
1.88496  0  0  -1.58533  -5.64278
3.14159  0  0  -1.161  -6.99197
4.39823  0  0  -0.865829  -7.0264
5.65487  0  0  -0.628522  -6.57614
6.9115  0  0  -0.488296  -6.01022
8.16814  0  0  -0.381504  -5.44096
10.6814  0  0  -0.242259  -4.51316
15.708  0  0  -0.114799  -3.27166
33.3009  0  0  -0.0260724  -1.62497
-54.6637  0  3.14159  -1.47811e-06  0.999389
-27.0177  0  3.14159  -1.73819e-06  2.0204
-13.1947  0  3.14159  -1.2319e-06  4.13976
-10.6814  0  3.14159  -2.47859e-06  5.11114
-8.16814  0  3.14159  4.50229e-06  6.70187
-6.9115  0  3.14159  -9.37294e-06  7.85849
-5.65487  0  3.14159  -8.70766e-06  9.56091
-4.39823  0  3.14159  8.53566e-06  12.2761
-3.14159  0  3.14159  1.52474e-05  17.1115
-1.88496  0  3.14159  5.51948e-05  28.5275
-0.628319  0  3.14159  0.000102262  84.7898
0.628319  0  3.14159  0.0001331  -84.7898
1.88496  0  3.14159  -3.13064e-06  -28.5275
3.14159  0  3.14159  1.88801e-05  -17.1115
4.39823  0  3.14159  1.84486e-05  -12.2761
5.65487  0  3.14159  2.03288e-05  -9.56092
6.9115  0  3.14159  7.25059e-06  -7.85849
8.16814  0  3.14159  1.53878e-06  -6.70187
10.6814  0  3.14159  6.35836e-06  -5.11114
15.708  0  3.14159  6.00172e-06  -3.47155
33.3009  0  3.14159  -1.14385e-06  -1.64818
-54.6637  3.14159  0  -1.47811e-06  0.999389
-27.0177  3.14159  0  -1.73819e-06  2.0204
-13.1947  3.14159  0  -1.2319e-06  4.13976
-10.6814  3.14159  0  -2.47859e-06  5.11114
-8.16814  3.14159  0  4.50229e-06  6.70187
-6.9115  3.14159  0  -9.37294e-06  7.85849
-5.65487  3.14159  0  -8.70766e-06  9.56091
-4.39823  3.14159  0  8.53566e-06  12.2761
-3.14159  3.14159  0  1.52474e-05  17.1115
-1.88496  3.14159  0  5.51948e-05  28.5275
-0.628319  3.14159  0  0.000102262  84.7898
0.628319  3.14159  0  0.0001331  -84.7898
1.88496  3.14159  0  -3.13064e-06  -28.5275
3.14159  3.14159  0  1.88801e-05  -17.1115
4.39823  3.14159  0  1.84486e-05  -12.2761
5.65487  3.14159  0  2.03288e-05  -9.56092
6.9115  3.14159  0  7.25059e-06  -7.85849
8.16814  3.14159  0  1.53878e-06  -6.70187
10.6814  3.14159  0  6.35836e-06  -5.11114
15.708  3.14159  0  6.00172e-06  -3.47155
33.3009  3.14159  0  -1.14385e-06  -1.64818
-54.6637  3.14159  3.14159  0.0103179  0.997581
-27.0177  3.14159  3.14159  0.0406215  1.98755
-13.1947  3.14159  3.14159  0.162145  3.82001
-10.6814  3.14159  3.14159  0.238752  4.5136
-8.16814  3.14159  3.14159  0.375114  5.44002
-6.9115  3.14159  3.14159  0.489773  6.00854
-5.65487  3.14159  3.14159  0.669775  6.57742
-4.39823  3.14159  3.14159  0.881815  7.02876
-3.14159  3.14159  3.14159  1.21618  6.99428
-1.88496  3.14159  3.14159  1.55864  5.63187
-0.628319  3.14159  3.14159  1.87835  2.34331
0.628319  3.14159  3.14159  1.90598  -2.3514
1.88496  3.14159  3.14159  1.55791  -5.64277
3.14159  3.14159  3.14159  1.2226  -6.99197
4.39823  3.14159  3.14159  0.885282  -7.02641
5.65487  3.14159  3.14159  0.665823  -6.57615
6.9115  3.14159  3.14159  0.487951  -6.01022
8.16814  3.14159  3.14159  0.372263  -5.44096
10.6814  3.14159  3.14159  0.23739  -4.51316
15.708  3.14159  3.14159  0.122121  -3.27166
33.3009  3.14159  3.14159  0.0289545  -1.62497
