-54.6637  0  0  -4.91846e-07  -2.17739e-07
-27.0177  0  0  1.05083e-06  -9.02028e-07
-13.1947  0  0  4.55213e-06  -3.10568e-06
-10.6814  0  0  1.02471e-05  -2.75886e-06
-8.16814  0  0  5.84991e-06  -1.14044e-05
-6.9115  0  0  1.75292e-05  -8.6225e-06
-5.65487  0  0  1.61312e-05  -1.30577e-05
-4.39823  0  0  -3.73668e-06  -1.62652e-05
-3.14159  0  0  -1.73633e-05  -3.25804e-05
-1.88496  0  0  1.80309e-05  -2.24866e-05
-0.628319  0  0  -0.000122473  1.74078e-05
0.628319  0  0  -3.49666e-05  -0.000101223
1.88496  0  0  -1.36154e-05  4.43003e-05
3.14159  0  0  5.67623e-06  3.04877e-05
4.39823  0  0  1.92929e-05  1.43323e-05
5.65487  0  0  2.80601e-05  2.17845e-05
6.9115  0  0  7.10287e-06  -5.41493e-06
8.16814  0  0  9.48995e-06  4.85424e-06
10.6814  0  0  6.23568e-08  6.59326e-06
15.708  0  0  2.12727e-06  1.94794e-06
33.3009  0  0  1.739e-07  -6.15496e-07
-54.6637  0  3.14159  8.89767e-08  -6.55072e-07
-27.0177  0  3.14159  2.96704e-07  -1.25619e-06
-13.1947  0  3.14159  2.3036e-06  -2.50218e-06
-10.6814  0  3.14159  4.3203e-06  -2.95033e-06
-8.16814  0  3.14159  7.40783e-06  -6.07885e-06
-6.9115  0  3.14159  1.06595e-05  -8.91816e-06
-5.65487  0  3.14159  1.1749e-05  -1.46962e-05
-4.39823  0  3.14159  1.48701e-05  -2.32626e-05
-3.14159  0  3.14159  1.17137e-05  -3.56359e-05
-1.88496  0  3.14159  -1.94055e-06  -5.49116e-05
-0.628319  0  3.14159  -2.8092e-05  -2.98312e-05
0.628319  0  3.14159  -3.79271e-05  3.59303e-05
1.88496  0  3.14159  -1.8699e-06  5.54421e-05
3.14159  0  3.14159  1.39352e-05  3.74619e-05
4.39823  0  3.14159  1.50115e-05  2.33068e-05
5.65487  0  3.14159  1.34696e-05  1.30411e-05
6.9115  0  3.14159  9.53336e-06  8.86306e-06
8.16814  0  3.14159  8.0317e-06  6.23804e-06
10.6814  0  3.14159  3.99793e-06  3.13462e-06
15.708  0  3.14159  1.46169e-06  2.02845e-06
33.3009  0  3.14159  1.2265e-07  9.71035e-07
-54.6637  3.14159  0  8.89767e-08  -6.55072e-07
-27.0177  3.14159  0  2.96704e-07  -1.25619e-06
-13.1947  3.14159  0  2.3036e-06  -2.50218e-06
-10.6814  3.14159  0  4.3203e-06  -2.95033e-06
-8.16814  3.14159  0  7.40783e-06  -6.07885e-06
-6.9115  3.14159  0  1.06595e-05  -8.91816e-06
-5.65487  3.14159  0  1.1749e-05  -1.46962e-05
-4.39823  3.14159  0  1.48701e-05  -2.32626e-05
-3.14159  3.14159  0  1.17137e-05  -3.56359e-05
-1.88496  3.14159  0  -1.94055e-06  -5.49116e-05
-0.628319  3.14159  0  -2.8092e-05  -2.98312e-05
0.628319  3.14159  0  -3.79271e-05  3.59303e-05
1.88496  3.14159  0  -1.8699e-06  5.54421e-05
3.14159  3.14159  0  1.39352e-05  3.74619e-05
4.39823  3.14159  0  1.50115e-05  2.33068e-05
5.65487  3.14159  0  1.34696e-05  1.30411e-05
6.9115  3.14159  0  9.53336e-06  8.86306e-06
8.16814  3.14159  0  8.0317e-06  6.23804e-06
10.6814  3.14159  0  3.99793e-06  3.13462e-06
15.708  3.14159  0  1.46169e-06  2.02845e-06
33.3009  3.14159  0  1.2265e-07  9.71035e-07
-54.6637  3.14159  3.14159  -2.07101e-07  -7.11914e-07
-27.0177  3.14159  3.14159  3.86916e-07  -1.1399e-06
-13.1947  3.14159  3.14159  2.57075e-06  -2.72129e-06
-10.6814  3.14159  3.14159  3.29246e-06  -3.17639e-06
-8.16814  3.14159  3.14159  6.21189e-06  -5.58398e-06
-6.9115  3.14159  3.14159  5.10426e-06  -6.95442e-06
-5.65487  3.14159  3.14159  1.0281e-05  -1.11568e-05
-4.39823  3.14159  3.14159  1.06721e-05  -1.65875e-05
-3.14159  3.14159  3.14159  1.41923e-05  -2.90511e-05
-1.88496  3.14159  3.14159  4.63783e-05  -5.30194e-05
-0.628319  3.14159  3.14159  -6.49776e-05  -0.000376168
0.628319  3.14159  3.14159  -3.09658e-05  0.000347863
1.88496  3.14159  3.14159  3.844e-05  4.41177e-05
3.14159  3.14159  3.14159  1.16836e-05  2.60733e-05
4.39823  3.14159  3.14159  1.0368e-05  1.4672e-05
5.65487  3.14159  3.14159  9.76153e-06  1.40802e-05
6.9115  3.14159  3.14159  9.20171e-06  6.53917e-06
8.16814  3.14159  3.14159  4.50793e-06  5.38638e-06
10.6814  3.14159  3.14159  3.40091e-06  3.03067e-06
15.708  3.14159  3.14159  1.62909e-06  2.11297e-06
33.3009  3.14159  3.14159  3.88167e-07  8.61397e-07
