-54.6637  0  0  6.74144  6.83876
-27.0177  0  0  40.682  15.1209
-13.1947  0  0  11.3737  -71.754
-10.6814  0  0  47.0392  39.416
-8.16814  0  0  -342.042  -389.786
-6.9115  0  0  106.623  -216.901
-5.65487  0  0  -612.916  74.6356
-4.39823  0  0  640.606  763.863
-3.14159  0  0  -1199.46  -1148.86
-1.88496  0  0  -3647.69  409.971
-0.628319  0  0  25463.1  -52962.9
0.628319  0  0  -59898  12479.3
1.88496  0  0  -274.184  -4040.76
3.14159  0  0  -897.922  -477.311
4.39823  0  0  623.87  638.185
5.65487  0  0  251.843  -656.477
6.9115  0  0  -120.673  133.313
8.16814  0  0  -530.732  -256.512
10.6814  0  0  45.1991  96.0824
15.708  0  0  -12.4787  -34.1691
33.3009  0  0  4.00387  9.69374
-54.6637  0  3.14159  -0.0373579  0.406964
-27.0177  0  3.14159  -2.33424  1.39969
-13.1947  0  3.14159  -4.34301  2.24317
-10.6814  0  3.14159  1.3699  7.01889
-8.16814  0  3.14159  38.3739  -4.75842
-6.9115  0  3.14159  10.724  -8.66019
-5.65487  0  3.14159  -10.5509  -39.0855
-4.39823  0  3.14159  -32.1945  16.3973
-3.14159  0  3.14159  126.619  -55.0931
-1.88496  0  3.14159  -4.15343  -180.247
-0.628319  0  3.14159  1873.96  2264.55
0.628319  0  3.14159  621.93  -2266.85
1.88496  0  3.14159  117.476  20.8442
3.14159  0  3.14159  29.3058  53.9301
4.39823  0  3.14159  -30.291  -0.13162
5.65487  0  3.14159  -32.9709  35.4603
6.9115  0  3.14159  2.09875  -15.3669
8.16814  0  3.14159  39.0716  -18.3308
10.6814  0  3.14159  3.40288  -1.60409
15.708  0  3.14159  0.767002  0.923891
33.3009  0  3.14159  -1.59091  0.256509
-54.6637  3.14159  0  -0.0373579  0.406964
-27.0177  3.14159  0  -2.33424  1.39969
-13.1947  3.14159  0  -4.34301  2.24317
-10.6814  3.14159  0  1.3699  7.01889
-8.16814  3.14159  0  38.3739  -4.75842
-6.9115  3.14159  0  10.724  -8.66019
-5.65487  3.14159  0  -10.5509  -39.0855
-4.39823  3.14159  0  -32.1945  16.3973
-3.14159  3.14159  0  126.619  -55.0931
-1.88496  3.14159  0  -4.15343  -180.247
-0.628319  3.14159  0  1873.96  2264.55
0.628319  3.14159  0  621.93  -2266.85
1.88496  3.14159  0  117.476  20.8442
3.14159  3.14159  0  29.3058  53.9301
4.39823  3.14159  0  -30.291  -0.13162
5.65487  3.14159  0  -32.9709  35.4603
6.9115  3.14159  0  2.09875  -15.3669
8.16814  3.14159  0  39.0716  -18.3308
10.6814  3.14159  0  3.40288  -1.60409
15.708  3.14159  0  0.767002  0.923891
33.3009  3.14159  0  -1.59091  0.256509
-54.6637  3.14159  3.14159  6.45766  14.3892
-27.0177  3.14159  3.14159  61.2004  93.4121
-13.1947  3.14159  3.14159  101.543  1.87851
-10.6814  3.14159  3.14159  202.324  48.58
-8.16814  3.14159  3.14159  -75.7579  -1436.4
-6.9115  3.14159  3.14159  161.987  -176.409
-5.65487  3.14159  3.14159  -1666.43  2.39387
-4.39823  3.14159  3.14159  688.001  2413.53
-3.14159  3.14159  3.14159  -1257.36  -3519.69
-1.88496  3.14159  3.14159  -6255.62  -2354.92
-0.628319  3.14159  3.14159  131070  -79375.3
0.628319  3.14159  3.14159  -126708  -58431.9
1.88496  3.14159  3.14159  5237.49  -5080.95
3.14159  3.14159  3.14159  938.455  -2405
4.39823  3.14159  3.14159  360.345  2230.77
5.65487  3.14159  3.14159  1433.03  -137.744
6.9115  3.14159  3.14159  -629.714  94.3979
8.16814  3.14159  3.14159  -674.624  -1324.2
10.6814  3.14159  3.14159  -41.5517  63.0369
15.708  3.14159  3.14159  55.8907  -108.419
33.3009  3.14159  3.14159  7.32494  50.8914
