-54.6637  0  0  8.02129e-06  1.47373e-05
-27.0177  0  0  -1.51342e-06  2.13413e-05
-13.1947  0  0  -2.54746e-05  2.52273e-05
-10.6814  0  0  0.000117047  5.68049e-05
-8.16814  0  0  -0.000155928  -0.000241285
-6.9115  0  0  0.000122065  0.00012502
-5.65487  0  0  0.000449665  0.000257479
-4.39823  0  0  0.000291139  -7.8009e-05
-3.14159  0  0  0.00121772  0.00165057
-1.88496  0  0  -1.66554e-05  0.0019653
-0.628319  0  0  -0.00342794  0.0019492
0.628319  0  0  0.00374061  0.0017491
1.88496  0  0  -0.000288953  0.00158362
3.14159  0  0  -0.00106782  0.00128447
4.39823  0  0  -0.000255463  -0.000274033
5.65487  0  0  -0.000236285  0.000141274
6.9115  0  0  -0.000190274  0.000146663
8.16814  0  0  0.000185229  -0.000224728
10.6814  0  0  -7.47414e-05  -1.12234e-05
15.708  0  0  3.13614e-05  -0.000145184
33.3009  0  0  5.24056e-05  -1.95652e-05
-54.6637  0  3.14159  7.26279e-07  7.74867e-06
-27.0177  0  3.14159  9.11967e-07  1.47378e-05
-13.1947  0  3.14159  6.01739e-06  3.09272e-05
-10.6814  0  3.14159  1.28402e-05  3.19151e-05
-8.16814  0  3.14159  1.22437e-06  4.27819e-05
-6.9115  0  3.14159  2.94482e-05  5.34234e-05
-5.65487  0  3.14159  5.55116e-05  4.3316e-05
-4.39823  0  3.14159  4.65917e-05  4.49875e-05
-3.14159  0  3.14159  0.000165887  7.12098e-05
-1.88496  0  3.14159  0.000163243  0.000149632
-0.628319  0  3.14159  8.25729e-05  0.000237047
0.628319  0  3.14159  0.000317533  -0.000123178
1.88496  0  3.14159  0.000136233  1.11789e-05
3.14159  0  3.14159  7.82834e-05  1.54658e-05
4.39823  0  3.14159  2.00715e-05  -5.14313e-05
5.65487  0  3.14159  3.5226e-05  -3.80496e-05
6.9115  0  3.14159  2.38416e-05  -2.86233e-05
8.16814  0  3.14159  2.06223e-05  -5.52815e-05
10.6814  0  3.14159  1.20388e-05  -3.1357e-05
15.708  0  3.14159  6.20538e-06  -2.96222e-05
33.3009  0  3.14159  3.35706e-06  -1.45844e-05
-54.6637  3.14159  0  7.26279e-07  7.74867e-06
-27.0177  3.14159  0  9.11967e-07  1.47378e-05
-13.1947  3.14159  0  6.01739e-06  3.09272e-05
-10.6814  3.14159  0  1.28402e-05  3.19151e-05
-8.16814  3.14159  0  1.22437e-06  4.27819e-05
-6.9115  3.14159  0  2.94482e-05  5.34234e-05
-5.65487  3.14159  0  5.55116e-05  4.3316e-05
-4.39823  3.14159  0  4.65917e-05  4.49875e-05
-3.14159  3.14159  0  0.000165887  7.12098e-05
-1.88496  3.14159  0  0.000163243  0.000149632
-0.628319  3.14159  0  8.25729e-05  0.000237047
0.628319  3.14159  0  0.000317533  -0.000123178
1.88496  3.14159  0  0.000136233  1.11789e-05
3.14159  3.14159  0  7.82834e-05  1.54658e-05
4.39823  3.14159  0  2.00715e-05  -5.14313e-05
5.65487  3.14159  0  3.5226e-05  -3.80496e-05
6.9115  3.14159  0  2.38416e-05  -2.86233e-05
8.16814  3.14159  0  2.06223e-05  -5.52815e-05
10.6814  3.14159  0  1.20388e-05  -3.1357e-05
15.708  3.14159  0  6.20538e-06  -2.96222e-05
33.3009  3.14159  0  3.35706e-06  -1.45844e-05
-54.6637  3.14159  3.14159  -6.70718e-06  1.14495e-05
-27.0177  3.14159  3.14159  5.84386e-06  2.86834e-05
-13.1947  3.14159  3.14159  5.41634e-06  3.17974e-05
-10.6814  3.14159  3.14159  -3.37578e-05  9.98601e-05
-8.16814  3.14159  3.14159  0.00021069  -1.84308e-05
-6.9115  3.14159  3.14159  -8.02276e-05  1.3447e-05
-5.65487  3.14159  3.14159  -0.000155842  0.000308207
-4.39823  3.14159  3.14159  9.49244e-05  0.000285007
-3.14159  3.14159  3.14159  -0.00101234  0.000349245
-1.88496  3.14159  3.14159  -0.00116477  -0.000299332
-0.628319  3.14159  3.14159  -0.000122108  -0.00217494
0.628319  3.14159  3.14159  -0.00107186  0.0017426
1.88496  3.14159  3.14159  -0.000736357  -0.000738832
3.14159  3.14159  3.14159  -0.00017568  -0.000997299
4.39823  3.14159  3.14159  0.000251222  -0.000305315
5.65487  3.14159  3.14159  2.37593e-05  -0.000242868
6.9115  3.14159  3.14159  -0.000128827  -0.00016076
8.16814  3.14159  3.14159  6.33034e-05  0.000146204
10.6814  3.14159  3.14159  2.40985e-05  -0.000113484
15.708  3.14159  3.14159  6.12632e-05  1.17795e-05
33.3009  3.14159  3.14159  -1.2205e-06  1.26289e-05
