-54.6637  0  0  0.000543073  -0.000628264
-27.0177  0  0  0.00203479  -0.00183857
-13.1947  0  0  0.00593378  -0.00732754
-10.6814  0  0  0.00709182  -0.0109842
-8.16814  0  0  0.00733597  -0.0173809
-6.9115  0  0  0.00617612  -0.0220584
-5.65487  0  0  0.00298662  -0.0276415
-4.39823  0  0  -0.0036984  -0.033102
-3.14159  0  0  -0.0151632  -0.035485
-1.88496  0  0  -0.0301451  -0.0296032
-0.628319  0  0  -0.0419366  -0.0119286
0.628319  0  0  -0.0419363  0.0119297
1.88496  0  0  -0.0301444  0.0296041
3.14159  0  0  -0.0151622  0.0354856
4.39823  0  0  -0.00369723  0.0331023
5.65487  0  0  0.00298795  0.0276414
6.9115  0  0  0.00617748  0.0220578
8.16814  0  0  0.00733701  0.0173799
10.6814  0  0  0.00709189  0.0109831
15.708  0  0  0.00480889  0.00518163
33.3009  0  0  0.00139389  0.00129097
-54.6637  0  3.14159  0.000517035  -0.000631494
-27.0177  0  3.14159  0.001913  -0.00184637
-13.1947  0  3.14159  0.00552741  -0.00709732
-10.6814  0  3.14159  0.00676315  -0.0104913
-8.16814  0  3.14159  0.00775202  -0.0165518
-6.9115  0  3.14159  0.0076783  -0.0213371
-5.65487  0  3.14159  0.00647829  -0.0279556
-4.39823  0  3.14159  0.00266154  -0.0369645
-3.14159  0  3.14159  -0.00719263  -0.0478032
-1.88496  0  3.14159  -0.0287604  -0.0530598
-0.628319  0  3.14159  -0.0570316  -0.0279524
0.628319  0  3.14159  -0.0570312  0.0279537
1.88496  0  3.14159  -0.0287594  0.0530606
3.14159  0  3.14159  -0.00719145  0.0478037
4.39823  0  3.14159  0.00266287  0.0369646
5.65487  0  3.14159  0.00647954  0.0279555
6.9115  0  3.14159  0.00767963  0.0213365
8.16814  0  3.14159  0.00775308  0.0165508
10.6814  0  3.14159  0.00676324  0.0104901
15.708  0  3.14159  0.00446357  0.00508269
33.3009  0  3.14159  0.00131714  0.00129931
-54.6637  3.14159  0  0.000517035  -0.000631494
-27.0177  3.14159  0  0.001913  -0.00184637
-13.1947  3.14159  0  0.00552741  -0.00709732
-10.6814  3.14159  0  0.00676315  -0.0104913
-8.16814  3.14159  0  0.00775202  -0.0165518
-6.9115  3.14159  0  0.0076783  -0.0213371
-5.65487  3.14159  0  0.00647829  -0.0279556
-4.39823  3.14159  0  0.00266154  -0.0369645
-3.14159  3.14159  0  -0.00719263  -0.0478032
-1.88496  3.14159  0  -0.0287604  -0.0530598
-0.628319  3.14159  0  -0.0570316  -0.0279524
0.628319  3.14159  0  -0.0570312  0.0279537
1.88496  3.14159  0  -0.0287594  0.0530606
3.14159  3.14159  0  -0.00719145  0.0478037
4.39823  3.14159  0  0.00266287  0.0369646
5.65487  3.14159  0  0.00647954  0.0279555
6.9115  3.14159  0  0.00767963  0.0213365
8.16814  3.14159  0  0.00775308  0.0165508
10.6814  3.14159  0  0.00676324  0.0104901
15.708  3.14159  0  0.00446357  0.00508269
33.3009  3.14159  0  0.00131714  0.00129931
-54.6637  3.14159  3.14159  0.000490888  -0.000632614
-27.0177  3.14159  3.14159  0.00178951  -0.00183936
-13.1947  3.14159  3.14159  0.00501978  -0.00682579
-10.6814  3.14159  3.14159  0.00611109  -0.0099357
-8.16814  3.14159  3.14159  0.0070721  -0.0153769
-6.9115  3.14159  3.14159  0.00722072  -0.0196142
-5.65487  3.14159  3.14159  0.0068094  -0.0254743
-4.39823  3.14159  3.14159  0.00543947  -0.0338527
-3.14159  3.14159  3.14159  0.00276536  -0.0471698
-1.88496  3.14159  3.14159  -0.00205375  -0.0771592
-0.628319  3.14159  3.14159  -0.0920209  -0.223234
0.628319  3.14159  3.14159  -0.0920202  0.223235
1.88496  3.14159  3.14159  -0.00205162  0.0771599
3.14159  3.14159  3.14159  0.00276657  0.04717
4.39823  3.14159  3.14159  0.00544051  0.033853
5.65487  3.14159  3.14159  0.00681073  0.0254743
6.9115  3.14159  3.14159  0.00722209  0.0196137
8.16814  3.14159  3.14159  0.00707317  0.015376
10.6814  3.14159  3.14159  0.0061112  0.00993454
15.708  3.14159  3.14159  0.0040826  0.00494587
33.3009  3.14159  3.14159  0.00123968  0.00129901
