-54.6637  0  0  8.3756e-07  8.11458e-06
-27.0177  0  0  3.28205e-06  1.59287e-05
-13.1947  0  0  1.21584e-05  2.89319e-05
-10.6814  0  0  1.72018e-05  3.31457e-05
-8.16814  0  0  2.55845e-05  3.77023e-05
-6.9115  0  0  3.1785e-05  3.9617e-05
-5.65487  0  0  3.98183e-05  4.05857e-05
-4.39823  0  0  4.99107e-05  3.95402e-05
-3.14159  0  0  6.15643e-05  3.47506e-05
-1.88496  0  0  7.28486e-05  2.45996e-05
-0.628319  0  0  8.01334e-05  8.90936e-06
0.628319  0  0  8.01411e-05  -9.31543e-06
1.88496  0  0  7.27566e-05  -2.49874e-05
3.14159  0  0  6.13966e-05  -3.51145e-05
4.39823  0  0  4.97045e-05  -3.98402e-05
5.65487  0  0  3.95974e-05  -4.08444e-05
6.9115  0  0  3.15533e-05  -3.98372e-05
8.16814  0  0  2.53598e-05  -3.78883e-05
10.6814  0  0  1.69939e-05  -3.32725e-05
15.708  0  0  8.80893e-06  -2.54708e-05
33.3009  0  0  2.11533e-06  -1.31093e-05
-54.6637  0  3.14159  5.48326e-07  8.16407e-06
-27.0177  0  3.14159  2.17917e-06  1.63147e-05
-13.1947  0  3.14159  8.62304e-06  3.16514e-05
-10.6814  0  3.14159  1.26664e-05  3.77094e-05
-8.16814  0  3.14159  2.01012e-05  4.59811e-05
-6.9115  0  3.14159  2.62917e-05  5.10947e-05
-5.65487  0  3.14159  3.54324e-05  5.66679e-05
-4.39823  0  3.14159  4.92969e-05  6.17746e-05
-3.14159  0  3.14159  7.02206e-05  6.3378e-05
-1.88496  0  3.14159  9.86761e-05  5.38996e-05
-0.628319  0  3.14159  0.000124131  2.27497e-05
0.628319  0  3.14159  0.000124088  -2.31814e-05
1.88496  0  3.14159  9.85448e-05  -5.4289e-05
3.14159  0  3.14159  7.00493e-05  -6.37184e-05
4.39823  0  3.14159  4.90962e-05  -6.20574e-05
5.65487  0  3.14159  3.52309e-05  -5.69056e-05
6.9115  0  3.14159  2.60874e-05  -5.12962e-05
8.16814  0  3.14159  1.98965e-05  -4.61536e-05
10.6814  0  3.14159  1.24684e-05  -3.78331e-05
15.708  0  3.14159  6.05321e-06  -2.72059e-05
33.3009  0  3.14159  1.36723e-06  -1.33229e-05
-54.6637  3.14159  0  5.48326e-07  8.16407e-06
-27.0177  3.14159  0  2.17917e-06  1.63147e-05
-13.1947  3.14159  0  8.62304e-06  3.16514e-05
-10.6814  3.14159  0  1.26664e-05  3.77094e-05
-8.16814  3.14159  0  2.01012e-05  4.59811e-05
-6.9115  3.14159  0  2.62917e-05  5.10947e-05
-5.65487  3.14159  0  3.54324e-05  5.66679e-05
-4.39823  3.14159  0  4.92969e-05  6.17746e-05
-3.14159  3.14159  0  7.02206e-05  6.3378e-05
-1.88496  3.14159  0  9.86761e-05  5.38996e-05
-0.628319  3.14159  0  0.000124131  2.27497e-05
0.628319  3.14159  0  0.000124088  -2.31814e-05
1.88496  3.14159  0  9.85448e-05  -5.4289e-05
3.14159  3.14159  0  7.00493e-05  -6.37184e-05
4.39823  3.14159  0  4.90962e-05  -6.20574e-05
5.65487  3.14159  0  3.52309e-05  -5.69056e-05
6.9115  3.14159  0  2.60874e-05  -5.12962e-05
8.16814  3.14159  0  1.98965e-05  -4.61536e-05
10.6814  3.14159  0  1.24684e-05  -3.78331e-05
15.708  3.14159  0  6.05321e-06  -2.72059e-05
33.3009  3.14159  0  1.36723e-06  -1.33229e-05
-54.6637  3.14159  3.14159  2.54462e-07  8.18822e-06
-27.0177  3.14159  3.14159  1.00023e-06  1.65152e-05
-13.1947  3.14159  3.14159  4.03972e-06  3.3266e-05
-10.6814  3.14159  3.14159  6.01317e-06  4.0634e-05
-8.16814  3.14159  3.14159  9.79766e-06  5.20238e-05
-6.9115  3.14159  3.14159  1.3126e-05  6.03823e-05
-5.65487  3.14159  3.14159  1.84147e-05  7.18183e-05
-4.39823  3.14159  3.14159  2.76239e-05  8.84107e-05
-3.14159  3.14159  3.14159  4.63299e-05  0.000114532
-1.88496  3.14159  3.14159  9.67062e-05  0.000158183
-0.628319  3.14159  3.14159  0.000280896  0.000165686
0.628319  3.14159  3.14159  0.00028081  -0.000166127
1.88496  3.14159  3.14159  9.65957e-05  -0.000158553
3.14159  3.14159  3.14159  4.61848e-05  -0.000114852
4.39823  3.14159  3.14159  2.74527e-05  -8.86774e-05
5.65487  3.14159  3.14159  1.82404e-05  -7.20474e-05
6.9115  3.14159  3.14159  1.29441e-05  -6.05804e-05
8.16814  3.14159  3.14159  9.61171e-06  -5.21928e-05
10.6814  3.14159  3.14159  5.83338e-06  -4.07603e-05
15.708  3.14159  3.14159  2.73365e-06  -2.81888e-05
33.3009  3.14159  3.14159  5.84111e-07  -1.34312e-05
