-54.6637  0  0  8.46678e-05  -0.000133359
-27.0177  0  0  0.000442902  -0.000259973
-13.1947  0  0  0.000521326  -0.000515882
-10.6814  0  0  0.000217612  -0.00160691
-8.16814  0  0  0.000870594  -0.000836822
-6.9115  0  0  0.000471626  -0.00196874
-5.65487  0  0  -0.000292407  -0.00337906
-4.39823  0  0  -0.00226498  -0.00324105
-3.14159  0  0  -0.00304991  -0.00318267
-1.88496  0  0  -0.00415967  -0.00260404
-0.628319  0  0  -0.00298649  -0.00225468
0.628319  0  0  -0.00291609  0.00240834
1.88496  0  0  -0.00407967  0.00282345
3.14159  0  0  -0.00278927  0.00326584
4.39823  0  0  -0.00201026  0.00333284
5.65487  0  0  9.82055e-06  0.00334245
6.9115  0  0  0.000788628  0.00185462
8.16814  0  0  0.00119512  0.000644861
10.6814  0  0  0.000348937  0.00130218
15.708  0  0  0.000392744  0.000146383
33.3009  0  0  0.000100809  0.00026992
-54.6637  0  3.14159  6.93003e-05  -0.000111865
-27.0177  0  3.14159  0.000403242  -0.000277595
-13.1947  0  3.14159  0.000630967  -0.000487928
-10.6814  0  3.14159  0.000218509  -0.0014385
-8.16814  0  3.14159  0.00109575  -0.000893093
-6.9115  0  3.14159  0.000733539  -0.00198025
-5.65487  0  3.14159  4.14168e-05  -0.00343493
-4.39823  0  3.14159  -0.00137035  -0.00332365
-3.14159  0  3.14159  -0.00235555  -0.00433633
-1.88496  0  3.14159  -0.00427157  -0.00433421
-0.628319  0  3.14159  -0.00523152  -0.00393866
0.628319  0  3.14159  -0.00437024  0.0030734
1.88496  0  3.14159  -0.00439545  0.00464796
3.14159  0  3.14159  -0.00199073  0.00451515
4.39823  0  3.14159  -0.00123564  0.00375903
5.65487  0  3.14159  0.000676933  0.00336304
6.9115  0  3.14159  0.00107305  0.00173637
8.16814  0  3.14159  0.00117795  0.000527898
10.6814  0  3.14159  0.000434878  0.00122687
15.708  0  3.14159  0.000277606  6.23641e-05
33.3009  0  3.14159  0.000123488  0.000243993
-54.6637  3.14159  0  6.93003e-05  -0.000111865
-27.0177  3.14159  0  0.000403242  -0.000277595
-13.1947  3.14159  0  0.000630967  -0.000487928
-10.6814  3.14159  0  0.000218509  -0.0014385
-8.16814  3.14159  0  0.00109575  -0.000893093
-6.9115  3.14159  0  0.000733539  -0.00198025
-5.65487  3.14159  0  4.14168e-05  -0.00343493
-4.39823  3.14159  0  -0.00137035  -0.00332365
-3.14159  3.14159  0  -0.00235555  -0.00433633
-1.88496  3.14159  0  -0.00427157  -0.00433421
-0.628319  3.14159  0  -0.00523152  -0.00393866
0.628319  3.14159  0  -0.00437024  0.0030734
1.88496  3.14159  0  -0.00439545  0.00464796
3.14159  3.14159  0  -0.00199073  0.00451515
4.39823  3.14159  0  -0.00123564  0.00375903
5.65487  3.14159  0  0.000676933  0.00336304
6.9115  3.14159  0  0.00107305  0.00173637
8.16814  3.14159  0  0.00117795  0.000527898
10.6814  3.14159  0  0.000434878  0.00122687
15.708  3.14159  0  0.000277606  6.23641e-05
33.3009  3.14159  0  0.000123488  0.000243993
-54.6637  3.14159  3.14159  9.85903e-05  -0.000128061
-27.0177  3.14159  3.14159  0.000448776  -0.000249673
-13.1947  3.14159  3.14159  0.000458312  -0.00041731
-10.6814  3.14159  3.14159  0.000262975  -0.00144891
-8.16814  3.14159  3.14159  0.000990604  -0.000475374
-6.9115  3.14159  3.14159  0.000911614  -0.00160512
-5.65487  3.14159  3.14159  0.000635901  -0.00312396
-4.39823  3.14159  3.14159  -0.000738698  -0.00344573
-3.14159  3.14159  3.14159  -0.000751862  -0.0046285
-1.88496  3.14159  3.14159  -0.00174713  -0.00746808
-0.628319  3.14159  3.14159  -0.0104609  -0.0138451
0.628319  3.14159  3.14159  -0.0105228  0.0145636
1.88496  3.14159  3.14159  -0.00146643  0.00757649
3.14159  3.14159  3.14159  -0.000424143  0.00448485
4.39823  3.14159  3.14159  -0.000541371  0.00323627
5.65487  3.14159  3.14159  0.000780547  0.00309255
6.9115  3.14159  3.14159  0.0012621  0.00157014
8.16814  3.14159  3.14159  0.0015035  0.000417652
10.6814  3.14159  3.14159  0.00034729  0.00109996
15.708  3.14159  3.14159  0.000406612  5.95735e-05
33.3009  3.14159  3.14159  7.36887e-05  0.000258034
