-54.6637  0  0  50.7451  28.3215
-27.0177  0  0  -148.248  -86.9768
-13.1947  0  0  -323.613  426.789
-10.6814  0  0  -491.002  -475.607
-8.16814  0  0  402.764  62.6479
-6.9115  0  0  -470.164  1303.32
-5.65487  0  0  -566.576  -449.892
-4.39823  0  0  2107.82  2448.07
-3.14159  0  0  -3199.93  1315.68
-1.88496  0  0  6874.13  -2999.07
-0.628319  0  0  -18027.4  14650.6
0.628319  0  0  9002.74  19409.1
1.88496  0  0  -3335.1  -3594.89
3.14159  0  0  1820.5  3020.35
4.39823  0  0  -2721.84  112.975
5.65487  0  0  1415.95  300.002
6.9115  0  0  -289.147  1095.45
8.16814  0  0  -313.069  -239.292
10.6814  0  0  577.415  -31.8419
15.708  0  0  108.626  9.14552
33.3009  0  0  17.3132  110.764
-54.6637  0  3.14159  -457.503  -637.949
-27.0177  0  3.14159  1094.06  1801.15
-13.1947  0  3.14159  11772.9  -8699.35
-10.6814  0  3.14159  2749.62  13449.6
-8.16814  0  3.14159  -3322.86  -3783.42
-6.9115  0  3.14159  27819.1  -14743.3
-5.65487  0  3.14159  -3091.68  31589.8
-4.39823  0  3.14159  -27061.7  -101867
-3.14159  0  3.14159  84375.6  345.929
-1.88496  0  3.14159  -198160  19239.2
-0.628319  0  3.14159  573817  -51452.4
0.628319  0  3.14159  118811  -533788
1.88496  0  3.14159  -35844.6  126280
3.14159  0  3.14159  23917.5  -75132.5
4.39823  0  3.14159  75637.2  59138
5.65487  0  3.14159  -35058.9  -20637.3
6.9115  0  3.14159  21054.8  -26527
8.16814  0  3.14159  2500.07  4128.3
10.6814  0  3.14159  -12382.5  -4368.46
15.708  0  3.14159  -2937.05  -306.613
33.3009  0  3.14159  649.202  -3381.88
-54.6637  3.14159  0  -457.503  -637.949
-27.0177  3.14159  0  1094.06  1801.15
-13.1947  3.14159  0  11772.9  -8699.35
-10.6814  3.14159  0  2749.62  13449.6
-8.16814  3.14159  0  -3322.86  -3783.42
-6.9115  3.14159  0  27819.1  -14743.3
-5.65487  3.14159  0  -3091.68  31589.8
-4.39823  3.14159  0  -27061.7  -101867
-3.14159  3.14159  0  84375.6  345.929
-1.88496  3.14159  0  -198160  19239.2
-0.628319  3.14159  0  573817  -51452.4
0.628319  3.14159  0  118811  -533788
1.88496  3.14159  0  -35844.6  126280
3.14159  3.14159  0  23917.5  -75132.5
4.39823  3.14159  0  75637.2  59138
5.65487  3.14159  0  -35058.9  -20637.3
6.9115  3.14159  0  21054.8  -26527
8.16814  3.14159  0  2500.07  4128.3
10.6814  3.14159  0  -12382.5  -4368.46
15.708  3.14159  0  -2937.05  -306.613
33.3009  3.14159  0  649.202  -3381.88
-54.6637  3.14159  3.14159  50.6207  28.2713
-27.0177  3.14159  3.14159  -147.021  -87.2394
-13.1947  3.14159  3.14159  -322.775  428.446
-10.6814  3.14159  3.14159  -491.093  -475.508
-8.16814  3.14159  3.14159  399.654  62.7904
-6.9115  3.14159  3.14159  -469.141  1307.2
-5.65487  3.14159  3.14159  -581.547  -446.763
-4.39823  3.14159  3.14159  2128.14  2435.03
-3.14159  3.14159  3.14159  -3182.92  1320.82
-1.88496  3.14159  3.14159  6872.15  -3011.53
-0.628319  3.14159  3.14159  -17853.1  14697
0.628319  3.14159  3.14159  9096.72  19385.7
1.88496  3.14159  3.14159  -3372.58  -3596.02
3.14159  3.14159  3.14159  1821.9  3021.11
4.39823  3.14159  3.14159  -2728.07  129.566
5.65487  3.14159  3.14159  1407.67  293.981
6.9115  3.14159  3.14159  -282.105  1096.97
8.16814  3.14159  3.14159  -318.006  -237.407
10.6814  3.14159  3.14159  577.054  -32.8809
15.708  3.14159  3.14159  107.473  8.57656
33.3009  3.14159  3.14159  17.3284  110.741
