-54.6637  0  0  3.57523e-06  -7.87588e-07
-27.0177  0  0  1.3151e-05  -6.02924e-06
-13.1947  0  0  3.5619e-05  -3.94744e-05
-10.6814  0  0  4.02176e-05  -6.29453e-05
-8.16814  0  0  3.55176e-05  -0.000104068
-6.9115  0  0  2.27869e-05  -0.000133442
-5.65487  0  0  -5.09592e-06  -0.000167898
-4.39823  0  0  -5.66773e-05  -0.000200374
-3.14159  0  0  -0.000138236  -0.000212748
-1.88496  0  0  -0.00023863  -0.000175106
-0.628319  0  0  -0.000312943  -8.51012e-05
0.628319  0  0  -0.000299032  6.57908e-05
1.88496  0  0  -0.000238648  0.000175789
3.14159  0  0  -0.000136319  0.000213161
4.39823  0  0  -5.51621e-05  0.000200731
5.65487  0  0  -4.09077e-06  0.000167821
6.9115  0  0  2.34942e-05  0.000133376
8.16814  0  0  3.60963e-05  0.000103682
10.6814  0  0  4.04839e-05  6.2693e-05
15.708  0  0  2.97953e-05  2.56426e-05
33.3009  0  0  9.10735e-06  3.29756e-06
-54.6637  0  3.14159  3.60683e-06  -6.59879e-07
-27.0177  0  3.14159  1.36339e-05  -5.06106e-06
-13.1947  0  3.14159  4.22656e-05  -3.43661e-05
-10.6814  0  3.14159  5.34273e-05  -5.65771e-05
-8.16814  0  3.14159  6.38083e-05  -9.99609e-05
-6.9115  0  3.14159  6.43144e-05  -0.000136754
-5.65487  0  3.14159  5.3741e-05  -0.000190137
-4.39823  0  3.14159  1.54565e-05  -0.000265055
-3.14159  0  3.14159  -8.74419e-05  -0.000354021
-1.88496  0  3.14159  -0.00030399  -0.000388724
-0.628319  0  3.14159  -0.000563923  -0.000196644
0.628319  0  3.14159  -0.000562899  0.000198472
1.88496  0  3.14159  -0.000302385  0.00039009
3.14159  0  3.14159  -8.58825e-05  0.000354276
4.39823  0  3.14159  1.66185e-05  0.000265123
5.65487  0  3.14159  5.46282e-05  0.00018986
6.9115  0  3.14159  6.49567e-05  0.000136437
8.16814  0  3.14159  6.42487e-05  9.96178e-05
10.6814  0  3.14159  5.36185e-05  5.62847e-05
15.708  0  3.14159  3.339e-05  2.20153e-05
33.3009  0  3.14159  9.31561e-06  2.7617e-06
-54.6637  3.14159  0  3.60683e-06  -6.59879e-07
-27.0177  3.14159  0  1.36339e-05  -5.06106e-06
-13.1947  3.14159  0  4.22656e-05  -3.43661e-05
-10.6814  3.14159  0  5.34273e-05  -5.65771e-05
-8.16814  3.14159  0  6.38083e-05  -9.99609e-05
-6.9115  3.14159  0  6.43144e-05  -0.000136754
-5.65487  3.14159  0  5.3741e-05  -0.000190137
-4.39823  3.14159  0  1.54565e-05  -0.000265055
-3.14159  3.14159  0  -8.74419e-05  -0.000354021
-1.88496  3.14159  0  -0.00030399  -0.000388724
-0.628319  3.14159  0  -0.000563923  -0.000196644
0.628319  3.14159  0  -0.000562899  0.000198472
1.88496  3.14159  0  -0.000302385  0.00039009
3.14159  3.14159  0  -8.58825e-05  0.000354276
4.39823  3.14159  0  1.66185e-05  0.000265123
5.65487  3.14159  0  5.46282e-05  0.00018986
6.9115  3.14159  0  6.49567e-05  0.000136437
8.16814  3.14159  0  6.42487e-05  9.96178e-05
10.6814  3.14159  0  5.36185e-05  5.62847e-05
15.708  3.14159  0  3.339e-05  2.20153e-05
33.3009  3.14159  0  9.31561e-06  2.7617e-06
-54.6637  3.14159  3.14159  3.62691e-06  -5.27589e-07
-27.0177  3.14159  3.14159  1.39444e-05  -4.00473e-06
-13.1947  3.14159  3.14159  4.73109e-05  -2.7079e-05
-10.6814  3.14159  3.14159  6.41775e-05  -4.48319e-05
-8.16814  3.14159  3.14159  9.01347e-05  -8.09632e-05
-6.9115  3.14159  3.14159  0.000107973  -0.000113537
-5.65487  3.14159  3.14159  0.000130113  -0.000165503
-4.39823  3.14159  3.14159  0.000157309  -0.000255055
-3.14159  3.14159  3.14159  0.000184361  -0.00043433
-1.88496  3.14159  3.14159  0.000124532  -0.000900591
-0.628319  3.14159  3.14159  -0.00148202  -0.00183824
0.628319  3.14159  3.14159  -0.00147508  0.00183746
1.88496  3.14159  3.14159  0.000126706  0.000899908
3.14159  3.14159  3.14159  0.000186029  0.00043386
4.39823  3.14159  3.14159  0.000158273  0.000254772
5.65487  3.14159  3.14159  0.000130968  0.000165182
6.9115  3.14159  3.14159  0.000108588  0.000113173
8.16814  3.14159  3.14159  9.0498e-05  8.05644e-05
10.6814  3.14159  3.14159  6.4325e-05  4.45693e-05
15.708  3.14159  3.14159  3.60352e-05  1.73198e-05
33.3009  3.14159  3.14159  9.45664e-06  2.18991e-06
