-54.6637  0  0  -0.0111743  -0.000120579
-27.0177  0  0  0.0192687  0.00472347
-13.1947  0  0  0.0154321  0.0150075
-10.6814  0  0  0.000674935  0.00128155
-8.16814  0  0  0.0268121  0.0254078
-6.9115  0  0  0.013497  0.0432276
-5.65487  0  0  0.0157553  -0.0111707
-4.39823  0  0  0.0158768  -0.00557513
-3.14159  0  0  0.0743152  -0.0640439
-1.88496  0  0  0.0156645  0.136112
-0.628319  0  0  0.217243  0.0598654
0.628319  0  0  -0.214477  0.110558
1.88496  0  0  -0.0104617  0.131132
3.14159  0  0  -0.0611863  -0.0609174
4.39823  0  0  -0.026002  -7.98793e-05
5.65487  0  0  -0.0121957  -0.0368743
6.9115  0  0  -0.0202019  0.0275258
8.16814  0  0  -0.0268907  0.00152098
10.6814  0  0  -0.0018848  -0.00607382
15.708  0  0  -0.0358988  -0.0142702
33.3009  0  0  -0.0202675  -0.00264294
-54.6637  0  3.14159  0.00447429  0.0017501
-27.0177  0  3.14159  -0.00579201  -0.00342633
-13.1947  0  3.14159  -0.00779271  -0.00872644
-10.6814  0  3.14159  0.00894449  0.0106295
-8.16814  0  3.14159  0.0168321  0.0071084
-6.9115  0  3.14159  0.0185159  -0.000440218
-5.65487  0  3.14159  0.0288344  0.028439
-4.39823  0  3.14159  -0.0335793  0.000207528
-3.14159  0  3.14159  -0.0570365  -0.0238774
-1.88496  0  3.14159  0.0397238  -0.0872459
-0.628319  0  3.14159  -0.164541  -0.195641
0.628319  0  3.14159  0.226165  0.0585716
1.88496  0  3.14159  0.0557554  -0.108434
3.14159  0  3.14159  0.0337261  0.0394288
4.39823  0  3.14159  0.0105963  0.0330376
5.65487  0  3.14159  -0.0402687  -0.0114457
6.9115  0  3.14159  -0.00306923  -0.0224839
8.16814  0  3.14159  -0.00859154  -0.0229778
10.6814  0  3.14159  -0.0128062  -0.00358628
15.708  0  3.14159  0.00487443  0.00630627
33.3009  0  3.14159  0.0124755  0.00928946
-54.6637  3.14159  0  0.00447429  0.0017501
-27.0177  3.14159  0  -0.00579201  -0.00342633
-13.1947  3.14159  0  -0.00779271  -0.00872644
-10.6814  3.14159  0  0.00894449  0.0106295
-8.16814  3.14159  0  0.0168321  0.0071084
-6.9115  3.14159  0  0.0185159  -0.000440218
-5.65487  3.14159  0  0.0288344  0.028439
-4.39823  3.14159  0  -0.0335793  0.000207528
-3.14159  3.14159  0  -0.0570365  -0.0238774
-1.88496  3.14159  0  0.0397238  -0.0872459
-0.628319  3.14159  0  -0.164541  -0.195641
0.628319  3.14159  0  0.226165  0.0585716
1.88496  3.14159  0  0.0557554  -0.108434
3.14159  3.14159  0  0.0337261  0.0394288
4.39823  3.14159  0  0.0105963  0.0330376
5.65487  3.14159  0  -0.0402687  -0.0114457
6.9115  3.14159  0  -0.00306923  -0.0224839
8.16814  3.14159  0  -0.00859154  -0.0229778
10.6814  3.14159  0  -0.0128062  -0.00358628
15.708  3.14159  0  0.00487443  0.00630627
33.3009  3.14159  0  0.0124755  0.00928946
-54.6637  3.14159  3.14159  -0.00100284  -5.93391e-05
-27.0177  3.14159  3.14159  0.00310437  0.000474503
-13.1947  3.14159  3.14159  0.00326696  0.00533865
-10.6814  3.14159  3.14159  -0.0016206  -0.00665908
-8.16814  3.14159  3.14159  -0.0111949  -0.0124387
-6.9115  3.14159  3.14159  -0.00927038  -0.00406783
-5.65487  3.14159  3.14159  -0.00290076  -0.0213409
-4.39823  3.14159  3.14159  0.0150688  0.00679329
-3.14159  3.14159  3.14159  0.0359385  0.00804445
-1.88496  3.14159  3.14159  -0.0390954  0.0164508
-0.628319  3.14159  3.14159  0.0914516  0.103834
0.628319  3.14159  3.14159  -0.121585  -0.0656344
1.88496  3.14159  3.14159  -0.0069179  0.0449723
3.14159  3.14159  3.14159  -0.0238644  -0.0327777
4.39823  3.14159  3.14159  0.00279863  -0.0155907
5.65487  3.14159  3.14159  0.00805067  0.0103127
6.9115  3.14159  3.14159  0.00266078  0.017779
8.16814  3.14159  3.14159  0.00731901  0.0185105
10.6814  3.14159  3.14159  0.00417671  0.0041757
15.708  3.14159  3.14159  -0.00248173  -0.000978692
33.3009  3.14159  3.14159  -0.00564327  -0.00501597
