-54.6637  0  0  -1715.9  -1119.21
-27.0177  0  0  1724.92  2017.58
-13.1947  0  0  1945.58  3933.73
-10.6814  0  0  -2523.45  -3663.37
-8.16814  0  0  -7413.66  -1619.77
-6.9115  0  0  -6562.36  1330.85
-5.65487  0  0  -6698.81  -10198.6
-4.39823  0  0  11402  -99.0831
-3.14159  0  0  18828.1  6590.52
-1.88496  0  0  -21701.2  27576.2
-0.628319  0  0  48552.2  78721.4
0.628319  0  0  -84843.6  -33885.6
1.88496  0  0  -21647  28613.3
3.14159  0  0  -11533.4  -17493
4.39823  0  0  -3718.9  -10275.2
5.65487  0  0  11707.9  3840.36
6.9115  0  0  526.925  6995.08
8.16814  0  0  3515.44  6597.55
10.6814  0  0  3923.12  1680.56
15.708  0  0  -1532.99  -3508.36
33.3009  0  0  -3910.75  -3751.76
-54.6637  0  3.14159  -111.686  215.364
-27.0177  0  3.14159  200.227  -223.675
-13.1947  0  3.14159  534.257  -668.089
-10.6814  0  3.14159  -718.576  713.399
-8.16814  0  3.14159  -982.67  1925.41
-6.9115  0  3.14159  -223.351  2228.18
-5.65487  0  3.14159  -2139.66  2063.25
-4.39823  0  3.14159  320.959  -3097.81
-3.14159  0  3.14159  1703.61  -4792.23
-1.88496  0  3.14159  4574.35  4521.8
-0.628319  0  3.14159  13448.9  -12908.1
0.628319  0  3.14159  -5249.07  17545.3
1.88496  0  3.14159  6660.25  2346.02
3.14159  0  3.14159  -3601.94  1979.4
4.39823  0  3.14159  -3259.66  902.674
5.65487  0  3.14159  851.259  -3018.24
6.9115  0  3.14159  1721.46  -689.386
8.16814  0  3.14159  1975.44  -1313.85
10.6814  0  3.14159  233.652  -1105.32
15.708  0  3.14159  -386.849  257.628
33.3009  0  3.14159  -735.542  834.136
-54.6637  3.14159  0  -111.686  215.364
-27.0177  3.14159  0  200.227  -223.675
-13.1947  3.14159  0  534.257  -668.089
-10.6814  3.14159  0  -718.576  713.399
-8.16814  3.14159  0  -982.67  1925.41
-6.9115  3.14159  0  -223.351  2228.18
-5.65487  3.14159  0  -2139.66  2063.25
-4.39823  3.14159  0  320.959  -3097.81
-3.14159  3.14159  0  1703.61  -4792.23
-1.88496  3.14159  0  4574.35  4521.8
-0.628319  3.14159  0  13448.9  -12908.1
0.628319  3.14159  0  -5249.07  17545.3
1.88496  3.14159  0  6660.25  2346.02
3.14159  3.14159  0  -3601.94  1979.4
4.39823  3.14159  0  -3259.66  902.674
5.65487  3.14159  0  851.259  -3018.24
6.9115  3.14159  0  1721.46  -689.386
8.16814  3.14159  0  1975.44  -1313.85
10.6814  3.14159  0  233.652  -1105.32
15.708  3.14159  0  -386.849  257.628
33.3009  3.14159  0  -735.542  834.136
-54.6637  3.14159  3.14159  -102.971  -38.9186
-27.0177  3.14159  3.14159  -104.914  34.0503
-13.1947  3.14159  3.14159  -382.842  910.896
-10.6814  3.14159  3.14159  -434.436  -769.517
-8.16814  3.14159  3.14159  -1186.51  -2809.23
-6.9115  3.14159  3.14159  -1704.06  -3365.38
-5.65487  3.14159  3.14159  -1145.33  -1534.93
-4.39823  3.14159  3.14159  662.762  3338.42
-3.14159  3.14159  3.14159  3167.72  8363.69
-1.88496  3.14159  3.14159  -2573.49  -2943.65
-0.628319  3.14159  3.14159  4237.54  19224.2
0.628319  3.14159  3.14159  -9433.71  -13624
1.88496  3.14159  3.14159  -5786  5885.98
3.14159  3.14159  3.14159  4001.89  -1831.63
4.39823  3.14159  3.14159  3455.86  -3374.62
5.65487  3.14159  3.14159  3091.42  2548.11
6.9115  3.14159  3.14159  -1324.38  1316
8.16814  3.14159  3.14159  298.883  2861.52
10.6814  3.14159  3.14159  976.259  810.13
15.708  3.14159  3.14159  917.056  -350.855
33.3009  3.14159  3.14159  156.077  -1025.95
