-54.6637  0  0  7.08534e-05  -2.59015e-05
-27.0177  0  0  0.000260225  -0.000139899
-13.1947  0  0  0.000696565  -0.000815944
-10.6814  0  0  0.000779607  -0.0012803
-8.16814  0  0  0.000676522  -0.00207597
-6.9115  0  0  0.000421233  -0.00263719
-5.65487  0  0  -0.000117815  -0.00327696
-4.39823  0  0  -0.00109872  -0.00385167
-3.14159  0  0  -0.00261426  -0.00401681
-1.88496  0  0  -0.00443447  -0.0032523
-0.628319  0  0  -0.00578433  -0.00128397
0.628319  0  0  -0.00578422  0.00128311
1.88496  0  0  -0.00443455  0.00325102
3.14159  0  0  -0.00261516  0.00401542
4.39823  0  0  -0.00110041  0.00385099
5.65487  0  0  -0.000119417  0.00327739
6.9115  0  0  0.00042053  0.00263803
8.16814  0  0  0.000676383  0.0020765
10.6814  0  0  0.000779354  0.00128026
15.708  0  0  0.000583512  0.000544303
33.3009  0  0  0.000180214  8.29981e-05
-54.6637  0  3.14159  7.01149e-05  -2.58499e-05
-27.0177  0  3.14159  0.000255336  -0.000137014
-13.1947  0  3.14159  0.000693839  -0.000760733
-10.6814  0  3.14159  0.000813945  -0.00118021
-8.16814  0  3.14159  0.000847689  -0.00192525
-6.9115  0  3.14159  0.000746797  -0.00250334
-5.65487  0  3.14159  0.000443694  -0.00327992
-4.39823  0  3.14159  -0.000283839  -0.00427433
-3.14159  0  3.14159  -0.00186535  -0.00530973
-1.88496  0  3.14159  -0.00478438  -0.00546042
-0.628319  0  3.14159  -0.00802433  -0.0026496
0.628319  0  3.14159  -0.00802393  0.0026492
1.88496  0  3.14159  -0.0047837  0.0054589
3.14159  0  3.14159  -0.00186632  0.00530789
4.39823  0  3.14159  -0.000285744  0.00427335
5.65487  0  3.14159  0.000441642  0.00328027
6.9115  0  3.14159  0.000745699  0.00250443
8.16814  0  3.14159  0.000847448  0.00192617
10.6814  0  3.14159  0.000813923  0.00118029
15.708  0  3.14159  0.000573073  0.000514176
33.3009  0  3.14159  0.000177381  8.19895e-05
-54.6637  3.14159  0  7.01149e-05  -2.58499e-05
-27.0177  3.14159  0  0.000255336  -0.000137014
-13.1947  3.14159  0  0.000693839  -0.000760733
-10.6814  3.14159  0  0.000813945  -0.00118021
-8.16814  3.14159  0  0.000847689  -0.00192525
-6.9115  3.14159  0  0.000746797  -0.00250334
-5.65487  3.14159  0  0.000443694  -0.00327992
-4.39823  3.14159  0  -0.000283839  -0.00427433
-3.14159  3.14159  0  -0.00186535  -0.00530973
-1.88496  3.14159  0  -0.00478438  -0.00546042
-0.628319  3.14159  0  -0.00802433  -0.0026496
0.628319  3.14159  0  -0.00802393  0.0026492
1.88496  3.14159  0  -0.0047837  0.0054589
3.14159  3.14159  0  -0.00186632  0.00530789
4.39823  3.14159  0  -0.000285744  0.00427335
5.65487  3.14159  0  0.000441642  0.00328027
6.9115  3.14159  0  0.000745699  0.00250443
8.16814  3.14159  0  0.000847448  0.00192617
10.6814  3.14159  0  0.000813923  0.00118029
15.708  3.14159  0  0.000573073  0.000514176
33.3009  3.14159  0  0.000177381  8.19895e-05
-54.6637  3.14159  3.14159  6.93776e-05  -2.57584e-05
-27.0177  3.14159  3.14159  0.000250484  -0.000134039
-13.1947  3.14159  3.14159  0.000682041  -0.000710584
-10.6814  3.14159  3.14159  0.000817811  -0.00108501
-8.16814  3.14159  3.14159  0.000923377  -0.00174
-6.9115  3.14159  3.14159  0.000923725  -0.00224691
-5.65487  3.14159  3.14159  0.000840227  -0.00294354
-4.39823  3.14159  3.14159  0.000606382  -0.00393679
-3.14159  3.14159  3.14159  8.98923e-05  -0.00552547
-1.88496  3.14159  3.14159  -0.00146933  -0.00894236
-0.628319  3.14159  3.14159  -0.0146898  -0.0154913
0.628319  3.14159  3.14159  -0.0146897  0.0154903
1.88496  3.14159  3.14159  -0.00146951  0.00894106
3.14159  3.14159  3.14159  8.90078e-05  0.00552409
4.39823  3.14159  3.14159  0.000604771  0.00393597
5.65487  3.14159  3.14159  0.00083848  0.00294367
6.9115  3.14159  3.14159  0.00092252  0.00224772
8.16814  3.14159  3.14159  0.000922859  0.00174091
10.6814  3.14159  3.14159  0.000817799  0.0010853
15.708  3.14159  3.14159  0.000559981  0.000486659
33.3009  3.14159  3.14159  0.000174572  8.08661e-05
