-54.6637  0  0  -4.50725e-07  -6.73935e-07
-27.0177  0  0  9.07236e-07  -1.98359e-06
-13.1947  0  0  5.83807e-06  -3.59421e-06
-10.6814  0  0  5.86549e-06  -3.04475e-06
-8.16814  0  0  9.56689e-06  -5.40008e-06
-6.9115  0  0  7.21119e-06  -1.05747e-05
-5.65487  0  0  1.84038e-05  -1.79507e-05
-4.39823  0  0  -8.40673e-06  -1.57e-05
-3.14159  0  0  -7.82932e-06  -5.8818e-05
-1.88496  0  0  -7.15517e-06  -9.51023e-06
-0.628319  0  0  -0.000100548  -1.02899e-05
0.628319  0  0  -4.3591e-05  -3.25721e-05
1.88496  0  0  -2.47576e-05  3.05148e-05
3.14159  0  0  -2.79068e-05  4.2729e-05
4.39823  0  0  7.46731e-06  8.95819e-06
5.65487  0  0  1.81982e-05  2.3281e-05
6.9115  0  0  5.79127e-06  8.09761e-06
8.16814  0  0  1.31905e-05  4.97834e-06
10.6814  0  0  4.49296e-06  7.333e-06
15.708  0  0  2.2727e-06  1.66025e-06
33.3009  0  0  8.42841e-07  9.62192e-07
-54.6637  0  3.14159  -1.82539e-07  -6.7355e-07
-27.0177  0  3.14159  -2.51118e-07  -1.97346e-06
-13.1947  0  3.14159  4.25985e-06  -3.2444e-06
-10.6814  0  3.14159  -1.0732e-07  -5.74459e-06
-8.16814  0  3.14159  1.29204e-05  -5.44188e-06
-6.9115  0  3.14159  1.10019e-05  -9.23477e-06
-5.65487  0  3.14159  1.14386e-05  -1.74195e-05
-4.39823  0  3.14159  1.56543e-05  -1.5451e-05
-3.14159  0  3.14159  -1.01677e-05  -2.98858e-05
-1.88496  0  3.14159  7.43453e-06  -7.26937e-05
-0.628319  0  3.14159  1.6969e-05  -2.85572e-05
0.628319  0  3.14159  -6.19646e-05  2.86137e-05
1.88496  0  3.14159  -1.02007e-05  5.37322e-05
3.14159  0  3.14159  1.5641e-05  5.50077e-05
4.39823  0  3.14159  6.13552e-06  2.4593e-05
5.65487  0  3.14159  1.39278e-05  1.41423e-05
6.9115  0  3.14159  9.57078e-06  8.01631e-06
8.16814  0  3.14159  8.62991e-06  5.77285e-06
10.6814  0  3.14159  9.04474e-06  2.89142e-06
15.708  0  3.14159  3.00285e-06  1.93495e-06
33.3009  0  3.14159  1.14975e-06  1.39847e-06
-54.6637  3.14159  0  -1.82539e-07  -6.7355e-07
-27.0177  3.14159  0  -2.51118e-07  -1.97346e-06
-13.1947  3.14159  0  4.25985e-06  -3.2444e-06
-10.6814  3.14159  0  -1.0732e-07  -5.74459e-06
-8.16814  3.14159  0  1.29204e-05  -5.44188e-06
-6.9115  3.14159  0  1.10019e-05  -9.23477e-06
-5.65487  3.14159  0  1.14386e-05  -1.74195e-05
-4.39823  3.14159  0  1.56543e-05  -1.5451e-05
-3.14159  3.14159  0  -1.01677e-05  -2.98858e-05
-1.88496  3.14159  0  7.43453e-06  -7.26937e-05
-0.628319  3.14159  0  1.6969e-05  -2.85572e-05
0.628319  3.14159  0  -6.19646e-05  2.86137e-05
1.88496  3.14159  0  -1.02007e-05  5.37322e-05
3.14159  3.14159  0  1.5641e-05  5.50077e-05
4.39823  3.14159  0  6.13552e-06  2.4593e-05
5.65487  3.14159  0  1.39278e-05  1.41423e-05
6.9115  3.14159  0  9.57078e-06  8.01631e-06
8.16814  3.14159  0  8.62991e-06  5.77285e-06
10.6814  3.14159  0  9.04474e-06  2.89142e-06
15.708  3.14159  0  3.00285e-06  1.93495e-06
33.3009  3.14159  0  1.14975e-06  1.39847e-06
-54.6637  3.14159  3.14159  -3.18851e-07  -5.57067e-07
-27.0177  3.14159  3.14159  7.902e-07  -1.47239e-06
-13.1947  3.14159  3.14159  3.81194e-06  -3.18211e-06
-10.6814  3.14159  3.14159  4.68528e-06  -4.41232e-06
-8.16814  3.14159  3.14159  4.80678e-06  -8.92469e-07
-6.9115  3.14159  3.14159  4.64695e-06  -4.08522e-06
-5.65487  3.14159  3.14159  1.85348e-05  -1.53406e-05
-4.39823  3.14159  3.14159  3.86303e-06  -8.20987e-06
-3.14159  3.14159  3.14159  -1.70816e-06  -5.0277e-05
-1.88496  3.14159  3.14159  5.71754e-05  -5.09825e-05
-0.628319  3.14159  3.14159  -0.000100772  -0.00030231
0.628319  3.14159  3.14159  -7.51558e-05  0.000348717
1.88496  3.14159  3.14159  3.86908e-05  6.4057e-05
3.14159  3.14159  3.14159  -6.42698e-06  2.80876e-05
4.39823  3.14159  3.14159  4.58026e-06  5.86997e-06
5.65487  3.14159  3.14159  1.58095e-05  1.80082e-05
6.9115  3.14159  3.14159  9.91758e-06  9.80538e-06
8.16814  3.14159  3.14159  6.74315e-06  5.62481e-06
10.6814  3.14159  3.14159  4.13059e-06  6.04779e-06
15.708  3.14159  3.14159  9.85867e-07  1.6824e-06
33.3009  3.14159  3.14159  8.5283e-08  1.07731e-06
