-54.6637  0  0  0.000557272  -1.13965
-27.0177  0  0  0.00167791  -2.26759
-13.1947  0  0  0.00119037  -4.3561
-10.6814  0  0  -0.000401452  -5.17124
-8.16814  0  0  -0.00184378  -6.27348
-6.9115  0  0  -1.7929e-05  -6.94311
-5.65487  0  0  0.00873305  -7.64641
-4.39823  0  0  0.0356417  -8.21689
-3.14159  0  0  0.105144  -8.17916
-1.88496  0  0  0.25531  -6.6091
-0.628319  0  0  0.457277  -2.77003
0.628319  0  0  0.457259  2.77002
1.88496  0  0  0.255266  6.60909
3.14159  0  0  0.105089  8.17916
4.39823  0  0  0.0355883  8.21689
5.65487  0  0  0.00868379  7.64641
6.9115  0  0  -6.33273e-05  6.94311
8.16814  0  0  -0.00188485  6.27348
10.6814  0  0  -0.000430889  5.17124
15.708  0  0  0.00192005  3.74656
33.3009  0  0  0.00127524  1.85352
-54.6637  0  3.14159  1.86327e-06  -1.14124
-27.0177  0  3.14159  4.1838e-06  -2.28117
-13.1947  0  3.14159  1.18749e-05  -4.48296
-10.6814  0  3.14159  1.52239e-05  -5.41964
-8.16814  0  3.14159  2.01903e-05  -6.85434
-6.9115  0  3.14159  2.40475e-05  -7.91685
-5.65487  0  3.14159  2.92988e-05  -9.41051
-4.39823  0  3.14159  3.7558e-05  -11.7079
-3.14159  0  3.14159  5.19103e-05  -15.7468
-1.88496  0  3.14159  9.59853e-05  -24.3428
-0.628319  0  3.14159  8.6435e-05  -19.7693
0.628319  0  3.14159  -4.98121e-05  19.7691
1.88496  0  3.14159  -9.68349e-05  24.3428
3.14159  0  3.14159  -5.3013e-05  15.7468
4.39823  0  3.14159  -3.68741e-05  11.7079
5.65487  0  3.14159  -2.89531e-05  9.41051
6.9115  0  3.14159  -2.39746e-05  7.91685
8.16814  0  3.14159  -2.05998e-05  6.85434
10.6814  0  3.14159  -1.5926e-05  5.41964
15.708  0  3.14159  -1.10473e-05  3.81968
33.3009  0  3.14159  -4.92096e-06  1.86068
-54.6637  3.14159  0  1.86327e-06  -1.14124
-27.0177  3.14159  0  4.1838e-06  -2.28117
-13.1947  3.14159  0  1.18749e-05  -4.48296
-10.6814  3.14159  0  1.52239e-05  -5.41964
-8.16814  3.14159  0  2.01903e-05  -6.85434
-6.9115  3.14159  0  2.40475e-05  -7.91685
-5.65487  3.14159  0  2.92988e-05  -9.41051
-4.39823  3.14159  0  3.7558e-05  -11.7079
-3.14159  3.14159  0  5.19103e-05  -15.7468
-1.88496  3.14159  0  9.59853e-05  -24.3428
-0.628319  3.14159  0  8.6435e-05  -19.7693
0.628319  3.14159  0  -4.98121e-05  19.7691
1.88496  3.14159  0  -9.68349e-05  24.3428
3.14159  3.14159  0  -5.3013e-05  15.7468
4.39823  3.14159  0  -3.68741e-05  11.7079
5.65487  3.14159  0  -2.89531e-05  9.41051
6.9115  3.14159  0  -2.39746e-05  7.91685
8.16814  3.14159  0  -2.05998e-05  6.85434
10.6814  3.14159  0  -1.5926e-05  5.41964
15.708  3.14159  0  -1.10473e-05  3.81968
33.3009  3.14159  0  -4.92096e-06  1.86068
-54.6637  3.14159  3.14159  -0.000564447  -1.13965
-27.0177  3.14159  3.14159  -0.00169211  -2.26759
-13.1947  3.14159  3.14159  -0.00118322  -4.3561
-10.6814  3.14159  3.14159  0.000430687  -5.17124
-8.16814  3.14159  3.14159  0.00189849  -6.27348
-6.9115  3.14159  3.14159  7.58699e-05  -6.94311
-5.65487  3.14159  3.14159  -0.00867947  -7.64641
-4.39823  3.14159  3.14159  -0.0355882  -8.21689
-3.14159  3.14159  3.14159  -0.105089  -8.17916
-1.88496  3.14159  3.14159  -0.255266  -6.6091
-0.628319  3.14159  3.14159  -0.45726  -2.77004
0.628319  3.14159  3.14159  -0.457276  2.77001
1.88496  3.14159  3.14159  -0.255308  6.60909
3.14159  3.14159  3.14159  -0.105142  8.17916
4.39823  3.14159  3.14159  -0.0356399  8.21689
5.65487  3.14159  3.14159  -0.0087275  7.64641
6.9115  3.14159  3.14159  3.0055e-05  6.94311
8.16814  3.14159  3.14159  0.00185656  6.27348
10.6814  3.14159  3.14159  0.000401286  5.17124
15.708  3.14159  3.14159  -0.00194629  3.74656
33.3009  3.14159  3.14159  -0.00128194  1.85352
