-54.6637  0  0  0.0102623  0.0057994
-27.0177  0  0  -0.0162521  -0.0167079
-13.1947  0  0  -0.00443751  -0.0206254
-10.6814  0  0  -0.000367636  -0.0174564
-8.16814  0  0  -0.0230179  -0.0753045
-6.9115  0  0  0.00592549  -0.0760968
-5.65487  0  0  -0.0322453  -0.0470941
-4.39823  0  0  0.00480515  0.0165556
-3.14159  0  0  -0.111349  0.0605174
-1.88496  0  0  0.00896197  -0.136653
-0.628319  0  0  -0.195107  -0.00810171
0.628319  0  0  0.190066  -0.157474
1.88496  0  0  0.0190964  -0.0979911
3.14159  0  0  0.00813151  0.0691259
4.39823  0  0  0.0456075  -0.0116497
5.65487  0  0  0.00348133  0.0931831
6.9115  0  0  0.0395492  0.00832803
8.16814  0  0  0.0307081  0.0509115
10.6814  0  0  0.0060997  0.0214121
15.708  0  0  0.0305206  0.043065
33.3009  0  0  0.0173776  0.00546633
-54.6637  0  3.14159  -0.000892428  -0.00252823
-27.0177  0  3.14159  0.00109845  0.00260783
-13.1947  0  3.14159  0.000321147  0.00485061
-10.6814  0  3.14159  0.00226703  -0.0138947
-8.16814  0  3.14159  0.00245476  -0.0181584
-6.9115  0  3.14159  0.00200795  -0.0180127
-5.65487  0  3.14159  -0.00675878  -0.0420483
-4.39823  0  3.14159  0.0133398  0.0189731
-3.14159  0  3.14159  -0.0165047  0.0459745
-1.88496  0  3.14159  -0.0564421  0.0339393
-0.628319  0  3.14159  -0.0708798  0.193667
0.628319  0  3.14159  -0.0597733  -0.150382
1.88496  0  3.14159  -0.102139  0.0173275
3.14159  0  3.14159  -0.00758126  -0.0146072
4.39823  0  3.14159  0.0236448  -0.0194431
5.65487  0  3.14159  0.0129924  0.0471319
6.9115  0  3.14159  -0.00767012  0.0148012
8.16814  0  3.14159  -0.0138174  0.0198896
10.6814  0  3.14159  0.00468567  0.012994
15.708  0  3.14159  0.00151698  0.00159718
33.3009  0  3.14159  0.000182972  -0.00989018
-54.6637  3.14159  0  -0.000892428  -0.00252823
-27.0177  3.14159  0  0.00109845  0.00260783
-13.1947  3.14159  0  0.000321147  0.00485061
-10.6814  3.14159  0  0.00226703  -0.0138947
-8.16814  3.14159  0  0.00245476  -0.0181584
-6.9115  3.14159  0  0.00200795  -0.0180127
-5.65487  3.14159  0  -0.00675878  -0.0420483
-4.39823  3.14159  0  0.0133398  0.0189731
-3.14159  3.14159  0  -0.0165047  0.0459745
-1.88496  3.14159  0  -0.0564421  0.0339393
-0.628319  3.14159  0  -0.0708798  0.193667
0.628319  3.14159  0  -0.0597733  -0.150382
1.88496  3.14159  0  -0.102139  0.0173275
3.14159  3.14159  0  -0.00758126  -0.0146072
4.39823  3.14159  0  0.0236448  -0.0194431
5.65487  3.14159  0  0.0129924  0.0471319
6.9115  3.14159  0  -0.00767012  0.0148012
8.16814  3.14159  0  -0.0138174  0.0198896
10.6814  3.14159  0  0.00468567  0.012994
15.708  3.14159  0  0.00151698  0.00159718
33.3009  3.14159  0  0.000182972  -0.00989018
-54.6637  3.14159  3.14159  -0.000504847  -0.00241372
-27.0177  3.14159  3.14159  -0.00147649  0.000616048
-13.1947  3.14159  3.14159  -0.00155786  0.00128755
-10.6814  3.14159  3.14159  0.00204494  -0.00297241
-8.16814  3.14159  3.14159  0.00625568  0.00311577
-6.9115  3.14159  3.14159  0.0054321  -0.00254867
-5.65487  3.14159  3.14159  -0.00088833  -0.0125922
-4.39823  3.14159  3.14159  0.00344081  0.00855347
-3.14159  3.14159  3.14159  -0.0296887  0.00291128
-1.88496  3.14159  3.14159  -0.0114861  0.019757
-0.628319  3.14159  3.14159  -0.0958864  0.011032
0.628319  3.14159  3.14159  0.0306748  -0.0131613
1.88496  3.14159  3.14159  -0.0524965  -0.0345311
3.14159  3.14159  3.14159  0.010953  0.0150279
4.39823  3.14159  3.14159  0.00784842  -0.00537205
5.65487  3.14159  3.14159  -0.000611062  0.0193348
6.9115  3.14159  3.14159  -0.00521438  -0.00490892
8.16814  3.14159  3.14159  -0.0103709  -0.00520889
10.6814  3.14159  3.14159  -0.000330174  0.00409313
15.708  3.14159  3.14159  0.00143557  -0.000571428
33.3009  3.14159  3.14159  0.00322572  -0.00174554
