-54.6637  0  0  3.26347e-05  -0.00040202
-27.0177  0  0  0.000145457  -0.000775814
-13.1947  0  0  0.000687424  -0.00141144
-10.6814  0  0  0.0010482  -0.00167728
-8.16814  0  0  0.00166853  -0.00211115
-6.9115  0  0  0.00210752  -0.00244557
-5.65487  0  0  0.00260627  -0.00289046
-4.39823  0  0  0.0030599  -0.00340437
-3.14159  0  0  0.00322751  -0.00374464
-1.88496  0  0  0.00289601  -0.00327922
-0.628319  0  0  0.00235711  -0.00137365
0.628319  0  0  0.00235713  0.00137322
1.88496  0  0  0.00289603  0.00327879
3.14159  0  0  0.00322751  0.0037442
4.39823  0  0  0.00305991  0.00340392
5.65487  0  0  0.00260652  0.00288963
6.9115  0  0  0.00210569  0.00244512
8.16814  0  0  0.00166658  0.00211135
10.6814  0  0  0.00104784  0.00167782
15.708  0  0  0.000476391  0.00122657
33.3009  0  0  9.38783e-05  0.000642049
-54.6637  0  3.14159  1.49969e-05  -0.000404779
-27.0177  0  3.14159  7.35913e-05  -0.000797469
-13.1947  0  3.14159  0.00040402  -0.00156189
-10.6814  0  3.14159  0.00064441  -0.00191994
-8.16814  0  3.14159  0.00110387  -0.00251958
-6.9115  0  3.14159  0.0014929  -0.00299064
-5.65487  0  3.14159  0.00207681  -0.00366286
-4.39823  0  3.14159  0.00297966  -0.00466396
-3.14159  0  3.14159  0.00430148  -0.00616882
-1.88496  0  3.14159  0.00551295  -0.00768213
-0.628319  0  3.14159  0.00501219  -0.00466
0.628319  0  3.14159  0.00501225  0.00465947
1.88496  0  3.14159  0.00551304  0.00768156
3.14159  0  3.14159  0.00430151  0.00616821
4.39823  0  3.14159  0.00297956  0.00466325
5.65487  0  3.14159  0.00207635  0.00366211
6.9115  0  3.14159  0.001492  0.00299015
8.16814  0  3.14159  0.00110279  0.00251965
10.6814  0  3.14159  0.000643918  0.0019208
15.708  0  3.14159  0.000269657  0.0013242
33.3009  0  3.14159  4.51689e-05  0.000653831
-54.6637  3.14159  0  1.49969e-05  -0.000404779
-27.0177  3.14159  0  7.35913e-05  -0.000797469
-13.1947  3.14159  0  0.00040402  -0.00156189
-10.6814  3.14159  0  0.00064441  -0.00191994
-8.16814  3.14159  0  0.00110387  -0.00251958
-6.9115  3.14159  0  0.0014929  -0.00299064
-5.65487  3.14159  0  0.00207681  -0.00366286
-4.39823  3.14159  0  0.00297966  -0.00466396
-3.14159  3.14159  0  0.00430148  -0.00616882
-1.88496  3.14159  0  0.00551295  -0.00768213
-0.628319  3.14159  0  0.00501219  -0.00466
0.628319  3.14159  0  0.00501225  0.00465947
1.88496  3.14159  0  0.00551304  0.00768156
3.14159  3.14159  0  0.00430151  0.00616821
4.39823  3.14159  0  0.00297956  0.00466325
5.65487  3.14159  0  0.00207635  0.00366211
6.9115  3.14159  0  0.001492  0.00299015
8.16814  3.14159  0  0.00110279  0.00251965
10.6814  3.14159  0  0.000643918  0.0019208
15.708  3.14159  0  0.000269657  0.0013242
33.3009  3.14159  0  4.51689e-05  0.000653831
-54.6637  3.14159  3.14159  -3.41202e-06  -0.000405832
-27.0177  3.14159  3.14159  -2.30555e-06  -0.00080627
-13.1947  3.14159  3.14159  7.52175e-05  -0.00162755
-10.6814  3.14159  3.14159  0.000137689  -0.00203144
-8.16814  3.14159  3.14159  0.000236312  -0.00272975
-6.9115  3.14159  3.14159  0.000292528  -0.00329707
-5.65487  3.14159  3.14159  0.00032925  -0.00413217
-4.39823  3.14159  3.14159  0.000288367  -0.0054133
-3.14159  3.14159  3.14159  8.14262e-05  -0.00744096
-1.88496  3.14159  3.14159  0.000559411  -0.0107602
-0.628319  3.14159  3.14159  0.022917  -0.0595786
0.628319  3.14159  3.14159  0.0229174  0.0595778
1.88496  3.14159  3.14159  0.000559621  0.0107595
3.14159  3.14159  3.14159  8.13644e-05  0.00744035
4.39823  3.14159  3.14159  0.000288068  0.00541271
5.65487  3.14159  3.14159  0.000328698  0.00413164
6.9115  3.14159  3.14159  0.000291747  0.00329679
8.16814  3.14159  3.14159  0.000235425  0.00272986
10.6814  3.14159  3.14159  0.000137176  0.00203223
15.708  3.14159  3.14159  3.99519e-05  0.00136571
33.3009  3.14159  3.14159  -4.60317e-06  0.00065852
