-54.6637  0  0  8.37616e-07  8.38915e-06
-27.0177  0  0  3.3331e-06  1.64721e-05
-13.1947  0  0  1.24471e-05  2.99681e-05
-10.6814  0  0  1.76477e-05  3.43598e-05
-8.16814  0  0  2.63146e-05  3.91191e-05
-6.9115  0  0  3.27313e-05  4.11306e-05
-5.65487  0  0  4.10565e-05  4.21606e-05
-4.39823  0  0  5.15034e-05  4.10813e-05
-3.14159  0  0  6.35872e-05  3.61828e-05
-1.88496  0  0  7.53077e-05  2.56899e-05
-0.628319  0  0  8.29167e-05  9.43373e-06
0.628319  0  0  8.29193e-05  -9.40523e-06
1.88496  0  0  7.53155e-05  -2.56636e-05
3.14159  0  0  6.35985e-05  -3.61595e-05
4.39823  0  0  5.15165e-05  -4.10615e-05
5.65487  0  0  4.10702e-05  -4.21444e-05
6.9115  0  0  3.27447e-05  -4.11171e-05
8.16814  0  0  2.63278e-05  -3.91076e-05
10.6814  0  0  1.76607e-05  -3.43514e-05
15.708  0  0  9.18374e-06  -2.63052e-05
33.3009  0  0  2.22874e-06  -1.35442e-05
-54.6637  0  3.14159  5.38515e-07  8.44003e-06
-27.0177  0  3.14159  2.19053e-06  1.68712e-05
-13.1947  0  3.14159  8.78844e-06  3.2781e-05
-10.6814  0  3.14159  1.29564e-05  3.90812e-05
-8.16814  0  3.14159  2.06449e-05  4.76862e-05
-6.9115  0  3.14159  2.70517e-05  5.30073e-05
-5.65487  0  3.14159  3.65153e-05  5.88012e-05
-4.39823  0  3.14159  5.0855e-05  6.4109e-05
-3.14159  0  3.14159  7.25191e-05  6.58331e-05
-1.88496  0  3.14159  0.000102038  5.60791e-05
-0.628319  0  3.14159  0.000128495  2.38152e-05
0.628319  0  3.14159  0.000128499  -2.3786e-05
1.88496  0  3.14159  0.000102047  -5.6053e-05
3.14159  0  3.14159  7.25311e-05  -6.58111e-05
4.39823  0  3.14159  5.08681e-05  -6.40908e-05
5.65487  0  3.14159  3.65286e-05  -5.8786e-05
6.9115  0  3.14159  2.70648e-05  -5.29944e-05
8.16814  0  3.14159  2.06578e-05  -4.76751e-05
10.6814  0  3.14159  1.29685e-05  -3.9073e-05
15.708  0  3.14159  6.32706e-06  -2.80954e-05
33.3009  0  3.14159  1.45251e-06  -1.37625e-05
-54.6637  3.14159  0  5.38515e-07  8.44003e-06
-27.0177  3.14159  0  2.19053e-06  1.68712e-05
-13.1947  3.14159  0  8.78844e-06  3.2781e-05
-10.6814  3.14159  0  1.29564e-05  3.90812e-05
-8.16814  3.14159  0  2.06449e-05  4.76862e-05
-6.9115  3.14159  0  2.70517e-05  5.30073e-05
-5.65487  3.14159  0  3.65153e-05  5.88012e-05
-4.39823  3.14159  0  5.0855e-05  6.4109e-05
-3.14159  3.14159  0  7.25191e-05  6.58331e-05
-1.88496  3.14159  0  0.000102038  5.60791e-05
-0.628319  3.14159  0  0.000128495  2.38152e-05
0.628319  3.14159  0  0.000128499  -2.3786e-05
1.88496  3.14159  0  0.000102047  -5.6053e-05
3.14159  3.14159  0  7.25311e-05  -6.58111e-05
4.39823  3.14159  0  5.08681e-05  -6.40908e-05
5.65487  3.14159  0  3.65286e-05  -5.8786e-05
6.9115  3.14159  0  2.70648e-05  -5.29944e-05
8.16814  3.14159  0  2.06578e-05  -4.76751e-05
10.6814  3.14159  0  1.29685e-05  -3.9073e-05
15.708  3.14159  0  6.32706e-06  -2.80954e-05
33.3009  3.14159  0  1.45251e-06  -1.37625e-05
-54.6637  3.14159  3.14159  2.34401e-07  8.46622e-06
-27.0177  3.14159  3.14159  9.71088e-07  1.70819e-05
-13.1947  3.14159  3.14159  4.05196e-06  3.44556e-05
-10.6814  3.14159  3.14159  6.07942e-06  4.21067e-05
-8.16814  3.14159  3.14159  9.98337e-06  5.39274e-05
-6.9115  3.14159  3.14159  1.34223e-05  6.26012e-05
-5.65487  3.14159  3.14159  1.88881e-05  7.44607e-05
-4.39823  3.14159  3.14159  2.83984e-05  9.16635e-05
-3.14159  3.14159  3.14159  4.77253e-05  0.000118773
-1.88496  3.14159  3.14159  9.98171e-05  0.000164157
-0.628319  3.14159  3.14159  0.000291025  0.000172535
0.628319  3.14159  3.14159  0.000291029  -0.000172507
1.88496  3.14159  3.14159  9.98241e-05  -0.000164133
3.14159  3.14159  3.14159  4.77357e-05  -0.000118753
4.39823  3.14159  3.14159  2.84102e-05  -9.16459e-05
5.65487  3.14159  3.14159  1.88996e-05  -7.44459e-05
6.9115  3.14159  3.14159  1.3434e-05  -6.25884e-05
8.16814  3.14159  3.14159  9.99497e-06  -5.39162e-05
10.6814  3.14159  3.14159  6.0905e-06  -4.20983e-05
15.708  3.14159  3.14159  2.88748e-06  -2.91138e-05
33.3009  3.14159  3.14159  6.42443e-07  -1.38763e-05
