-54.6637  0  0  0.916762  -0.825846
-27.0177  0  0  -1.38583  0.131926
-13.1947  0  0  -2.32433  -0.039491
-10.6814  0  0  3.95108  -3.39583
-8.16814  0  0  4.87406  -10.2657
-6.9115  0  0  5.06722  -8.89733
-5.65487  0  0  8.2743  -11.523
-4.39823  0  0  -2.46484  10.1206
-3.14159  0  0  -18.4452  14.5095
-1.88496  0  0  -17.3979  -17.3995
-0.628319  0  0  -77.9635  39.0059
0.628319  0  0  37.222  -69.4064
1.88496  0  0  -26.5209  -23.2292
3.14159  0  0  8.7101  -3.03736
4.39823  0  0  13.3083  -0.27994
5.65487  0  0  -7.2368  17.3225
6.9115  0  0  -4.81176  2.15982
8.16814  0  0  -7.94172  6.38583
10.6814  0  0  -1.97316  5.24382
15.708  0  0  1.9738  2.86745
33.3009  0  0  3.74186  -2.3231
-54.6637  0  3.14159  0.790322  -0.817265
-27.0177  0  3.14159  -1.21965  0.252002
-13.1947  0  3.14159  -2.0206  -0.068661
-10.6814  0  3.14159  3.24453  -2.6242
-8.16814  0  3.14159  3.8031  -7.26181
-6.9115  0  3.14159  3.92162  -6.5841
-5.65487  0  3.14159  6.80122  -8.91618
-4.39823  0  3.14159  -2.17963  7.87161
-3.14159  0  3.14159  -15.3987  11.0717
-1.88496  0  3.14159  -15.088  -13.4365
-0.628319  0  3.14159  -64.6726  28.5575
0.628319  0  3.14159  31.2686  -53.6887
1.88496  0  3.14159  -22.2286  -20.8099
3.14159  0  3.14159  7.3677  -1.7559
4.39823  0  3.14159  10.6242  -0.136489
5.65487  0  3.14159  -6.00796  13.8063
6.9115  0  3.14159  -3.98631  1.02041
8.16814  0  3.14159  -6.403  3.99476
10.6814  0  3.14159  -1.67022  4.12629
15.708  0  3.14159  1.73225  1.96434
33.3009  0  3.14159  3.1247  -1.86451
-54.6637  3.14159  0  0.790322  -0.817265
-27.0177  3.14159  0  -1.21965  0.252002
-13.1947  3.14159  0  -2.0206  -0.068661
-10.6814  3.14159  0  3.24453  -2.6242
-8.16814  3.14159  0  3.8031  -7.26181
-6.9115  3.14159  0  3.92162  -6.5841
-5.65487  3.14159  0  6.80122  -8.91618
-4.39823  3.14159  0  -2.17963  7.87161
-3.14159  3.14159  0  -15.3987  11.0717
-1.88496  3.14159  0  -15.088  -13.4365
-0.628319  3.14159  0  -64.6726  28.5575
0.628319  3.14159  0  31.2686  -53.6887
1.88496  3.14159  0  -22.2286  -20.8099
3.14159  3.14159  0  7.3677  -1.7559
4.39823  3.14159  0  10.6242  -0.136489
5.65487  3.14159  0  -6.00796  13.8063
6.9115  3.14159  0  -3.98631  1.02041
8.16814  3.14159  0  -6.403  3.99476
10.6814  3.14159  0  -1.67022  4.12629
15.708  3.14159  0  1.73225  1.96434
33.3009  3.14159  0  3.1247  -1.86451
-54.6637  3.14159  3.14159  0.627539  -1.30072
-27.0177  3.14159  3.14159  -1.11423  1.18561
-13.1947  3.14159  3.14159  -2.47193  0.569639
-10.6814  3.14159  3.14159  2.88163  -1.92191
-8.16814  3.14159  3.14159  2.82138  -3.50944
-6.9115  3.14159  3.14159  2.50843  -3.80677
-5.65487  3.14159  3.14159  6.67753  -6.73064
-4.39823  3.14159  3.14159  -2.58064  7.30032
-3.14159  3.14159  3.14159  -11.6374  10.5133
-1.88496  3.14159  3.14159  -18.8313  -7.31649
-0.628319  3.14159  3.14159  -61.7572  28.8248
0.628319  3.14159  3.14159  21.496  -51.0143
1.88496  3.14159  3.14159  -25.4937  -21.3318
3.14159  3.14159  3.14159  7.37746  -2.55318
4.39823  3.14159  3.14159  8.89178  -0.0211199
5.65487  3.14159  3.14159  -4.30086  10.9393
6.9115  3.14159  3.14159  -4.87189  -0.929828
8.16814  3.14159  3.14159  -6.20827  0.713141
10.6814  3.14159  3.14159  -1.47602  3.24915
15.708  3.14159  3.14159  1.85706  -0.0461229
33.3009  3.14159  3.14159  2.78038  -2.2767
