-35.3429  0  0  0.00188086  0.0453132
-22.7765  0  0  -0.00166223  0.0518825
-16.4934  0  0  -0.0159219  0.0951085
-10.2102  0  0  -0.016362  0.149341
-8.63938  0  0  -0.0169331  0.17538
-7.06858  0  0  0.0589469  0.0997318
-5.49779  0  0  -0.101205  0.233654
-3.92699  0  0  -0.00401335  0.1755
-2.35619  0  0  -0.0463125  0.0840245
-0.785398  0  0  -0.0382191  0.0666906
0.785398  0  0  -0.0328884  -0.0427399
2.35619  0  0  -0.0408336  -0.0633349
3.92699  0  0  -0.0476431  -0.203855
5.49779  0  0  -0.115466  -0.235876
7.06858  0  0  0.0476809  -0.109284
8.63938  0  0  -0.0415956  -0.164305
10.2102  0  0  -0.01489  -0.143643
16.4934  0  0  -0.014477  -0.095492
33.7721  0  0  -0.00616271  -0.087596
62.0465  0  0  0.000485352  -0.0133649
-35.3429  0  3.14159  -4.01271e-06  0.0581769
-22.7765  0  3.14159  1.90715e-06  0.0861725
-16.4934  0  3.14159  -2.46656e-06  0.106009
-10.2102  0  3.14159  -2.85513e-05  0.162572
-8.63938  0  3.14159  -2.86575e-05  0.00845831
-7.06858  0  3.14159  2.81735e-05  0.291078
-5.49779  0  3.14159  -1.57366e-05  0.256268
-3.92699  0  3.14159  0.000121401  -0.0372908
-2.35619  0  3.14159  3.17914e-05  0.332598
-0.785398  0  3.14159  -0.000268699  1.37808
0.785398  0  3.14159  -0.000102906  -1.37809
2.35619  0  3.14159  8.17077e-05  -0.332573
3.92699  0  3.14159  6.54732e-05  0.0372755
5.49779  0  3.14159  3.42608e-05  -0.256262
7.06858  0  3.14159  4.93002e-05  -0.291081
8.63938  0  3.14159  -4.71074e-05  -0.00845146
10.2102  0  3.14159  -2.91721e-06  -0.162562
16.4934  0  3.14159  4.66138e-06  -0.10601
33.7721  0  3.14159  -4.19324e-06  -0.00170978
62.0465  0  3.14159  1.54199e-06  -0.0166228
-35.3429  3.14159  0  -4.01271e-06  0.0581769
-22.7765  3.14159  0  1.90715e-06  0.0861725
-16.4934  3.14159  0  -2.46656e-06  0.106009
-10.2102  3.14159  0  -2.85513e-05  0.162572
-8.63938  3.14159  0  -2.86575e-05  0.00845831
-7.06858  3.14159  0  2.81735e-05  0.291078
-5.49779  3.14159  0  -1.57366e-05  0.256268
-3.92699  3.14159  0  0.000121401  -0.0372908
-2.35619  3.14159  0  3.17914e-05  0.332598
-0.785398  3.14159  0  -0.000268699  1.37808
0.785398  3.14159  0  -0.000102906  -1.37809
2.35619  3.14159  0  8.17077e-05  -0.332573
3.92699  3.14159  0  6.54732e-05  0.0372755
5.49779  3.14159  0  3.42608e-05  -0.256262
7.06858  3.14159  0  4.93002e-05  -0.291081
8.63938  3.14159  0  -4.71074e-05  -0.00845146
10.2102  3.14159  0  -2.91721e-06  -0.162562
16.4934  3.14159  0  4.66138e-06  -0.10601
33.7721  3.14159  0  -4.19324e-06  -0.00170978
62.0465  3.14159  0  1.54199e-06  -0.0166228
-35.3429  3.14159  3.14159  0.00718677  0.045314
-22.7765  3.14159  3.14159  0.00983538  0.0518746
-16.4934  3.14159  3.14159  0.00310963  0.0951282
-10.2102  3.14159  3.14159  0.0192571  0.149342
-8.63938  3.14159  3.14159  0.0258643  0.175411
-7.06858  3.14159  3.14159  0.11128  0.0997819
-5.49779  3.14159  3.14159  -0.0355641  0.233667
-3.92699  3.14159  3.14159  0.0807896  0.175512
-2.35619  3.14159  3.14159  0.063893  0.0840381
-0.785398  3.14159  3.14159  0.0947515  0.0667613
0.785398  3.14159  3.14159  0.100092  -0.0426728
2.35619  3.14159  3.14159  0.069512  -0.0634081
3.92699  3.14159  3.14159  0.0370509  -0.20373
5.49779  3.14159  3.14159  -0.0498127  -0.235881
7.06858  3.14159  3.14159  0.100102  -0.109314
8.63938  3.14159  3.14159  0.00126828  -0.164318
10.2102  3.14159  3.14159  0.0207616  -0.143646
16.4934  3.14159  3.14159  0.00460987  -0.0955036
33.7721  3.14159  3.14159  -0.000409856  -0.0875742
62.0465  3.14159  3.14159  0.00231346  -0.013366
