-35.3429  0  0  0.00312844  0.0279073
-22.7765  0  0  0.00739539  0.0425187
-16.4934  0  0  0.013691  0.056994
-10.2102  0  0  0.0323477  0.0840854
-8.63938  0  0  0.04259  0.0941877
-7.06858  0  0  0.0586445  0.107515
-5.49779  0  0  0.0823658  0.115985
-3.92699  0  0  0.121814  0.125786
-2.35619  0  0  0.181875  0.110532
-0.785398  0  0  0.238757  0.0507697
0.785398  0  0  0.239624  -0.0495877
2.35619  0  0  0.182824  -0.110317
3.92699  0  0  0.120993  -0.124435
5.49779  0  0  0.0824179  -0.115698
7.06858  0  0  0.0586155  -0.107296
8.63938  0  0  0.0428526  -0.0940672
10.2102  0  0  0.0323698  -0.0841278
16.4934  0  0  0.013686  -0.0569951
33.7721  0  0  0.00342009  -0.0291321
62.0465  0  0  0.00102619  -0.0160479
-35.3429  0  3.14159  -2.47767e-05  0.0282477
-22.7765  0  3.14159  -5.9416e-05  0.0437392
-16.4934  0  3.14159  -0.000112697  0.060243
-10.2102  0  3.14159  -0.000288365  0.0964056
-8.63938  0  3.14159  -0.00041487  0.115634
-7.06858  0  3.14159  -0.000573857  0.135873
-5.49779  0  3.14159  -0.00093746  0.173785
-3.92699  0  3.14159  -0.00206048  0.257073
-2.35619  0  3.14159  -0.00429937  0.371864
-0.785398  0  3.14159  -0.00657607  0.462125
0.785398  0  3.14159  -0.0066114  -0.462122
2.35619  0  3.14159  -0.00430636  -0.371868
3.92699  0  3.14159  -0.00205676  -0.257072
5.49779  0  3.14159  -0.000938972  -0.173786
7.06858  0  3.14159  -0.000574247  -0.135873
8.63938  0  3.14159  -0.000414624  -0.115634
10.2102  0  3.14159  -0.000288604  -0.0964057
16.4934  0  3.14159  -0.000112723  -0.060243
33.7721  0  3.14159  -2.72216e-05  -0.0296087
62.0465  0  3.14159  -8.06284e-06  -0.0161126
-35.3429  3.14159  0  -2.47767e-05  0.0282477
-22.7765  3.14159  0  -5.9416e-05  0.0437392
-16.4934  3.14159  0  -0.000112697  0.060243
-10.2102  3.14159  0  -0.000288365  0.0964056
-8.63938  3.14159  0  -0.00041487  0.115634
-7.06858  3.14159  0  -0.000573857  0.135873
-5.49779  3.14159  0  -0.00093746  0.173785
-3.92699  3.14159  0  -0.00206048  0.257073
-2.35619  3.14159  0  -0.00429937  0.371864
-0.785398  3.14159  0  -0.00657607  0.462125
0.785398  3.14159  0  -0.0066114  -0.462122
2.35619  3.14159  0  -0.00430636  -0.371868
3.92699  3.14159  0  -0.00205676  -0.257072
5.49779  3.14159  0  -0.000938972  -0.173786
7.06858  3.14159  0  -0.000574247  -0.135873
8.63938  3.14159  0  -0.000414624  -0.115634
10.2102  3.14159  0  -0.000288604  -0.0964057
16.4934  3.14159  0  -0.000112723  -0.060243
33.7721  3.14159  0  -2.72216e-05  -0.0296087
62.0465  3.14159  0  -8.06284e-06  -0.0161126
-35.3429  3.14159  3.14159  -0.00318314  0.0278947
-22.7765  3.14159  3.14159  -0.00751842  0.0424742
-16.4934  3.14159  3.14159  -0.0138416  0.0569166
-10.2102  3.14159  3.14159  -0.0327365  0.0837304
-8.63938  3.14159  3.14159  -0.0430858  0.0936159
-7.06858  3.14159  3.14159  -0.0604329  0.10458
-5.49779  3.14159  3.14159  -0.0818522  0.117415
-3.92699  3.14159  3.14159  -0.121877  0.1216
-2.35619  3.14159  3.14159  -0.180209  0.107389
-0.785398  3.14159  3.14159  -0.23246  0.0480132
0.785398  3.14159  3.14159  -0.232713  -0.0466464
2.35619  3.14159  3.14159  -0.180888  -0.106736
3.92699  3.14159  3.14159  -0.12103  -0.122893
5.49779  3.14159  3.14159  -0.081708  -0.117673
7.06858  3.14159  3.14159  -0.0602309  -0.104651
8.63938  3.14159  3.14159  -0.0430047  -0.0938914
10.2102  3.14159  3.14159  -0.0327767  -0.083756
16.4934  3.14159  3.14159  -0.0138456  -0.0569131
33.7721  3.14159  3.14159  -0.00346655  -0.029121
62.0465  3.14159  3.14159  -0.00104284  -0.0160457
