-35.3429  0  0  -1.35152e-13  2.35283e-13
-22.7765  0  0  3.29322e-14  -8.01663e-14
-16.4934  0  0  2.84558e-14  1.90579e-13
-10.2102  0  0  -4.59948e-14  2.94267e-14
-8.63938  0  0  -1.00332e-14  -1.25089e-14
-7.06858  0  0  7.60108e-15  -2.66621e-14
-5.49779  0  0  -3.74871e-15  -2.78352e-14
-3.92699  0  0  1.84445e-15  -6.57522e-15
-2.35619  0  0  -1.96476e-14  1.00626e-14
-0.785398  0  0  -1.14414e-14  2.51245e-15
0.785398  0  0  -1.59467e-14  -2.94749e-15
2.35619  0  0  -1.73368e-14  1.15242e-15
3.92699  0  0  5.55477e-15  5.36952e-15
5.49779  0  0  1.06955e-14  2.35315e-14
7.06858  0  0  3.29396e-14  9.68994e-15
8.63938  0  0  -1.65148e-15  1.38412e-14
10.2102  0  0  -8.26871e-14  -2.13837e-14
16.4934  0  0  5.07778e-14  -1.61915e-13
33.7721  0  0  4.23223e-14  6.02515e-14
62.0465  0  0  -3.19927e-14  -2.37507e-13
-35.3429  0  3.14159  -1.9311e-13  -2.47335e-13
-22.7765  0  3.14159  -1.29233e-13  1.57901e-13
-16.4934  0  3.14159  -1.00753e-13  -2.58534e-13
-10.2102  0  3.14159  1.34159e-13  -2.25087e-14
-8.63938  0  3.14159  3.77839e-15  2.32461e-14
-7.06858  0  3.14159  -4.83811e-14  3.49329e-15
-5.49779  0  3.14159  -2.92837e-14  4.93473e-14
-3.92699  0  3.14159  -1.09677e-14  1.29385e-14
-2.35619  0  3.14159  2.50114e-14  3.24871e-15
-0.785398  0  3.14159  1.62106e-14  -3.77016e-15
0.785398  0  3.14159  5.93249e-14  -1.72324e-15
2.35619  0  3.14159  4.81138e-14  3.84983e-14
3.92699  0  3.14159  -4.15556e-15  -1.20178e-14
5.49779  0  3.14159  8.92258e-15  -4.81838e-14
7.06858  0  3.14159  7.43545e-15  -5.27847e-14
8.63938  0  3.14159  1.98652e-14  -2.93242e-14
10.2102  0  3.14159  8.76119e-14  7.00641e-14
16.4934  0  3.14159  -1.00191e-17  3.02064e-13
33.7721  0  3.14159  2.71287e-14  -1.70515e-13
62.0465  0  3.14159  1.18126e-13  4.61203e-13
-35.3429  3.14159  0  -1.9311e-13  -2.47335e-13
-22.7765  3.14159  0  -1.29233e-13  1.57901e-13
-16.4934  3.14159  0  -1.00753e-13  -2.58534e-13
-10.2102  3.14159  0  1.34159e-13  -2.25087e-14
-8.63938  3.14159  0  3.77839e-15  2.32461e-14
-7.06858  3.14159  0  -4.83811e-14  3.49329e-15
-5.49779  3.14159  0  -2.92837e-14  4.93473e-14
-3.92699  3.14159  0  -1.09677e-14  1.29385e-14
-2.35619  3.14159  0  2.50114e-14  3.24871e-15
-0.785398  3.14159  0  1.62106e-14  -3.77016e-15
0.785398  3.14159  0  5.93249e-14  -1.72324e-15
2.35619  3.14159  0  4.81138e-14  3.84983e-14
3.92699  3.14159  0  -4.15556e-15  -1.20178e-14
5.49779  3.14159  0  8.92258e-15  -4.81838e-14
7.06858  3.14159  0  7.43545e-15  -5.27847e-14
8.63938  3.14159  0  1.98652e-14  -2.93242e-14
10.2102  3.14159  0  8.76119e-14  7.00641e-14
16.4934  3.14159  0  -1.00191e-17  3.02064e-13
33.7721  3.14159  0  2.71287e-14  -1.70515e-13
62.0465  3.14159  0  1.18126e-13  4.61203e-13
-35.3429  3.14159  3.14159  2.01721e-13  -2.49117e-13
-22.7765  3.14159  3.14159  -3.24646e-13  -3.69767e-14
-16.4934  3.14159  3.14159  2.12943e-13  -1.6555e-13
-10.2102  3.14159  3.14159  2.06129e-13  3.3307e-14
-8.63938  3.14159  3.14159  -3.21327e-14  2.00624e-14
-7.06858  3.14159  3.14159  3.83052e-14  -1.22918e-13
-5.49779  3.14159  3.14159  -8.53236e-14  6.26527e-15
-3.92699  3.14159  3.14159  -2.26423e-14  -9.61213e-16
-2.35619  3.14159  3.14159  1.24091e-14  4.61255e-14
-0.785398  3.14159  3.14159  1.48221e-14  1.65596e-14
0.785398  3.14159  3.14159  1.44983e-14  2.74737e-14
2.35619  3.14159  3.14159  3.94295e-14  1.28054e-13
3.92699  3.14159  3.14159  1.35111e-14  -1.21329e-14
5.49779  3.14159  3.14159  8.02082e-14  -3.19163e-14
7.06858  3.14159  3.14159  1.49198e-13  -3.48816e-14
8.63938  3.14159  3.14159  5.55074e-14  -5.19159e-15
10.2102  3.14159  3.14159  -6.66472e-14  1.35045e-13
16.4934  3.14159  3.14159  -2.70377e-13  9.00518e-14
33.7721  3.14159  3.14159  2.38053e-13  -3.41977e-14
62.0465  3.14159  3.14159  -4.64788e-13  2.86534e-13
