-35.3429  0  0  5.50712e+11  9.5872e+11
-22.7765  0  0  -1.31533e+12  -3.20188e+12
-16.4934  0  0  -2.29915e+11  1.53982e+12
-10.2102  0  0  4.6281e+12  2.96098e+12
-8.63938  0  0  1.17057e+13  -1.4594e+13
-7.06858  0  0  -2.96668e+12  -1.04061e+13
-5.49779  0  0  1.42564e+12  -1.05857e+13
-3.92699  0  0  -1.18651e+13  -4.22975e+13
-2.35619  0  0  1.20962e+13  6.1951e+12
-0.785398  0  0  2.50142e+13  5.49293e+12
0.785398  0  0  1.81912e+13  -3.36234e+12
2.35619  0  0  1.72281e+13  1.1452e+12
3.92699  0  0  -2.79194e+13  2.69883e+13
5.49779  0  0  -4.80245e+12  1.05661e+13
7.06858  0  0  -8.3822e+12  2.46582e+12
8.63938  0  0  2.54982e+12  2.13702e+13
10.2102  0  0  3.4007e+12  -8.79453e+11
16.4934  0  0  -5.29028e+11  -1.68691e+12
33.7721  0  0  -2.34195e+12  3.33408e+12
62.0465  0  0  1.67113e+11  -1.24061e+12
-35.3429  0  3.14159  5.88355e+11  -7.53565e+11
-22.7765  0  3.14159  9.3121e+11  1.13778e+12
-16.4934  0  3.14159  3.92589e+11  -1.00739e+12
-10.2102  0  3.14159  -2.17493e+12  -3.64903e+11
-8.63938  0  3.14159  -2.04364e+12  1.25732e+13
-7.06858  0  3.14159  6.16861e+12  4.45397e+11
-5.49779  0  3.14159  2.66806e+12  4.49607e+12
-3.92699  0  3.14159  1.14368e+13  1.34919e+13
-2.35619  0  3.14159  -1.17955e+13  1.53211e+12
-0.785398  0  3.14159  -1.75568e+13  -4.08325e+12
0.785398  0  3.14159  -5.05263e+12  -1.46766e+11
2.35619  0  3.14159  -3.8014e+12  3.04169e+12
3.92699  0  3.14159  7.70996e+12  -2.2297e+13
5.49779  0  3.14159  -1.11472e+12  -6.01974e+12
7.06858  0  3.14159  -7.85018e+11  -5.57289e+12
8.63938  0  3.14159  -4.75042e+12  -7.01236e+12
10.2102  0  3.14159  -2.08851e+12  1.6702e+12
16.4934  0  3.14159  3.2942e+07  9.93166e+11
33.7721  0  3.14159  -2.73005e+11  -1.71594e+12
62.0465  0  3.14159  -1.56347e+11  6.10429e+11
-35.3429  3.14159  0  5.88355e+11  -7.53565e+11
-22.7765  3.14159  0  9.3121e+11  1.13778e+12
-16.4934  3.14159  0  3.92589e+11  -1.00739e+12
-10.2102  3.14159  0  -2.17493e+12  -3.64903e+11
-8.63938  3.14159  0  -2.04364e+12  1.25732e+13
-7.06858  3.14159  0  6.16861e+12  4.45397e+11
-5.49779  3.14159  0  2.66806e+12  4.49607e+12
-3.92699  3.14159  0  1.14368e+13  1.34919e+13
-2.35619  3.14159  0  -1.17955e+13  1.53211e+12
-0.785398  3.14159  0  -1.75568e+13  -4.08325e+12
0.785398  3.14159  0  -5.05263e+12  -1.46766e+11
2.35619  3.14159  0  -3.8014e+12  3.04169e+12
3.92699  3.14159  0  7.70996e+12  -2.2297e+13
5.49779  3.14159  0  -1.11472e+12  -6.01974e+12
7.06858  3.14159  0  -7.85018e+11  -5.57289e+12
8.63938  3.14159  0  -4.75042e+12  -7.01236e+12
10.2102  3.14159  0  -2.08851e+12  1.6702e+12
16.4934  3.14159  0  3.2942e+07  9.93166e+11
33.7721  3.14159  0  -2.73005e+11  -1.71594e+12
62.0465  3.14159  0  -1.56347e+11  6.10429e+11
-35.3429  3.14159  3.14159  -5.88963e+11  -7.27343e+11
-22.7765  3.14159  3.14159  9.12248e+11  -1.03904e+11
-16.4934  3.14159  3.14159  -8.78099e+11  -6.82667e+11
-10.2102  3.14159  3.14159  -1.41836e+12  2.29183e+11
-8.63938  3.14159  3.14159  6.7176e+12  4.1942e+12
-7.06858  3.14159  3.14159  -6.9326e+11  -2.22461e+12
-5.49779  3.14159  3.14159  3.49717e+12  2.56795e+11
-3.92699  3.14159  3.14159  1.32257e+13  -5.61461e+11
-2.35619  3.14159  3.14159  -1.63167e+12  6.06503e+12
-0.785398  3.14159  3.14159  -9.00283e+12  1.00582e+13
0.785398  3.14159  3.14159  -4.50722e+12  8.54102e+12
2.35619  3.14159  3.14159  -6.58899e+11  2.13988e+12
3.92699  3.14159  3.14159  -1.22919e+13  -1.1038e+13
5.49779  3.14159  3.14159  -3.22899e+12  -1.28487e+12
7.06858  3.14159  3.14159  -1.90654e+12  -4.45736e+11
8.63938  3.14159  3.14159  -5.35782e+12  -5.01115e+11
10.2102  3.14159  3.14159  8.81611e+11  1.78638e+12
16.4934  3.14159  3.14159  9.98768e+11  3.3265e+11
33.7721  3.14159  3.14159  -1.23474e+12  -1.77377e+11
62.0465  3.14159  3.14159  4.67704e+11  2.88331e+11
