-35.3429  0  0  -1.07318e-05  0.000551998
-22.7765  0  0  -2.54603e-05  0.000842411
-16.4934  0  0  -4.74346e-05  0.0011343
-10.2102  0  0  -0.000114014  0.00169025
-8.63938  0  0  -0.000151179  0.00190346
-7.06858  0  0  -0.000207312  0.00215177
-5.49779  0  0  -0.000294725  0.00241318
-3.92699  0  0  -0.000431306  0.00258824
-2.35619  0  0  -0.000625375  0.00235008
-0.785398  0  0  -0.000808212  0.00106054
0.785398  0  0  -0.000808212  -0.00106054
2.35619  0  0  -0.000625375  -0.00235008
3.92699  0  0  -0.000431306  -0.00258824
5.49779  0  0  -0.000294726  -0.00241318
7.06858  0  0  -0.000207313  -0.00215177
8.63938  0  0  -0.00015118  -0.00190346
10.2102  0  0  -0.000114016  -0.00169025
16.4934  0  0  -4.74337e-05  -0.0011343
33.7721  0  0  -1.17395e-05  -0.000577017
62.0465  0  0  -3.5065e-06  -0.000316984
-35.3429  0  3.14159  -6.93987e-11  0.000558539
-22.7765  0  3.14159  -6.60846e-11  0.000866415
-16.4934  0  3.14159  -8.7809e-12  0.00119578
-10.2102  0  3.14159  1.58031e-10  0.00192648
-8.63938  0  3.14159  1.56678e-10  0.00227221
-7.06858  0  3.14159  1.86465e-10  0.00276771
-5.49779  0  3.14159  1.68429e-10  0.00353836
-3.92699  0  3.14159  2.9301e-10  0.00491163
-2.35619  0  3.14159  4.71131e-10  0.00810208
-0.785398  0  3.14159  1.10298e-09  0.0241184
0.785398  0  3.14159  -9.29916e-10  -0.0241184
2.35619  0  3.14159  -4.65591e-10  -0.00810208
3.92699  0  3.14159  -2.91351e-10  -0.00491163
5.49779  0  3.14159  -1.5031e-10  -0.00353836
7.06858  0  3.14159  -1.32886e-10  -0.00276771
8.63938  0  3.14159  -6.42251e-11  -0.00227221
10.2102  0  3.14159  -5.61582e-11  -0.00192648
16.4934  0  3.14159  -7.7294e-11  -0.00119578
33.7721  0  3.14159  -2.18603e-11  -0.000584503
62.0465  0  3.14159  2.06502e-12  -0.000318204
-35.3429  3.14159  0  -6.93987e-11  0.000558539
-22.7765  3.14159  0  -6.60846e-11  0.000866415
-16.4934  3.14159  0  -8.7809e-12  0.00119578
-10.2102  3.14159  0  1.58031e-10  0.00192648
-8.63938  3.14159  0  1.56678e-10  0.00227221
-7.06858  3.14159  0  1.86465e-10  0.00276771
-5.49779  3.14159  0  1.68429e-10  0.00353836
-3.92699  3.14159  0  2.9301e-10  0.00491163
-2.35619  3.14159  0  4.71131e-10  0.00810208
-0.785398  3.14159  0  1.10298e-09  0.0241184
0.785398  3.14159  0  -9.29916e-10  -0.0241184
2.35619  3.14159  0  -4.65591e-10  -0.00810208
3.92699  3.14159  0  -2.91351e-10  -0.00491163
5.49779  3.14159  0  -1.5031e-10  -0.00353836
7.06858  3.14159  0  -1.32886e-10  -0.00276771
8.63938  3.14159  0  -6.42251e-11  -0.00227221
10.2102  3.14159  0  -5.61582e-11  -0.00192648
16.4934  3.14159  0  -7.7294e-11  -0.00119578
33.7721  3.14159  0  -2.18603e-11  -0.000584503
62.0465  3.14159  0  2.06502e-12  -0.000318204
-35.3429  3.14159  3.14159  1.07261e-05  0.000551998
-22.7765  3.14159  3.14159  2.54537e-05  0.00084241
-16.4934  3.14159  3.14159  4.74296e-05  0.0011343
-10.2102  3.14159  3.14159  0.000114023  0.00169025
-8.63938  3.14159  3.14159  0.000151184  0.00190346
-7.06858  3.14159  3.14159  0.000207316  0.00215177
-5.49779  3.14159  3.14159  0.000294722  0.00241318
-3.92699  3.14159  3.14159  0.000431298  0.00258824
-2.35619  3.14159  3.14159  0.000625393  0.00235008
-0.785398  3.14159  3.14159  0.0008082  0.00106054
0.785398  3.14159  3.14159  0.0008082  -0.00106054
2.35619  3.14159  3.14159  0.000625392  -0.00235008
3.92699  3.14159  3.14159  0.000431298  -0.00258824
5.49779  3.14159  3.14159  0.000294722  -0.00241318
7.06858  3.14159  3.14159  0.000207316  -0.00215177
8.63938  3.14159  3.14159  0.000151182  -0.00190346
10.2102  3.14159  3.14159  0.00011402  -0.00169025
16.4934  3.14159  3.14159  4.74315e-05  -0.0011343
33.7721  3.14159  3.14159  1.17395e-05  -0.000577017
62.0465  3.14159  3.14159  3.50758e-06  -0.000316984
