-35.3429  0  0  3.9873e-07  -0.000545399
-22.7765  0  0  -1.26859e-07  -0.000816053
-16.4934  0  0  -7.6999e-08  -0.00106997
-10.2102  0  0  -9.47555e-07  -0.00148358
-8.63938  0  0  -2.28856e-06  -0.00160778
-7.06858  0  0  3.88756e-06  -0.00172477
-5.49779  0  0  9.38788e-06  -0.0017653
-3.92699  0  0  2.03828e-05  -0.00166314
-2.35619  0  0  3.9661e-05  -0.00124854
-0.785398  0  0  7.51309e-05  -0.000486993
0.785398  0  0  7.548e-05  0.000488129
2.35619  0  0  4.0164e-05  0.00124812
3.92699  0  0  2.07721e-05  0.00166323
5.49779  0  0  9.56057e-06  0.00176524
7.06858  0  0  3.3052e-06  0.00172483
8.63938  0  0  -1.98859e-06  0.00160777
10.2102  0  0  -7.80213e-07  0.00148347
16.4934  0  0  -8.10561e-08  0.00106995
33.7721  0  0  3.45899e-07  0.000568509
62.0465  0  0  1.11331e-07  0.000317494
-35.3429  0  3.14159  -3.96444e-09  -0.000551288
-22.7765  0  3.14159  -2.37248e-09  -0.000838155
-16.4934  0  3.14159  -5.53145e-09  -0.00113166
-10.2102  0  3.14159  2.62126e-09  -0.00173859
-8.63938  0  3.14159  2.16338e-08  -0.00200661
-7.06858  0  3.14159  -7.07221e-09  -0.00242939
-5.49779  0  3.14159  5.48853e-09  -0.00306709
-3.92699  0  3.14159  -5.51745e-09  -0.00415908
-2.35619  0  3.14159  5.73329e-09  -0.00651725
-0.785398  0  3.14159  6.27917e-08  -0.00503834
0.785398  0  3.14159  7.37732e-08  0.00503829
2.35619  0  3.14159  7.05223e-09  0.00651726
3.92699  0  3.14159  1.55513e-08  0.00415909
5.49779  0  3.14159  1.08969e-08  0.0030671
7.06858  0  3.14159  2.24566e-08  0.00242939
8.63938  0  3.14159  2.1618e-08  0.00200662
10.2102  0  3.14159  1.02429e-08  0.00173859
16.4934  0  3.14159  4.95804e-09  0.00113166
33.7721  0  3.14159  1.26845e-09  0.000576959
62.0465  0  3.14159  2.761e-09  0.000316244
-35.3429  3.14159  0  -3.96444e-09  -0.000551288
-22.7765  3.14159  0  -2.37248e-09  -0.000838155
-16.4934  3.14159  0  -5.53145e-09  -0.00113166
-10.2102  3.14159  0  2.62126e-09  -0.00173859
-8.63938  3.14159  0  2.16338e-08  -0.00200661
-7.06858  3.14159  0  -7.07221e-09  -0.00242939
-5.49779  3.14159  0  5.48853e-09  -0.00306709
-3.92699  3.14159  0  -5.51745e-09  -0.00415908
-2.35619  3.14159  0  5.73329e-09  -0.00651725
-0.785398  3.14159  0  6.27917e-08  -0.00503834
0.785398  3.14159  0  7.37732e-08  0.00503829
2.35619  3.14159  0  7.05223e-09  0.00651726
3.92699  3.14159  0  1.55513e-08  0.00415909
5.49779  3.14159  0  1.08969e-08  0.0030671
7.06858  3.14159  0  2.24566e-08  0.00242939
8.63938  3.14159  0  2.1618e-08  0.00200662
10.2102  3.14159  0  1.02429e-08  0.00173859
16.4934  3.14159  0  4.95804e-09  0.00113166
33.7721  3.14159  0  1.26845e-09  0.000576959
62.0465  3.14159  0  2.761e-09  0.000316244
-35.3429  3.14159  3.14159  -1.21507e-07  -0.000545398
-22.7765  3.14159  3.14159  -5.23829e-07  -0.000816052
-16.4934  3.14159  3.14159  1.16483e-07  -0.00106997
-10.2102  3.14159  3.14159  -1.63358e-06  -0.00148358
-8.63938  3.14159  3.14159  -5.55411e-06  -0.00160778
-7.06858  3.14159  3.14159  -5.31516e-06  -0.00172477
-5.49779  3.14159  3.14159  -1.22308e-05  -0.0017653
-3.92699  3.14159  3.14159  -2.48493e-05  -0.00166314
-2.35619  3.14159  3.14159  -4.32622e-05  -0.00124854
-0.785398  3.14159  3.14159  -4.53557e-05  -0.00048699
0.785398  3.14159  3.14159  -4.50062e-05  0.000488128
2.35619  3.14159  3.14159  -4.27587e-05  0.00124812
3.92699  3.14159  3.14159  -2.44607e-05  0.00166324
5.49779  3.14159  3.14159  -1.20572e-05  0.00176523
7.06858  3.14159  3.14159  -5.89812e-06  0.00172483
8.63938  3.14159  3.14159  -5.25387e-06  0.00160777
10.2102  3.14159  3.14159  -1.46551e-06  0.00148347
16.4934  3.14159  3.14159  1.12609e-07  0.00106995
33.7721  3.14159  3.14159  -1.87894e-07  0.00056851
62.0465  3.14159  3.14159  -1.49609e-07  0.000317494
