-35.3429  0  0  -1.06974e-05  0.000552065
-22.7765  0  0  -2.5549e-05  0.000841805
-16.4934  0  0  -4.75202e-05  0.00113382
-10.2102  0  0  -0.000113836  0.00168893
-8.63938  0  0  -0.000150979  0.00190181
-7.06858  0  0  -0.000207001  0.00215126
-5.49779  0  0  -0.000295675  0.00241197
-3.92699  0  0  -0.000430498  0.00258734
-2.35619  0  0  -0.000627168  0.00234873
-0.785398  0  0  -0.000808806  0.00106018
0.785398  0  0  -0.000808676  -0.00106036
2.35619  0  0  -0.000627122  -0.00234881
3.92699  0  0  -0.000430545  -0.00258726
5.49779  0  0  -0.000295646  -0.00241202
7.06858  0  0  -0.000207143  -0.00215131
8.63938  0  0  -0.000151094  -0.0019018
10.2102  0  0  -0.000113886  -0.00168894
16.4934  0  0  -4.75038e-05  -0.00113383
33.7721  0  0  -1.17079e-05  -0.000576608
62.0465  0  0  -3.49879e-06  -0.000316793
-35.3429  0  3.14159  -1.68505e-10  0.000558598
-22.7765  0  3.14159  -1.22484e-10  0.000866654
-16.4934  0  3.14159  3.54351e-11  0.00119457
-10.2102  0  3.14159  5.02899e-11  0.00192548
-8.63938  0  3.14159  -7.75484e-10  0.00227143
-7.06858  0  3.14159  -1.15124e-09  0.00276754
-5.49779  0  3.14159  -1.93696e-10  0.00353554
-3.92699  0  3.14159  1.0067e-09  0.00491023
-2.35619  0  3.14159  -6.63348e-09  0.00810323
-0.785398  0  3.14159  -8.54138e-09  0.0241162
0.785398  0  3.14159  -2.26341e-09  -0.0241162
2.35619  0  3.14159  -3.82157e-09  -0.00810323
3.92699  0  3.14159  2.57096e-09  -0.00491023
5.49779  0  3.14159  2.52513e-10  -0.00353554
7.06858  0  3.14159  4.80882e-10  -0.00276754
8.63938  0  3.14159  4.71118e-10  -0.00227143
10.2102  0  3.14159  7.98e-10  -0.00192548
16.4934  0  3.14159  1.51639e-10  -0.00119457
33.7721  0  3.14159  1.52815e-10  -0.000584392
62.0465  0  3.14159  5.6879e-11  -0.000318157
-35.3429  3.14159  0  -1.68505e-10  0.000558598
-22.7765  3.14159  0  -1.22484e-10  0.000866654
-16.4934  3.14159  0  3.54351e-11  0.00119457
-10.2102  3.14159  0  5.02899e-11  0.00192548
-8.63938  3.14159  0  -7.75484e-10  0.00227143
-7.06858  3.14159  0  -1.15124e-09  0.00276754
-5.49779  3.14159  0  -1.93696e-10  0.00353554
-3.92699  3.14159  0  1.0067e-09  0.00491023
-2.35619  3.14159  0  -6.63348e-09  0.00810323
-0.785398  3.14159  0  -8.54138e-09  0.0241162
0.785398  3.14159  0  -2.26341e-09  -0.0241162
2.35619  3.14159  0  -3.82157e-09  -0.00810323
3.92699  3.14159  0  2.57096e-09  -0.00491023
5.49779  3.14159  0  2.52513e-10  -0.00353554
7.06858  3.14159  0  4.80882e-10  -0.00276754
8.63938  3.14159  0  4.71118e-10  -0.00227143
10.2102  3.14159  0  7.98e-10  -0.00192548
16.4934  3.14159  0  1.51639e-10  -0.00119457
33.7721  3.14159  0  1.52815e-10  -0.000584392
62.0465  3.14159  0  5.6879e-11  -0.000318157
-35.3429  3.14159  3.14159  1.07622e-05  0.000552065
-22.7765  3.14159  3.14159  2.53663e-05  0.000841807
-16.4934  3.14159  3.14159  4.73435e-05  0.00113382
-10.2102  3.14159  3.14159  0.000114199  0.00168893
-8.63938  3.14159  3.14159  0.000151379  0.0019018
-7.06858  3.14159  3.14159  0.000207627  0.00215126
-5.49779  3.14159  3.14159  0.000293768  0.00241198
-3.92699  3.14159  3.14159  0.000432098  0.00258734
-2.35619  3.14159  3.14159  0.000623585  0.00234873
-0.785398  3.14159  3.14159  0.000807593  0.00106018
0.785398  3.14159  3.14159  0.000807723  -0.00106037
2.35619  3.14159  3.14159  0.000623631  -0.0023488
3.92699  3.14159  3.14159  0.00043205  -0.00258726
5.49779  3.14159  3.14159  0.000293797  -0.00241203
7.06858  3.14159  3.14159  0.000207484  -0.00215131
8.63938  3.14159  3.14159  0.000151263  -0.00190179
10.2102  3.14159  3.14159  0.000114148  -0.00168893
16.4934  3.14159  3.14159  4.73604e-05  -0.00113382
33.7721  3.14159  3.14159  1.17715e-05  -0.000576604
62.0465  3.14159  3.14159  3.51511e-06  -0.000316793
