-29.531  0  0  -0.00898316  0.399541
-14.4513  0  0  -0.0365449  0.798282
-8.16814  0  0  -0.10703  1.33282
-5.65487  0  0  -0.200555  1.77357
-4.39823  0  0  -0.293626  2.08644
-3.14159  0  0  -0.452802  2.45154
-1.88496  0  0  -0.726147  2.69265
-0.628319  0  0  -1.10836  1.84247
0.628319  0  0  -1.10769  -1.84271
1.88496  0  0  -0.726319  -2.69275
3.14159  0  0  -0.452733  -2.45139
4.39823  0  0  -0.293731  -2.08635
5.65487  0  0  -0.200747  -1.77355
8.16814  0  0  -0.107132  -1.33284
10.6814  0  0  -0.0653094  -1.05512
14.4513  0  0  -0.0366406  -0.798297
33.3009  0  0  -0.00706291  -0.354823
-29.531  0  3.14159  0  0.401858
-14.4513  0  3.14159  0  0.817259
-8.16814  0  3.14159  0  1.43205
-5.65487  0  3.14159  0  2.03382
-4.39823  0  3.14159  0  2.56929
-3.14159  0  3.14159  0  3.4598
-1.88496  0  3.14159  0  5.28466
-0.628319  0  3.14159  0  14.9712
0.628319  0  3.14159  0  -14.9757
1.88496  0  3.14159  0  -5.28941
3.14159  0  3.14159  0  -3.45899
4.39823  0  3.14159  0  -2.56818
5.65487  0  3.14159  0  -2.03348
8.16814  0  3.14159  0  -1.43242
10.6814  0  3.14159  0  -1.1021
14.4513  0  3.14159  0  -0.8174
33.3009  0  3.14159  0  -0.357219
-29.531  3.14159  0  0  0.401858
-14.4513  3.14159  0  0  0.817259
-8.16814  3.14159  0  0  1.43205
-5.65487  3.14159  0  0  2.03382
-4.39823  3.14159  0  0  2.56929
-3.14159  3.14159  0  0  3.4598
-1.88496  3.14159  0  0  5.28466
-0.628319  3.14159  0  0  14.9712
0.628319  3.14159  0  0  -14.9757
1.88496  3.14159  0  0  -5.28941
3.14159  3.14159  0  0  -3.45899
4.39823  3.14159  0  0  -2.56818
5.65487  3.14159  0  0  -2.03348
8.16814  3.14159  0  0  -1.43242
10.6814  3.14159  0  0  -1.1021
14.4513  3.14159  0  0  -0.8174
33.3009  3.14159  0  0  -0.357219
-29.531  3.14159  3.14159  0.00842778  0.399567
-14.4513  3.14159  3.14159  0.034564  0.79849
-8.16814  3.14159  3.14159  0.101834  1.33383
-5.65487  3.14159  3.14159  0.192702  1.77605
-4.39823  3.14159  3.14159  0.284437  2.0906
-3.14159  3.14159  3.14159  0.444883  2.4588
-1.88496  3.14159  3.14159  0.731196  2.70514
-0.628319  3.14159  3.14159  1.1695  1.85811
0.628319  3.14159  3.14159  1.1702  -1.85836
1.88496  3.14159  3.14159  0.731011  -2.70526
3.14159  3.14159  3.14159  0.444968  -2.45865
4.39823  3.14159  3.14159  0.284346  -2.0905
5.65487  3.14159  3.14159  0.1925  -1.77602
8.16814  3.14159  3.14159  0.101728  -1.33385
10.6814  3.14159  3.14159  0.0617259  -1.05562
14.4513  3.14159  3.14159  0.034466  -0.798505
33.3009  3.14159  3.14159  0.00665308  -0.354841
