-29.531  0  0  0.00331905  -0.160732
-14.4513  0  0  0.0151477  -0.325174
-8.16814  0  0  0.0469809  -0.550699
-5.65487  0  0  0.0854714  -0.738844
-4.39823  0  0  0.119155  -0.872639
-3.14159  0  0  0.169145  -1.0271
-1.88496  0  0  0.241347  -1.11856
-0.628319  0  0  0.328264  -0.744591
0.628319  0  0  0.328264  0.744591
1.88496  0  0  0.241347  1.11856
3.14159  0  0  0.169145  1.0271
4.39823  0  0  0.119155  0.87264
5.65487  0  0  0.0854712  0.738844
8.16814  0  0  0.0469804  0.5507
10.6814  0  0  0.0282203  0.433046
14.4513  0  0  0.0151482  0.325174
33.3009  0  0  0.00258038  0.14259
-29.531  0  3.14159  0  -0.161222
-14.4513  0  3.14159  0  -0.329244
-8.16814  0  3.14159  0  -0.568828
-5.65487  0  3.14159  0  -0.780401
-4.39823  0  3.14159  0  -0.945532
-3.14159  0  3.14159  0  -1.18845
-1.88496  0  3.14159  0  -1.62663
-0.628319  0  3.14159  0  -3.46109
0.628319  0  3.14159  0  3.46109
1.88496  0  3.14159  0  1.62663
3.14159  0  3.14159  0  1.18845
4.39823  0  3.14159  0  0.945532
5.65487  0  3.14159  0  0.780401
8.16814  0  3.14159  0  0.568829
10.6814  0  3.14159  0  0.442346
14.4513  0  3.14159  0  0.329243
33.3009  0  3.14159  0  0.142931
-29.531  3.14159  0  0  -0.161222
-14.4513  3.14159  0  0  -0.329244
-8.16814  3.14159  0  0  -0.568828
-5.65487  3.14159  0  0  -0.780401
-4.39823  3.14159  0  0  -0.945532
-3.14159  3.14159  0  0  -1.18845
-1.88496  3.14159  0  0  -1.62663
-0.628319  3.14159  0  0  -3.46109
0.628319  3.14159  0  0  3.46109
1.88496  3.14159  0  0  1.62663
3.14159  3.14159  0  0  1.18845
4.39823  3.14159  0  0  0.945532
5.65487  3.14159  0  0  0.780401
8.16814  3.14159  0  0  0.568829
10.6814  3.14159  0  0  0.442346
14.4513  3.14159  0  0  0.329243
33.3009  3.14159  0  0  0.142931
-29.531  3.14159  3.14159  -0.00333916  -0.160732
-14.4513  3.14159  3.14159  -0.0152165  -0.325173
-8.16814  3.14159  3.14159  -0.0471104  -0.550694
-5.65487  3.14159  3.14159  -0.0855865  -0.738793
-4.39823  3.14159  3.14159  -0.119164  -0.872506
-3.14159  3.14159  3.14159  -0.168846  -1.02678
-1.88496  3.14159  3.14159  -0.24056  -1.11789
-0.628319  3.14159  3.14159  -0.328557  -0.743617
0.628319  3.14159  3.14159  -0.328557  0.743617
1.88496  3.14159  3.14159  -0.24056  1.11789
3.14159  3.14159  3.14159  -0.168846  1.02678
4.39823  3.14159  3.14159  -0.119165  0.872506
5.65487  3.14159  3.14159  -0.0855866  0.738793
8.16814  3.14159  3.14159  -0.0471108  0.550694
10.6814  3.14159  3.14159  -0.0283222  0.433045
14.4513  3.14159  3.14159  -0.0152163  0.325173
33.3009  3.14159  3.14159  -0.00259728  0.142589
