-29.531  0  0  0.000428607  -0.2838
-14.4513  0  0  0.000671486  -0.532128
-8.16814  0  0  0.00112183  -0.788339
-5.65487  0  0  0.00559997  -0.929635
-4.39823  0  0  0.0134243  -0.98667
-3.14159  0  0  0.0311415  -0.990868
-1.88496  0  0  0.0673966  -0.85784
-0.628319  0  0  0.123366  -0.442961
0.628319  0  0  0.123366  0.442962
1.88496  0  0  0.0673968  0.85784
3.14159  0  0  0.0311418  0.990868
4.39823  0  0  0.0134245  0.98667
5.65487  0  0  0.00560033  0.929635
8.16814  0  0  0.00112282  0.788339
10.6814  0  0  0.000608175  0.666577
14.4513  0  0  0.000671251  0.532128
33.3009  0  0  0.00036079  0.253339
-29.531  0  3.14159  0  -0.284963
-14.4513  0  3.14159  0  -0.542809
-8.16814  0  3.14159  0  -0.850538
-5.65487  0  3.14159  0  -1.10443
-4.39823  0  3.14159  0  -1.31001
-3.14159  0  3.14159  0  -1.63117
-1.88496  0  3.14159  0  -2.21834
-0.628319  0  3.14159  0  -2.23021
0.628319  0  3.14159  0  2.23021
1.88496  0  3.14159  0  2.21834
3.14159  0  3.14159  0  1.63117
4.39823  0  3.14159  0  1.31001
5.65487  0  3.14159  0  1.10443
8.16814  0  3.14159  0  0.850538
10.6814  0  3.14159  0  0.694048
14.4513  0  3.14159  0  0.542809
33.3009  0  3.14159  0  0.254145
-29.531  3.14159  0  0  -0.284963
-14.4513  3.14159  0  0  -0.542809
-8.16814  3.14159  0  0  -0.850538
-5.65487  3.14159  0  0  -1.10443
-4.39823  3.14159  0  0  -1.31001
-3.14159  3.14159  0  0  -1.63117
-1.88496  3.14159  0  0  -2.21834
-0.628319  3.14159  0  0  -2.23021
0.628319  3.14159  0  0  2.23021
1.88496  3.14159  0  0  2.21834
3.14159  3.14159  0  0  1.63117
4.39823  3.14159  0  0  1.31001
5.65487  3.14159  0  0  1.10443
8.16814  3.14159  0  0  0.850538
10.6814  3.14159  0  0  0.694048
14.4513  3.14159  0  0  0.542809
33.3009  3.14159  0  0  0.254145
-29.531  3.14159  3.14159  -0.000496415  -0.283796
-14.4513  3.14159  3.14159  -0.000947173  -0.532101
-8.16814  3.14159  3.14159  -0.00181265  -0.788236
-5.65487  3.14159  3.14159  -0.00657491  -0.929431
-4.39823  3.14159  3.14159  -0.0144121  -0.98637
-3.14159  3.14159  3.14159  -0.0315981  -0.990413
-1.88496  3.14159  3.14159  -0.0655912  -0.857155
-0.628319  3.14159  3.14159  -0.117971  -0.442124
0.628319  3.14159  3.14159  -0.117971  0.442124
1.88496  3.14159  3.14159  -0.065591  0.857156
3.14159  3.14159  3.14159  -0.0315978  0.990413
4.39823  3.14159  3.14159  -0.0144119  0.98637
5.65487  3.14159  3.14159  -0.00657453  0.929431
8.16814  3.14159  3.14159  -0.00181166  0.788236
10.6814  3.14159  3.14159  -0.0010737  0.66652
14.4513  3.14159  3.14159  -0.000947531  0.532101
33.3009  3.14159  3.14159  -0.000415936  0.253337
