-29.531  0  0  0.000309159  -0.391663
-14.4513  0  0  0.000148881  -0.74354
-8.16814  0  0  -0.000434899  -1.12428
-5.65487  0  0  0.00311114  -1.34775
-4.39823  0  0  0.0106863  -1.44478
-3.14159  0  0  0.0295989  -1.46093
-1.88496  0  0  0.0724298  -1.25023
-0.628319  0  0  0.142457  -0.610222
0.628319  0  0  0.142465  0.610216
1.88496  0  0  0.0724346  1.25023
3.14159  0  0  0.0296026  1.46093
4.39823  0  0  0.0106912  1.44478
5.65487  0  0  0.00311478  1.34775
8.16814  0  0  -0.000431154  1.12428
10.6814  0  0  -0.000350532  0.940441
14.4513  0  0  0.000151599  0.743542
33.3009  0  0  0.000271045  0.349266
-29.531  0  3.14159  0  -0.393444
-14.4513  0  3.14159  0  -0.759723
-8.16814  0  3.14159  0  -1.21767
-5.65487  0  3.14159  0  -1.61271
-4.39823  0  3.14159  0  -1.94306
-3.14159  0  3.14159  0  -2.48159
-1.88496  0  3.14159  0  -3.64245
-0.628319  0  3.14159  0  -3.33262
0.628319  0  3.14159  0  3.3327
1.88496  0  3.14159  0  3.64246
3.14159  0  3.14159  0  2.48159
4.39823  0  3.14159  0  1.94306
5.65487  0  3.14159  0  1.6127
8.16814  0  3.14159  0  1.21767
10.6814  0  3.14159  0  0.981792
14.4513  0  3.14159  0  0.759726
33.3009  0  3.14159  0  0.350499
-29.531  3.14159  0  0  -0.393444
-14.4513  3.14159  0  0  -0.759723
-8.16814  3.14159  0  0  -1.21767
-5.65487  3.14159  0  0  -1.61271
-4.39823  3.14159  0  0  -1.94306
-3.14159  3.14159  0  0  -2.48159
-1.88496  3.14159  0  0  -3.64245
-0.628319  3.14159  0  0  -3.33262
0.628319  3.14159  0  0  3.3327
1.88496  3.14159  0  0  3.64246
3.14159  3.14159  0  0  2.48159
4.39823  3.14159  0  0  1.94306
5.65487  3.14159  0  0  1.6127
8.16814  3.14159  0  0  1.21767
10.6814  3.14159  0  0  0.981792
14.4513  3.14159  0  0  0.759726
33.3009  3.14159  0  0  0.350499
-29.531  3.14159  3.14159  -0.000637089  -0.391653
-14.4513  3.14159  3.14159  -0.00141806  -0.743459
-8.16814  3.14159  3.14159  -0.00269867  -1.12396
-5.65487  3.14159  3.14159  -0.00756976  -1.34711
-4.39823  3.14159  3.14159  -0.0152819  -1.44385
-3.14159  3.14159  3.14159  -0.0319337  -1.4595
-1.88496  3.14159  3.14159  -0.0642061  -1.24802
-0.628319  3.14159  3.14159  -0.116614  -0.607623
0.628319  3.14159  3.14159  -0.116606  0.607619
1.88496  3.14159  3.14159  -0.0642012  1.24802
3.14159  3.14159  3.14159  -0.0319301  1.4595
4.39823  3.14159  3.14159  -0.0152771  1.44385
5.65487  3.14159  3.14159  -0.0075662  1.34712
8.16814  3.14159  3.14159  -0.00269387  1.12397
10.6814  3.14159  3.14159  -0.0017667  0.940266
14.4513  3.14159  3.14159  -0.00141598  0.74346
33.3009  3.14159  3.14159  -0.000525223  0.349258
