-29.531  0  0  9.11457e-05  -0.0039427
-14.4513  0  0  0.00131205  -0.0279125
-8.16814  0  0  0.00783739  -0.107701
-5.65487  0  0  0.0196634  -0.221867
-4.39823  0  0  0.0335414  -0.335594
-3.14159  0  0  0.0621922  -0.518962
-1.88496  0  0  0.128985  -0.754055
-0.628319  0  0  0.272641  -0.645452
0.628319  0  0  0.27264  0.645453
1.88496  0  0  0.128984  0.754055
3.14159  0  0  0.0621914  0.518962
4.39823  0  0  0.0335409  0.335594
5.65487  0  0  0.0196631  0.221867
8.16814  0  0  0.00783712  0.107701
10.6814  0  0  0.00356254  0.0588697
14.4513  0  0  0.00131183  0.0279126
33.3009  0  0  5.67805e-05  0.00279014
-29.531  0  3.14159  0  -0.00393707
-14.4513  0  3.14159  0  -0.027785
-8.16814  0  3.14159  0  -0.106349
-5.65487  0  3.14159  0  -0.217205
-4.39823  0  3.14159  0  -0.329375
-3.14159  0  3.14159  0  -0.533702
-1.88496  0  3.14159  0  -1.00834
-0.628319  0  3.14159  0  -4.08675
0.628319  0  3.14159  0  4.08675
1.88496  0  3.14159  0  1.00834
3.14159  0  3.14159  0  0.533702
4.39823  0  3.14159  0  0.329375
5.65487  0  3.14159  0  0.217206
8.16814  0  3.14159  0  0.10635
10.6814  0  3.14159  0  0.058419
14.4513  0  3.14159  0  0.027785
33.3009  0  3.14159  0  0.0027869
-29.531  3.14159  0  0  -0.00393707
-14.4513  3.14159  0  0  -0.027785
-8.16814  3.14159  0  0  -0.106349
-5.65487  3.14159  0  0  -0.217205
-4.39823  3.14159  0  0  -0.329375
-3.14159  3.14159  0  0  -0.533702
-1.88496  3.14159  0  0  -1.00834
-0.628319  3.14159  0  0  -4.08675
0.628319  3.14159  0  0  4.08675
1.88496  3.14159  0  0  1.00834
3.14159  3.14159  0  0  0.533702
4.39823  3.14159  0  0  0.329375
5.65487  3.14159  0  0  0.217206
8.16814  3.14159  0  0  0.10635
10.6814  3.14159  0  0  0.058419
14.4513  3.14159  0  0  0.027785
33.3009  3.14159  0  0  0.0027869
-29.531  3.14159  3.14159  -9.15411e-05  -0.00394274
-14.4513  3.14159  3.14159  -0.00129186  -0.0279144
-8.16814  3.14159  3.14159  -0.00770516  -0.107713
-5.65487  3.14159  3.14159  -0.0193311  -0.221885
-4.39823  3.14159  3.14159  -0.03298  -0.335605
-3.14159  3.14159  3.14159  -0.0612375  -0.518941
-1.88496  3.14159  3.14159  -0.127716  -0.753954
-0.628319  3.14159  3.14159  -0.273991  -0.645222
0.628319  3.14159  3.14159  -0.273992  0.645223
1.88496  3.14159  3.14159  -0.127716  0.753953
3.14159  3.14159  3.14159  -0.0612383  0.518941
4.39823  3.14159  3.14159  -0.0329805  0.335605
5.65487  3.14159  3.14159  -0.0193315  0.221885
8.16814  3.14159  3.14159  -0.00770543  0.107713
10.6814  3.14159  3.14159  -0.00350357  0.0588754
14.4513  3.14159  3.14159  -0.00129208  0.0279144
33.3009  3.14159  3.14159  -5.76105e-05  0.00279015
