-29.531  0  0  -0.0125132  0.205852
-14.4513  0  0  -0.0430465  0.389919
-8.16814  0  0  -0.0913473  0.589286
-5.65487  0  0  -0.126993  0.71367
-4.39823  0  0  -0.148514  0.779491
-3.14159  0  0  -0.170583  0.824257
-1.88496  0  0  -0.189621  0.775892
-0.628319  0  0  -0.200324  0.430504
0.628319  0  0  -0.200324  -0.430504
1.88496  0  0  -0.189621  -0.775892
3.14159  0  0  -0.170583  -0.824257
4.39823  0  0  -0.148514  -0.779491
5.65487  0  0  -0.126993  -0.71367
8.16814  0  0  -0.0913473  -0.589286
10.6814  0  0  -0.0663611  -0.492581
14.4513  0  0  -0.0430465  -0.38992
33.3009  0  0  -0.00998692  -0.183599
-29.531  0  3.14159  0  0.205793
-14.4513  0  3.14159  0  0.388465
-8.16814  0  3.14159  0  0.57896
-5.65487  0  3.14159  0  0.690825
-4.39823  0  3.14159  0  0.751147
-3.14159  0  3.14159  0  0.811974
-1.88496  0  3.14159  0  0.890373
-0.628319  0  3.14159  0  1.33168
0.628319  0  3.14159  0  -1.33168
1.88496  0  3.14159  0  -0.890373
3.14159  0  3.14159  0  -0.811974
4.39823  0  3.14159  0  -0.751147
5.65487  0  3.14159  0  -0.690826
8.16814  0  3.14159  0  -0.57896
10.6814  0  3.14159  0  -0.488086
14.4513  0  3.14159  0  -0.388467
33.3009  0  3.14159  0  -0.183567
-29.531  3.14159  0  0  0.205793
-14.4513  3.14159  0  0  0.388465
-8.16814  3.14159  0  0  0.57896
-5.65487  3.14159  0  0  0.690825
-4.39823  3.14159  0  0  0.751147
-3.14159  3.14159  0  0  0.811974
-1.88496  3.14159  0  0  0.890373
-0.628319  3.14159  0  0  1.33168
0.628319  3.14159  0  0  -1.33168
1.88496  3.14159  0  0  -0.890373
3.14159  3.14159  0  0  -0.811974
4.39823  3.14159  0  0  -0.751147
5.65487  3.14159  0  0  -0.690826
8.16814  3.14159  0  0  -0.57896
10.6814  3.14159  0  0  -0.488086
14.4513  3.14159  0  0  -0.388467
33.3009  3.14159  0  0  -0.183567
-29.531  3.14159  3.14159  0.012463  0.205864
-14.4513  3.14159  3.14159  0.0428933  0.389989
-8.16814  3.14159  3.14159  0.0910887  0.58947
-5.65487  3.14159  3.14159  0.126726  0.713923
-4.39823  3.14159  3.14159  0.148307  0.779767
-3.14159  3.14159  3.14159  0.170592  0.824526
-1.88496  3.14159  3.14159  0.190292  0.776099
-0.628319  3.14159  3.14159  0.202949  0.430584
0.628319  3.14159  3.14159  0.202949  -0.430584
1.88496  3.14159  3.14159  0.190292  -0.7761
3.14159  3.14159  3.14159  0.170592  -0.824526
4.39823  3.14159  3.14159  0.148307  -0.779767
5.65487  3.14159  3.14159  0.126726  -0.713924
8.16814  3.14159  3.14159  0.0910887  -0.58947
10.6814  3.14159  3.14159  0.0661471  -0.492706
14.4513  3.14159  3.14159  0.0428933  -0.389991
33.3009  3.14159  3.14159  0.00994703  -0.183608
