-29.531  0  0  0.0033213  -0.162243
-14.4513  0  0  0.0151525  -0.328182
-8.16814  0  0  0.0469805  -0.555719
-5.65487  0  0  0.085463  -0.745608
-4.39823  0  0  0.119151  -0.880771
-3.14159  0  0  0.16919  -1.03712
-1.88496  0  0  0.241612  -1.13058
-0.628319  0  0  0.329105  -0.753464
0.628319  0  0  0.329104  0.753464
1.88496  0  0  0.241612  1.13058
3.14159  0  0  0.16919  1.03712
4.39823  0  0  0.119151  0.880771
5.65487  0  0  0.0854629  0.745608
8.16814  0  0  0.04698  0.555719
10.6814  0  0  0.0282241  0.437015
14.4513  0  0  0.0151531  0.328181
33.3009  0  0  0.00258222  0.143932
-29.531  0  3.14159  0  -0.162743
-14.4513  0  3.14159  0  -0.332333
-8.16814  0  3.14159  0  -0.57424
-5.65487  0  3.14159  0  -0.788133
-4.39823  0  3.14159  0  -0.955354
-3.14159  0  3.14159  0  -1.20186
-1.88496  0  3.14159  0  -1.64761
-0.628319  0  3.14159  0  -3.54873
0.628319  0  3.14159  0  3.54873
1.88496  0  3.14159  0  1.64761
3.14159  0  3.14159  0  1.20186
4.39823  0  3.14159  0  0.955354
5.65487  0  3.14159  0  0.788133
8.16814  0  3.14159  0  0.574241
10.6814  0  3.14159  0  0.446506
14.4513  0  3.14159  0  0.332333
33.3009  0  3.14159  0  0.14428
-29.531  3.14159  0  0  -0.162743
-14.4513  3.14159  0  0  -0.332333
-8.16814  3.14159  0  0  -0.57424
-5.65487  3.14159  0  0  -0.788133
-4.39823  3.14159  0  0  -0.955354
-3.14159  3.14159  0  0  -1.20186
-1.88496  3.14159  0  0  -1.64761
-0.628319  3.14159  0  0  -3.54873
0.628319  3.14159  0  0  3.54873
1.88496  3.14159  0  0  1.64761
3.14159  3.14159  0  0  1.20186
4.39823  3.14159  0  0  0.955354
5.65487  3.14159  0  0  0.788133
8.16814  3.14159  0  0  0.574241
10.6814  3.14159  0  0  0.446506
14.4513  3.14159  0  0  0.332333
33.3009  3.14159  0  0  0.14428
-29.531  3.14159  3.14159  -0.00334209  -0.162243
-14.4513  3.14159  3.14159  -0.0152241  -0.328181
-8.16814  3.14159  3.14159  -0.0471168  -0.555713
-5.65487  3.14159  3.14159  -0.0855877  -0.745557
-4.39823  3.14159  3.14159  -0.11917  -0.880636
-3.14159  3.14159  3.14159  -0.168894  -1.0368
-1.88496  3.14159  3.14159  -0.240799  -1.1299
-0.628319  3.14159  3.14159  -0.329348  -0.752475
0.628319  3.14159  3.14159  -0.329348  0.752475
1.88496  3.14159  3.14159  -0.240799  1.1299
3.14159  3.14159  3.14159  -0.168894  1.03679
4.39823  3.14159  3.14159  -0.11917  0.880636
5.65487  3.14159  3.14159  -0.0855879  0.745557
8.16814  3.14159  3.14159  -0.0471172  0.555714
10.6814  3.14159  3.14159  -0.0283305  0.437015
14.4513  3.14159  3.14159  -0.0152238  0.32818
33.3009  3.14159  3.14159  -0.00259967  0.143932
