-29.531  0  0  -0.00335481  0.159502
-14.4513  0  0  -0.0152848  0.322712
-8.16814  0  0  -0.0473043  0.546539
-5.65487  0  0  -0.0859068  0.733152
-4.39823  0  0  -0.119566  0.865711
-3.14159  0  0  -0.169255  1.01841
-1.88496  0  0  -0.240391  1.10791
-0.628319  0  0  -0.324863  0.736274
0.628319  0  0  -0.324863  -0.736274
1.88496  0  0  -0.240391  -1.10791
3.14159  0  0  -0.169255  -1.01841
4.39823  0  0  -0.119566  -0.865711
5.65487  0  0  -0.0859065  -0.733152
8.16814  0  0  -0.0473042  -0.546539
10.6814  0  0  -0.0284445  -0.42978
14.4513  0  0  -0.0152846  -0.322712
33.3009  0  0  -0.00260919  -0.141498
-29.531  0  3.14159  0  0.159986
-14.4513  0  3.14159  0  0.326733
-8.16814  0  3.14159  0  0.564431
-5.65487  0  3.14159  0  0.774118
-4.39823  0  3.14159  0  0.937551
-3.14159  0  3.14159  0  1.17756
-1.88496  0  3.14159  0  1.60954
-0.628319  0  3.14159  0  3.39009
0.628319  0  3.14159  0  -3.39009
1.88496  0  3.14159  0  -1.60954
3.14159  0  3.14159  0  -1.17756
4.39823  0  3.14159  0  -0.937551
5.65487  0  3.14159  0  -0.774118
8.16814  0  3.14159  0  -0.56443
10.6814  0  3.14159  0  -0.438965
14.4513  0  3.14159  0  -0.326734
33.3009  0  3.14159  0  -0.141834
-29.531  3.14159  0  0  0.159986
-14.4513  3.14159  0  0  0.326733
-8.16814  3.14159  0  0  0.564431
-5.65487  3.14159  0  0  0.774118
-4.39823  3.14159  0  0  0.937551
-3.14159  3.14159  0  0  1.17756
-1.88496  3.14159  0  0  1.60954
-0.628319  3.14159  0  0  3.39009
0.628319  3.14159  0  0  -3.39009
1.88496  3.14159  0  0  -1.60954
3.14159  3.14159  0  0  -1.17756
4.39823  3.14159  0  0  -0.937551
5.65487  3.14159  0  0  -0.774118
8.16814  3.14159  0  0  -0.56443
10.6814  3.14159  0  0  -0.438965
14.4513  3.14159  0  0  -0.326734
33.3009  3.14159  0  0  -0.141834
-29.531  3.14159  3.14159  0.00329873  0.159505
-14.4513  3.14159  3.14159  0.0150691  0.322746
-8.16814  3.14159  3.14159  0.0467811  0.546696
-5.65487  3.14159  3.14159  0.0851555  0.733485
-4.39823  3.14159  3.14159  0.11875  0.866205
-3.14159  3.14159  3.14159  0.168656  1.01914
-1.88496  3.14159  3.14159  0.241094  1.10893
-0.628319  3.14159  3.14159  0.330605  0.737391
0.628319  3.14159  3.14159  0.330605  -0.737391
1.88496  3.14159  3.14159  0.241094  -1.10893
3.14159  3.14159  3.14159  0.168656  -1.01914
4.39823  3.14159  3.14159  0.11875  -0.866205
5.65487  3.14159  3.14159  0.0851558  -0.733485
8.16814  3.14159  3.14159  0.0467813  -0.546695
10.6814  3.14159  3.14159  0.0280873  -0.429859
14.4513  3.14159  3.14159  0.0150691  -0.322746
33.3009  3.14159  3.14159  0.00256521  -0.1415
