-29.531  0  0  9.13186e-05  -0.00397006
-14.4513  0  0  0.0013142  -0.028137
-8.16814  0  0  0.0078411  -0.108794
-5.65487  0  0  0.0196471  -0.224586
-4.39823  0  0  0.0334871  -0.340284
-3.14159  0  0  0.0620827  -0.52748
-1.88496  0  0  0.12907  -0.768774
-0.628319  0  0  0.27456  -0.659034
0.628319  0  0  0.27456  0.659035
1.88496  0  0  0.12907  0.768773
3.14159  0  0  0.062082  0.52748
4.39823  0  0  0.0334867  0.340284
5.65487  0  0  0.0196468  0.224586
8.16814  0  0  0.00784089  0.108794
10.6814  0  0  0.00356675  0.0593987
14.4513  0  0  0.00131403  0.0281371
33.3009  0  0  5.69008e-05  0.00280925
-29.531  0  3.14159  0  -0.00396413
-14.4513  0  3.14159  0  -0.0280011
-8.16814  0  3.14159  0  -0.107345
-5.65487  0  3.14159  0  -0.219551
-4.39823  0  3.14159  0  -0.33328
-3.14159  0  3.14159  0  -0.540726
-1.88496  0  3.14159  0  -1.02224
-0.628319  0  3.14159  0  -4.24458
0.628319  0  3.14159  0  4.24458
1.88496  0  3.14159  0  1.02224
3.14159  0  3.14159  0  0.540726
4.39823  0  3.14159  0  0.33328
5.65487  0  3.14159  0  0.219551
8.16814  0  3.14159  0  0.107346
10.6814  0  3.14159  0  0.0589162
14.4513  0  3.14159  0  0.0280011
33.3009  0  3.14159  0  0.00280584
-29.531  3.14159  0  0  -0.00396413
-14.4513  3.14159  0  0  -0.0280011
-8.16814  3.14159  0  0  -0.107345
-5.65487  3.14159  0  0  -0.219551
-4.39823  3.14159  0  0  -0.33328
-3.14159  3.14159  0  0  -0.540726
-1.88496  3.14159  0  0  -1.02224
-0.628319  3.14159  0  0  -4.24458
0.628319  3.14159  0  0  4.24458
1.88496  3.14159  0  0  1.02224
3.14159  3.14159  0  0  0.540726
4.39823  3.14159  0  0  0.33328
5.65487  3.14159  0  0  0.219551
8.16814  3.14159  0  0  0.107346
10.6814  3.14159  0  0  0.0589162
14.4513  3.14159  0  0  0.0280011
33.3009  3.14159  0  0  0.00280584
-29.531  3.14159  3.14159  -9.1767e-05  -0.00397009
-14.4513  3.14159  3.14159  -0.00129404  -0.0281389
-8.16814  3.14159  3.14159  -0.00770769  -0.108806
-5.65487  3.14159  3.14159  -0.0193101  -0.224603
-4.39823  3.14159  3.14159  -0.0329157  -0.340294
-3.14159  3.14159  3.14159  -0.0611059  -0.527457
-1.88496  3.14159  3.14159  -0.127756  -0.768668
-0.628319  3.14159  3.14159  -0.275915  -0.658794
0.628319  3.14159  3.14159  -0.275915  0.658794
1.88496  3.14159  3.14159  -0.127756  0.768667
3.14159  3.14159  3.14159  -0.0611066  0.527457
4.39823  3.14159  3.14159  -0.0329162  0.340294
5.65487  3.14159  3.14159  -0.0193104  0.224603
8.16814  3.14159  3.14159  -0.00770789  0.108806
10.6814  3.14159  3.14159  -0.00350737  0.0594045
14.4513  3.14159  3.14159  -0.0012942  0.0281389
33.3009  3.14159  3.14159  -5.77434e-05  0.00280925
