-29.531  0  0  -0.00370492  0.220683
-14.4513  0  0  -0.0159733  0.43236
-8.16814  0  0  -0.0409142  0.682199
-5.65487  0  0  -0.0644222  0.841342
-4.39823  0  0  -0.0823202  0.914222
-3.14159  0  0  -0.105604  0.928758
-1.88496  0  0  -0.132343  0.773176
-0.628319  0  0  -0.152873  0.318794
0.628319  0  0  -0.152873  -0.318794
1.88496  0  0  -0.132343  -0.773176
3.14159  0  0  -0.105604  -0.928758
4.39823  0  0  -0.0823207  -0.914221
5.65487  0  0  -0.0644226  -0.841342
8.16814  0  0  -0.0409154  -0.682199
10.6814  0  0  -0.0272413  -0.558526
14.4513  0  0  -0.0159723  -0.432361
33.3009  0  0  -0.00287462  -0.19621
-29.531  0  3.14159  0  0.22355
-14.4513  0  3.14159  0  0.454523
-8.16814  0  3.14159  0  0.778659
-5.65487  0  3.14159  0  1.07929
-4.39823  0  3.14159  0  1.34497
-3.14159  0  3.14159  0  1.81556
-1.88496  0  3.14159  0  2.92224
-0.628319  0  3.14159  0  8.57448
0.628319  0  3.14159  0  -8.57448
1.88496  0  3.14159  0  -2.92224
3.14159  0  3.14159  0  -1.81556
4.39823  0  3.14159  0  -1.34497
5.65487  0  3.14159  0  -1.07929
8.16814  0  3.14159  0  -0.778659
10.6814  0  3.14159  0  -0.607631
14.4513  0  3.14159  0  -0.454524
33.3009  0  3.14159  0  -0.198216
-29.531  3.14159  0  0  0.22355
-14.4513  3.14159  0  0  0.454523
-8.16814  3.14159  0  0  0.778659
-5.65487  3.14159  0  0  1.07929
-4.39823  3.14159  0  0  1.34497
-3.14159  3.14159  0  0  1.81556
-1.88496  3.14159  0  0  2.92224
-0.628319  3.14159  0  0  8.57448
0.628319  3.14159  0  0  -8.57448
1.88496  3.14159  0  0  -2.92224
3.14159  3.14159  0  0  -1.81556
4.39823  3.14159  0  0  -1.34497
5.65487  3.14159  0  0  -1.07929
8.16814  3.14159  0  0  -0.778659
10.6814  3.14159  0  0  -0.607631
14.4513  3.14159  0  0  -0.454524
33.3009  3.14159  0  0  -0.198216
-29.531  3.14159  3.14159  0.00370569  0.220683
-14.4513  3.14159  3.14159  0.0159713  0.43236
-8.16814  3.14159  3.14159  0.0409146  0.682199
-5.65487  3.14159  3.14159  0.0644226  0.841342
-4.39823  3.14159  3.14159  0.0823206  0.914222
-3.14159  3.14159  3.14159  0.105604  0.928758
-1.88496  3.14159  3.14159  0.132343  0.773176
-0.628319  3.14159  3.14159  0.152873  0.318794
0.628319  3.14159  3.14159  0.152873  -0.318794
1.88496  3.14159  3.14159  0.132343  -0.773176
3.14159  3.14159  3.14159  0.105604  -0.928758
4.39823  3.14159  3.14159  0.0823202  -0.914222
5.65487  3.14159  3.14159  0.0644222  -0.841342
8.16814  3.14159  3.14159  0.0409132  -0.682199
10.6814  3.14159  3.14159  0.027242  -0.558526
14.4513  3.14159  3.14159  0.015973  -0.432361
33.3009  3.14159  3.14159  0.00287285  -0.19621
