-29.531  0  0  -0.00336832  0.166571
-14.4513  0  0  -0.0153198  0.336785
-8.16814  0  0  -0.0473347  0.570021
-5.65487  0  0  -0.0859165  0.764782
-4.39823  0  0  -0.1196  0.903706
-3.14159  0  0  -0.169499  1.06518
-1.88496  0  0  -0.241552  1.16385
-0.628319  0  0  -0.328375  0.77729
0.628319  0  0  -0.328375  -0.77729
1.88496  0  0  -0.241552  -1.16385
3.14159  0  0  -0.169498  -1.06518
4.39823  0  0  -0.1196  -0.903706
5.65487  0  0  -0.0859164  -0.764782
8.16814  0  0  -0.0473348  -0.57002
10.6814  0  0  -0.0284833  -0.448351
14.4513  0  0  -0.0153196  -0.336785
33.3009  0  0  -0.00262031  -0.147779
-29.531  0  3.14159  0  0.167102
-14.4513  0  3.14159  0  0.341188
-8.16814  0  3.14159  0  0.589757
-5.65487  0  3.14159  0  0.810297
-4.39823  0  3.14159  0  0.983513
-3.14159  0  3.14159  0  1.24029
-1.88496  0  3.14159  0  1.70742
-0.628319  0  3.14159  0  3.80162
0.628319  0  3.14159  0  -3.80162
1.88496  0  3.14159  0  -1.70742
3.14159  0  3.14159  0  -1.24029
4.39823  0  3.14159  0  -0.983513
5.65487  0  3.14159  0  -0.810297
8.16814  0  3.14159  0  -0.589756
10.6814  0  3.14159  0  -0.458434
14.4513  0  3.14159  0  -0.341189
33.3009  0  3.14159  0  -0.148149
-29.531  3.14159  0  0  0.167102
-14.4513  3.14159  0  0  0.341188
-8.16814  3.14159  0  0  0.589757
-5.65487  3.14159  0  0  0.810297
-4.39823  3.14159  0  0  0.983513
-3.14159  3.14159  0  0  1.24029
-1.88496  3.14159  0  0  1.70742
-0.628319  3.14159  0  0  3.80162
0.628319  3.14159  0  0  -3.80162
1.88496  3.14159  0  0  -1.70742
3.14159  3.14159  0  0  -1.24029
4.39823  3.14159  0  0  -0.983513
5.65487  3.14159  0  0  -0.810297
8.16814  3.14159  0  0  -0.589756
10.6814  3.14159  0  0  -0.458434
14.4513  3.14159  0  0  -0.341189
33.3009  3.14159  0  0  -0.148149
-29.531  3.14159  3.14159  0.00330899  0.166575
-14.4513  3.14159  3.14159  0.0150912  0.336818
-8.16814  3.14159  3.14159  0.0467781  0.570178
-5.65487  3.14159  3.14159  0.0851114  0.765116
-4.39823  3.14159  3.14159  0.118718  0.904202
-3.14159  3.14159  3.14159  0.168833  1.06592
-1.88496  3.14159  3.14159  0.242248  1.1649
-0.628319  3.14159  3.14159  0.334587  0.778481
0.628319  3.14159  3.14159  0.334587  -0.77848
1.88496  3.14159  3.14159  0.242249  -1.1649
3.14159  3.14159  3.14159  0.168833  -1.06592
4.39823  3.14159  3.14159  0.118718  -0.904202
5.65487  3.14159  3.14159  0.0851116  -0.765115
8.16814  3.14159  3.14159  0.0467782  -0.570177
10.6814  3.14159  3.14159  0.0281041  -0.448431
14.4513  3.14159  3.14159  0.0150911  -0.336819
33.3009  3.14159  3.14159  0.00257353  -0.147781
