-29.531  0  0  0.00331827  -0.160217
-14.4513  0  0  0.015146  -0.324149
-8.16814  0  0  0.046981  -0.548989
-5.65487  0  0  0.0854743  -0.736538
-4.39823  0  0  0.119156  -0.869867
-3.14159  0  0  0.169129  -1.02368
-1.88496  0  0  0.241255  -1.11445
-0.628319  0  0  0.327975  -0.741548
0.628319  0  0  0.327975  0.741548
1.88496  0  0  0.241255  1.11445
3.14159  0  0  0.169129  1.02368
4.39823  0  0  0.119156  0.869867
5.65487  0  0  0.0854741  0.736538
8.16814  0  0  0.0469805  0.548989
10.6814  0  0  0.028219  0.431693
14.4513  0  0  0.0151465  0.324149
33.3009  0  0  0.00257975  0.142132
-29.531  0  3.14159  0  -0.160704
-14.4513  0  3.14159  0  -0.328192
-8.16814  0  3.14159  0  -0.566984
-5.65487  0  3.14159  0  -0.777767
-4.39823  0  3.14159  0  -0.942186
-3.14159  0  3.14159  0  -1.18389
-1.88496  0  3.14159  0  -1.61947
-0.628319  0  3.14159  0  -3.4313
0.628319  0  3.14159  0  3.4313
1.88496  0  3.14159  0  1.61947
3.14159  0  3.14159  0  1.18389
4.39823  0  3.14159  0  0.942186
5.65487  0  3.14159  0  0.777767
8.16814  0  3.14159  0  0.566985
10.6814  0  3.14159  0  0.440928
14.4513  0  3.14159  0  0.328191
33.3009  0  3.14159  0  0.142471
-29.531  3.14159  0  0  -0.160704
-14.4513  3.14159  0  0  -0.328192
-8.16814  3.14159  0  0  -0.566984
-5.65487  3.14159  0  0  -0.777767
-4.39823  3.14159  0  0  -0.942186
-3.14159  3.14159  0  0  -1.18389
-1.88496  3.14159  0  0  -1.61947
-0.628319  3.14159  0  0  -3.4313
0.628319  3.14159  0  0  3.4313
1.88496  3.14159  0  0  1.61947
3.14159  3.14159  0  0  1.18389
4.39823  3.14159  0  0  0.942186
5.65487  3.14159  0  0  0.777767
8.16814  3.14159  0  0  0.566985
10.6814  3.14159  0  0  0.440928
14.4513  3.14159  0  0  0.328191
33.3009  3.14159  0  0  0.142471
-29.531  3.14159  3.14159  -0.00333815  -0.160217
-14.4513  3.14159  3.14159  -0.0152138  -0.324148
-8.16814  3.14159  3.14159  -0.0471082  -0.548984
-5.65487  3.14159  3.14159  -0.085586  -0.736488
-4.39823  3.14159  3.14159  -0.119163  -0.869734
-3.14159  3.14159  3.14159  -0.16883  -1.02336
-1.88496  3.14159  3.14159  -0.240477  -1.11379
-0.628319  3.14159  3.14159  -0.328284  -0.740579
0.628319  3.14159  3.14159  -0.328284  0.740579
1.88496  3.14159  3.14159  -0.240477  1.11379
3.14159  3.14159  3.14159  -0.16883  1.02336
4.39823  3.14159  3.14159  -0.119163  0.869734
5.65487  3.14159  3.14159  -0.0855862  0.736488
8.16814  3.14159  3.14159  -0.0471086  0.548984
10.6814  3.14159  3.14159  -0.0283193  0.431693
14.4513  3.14159  3.14159  -0.0152136  0.324148
33.3009  3.14159  3.14159  -0.00259645  0.142132
