-29.531  0  0  0.00334054  -0.187047
-14.4513  0  0  0.0151771  -0.377565
-8.16814  0  0  0.0468853  -0.638044
-5.65487  0  0  0.0852423  -0.856189
-4.39823  0  0  0.11903  -1.01311
-3.14159  0  0  0.169953  -1.19892
-1.88496  0  0  0.246042  -1.32205
-0.628319  0  0  0.34181  -0.89014
0.628319  0  0  0.341811  0.89014
1.88496  0  0  0.246043  1.32205
3.14159  0  0  0.169955  1.19892
4.39823  0  0  0.119031  1.01311
5.65487  0  0  0.085243  0.856189
8.16814  0  0  0.0468851  0.638045
10.6814  0  0  0.0282111  0.502173
14.4513  0  0  0.0151786  0.377564
33.3009  0  0  0.00259815  0.165969
-29.531  0  3.14159  0  -0.187716
-14.4513  0  3.14159  0  -0.383079
-8.16814  0  3.14159  0  -0.663179
-5.65487  0  3.14159  0  -0.915174
-4.39823  0  3.14159  0  -1.11673
-3.14159  0  3.14159  0  -1.42189
-1.88496  0  3.14159  0  -1.98582
-0.628319  0  3.14159  0  -5.02517
0.628319  0  3.14159  0  5.02517
1.88496  0  3.14159  0  1.98582
3.14159  0  3.14159  0  1.42189
4.39823  0  3.14159  0  1.11673
5.65487  0  3.14159  0  0.915174
8.16814  0  3.14159  0  0.663183
10.6814  0  3.14159  0  0.51487
14.4513  0  3.14159  0  0.383075
33.3009  0  3.14159  0  0.166434
-29.531  3.14159  0  0  -0.187716
-14.4513  3.14159  0  0  -0.383079
-8.16814  3.14159  0  0  -0.663179
-5.65487  3.14159  0  0  -0.915174
-4.39823  3.14159  0  0  -1.11673
-3.14159  3.14159  0  0  -1.42189
-1.88496  3.14159  0  0  -1.98582
-0.628319  3.14159  0  0  -5.02517
0.628319  3.14159  0  0  5.02517
1.88496  3.14159  0  0  1.98582
3.14159  3.14159  0  0  1.42189
4.39823  3.14159  0  0  1.11673
5.65487  3.14159  0  0  0.915174
8.16814  3.14159  0  0  0.663183
10.6814  3.14159  0  0  0.51487
14.4513  3.14159  0  0  0.383075
33.3009  3.14159  0  0  0.166434
-29.531  3.14159  3.14159  -0.00339973  -0.187045
-14.4513  3.14159  3.14159  -0.0153902  -0.377562
-8.16814  3.14159  3.14159  -0.0473391  -0.638026
-5.65487  3.14159  3.14159  -0.0857679  -0.856075
-4.39823  3.14159  3.14159  -0.119365  -1.01282
-3.14159  3.14159  3.14159  -0.169506  -1.19825
-1.88496  3.14159  3.14159  -0.243799  -1.32065
-0.628319  3.14159  3.14159  -0.340683  -0.887813
0.628319  3.14159  3.14159  -0.340683  0.887813
1.88496  3.14159  3.14159  -0.243798  1.32065
3.14159  3.14159  3.14159  -0.169505  1.19825
4.39823  3.14159  3.14159  -0.119364  1.01282
5.65487  3.14159  3.14159  -0.0857671  0.856075
8.16814  3.14159  3.14159  -0.0473392  0.638027
10.6814  3.14159  3.14159  -0.0285421  0.502168
14.4513  3.14159  3.14159  -0.0153892  0.37756
33.3009  3.14159  3.14159  -0.00264626  0.165968
