-29.531  0  0  9.28918e-05  -0.00423178
-14.4513  0  0  0.00134283  -0.0302778
-8.16814  0  0  0.00793916  -0.119186
-5.65487  0  0  0.0196761  -0.250411
-4.39823  0  0  0.0333033  -0.384837
-3.14159  0  0  0.0615872  -0.608524
-1.88496  0  0  0.130329  -0.90877
-0.628319  0  0  0.290766  -0.784655
0.628319  0  0  0.290769  0.784656
1.88496  0  0  0.13033  0.908768
3.14159  0  0  0.0615869  0.608525
4.39823  0  0  0.0333035  0.384838
5.65487  0  0  0.0196766  0.250411
8.16814  0  0  0.0079395  0.119187
10.6814  0  0  0.00363242  0.0644356
14.4513  0  0  0.00134311  0.0302779
33.3009  0  0  5.78673e-05  0.00299212
-29.531  0  3.14159  0  -0.00422298
-14.4513  0  3.14159  0  -0.0300594
-8.16814  0  3.14159  0  -0.116769
-5.65487  0  3.14159  0  -0.241638
-4.39823  0  3.14159  0  -0.369868
-3.14159  0  3.14159  0  -0.605799
-1.88496  0  3.14159  0  -1.13408
-0.628319  0  3.14159  0  -5.82586
0.628319  0  3.14159  0  5.82585
1.88496  0  3.14159  0  1.13408
3.14159  0  3.14159  0  0.605801
4.39823  0  3.14159  0  0.369868
5.65487  0  3.14159  0  0.241637
8.16814  0  3.14159  0  0.11677
10.6814  0  3.14159  0  0.063635
14.4513  0  3.14159  0  0.030059
33.3009  0  3.14159  0  0.0029871
-29.531  3.14159  0  0  -0.00422298
-14.4513  3.14159  0  0  -0.0300594
-8.16814  3.14159  0  0  -0.116769
-5.65487  3.14159  0  0  -0.241638
-4.39823  3.14159  0  0  -0.369868
-3.14159  3.14159  0  0  -0.605799
-1.88496  3.14159  0  0  -1.13408
-0.628319  3.14159  0  0  -5.82586
0.628319  3.14159  0  0  5.82585
1.88496  3.14159  0  0  1.13408
3.14159  3.14159  0  0  0.605801
4.39823  3.14159  0  0  0.369868
5.65487  3.14159  0  0  0.241637
8.16814  3.14159  0  0  0.11677
10.6814  3.14159  0  0  0.063635
14.4513  3.14159  0  0  0.030059
33.3009  3.14159  0  0  0.0029871
-29.531  3.14159  3.14159  -9.35721e-05  -0.00423186
-14.4513  3.14159  3.14159  -0.00130225  -0.0302814
-8.16814  3.14159  3.14159  -0.00766441  -0.119208
-5.65487  3.14159  3.14159  -0.0189618  -0.25044
-4.39823  3.14159  3.14159  -0.0320596  -0.384847
-3.14159  3.14159  3.14159  -0.0593806  -0.608458
-1.88496  3.14159  3.14159  -0.127122  -0.908518
-0.628319  3.14159  3.14159  -0.293266  -0.784041
0.628319  3.14159  3.14159  -0.293264  0.784043
1.88496  3.14159  3.14159  -0.12712  0.908517
3.14159  3.14159  3.14159  -0.059381  0.608459
4.39823  3.14159  3.14159  -0.0320596  0.384848
5.65487  3.14159  3.14159  -0.0189614  0.250441
8.16814  3.14159  3.14159  -0.00766409  0.119209
10.6814  3.14159  3.14159  -0.00351043  0.0644465
14.4513  3.14159  3.14159  -0.00130194  0.0302815
33.3009  3.14159  3.14159  -5.89266e-05  0.00299214
