-29.531  0  0  -0.0125121  0.205862
-14.4513  0  0  -0.0430426  0.390001
-8.16814  0  0  -0.0913385  0.589665
-5.65487  0  0  -0.12698  0.714561
-4.39823  0  0  -0.148496  0.780957
-3.14159  0  0  -0.170557  0.826726
-1.88496  0  0  -0.189585  0.779694
-0.628319  0  0  -0.200265  0.433687
0.628319  0  0  -0.200265  -0.433687
1.88496  0  0  -0.189585  -0.779694
3.14159  0  0  -0.170557  -0.826726
4.39823  0  0  -0.148496  -0.780957
5.65487  0  0  -0.12698  -0.714561
8.16814  0  0  -0.0913385  -0.589665
10.6814  0  0  -0.0663549  -0.49277
14.4513  0  0  -0.0430426  -0.390003
33.3009  0  0  -0.00998622  -0.183607
-29.531  0  3.14159  0  0.205803
-14.4513  0  3.14159  0  0.388538
-8.16814  0  3.14159  0  0.579236
-5.65487  0  3.14159  0  0.691367
-4.39823  0  3.14159  0  0.751944
-3.14159  0  3.14159  0  0.813226
-1.88496  0  3.14159  0  0.892598
-0.628319  0  3.14159  0  1.3602
0.628319  0  3.14159  0  -1.3602
1.88496  0  3.14159  0  -0.892598
3.14159  0  3.14159  0  -0.813226
4.39823  0  3.14159  0  -0.751944
5.65487  0  3.14159  0  -0.691367
8.16814  0  3.14159  0  -0.579236
10.6814  0  3.14159  0  -0.488239
14.4513  0  3.14159  0  -0.38854
33.3009  0  3.14159  0  -0.183575
-29.531  3.14159  0  0  0.205803
-14.4513  3.14159  0  0  0.388538
-8.16814  3.14159  0  0  0.579236
-5.65487  3.14159  0  0  0.691367
-4.39823  3.14159  0  0  0.751944
-3.14159  3.14159  0  0  0.813226
-1.88496  3.14159  0  0  0.892598
-0.628319  3.14159  0  0  1.3602
0.628319  3.14159  0  0  -1.3602
1.88496  3.14159  0  0  -0.892598
3.14159  3.14159  0  0  -0.813226
4.39823  3.14159  0  0  -0.751944
5.65487  3.14159  0  0  -0.691367
8.16814  3.14159  0  0  -0.579236
10.6814  3.14159  0  0  -0.488239
14.4513  3.14159  0  0  -0.38854
33.3009  3.14159  0  0  -0.183575
-29.531  3.14159  3.14159  0.0124619  0.205874
-14.4513  3.14159  3.14159  0.0428893  0.390072
-8.16814  3.14159  3.14159  0.0910793  0.589849
-5.65487  3.14159  3.14159  0.12671  0.714815
-4.39823  3.14159  3.14159  0.148286  0.781233
-3.14159  3.14159  3.14159  0.170561  0.826995
-1.88496  3.14159  3.14159  0.190248  0.779901
-0.628319  3.14159  3.14159  0.202908  0.433767
0.628319  3.14159  3.14159  0.202908  -0.433767
1.88496  3.14159  3.14159  0.190248  -0.779901
3.14159  3.14159  3.14159  0.170561  -0.826995
4.39823  3.14159  3.14159  0.148286  -0.781233
5.65487  3.14159  3.14159  0.12671  -0.714815
8.16814  3.14159  3.14159  0.0910793  -0.589849
10.6814  3.14159  3.14159  0.0661407  -0.492895
14.4513  3.14159  3.14159  0.0428892  -0.390073
33.3009  3.14159  3.14159  0.00994599  -0.183616
