-29.531  0  0  -0.00348501  0.192328
-14.4513  0  0  -0.0157203  0.388041
-8.16814  0  0  -0.0481587  0.655344
-5.65487  0  0  -0.0870389  0.879142
-4.39823  0  0  -0.120945  1.04031
-3.14159  0  0  -0.171332  1.23181
-1.88496  0  0  -0.244809  1.3612
-0.628319  0  0  -0.333046  0.918343
0.628319  0  0  -0.333047  -0.918342
1.88496  0  0  -0.24481  -1.3612
3.14159  0  0  -0.171333  -1.23181
4.39823  0  0  -0.120946  -1.04031
5.65487  0  0  -0.0870403  -0.87914
8.16814  0  0  -0.0481604  -0.655342
10.6814  0  0  -0.029093  -0.515945
14.4513  0  0  -0.0157196  -0.388045
33.3009  0  0  -0.00271454  -0.170666
-29.531  0  3.14159  0  0.193038
-14.4513  0  3.14159  0  0.393889
-8.16814  0  3.14159  0  0.682139
-5.65487  0  3.14159  0  0.942168
-4.39823  0  3.14159  0  1.15109
-3.14159  0  3.14159  0  1.46862
-1.88496  0  3.14159  0  2.06012
-0.628319  0  3.14159  0  5.34232
0.628319  0  3.14159  0  -5.34232
1.88496  0  3.14159  0  -2.06012
3.14159  0  3.14159  0  -1.46862
4.39823  0  3.14159  0  -1.15109
5.65487  0  3.14159  0  -0.942168
8.16814  0  3.14159  0  -0.682131
10.6814  0  3.14159  0  -0.529447
14.4513  0  3.14159  0  -0.393899
33.3009  0  3.14159  0  -0.171166
-29.531  3.14159  0  0  0.193038
-14.4513  3.14159  0  0  0.393889
-8.16814  3.14159  0  0  0.682139
-5.65487  3.14159  0  0  0.942168
-4.39823  3.14159  0  0  1.15109
-3.14159  3.14159  0  0  1.46862
-1.88496  3.14159  0  0  2.06012
-0.628319  3.14159  0  0  5.34232
0.628319  3.14159  0  0  -5.34232
1.88496  3.14159  0  0  -2.06012
3.14159  3.14159  0  0  -1.46862
4.39823  3.14159  0  0  -1.15109
5.65487  3.14159  0  0  -0.942168
8.16814  3.14159  0  0  -0.682131
10.6814  3.14159  0  0  -0.529447
14.4513  3.14159  0  0  -0.393899
33.3009  3.14159  0  0  -0.171166
-29.531  3.14159  3.14159  0.00327677  0.192339
-14.4513  3.14159  3.14159  0.0149137  0.388139
-8.16814  3.14159  3.14159  0.0461781  0.655799
-5.65487  3.14159  3.14159  0.0841227  0.880107
-4.39823  3.14159  3.14159  0.117685  1.04176
-3.14159  3.14159  3.14159  0.168728  1.23398
-1.88496  3.14159  3.14159  0.247059  1.36439
-0.628319  3.14159  3.14159  0.355657  0.92192
0.628319  3.14159  3.14159  0.355657  -0.921919
1.88496  3.14159  3.14159  0.247058  -1.36439
3.14159  3.14159  3.14159  0.168727  -1.23397
4.39823  3.14159  3.14159  0.117684  -1.04176
5.65487  3.14159  3.14159  0.0841216  -0.880106
8.16814  3.14159  3.14159  0.0461771  -0.655796
10.6814  3.14159  3.14159  0.0277516  -0.516177
14.4513  3.14159  3.14159  0.014914  -0.388143
33.3009  3.14159  3.14159  0.00254815  -0.170674
