-29.531  0  0  -0.00337266  0.168957
-14.4513  0  0  -0.0153311  0.341534
-8.16814  0  0  -0.0473447  0.577942
-5.65487  0  0  -0.0859197  0.775438
-4.39823  0  0  -0.11961  0.916484
-3.14159  0  0  -0.169576  1.08086
-1.88496  0  0  -0.24194  1.18248
-0.628319  0  0  -0.329477  0.790657
0.628319  0  0  -0.329477  -0.790657
1.88496  0  0  -0.24194  -1.18248
3.14159  0  0  -0.169576  -1.08086
4.39823  0  0  -0.11961  -0.916484
5.65487  0  0  -0.0859197  -0.775438
8.16814  0  0  -0.0473448  -0.577941
10.6814  0  0  -0.0284959  -0.454619
14.4513  0  0  -0.0153309  -0.341535
33.3009  0  0  -0.00262391  -0.149898
-29.531  0  3.14159  0  0.169504
-14.4513  0  3.14159  0  0.346067
-8.16814  0  3.14159  0  0.598308
-5.65487  0  3.14159  0  0.822511
-4.39823  0  3.14159  0  0.999032
-3.14159  0  3.14159  0  1.26146
-1.88496  0  3.14159  0  1.74026
-0.628319  0  3.14159  0  3.94192
0.628319  0  3.14159  0  -3.94192
1.88496  0  3.14159  0  -1.74026
3.14159  0  3.14159  0  -1.26146
4.39823  0  3.14159  0  -0.999032
5.65487  0  3.14159  0  -0.822511
8.16814  0  3.14159  0  -0.598307
10.6814  0  3.14159  0  -0.465007
14.4513  0  3.14159  0  -0.346069
33.3009  0  3.14159  0  -0.15028
-29.531  3.14159  0  0  0.169504
-14.4513  3.14159  0  0  0.346067
-8.16814  3.14159  0  0  0.598308
-5.65487  3.14159  0  0  0.822511
-4.39823  3.14159  0  0  0.999032
-3.14159  3.14159  0  0  1.26146
-1.88496  3.14159  0  0  1.74026
-0.628319  3.14159  0  0  3.94192
0.628319  3.14159  0  0  -3.94192
1.88496  3.14159  0  0  -1.74026
3.14159  3.14159  0  0  -1.26146
4.39823  3.14159  0  0  -0.999032
5.65487  3.14159  0  0  -0.822511
8.16814  3.14159  0  0  -0.598307
10.6814  3.14159  0  0  -0.465007
14.4513  3.14159  0  0  -0.346069
33.3009  3.14159  0  0  -0.15028
-29.531  3.14159  3.14159  0.00331223  0.16896
-14.4513  3.14159  3.14159  0.015098  0.341567
-8.16814  3.14159  3.14159  0.0467764  0.5781
-5.65487  3.14159  3.14159  0.0850957  0.775773
-4.39823  3.14159  3.14159  0.118705  0.916984
-3.14159  3.14159  3.14159  0.168885  1.0816
-1.88496  3.14159  3.14159  0.242601  1.18354
-0.628319  3.14159  3.14159  0.33588  0.791934
0.628319  3.14159  3.14159  0.33588  -0.791934
1.88496  3.14159  3.14159  0.242601  -1.18354
3.14159  3.14159  3.14159  0.168885  -1.0816
4.39823  3.14159  3.14159  0.118705  -0.916984
5.65487  3.14159  3.14159  0.0850958  -0.775773
8.16814  3.14159  3.14159  0.0467765  -0.578099
10.6814  3.14159  3.14159  0.0281092  -0.454698
14.4513  3.14159  3.14159  0.015098  -0.341568
33.3009  3.14159  3.14159  0.00257615  -0.149901
