-29.531  0  0  0.000430521  -0.263413
-14.4513  0  0  0.000693552  -0.492227
-8.16814  0  0  0.00123791  -0.725187
-5.65487  0  0  0.00582493  -0.85145
-4.39823  0  0  0.0136912  -0.901417
-3.14159  0  0  0.0313057  -0.903906
-1.88496  0  0  0.0669023  -0.785225
-0.628319  0  0  0.121154  -0.411269
0.628319  0  0  0.121154  0.411269
1.88496  0  0  0.0669022  0.785225
3.14159  0  0  0.0313056  0.903906
4.39823  0  0  0.0136912  0.901417
5.65487  0  0  0.00582505  0.85145
8.16814  0  0  0.00123867  0.725187
10.6814  0  0  0.000665176  0.614972
14.4513  0  0  0.000693104  0.492227
33.3009  0  0  0.000361824  0.235206
-29.531  0  3.14159  0  -0.264461
-14.4513  0  3.14159  0  -0.501882
-8.16814  0  3.14159  0  -0.781521
-5.65487  0  3.14159  0  -1.00932
-4.39823  0  3.14159  0  -1.19209
-3.14159  0  3.14159  0  -1.47427
-1.88496  0  3.14159  0  -1.9701
-0.628319  0  3.14159  0  -2.02112
0.628319  0  3.14159  0  2.02112
1.88496  0  3.14159  0  1.9701
3.14159  0  3.14159  0  1.47427
4.39823  0  3.14159  0  1.19209
5.65487  0  3.14159  0  1.00932
8.16814  0  3.14159  0  0.781521
10.6814  0  3.14159  0  0.639843
14.4513  0  3.14159  0  0.501882
33.3009  0  3.14159  0  0.235932
-29.531  3.14159  0  0  -0.264461
-14.4513  3.14159  0  0  -0.501882
-8.16814  3.14159  0  0  -0.781521
-5.65487  3.14159  0  0  -1.00932
-4.39823  3.14159  0  0  -1.19209
-3.14159  3.14159  0  0  -1.47427
-1.88496  3.14159  0  0  -1.9701
-0.628319  3.14159  0  0  -2.02112
0.628319  3.14159  0  0  2.02112
1.88496  3.14159  0  0  1.9701
3.14159  3.14159  0  0  1.47427
4.39823  3.14159  0  0  1.19209
5.65487  3.14159  0  0  1.00932
8.16814  3.14159  0  0  0.781521
10.6814  3.14159  0  0  0.639843
14.4513  3.14159  0  0  0.501882
33.3009  3.14159  0  0  0.235932
-29.531  3.14159  3.14159  -0.000490352  -0.263409
-14.4513  3.14159  3.14159  -0.00094049  -0.492201
-8.16814  3.14159  3.14159  -0.00185961  -0.725086
-5.65487  3.14159  3.14159  -0.00670051  -0.851252
-4.39823  3.14159  3.14159  -0.0145742  -0.901125
-3.14159  3.14159  3.14159  -0.0317022  -0.903463
-1.88496  3.14159  3.14159  -0.0652845  -0.784563
-0.628319  3.14159  3.14159  -0.116406  -0.41048
0.628319  3.14159  3.14159  -0.116406  0.41048
1.88496  3.14159  3.14159  -0.0652846  0.784563
3.14159  3.14159  3.14159  -0.0317023  0.903463
4.39823  3.14159  3.14159  -0.0145742  0.901125
5.65487  3.14159  3.14159  -0.00670037  0.851252
8.16814  3.14159  3.14159  -0.00185882  0.725086
10.6814  3.14159  3.14159  -0.00108394  0.614916
14.4513  3.14159  3.14159  -0.000941061  0.492201
33.3009  3.14159  3.14159  -0.000411132  0.235204
