-29.531  0  0  0.000427373  -0.29932
-14.4513  0  0  0.000655758  -0.562517
-8.16814  0  0  0.00103827  -0.836498
-5.65487  0  0  0.00543728  -0.989354
-4.39823  0  0  0.0132299  -1.05188
-3.14159  0  0  0.031015  -1.05748
-1.88496  0  0  0.0677319  -0.913365
-0.628319  0  0  0.124932  -0.466917
0.628319  0  0  0.124932  0.466917
1.88496  0  0  0.0677323  0.913365
3.14159  0  0  0.0310153  1.05748
4.39823  0  0  0.0132302  1.05188
5.65487  0  0  0.00543774  0.989354
8.16814  0  0  0.00103941  0.836498
10.6814  0  0  0.000567226  0.7059
14.4513  0  0  0.000655545  0.562517
33.3009  0  0  0.000359991  0.267143
-29.531  0  3.14159  0  -0.300571
-14.4513  0  3.14159  0  -0.573984
-8.16814  0  3.14159  0  -0.903183
-5.65487  0  3.14159  0  -1.1771
-4.39823  0  3.14159  0  -1.40025
-3.14159  0  3.14159  0  -1.75159
-1.88496  0  3.14159  0  -2.41245
-0.628319  0  3.14159  0  -2.38936
0.628319  0  3.14159  0  2.38936
1.88496  0  3.14159  0  2.41245
3.14159  0  3.14159  0  1.75159
4.39823  0  3.14159  0  1.40025
5.65487  0  3.14159  0  1.1771
8.16814  0  3.14159  0  0.903184
10.6814  0  3.14159  0  0.735362
14.4513  0  3.14159  0  0.573985
33.3009  0  3.14159  0  0.268009
-29.531  3.14159  0  0  -0.300571
-14.4513  3.14159  0  0  -0.573984
-8.16814  3.14159  0  0  -0.903183
-5.65487  3.14159  0  0  -1.1771
-4.39823  3.14159  0  0  -1.40025
-3.14159  3.14159  0  0  -1.75159
-1.88496  3.14159  0  0  -2.41245
-0.628319  3.14159  0  0  -2.38936
0.628319  3.14159  0  0  2.38936
1.88496  3.14159  0  0  2.41245
3.14159  3.14159  0  0  1.75159
4.39823  3.14159  0  0  1.40025
5.65487  3.14159  0  0  1.1771
8.16814  3.14159  0  0  0.903184
10.6814  3.14159  0  0  0.735362
14.4513  3.14159  0  0  0.573985
33.3009  3.14159  0  0  0.268009
-29.531  3.14159  3.14159  -0.000500573  -0.299316
-14.4513  3.14159  3.14159  -0.000951889  -0.562488
-8.16814  3.14159  3.14159  -0.00178004  -0.836388
-5.65487  3.14159  3.14159  -0.00648746  -0.989137
-4.39823  3.14159  3.14159  -0.0142993  -1.05156
-3.14159  3.14159  3.14159  -0.0315282  -1.057
-1.88496  3.14159  3.14159  -0.0658191  -0.912638
-0.628319  3.14159  3.14159  -0.119074  -0.465919
0.628319  3.14159  3.14159  -0.119074  0.46592
1.88496  3.14159  3.14159  -0.0658187  0.912639
3.14159  3.14159  3.14159  -0.0315278  1.057
4.39823  3.14159  3.14159  -0.0142989  1.05156
5.65487  3.14159  3.14159  -0.00648697  0.989137
8.16814  3.14159  3.14159  -0.00177896  0.836388
10.6814  3.14159  3.14159  -0.00106675  0.70584
14.4513  3.14159  3.14159  -0.000952189  0.562489
33.3009  3.14159  3.14159  -0.00041935  0.26714
