-29.531  0  0  -0.00797561  0.346549
-14.4513  0  0  -0.0327731  0.685608
-8.16814  0  0  -0.0957873  1.15084
-5.65487  0  0  -0.18086  1.52893
-4.39823  0  0  -0.266779  1.792
-3.14159  0  0  -0.405285  2.12126
-1.88496  0  0  -0.645354  2.33198
-0.628319  0  0  -1.01319  1.61304
0.628319  0  0  -1.00345  -1.61575
1.88496  0  0  -0.64563  -2.33649
3.14159  0  0  -0.402593  -2.12072
4.39823  0  0  -0.264444  -1.79103
5.65487  0  0  -0.182137  -1.52849
8.16814  0  0  -0.0971216  -1.15115
10.6814  0  0  -0.0588227  -0.904215
14.4513  0  0  -0.0333356  -0.685733
33.3009  0  0  -0.00612137  -0.303102
-29.531  0  3.14159  0  0.341802
-14.4513  0  3.14159  0  0.691031
-8.16814  0  3.14159  0  1.22965
-5.65487  0  3.14159  0  1.71012
-4.39823  0  3.14159  0  2.21691
-3.14159  0  3.14159  0  2.97768
-1.88496  0  3.14159  0  4.5657
-0.628319  0  3.14159  0  12.1785
0.628319  0  3.14159  0  -12.1725
1.88496  0  3.14159  0  -4.55972
3.14159  0  3.14159  0  -2.97834
4.39823  0  3.14159  0  -2.21678
5.65487  0  3.14159  0  -1.71094
8.16814  0  3.14159  0  -1.22909
10.6814  0  3.14159  0  -0.93861
14.4513  0  3.14159  0  -0.690805
33.3009  0  3.14159  0  -0.31533
-29.531  3.14159  0  0  0.341802
-14.4513  3.14159  0  0  0.691031
-8.16814  3.14159  0  0  1.22965
-5.65487  3.14159  0  0  1.71012
-4.39823  3.14159  0  0  2.21691
-3.14159  3.14159  0  0  2.97768
-1.88496  3.14159  0  0  4.5657
-0.628319  3.14159  0  0  12.1785
0.628319  3.14159  0  0  -12.1725
1.88496  3.14159  0  0  -4.55972
3.14159  3.14159  0  0  -2.97834
4.39823  3.14159  0  0  -2.21678
5.65487  3.14159  0  0  -1.71094
8.16814  3.14159  0  0  -1.22909
10.6814  3.14159  0  0  -0.93861
14.4513  3.14159  0  0  -0.690805
33.3009  3.14159  0  0  -0.31533
-29.531  3.14159  3.14159  0.00782158  0.346559
-14.4513  3.14159  3.14159  0.0318317  0.685729
-8.16814  3.14159  3.14159  0.0943775  1.1514
-5.65487  3.14159  3.14159  0.177545  1.53036
-4.39823  3.14159  3.14159  0.259998  1.79436
-3.14159  3.14159  3.14159  0.411542  2.12538
-1.88496  3.14159  3.14159  0.67575  2.33906
-0.628319  3.14159  3.14159  1.04245  1.62278
0.628319  3.14159  3.14159  1.0523  -1.62552
1.88496  3.14159  3.14159  0.67547  -2.34362
3.14159  3.14159  3.14159  0.41426  -2.12484
4.39823  3.14159  3.14159  0.262348  -1.79338
5.65487  3.14159  3.14159  0.176252  -1.52992
8.16814  3.14159  3.14159  0.0930336  -1.15172
10.6814  3.14159  3.14159  0.0567094  -0.904514
14.4513  3.14159  3.14159  0.0312604  -0.685855
33.3009  3.14159  3.14159  0.00632437  -0.303113
