-29.531  0  0  9.16283e-05  -0.00401861
-14.4513  0  0  0.00131795  -0.0285351
-8.16814  0  0  0.00784771  -0.110731
-5.65487  0  0  0.0196193  -0.229403
-4.39823  0  0  0.0333934  -0.348593
-3.14159  0  0  0.061891  -0.542576
-1.88496  0  0  0.129208  -0.794855
-0.628319  0  0  0.277883  -0.682925
0.628319  0  0  0.277883  0.682925
1.88496  0  0  0.129208  0.794855
3.14159  0  0  0.0618906  0.542576
4.39823  0  0  0.0333932  0.348593
5.65487  0  0  0.0196192  0.229403
8.16814  0  0  0.00784763  0.110731
10.6814  0  0  0.00357413  0.0603367
14.4513  0  0  0.00131789  0.0285352
33.3009  0  0  5.7123e-05  0.00284316
-29.531  0  3.14159  0  -0.00401218
-14.4513  0  3.14159  0  -0.0283842
-8.16814  0  3.14159  0  -0.109108
-5.65487  0  3.14159  0  -0.223694
-4.39823  0  3.14159  0  -0.340169
-3.14159  0  3.14159  0  -0.553078
-1.88496  0  3.14159  0  -1.04591
-0.628319  0  3.14159  0  -4.52846
0.628319  0  3.14159  0  4.52846
1.88496  0  3.14159  0  1.04591
3.14159  0  3.14159  0  0.553079
4.39823  0  3.14159  0  0.340169
5.65487  0  3.14159  0  0.223694
8.16814  0  3.14159  0  0.109108
10.6814  0  3.14159  0  0.0597966
14.4513  0  3.14159  0  0.0283841
33.3009  0  3.14159  0  0.00283947
-29.531  3.14159  0  0  -0.00401218
-14.4513  3.14159  0  0  -0.0283842
-8.16814  3.14159  0  0  -0.109108
-5.65487  3.14159  0  0  -0.223694
-4.39823  3.14159  0  0  -0.340169
-3.14159  3.14159  0  0  -0.553078
-1.88496  3.14159  0  0  -1.04591
-0.628319  3.14159  0  0  -4.52846
0.628319  3.14159  0  0  4.52846
1.88496  3.14159  0  0  1.04591
3.14159  3.14159  0  0  0.553079
4.39823  3.14159  0  0  0.340169
5.65487  3.14159  0  0  0.223694
8.16814  3.14159  0  0  0.109108
10.6814  3.14159  0  0  0.0597966
14.4513  3.14159  0  0  0.0283841
33.3009  3.14159  0  0  0.00283947
-29.531  3.14159  3.14159  -9.21425e-05  -0.00401865
-14.4513  3.14159  3.14159  -0.00129772  -0.028537
-8.16814  3.14159  3.14159  -0.00771184  -0.110743
-5.65487  3.14159  3.14159  -0.0192735  -0.22942
-4.39823  3.14159  3.14159  -0.0328034  -0.348602
-3.14159  3.14159  3.14159  -0.0608736  -0.54255
-1.88496  3.14159  3.14159  -0.127811  -0.794742
-0.628319  3.14159  3.14159  -0.279245  -0.682666
0.628319  3.14159  3.14159  -0.279245  0.682667
1.88496  3.14159  3.14159  -0.127811  0.794742
3.14159  3.14159  3.14159  -0.0608741  0.542551
4.39823  3.14159  3.14159  -0.0328037  0.348602
5.65487  3.14159  3.14159  -0.0192736  0.22942
8.16814  3.14159  3.14159  -0.00771192  0.110743
10.6814  3.14159  3.14159  -0.00351377  0.0603425
14.4513  3.14159  3.14159  -0.00129777  0.028537
33.3009  3.14159  3.14159  -5.79562e-05  0.00284317
