-29.531  0  0  0.00332659  -0.174143
-14.4513  0  0  0.0151497  -0.351872
-8.16814  0  0  0.0468994  -0.595232
-5.65487  0  0  0.085316  -0.798773
-4.39823  0  0  0.119074  -0.944536
-3.14159  0  0  0.169624  -1.11538
-1.88496  0  0  0.243984  -1.22361
-0.628319  0  0  0.335324  -0.820651
0.628319  0  0  0.335324  0.820651
1.88496  0  0  0.243984  1.22361
3.14159  0  0  0.169624  1.11538
4.39823  0  0  0.119074  0.944536
5.65487  0  0  0.0853162  0.798773
8.16814  0  0  0.046899  0.595232
10.6814  0  0  0.0281934  0.468276
14.4513  0  0  0.0151506  0.351871
33.3009  0  0  0.00258676  0.154505
-29.531  0  3.14159  0  -0.174723
-14.4513  0  3.14159  0  -0.356673
-8.16814  0  3.14159  0  -0.616893
-5.65487  0  3.14159  0  -0.849066
-4.39823  0  3.14159  0  -1.03276
-3.14159  0  3.14159  0  -1.30745
-1.88496  0  3.14159  0  -1.81079
-0.628319  0  3.14159  0  -4.24969
0.628319  0  3.14159  0  4.24969
1.88496  0  3.14159  0  1.81079
3.14159  0  3.14159  0  1.30745
4.39823  0  3.14159  0  1.03276
5.65487  0  3.14159  0  0.849066
8.16814  0  3.14159  0  0.616894
10.6814  0  3.14159  0  0.479293
14.4513  0  3.14159  0  0.356671
33.3009  0  3.14159  0  0.154908
-29.531  3.14159  0  0  -0.174723
-14.4513  3.14159  0  0  -0.356673
-8.16814  3.14159  0  0  -0.616893
-5.65487  3.14159  0  0  -0.849066
-4.39823  3.14159  0  0  -1.03276
-3.14159  3.14159  0  0  -1.30745
-1.88496  3.14159  0  0  -1.81079
-0.628319  3.14159  0  0  -4.24969
0.628319  3.14159  0  0  4.24969
1.88496  3.14159  0  0  1.81079
3.14159  3.14159  0  0  1.30745
4.39823  3.14159  0  0  1.03276
5.65487  3.14159  0  0  0.849066
8.16814  3.14159  0  0  0.616894
10.6814  3.14159  0  0  0.479293
14.4513  3.14159  0  0  0.356671
33.3009  3.14159  0  0  0.154908
-29.531  3.14159  3.14159  -0.00337434  -0.174142
-14.4513  3.14159  3.14159  -0.0153169  -0.35187
-8.16814  3.14159  3.14159  -0.0472399  -0.595219
-5.65487  3.14159  3.14159  -0.0856746  -0.798672
-4.39823  3.14159  3.14159  -0.119235  -0.944273
-3.14159  3.14159  3.14159  -0.169098  -1.11475
-1.88496  3.14159  3.14159  -0.242082  -1.22231
-0.628319  3.14159  3.14159  -0.335003  -0.81867
0.628319  3.14159  3.14159  -0.335003  0.81867
1.88496  3.14159  3.14159  -0.242082  1.22231
3.14159  3.14159  3.14159  -0.169098  1.11475
4.39823  3.14159  3.14159  -0.119235  0.944273
5.65487  3.14159  3.14159  -0.0856744  0.798672
8.16814  3.14159  3.14159  -0.0472403  0.59522
10.6814  3.14159  3.14159  -0.0284489  0.468274
14.4513  3.14159  3.14159  -0.0153163  0.351869
33.3009  3.14159  3.14159  -0.00262573  0.154504
