-29.531  0  0  -0.00337034  0.167686
-14.4513  0  0  -0.0153251  0.339004
-8.16814  0  0  -0.0473392  0.573722
-5.65487  0  0  -0.0859175  0.769761
-4.39823  0  0  -0.119604  0.909677
-3.14159  0  0  -0.169533  1.0725
-1.88496  0  0  -0.241723  1.17256
-0.628319  0  0  -0.328888  0.783572
0.628319  0  0  -0.328888  -0.783572
1.88496  0  0  -0.241723  -1.17256
3.14159  0  0  -0.169533  -1.0725
4.39823  0  0  -0.119604  -0.909676
5.65487  0  0  -0.0859175  -0.769761
8.16814  0  0  -0.0473392  -0.573721
10.6814  0  0  -0.0284891  -0.451279
14.4513  0  0  -0.0153248  -0.339004
33.3009  0  0  -0.00262197  -0.148769
-29.531  0  3.14159  0  0.168224
-14.4513  0  3.14159  0  0.343467
-8.16814  0  3.14159  0  0.593752
-5.65487  0  3.14159  0  0.816004
-4.39823  0  3.14159  0  0.990764
-3.14159  0  3.14159  0  1.25018
-1.88496  0  3.14159  0  1.72272
-0.628319  0  3.14159  0  3.86715
0.628319  0  3.14159  0  -3.86715
1.88496  0  3.14159  0  -1.72272
3.14159  0  3.14159  0  -1.25018
4.39823  0  3.14159  0  -0.990763
5.65487  0  3.14159  0  -0.816004
8.16814  0  3.14159  0  -0.593751
10.6814  0  3.14159  0  -0.461505
14.4513  0  3.14159  0  -0.343469
33.3009  0  3.14159  0  -0.149144
-29.531  3.14159  0  0  0.168224
-14.4513  3.14159  0  0  0.343467
-8.16814  3.14159  0  0  0.593752
-5.65487  3.14159  0  0  0.816004
-4.39823  3.14159  0  0  0.990764
-3.14159  3.14159  0  0  1.25018
-1.88496  3.14159  0  0  1.72272
-0.628319  3.14159  0  0  3.86715
0.628319  3.14159  0  0  -3.86715
1.88496  3.14159  0  0  -1.72272
3.14159  3.14159  0  0  -1.25018
4.39823  3.14159  0  0  -0.990763
5.65487  3.14159  0  0  -0.816004
8.16814  3.14159  0  0  -0.593751
10.6814  3.14159  0  0  -0.461505
14.4513  3.14159  0  0  -0.343469
33.3009  3.14159  0  0  -0.149144
-29.531  3.14159  3.14159  0.00331049  0.167689
-14.4513  3.14159  3.14159  0.0150943  0.339037
-8.16814  3.14159  3.14159  0.0467772  0.573879
-5.65487  3.14159  3.14159  0.085104  0.770095
-4.39823  3.14159  3.14159  0.118712  0.910174
-3.14159  3.14159  3.14159  0.168857  1.07324
-1.88496  3.14159  3.14159  0.242421  1.17361
-0.628319  3.14159  3.14159  0.335192  0.784789
0.628319  3.14159  3.14159  0.335192  -0.784789
1.88496  3.14159  3.14159  0.242421  -1.17361
3.14159  3.14159  3.14159  0.168858  -1.07324
4.39823  3.14159  3.14159  0.118712  -0.910174
5.65487  3.14159  3.14159  0.0851042  -0.770095
8.16814  3.14159  3.14159  0.0467773  -0.573878
10.6814  3.14159  3.14159  0.0281064  -0.451359
14.4513  3.14159  3.14159  0.0150943  -0.339038
33.3009  3.14159  3.14159  0.00257475  -0.148771
