-29.531  0  0  -0.0125227  0.205982
-14.4513  0  0  -0.043075  0.390935
-8.16814  0  0  -0.091381  0.594021
-5.65487  0  0  -0.126994  0.724932
-4.39823  0  0  -0.148452  0.798187
-3.14159  0  0  -0.170366  0.85621
-1.88496  0  0  -0.189032  0.826005
-0.628319  0  0  -0.198516  0.471906
0.628319  0  0  -0.198516  -0.471906
1.88496  0  0  -0.189032  -0.826005
3.14159  0  0  -0.170366  -0.856211
4.39823  0  0  -0.148453  -0.798187
5.65487  0  0  -0.126994  -0.724933
8.16814  0  0  -0.0913809  -0.594022
10.6814  0  0  -0.0663952  -0.494933
14.4513  0  0  -0.0430744  -0.390941
33.3009  0  0  -0.00999835  -0.183696
-29.531  0  3.14159  0  0.205925
-14.4513  0  3.14159  0  0.389383
-8.16814  0  3.14159  0  0.58244
-5.65487  0  3.14159  0  0.697562
-4.39823  0  3.14159  0  0.760927
-3.14159  0  3.14159  0  0.826795
-1.88496  0  3.14159  0  0.908905
-0.628319  0  3.14159  0  1.74649
0.628319  0  3.14159  0  -1.74649
1.88496  0  3.14159  0  -0.908906
3.14159  0  3.14159  0  -0.826796
4.39823  0  3.14159  0  -0.760927
5.65487  0  3.14159  0  -0.697563
8.16814  0  3.14159  0  -0.58244
10.6814  0  3.14159  0  -0.490026
14.4513  0  3.14159  0  -0.389389
33.3009  0  3.14159  0  -0.183665
-29.531  3.14159  0  0  0.205925
-14.4513  3.14159  0  0  0.389383
-8.16814  3.14159  0  0  0.58244
-5.65487  3.14159  0  0  0.697562
-4.39823  3.14159  0  0  0.760927
-3.14159  3.14159  0  0  0.826795
-1.88496  3.14159  0  0  0.908905
-0.628319  3.14159  0  0  1.74649
0.628319  3.14159  0  0  -1.74649
1.88496  3.14159  0  0  -0.908906
3.14159  3.14159  0  0  -0.826796
4.39823  3.14159  0  0  -0.760927
5.65487  3.14159  0  0  -0.697563
8.16814  3.14159  0  0  -0.58244
10.6814  3.14159  0  0  -0.490026
14.4513  3.14159  0  0  -0.389389
33.3009  3.14159  0  0  -0.183665
-29.531  3.14159  3.14159  0.0124324  0.206004
-14.4513  3.14159  3.14159  0.0427922  0.391064
-8.16814  3.14159  3.14159  0.0908966  0.594359
-5.65487  3.14159  3.14159  0.126469  0.725399
-4.39823  3.14159  3.14159  0.148009  0.798697
-3.14159  3.14159  3.14159  0.17027  0.856707
-1.88496  3.14159  3.14159  0.190087  0.826388
-0.628319  3.14159  3.14159  0.203745  0.472053
0.628319  3.14159  3.14159  0.203745  -0.472054
1.88496  3.14159  3.14159  0.190087  -0.826389
3.14159  3.14159  3.14159  0.17027  -0.856708
4.39823  3.14159  3.14159  0.148009  -0.798697
5.65487  3.14159  3.14159  0.126469  -0.7254
8.16814  3.14159  3.14159  0.0908968  -0.59436
10.6814  3.14159  3.14159  0.0660009  -0.495163
14.4513  3.14159  3.14159  0.042793  -0.39107
33.3009  3.14159  3.14159  0.00991991  -0.183712
