-29.531  0  0  0.000427698  -0.293351
-14.4513  0  0  0.00066157  -0.550829
-8.16814  0  0  0.00106981  -0.817969
-5.65487  0  0  0.00549878  -0.966366
-4.39823  0  0  0.0133035  -1.02677
-3.14159  0  0  0.0310636  -1.03181
-1.88496  0  0  0.0676088  -0.89198
-0.628319  0  0  0.12435  -0.457709
0.628319  0  0  0.12435  0.457709
1.88496  0  0  0.0676092  0.89198
3.14159  0  0  0.031064  1.03181
4.39823  0  0  0.0133039  1.02677
5.65487  0  0  0.00549931  0.966366
8.16814  0  0  0.00107095  0.817969
10.6814  0  0  0.000582682  0.690773
14.4513  0  0  0.000661471  0.550829
33.3009  0  0  0.000360326  0.261834
-29.531  0  3.14159  0  -0.294568
-14.4513  0  3.14159  0  -0.561993
-8.16814  0  3.14159  0  -0.882925
-5.65487  0  3.14159  0  -1.14913
-4.39823  0  3.14159  0  -1.3655
-3.14159  0  3.14159  0  -1.70521
-1.88496  0  3.14159  0  -2.33725
-0.628319  0  3.14159  0  -2.32816
0.628319  0  3.14159  0  2.32816
1.88496  0  3.14159  0  2.33725
3.14159  0  3.14159  0  1.70521
4.39823  0  3.14159  0  1.3655
5.65487  0  3.14159  0  1.14913
8.16814  0  3.14159  0  0.882926
10.6814  0  3.14159  0  0.719469
14.4513  0  3.14159  0  0.561994
33.3009  0  3.14159  0  0.262677
-29.531  3.14159  0  0  -0.294568
-14.4513  3.14159  0  0  -0.561993
-8.16814  3.14159  0  0  -0.882925
-5.65487  3.14159  0  0  -1.14913
-4.39823  3.14159  0  0  -1.3655
-3.14159  3.14159  0  0  -1.70521
-1.88496  3.14159  0  0  -2.33725
-0.628319  3.14159  0  0  -2.32816
0.628319  3.14159  0  0  2.32816
1.88496  3.14159  0  0  2.33725
3.14159  3.14159  0  0  1.70521
4.39823  3.14159  0  0  1.3655
5.65487  3.14159  0  0  1.14913
8.16814  3.14159  0  0  0.882926
10.6814  3.14159  0  0  0.719469
14.4513  3.14159  0  0  0.561994
33.3009  3.14159  0  0  0.262677
-29.531  3.14159  3.14159  -0.000499132  -0.293347
-14.4513  3.14159  3.14159  -0.000950227  -0.550801
-8.16814  3.14159  3.14159  -0.00179234  -0.817863
-5.65487  3.14159  3.14159  -0.00652002  -0.966156
-4.39823  3.14159  3.14159  -0.0143412  -1.02646
-3.14159  3.14159  3.14159  -0.0315548  -1.03135
-1.88496  3.14159  3.14159  -0.0657347  -0.891276
-0.628319  3.14159  3.14159  -0.118659  -0.456804
0.628319  3.14159  3.14159  -0.118658  0.456804
1.88496  3.14159  3.14159  -0.0657343  0.891277
3.14159  3.14159  3.14159  -0.0315544  1.03135
4.39823  3.14159  3.14159  -0.0143408  1.02646
5.65487  3.14159  3.14159  -0.00651948  0.966157
8.16814  3.14159  3.14159  -0.00179117  0.817863
10.6814  3.14159  3.14159  -0.00106936  0.690715
14.4513  3.14159  3.14159  -0.000950467  0.550801
33.3009  3.14159  3.14159  -0.000418064  0.261832
