-29.531  0  0  -0.00335723  0.16073
-14.4513  0  0  -0.0152911  0.325156
-8.16814  0  0  -0.0473097  0.550619
-5.65487  0  0  -0.0859087  0.738652
-4.39823  0  0  -0.119573  0.872326
-3.14159  0  0  -0.1693  1.02657
-1.88496  0  0  -0.240601  1.11771
-0.628319  0  0  -0.325498  0.743538
0.628319  0  0  -0.325498  -0.743538
1.88496  0  0  -0.240601  -1.11771
3.14159  0  0  -0.169299  -1.02657
4.39823  0  0  -0.119573  -0.872326
5.65487  0  0  -0.0859084  -0.738652
8.16814  0  0  -0.0473097  -0.550618
10.6814  0  0  -0.0284515  -0.433006
14.4513  0  0  -0.0152909  -0.325157
33.3009  0  0  -0.00261119  -0.142589
-29.531  0  3.14159  0  0.161222
-14.4513  0  3.14159  0  0.329243
-8.16814  0  3.14159  0  0.568829
-5.65487  0  3.14159  0  0.780401
-4.39823  0  3.14159  0  0.945532
-3.14159  0  3.14159  0  1.18845
-1.88496  0  3.14159  0  1.62663
-0.628319  0  3.14159  0  3.46108
0.628319  0  3.14159  0  -3.46108
1.88496  0  3.14159  0  -1.62663
3.14159  0  3.14159  0  -1.18845
4.39823  0  3.14159  0  -0.945532
5.65487  0  3.14159  0  -0.780401
8.16814  0  3.14159  0  -0.568828
10.6814  0  3.14159  0  -0.442346
14.4513  0  3.14159  0  -0.329244
33.3009  0  3.14159  0  -0.142931
-29.531  3.14159  0  0  0.161222
-14.4513  3.14159  0  0  0.329243
-8.16814  3.14159  0  0  0.568829
-5.65487  3.14159  0  0  0.780401
-4.39823  3.14159  0  0  0.945532
-3.14159  3.14159  0  0  1.18845
-1.88496  3.14159  0  0  1.62663
-0.628319  3.14159  0  0  3.46108
0.628319  3.14159  0  0  -3.46108
1.88496  3.14159  0  0  -1.62663
3.14159  3.14159  0  0  -1.18845
4.39823  3.14159  0  0  -0.945532
5.65487  3.14159  0  0  -0.780401
8.16814  3.14159  0  0  -0.568828
10.6814  3.14159  0  0  -0.442346
14.4513  3.14159  0  0  -0.329244
33.3009  3.14159  0  0  -0.142931
-29.531  3.14159  3.14159  0.00330059  0.160733
-14.4513  3.14159  3.14159  0.0150731  0.32519
-8.16814  3.14159  3.14159  0.0467807  0.550776
-5.65487  3.14159  3.14159  0.085148  0.738986
-4.39823  3.14159  3.14159  0.118745  0.872821
-3.14159  3.14159  3.14159  0.168688  1.0273
-1.88496  3.14159  3.14159  0.241302  1.11874
-0.628319  3.14159  3.14159  0.331318  0.744666
0.628319  3.14159  3.14159  0.331318  -0.744666
1.88496  3.14159  3.14159  0.241302  -1.11874
3.14159  3.14159  3.14159  0.168689  -1.0273
4.39823  3.14159  3.14159  0.118745  -0.872821
5.65487  3.14159  3.14159  0.0851483  -0.738985
8.16814  3.14159  3.14159  0.046781  -0.550775
10.6814  3.14159  3.14159  0.0280904  -0.433085
14.4513  3.14159  3.14159  0.0150731  -0.32519
33.3009  3.14159  3.14159  0.00256672  -0.142591
