-29.531  0  0  -0.00680428  0.268471
-14.4513  0  0  -0.0278543  0.536025
-8.16814  0  0  -0.0821442  0.898799
-5.65487  0  0  -0.155134  1.2001
-4.39823  0  0  -0.22801  1.41454
-3.14159  0  0  -0.350202  1.6735
-1.88496  0  0  -0.559112  1.85287
-0.628319  0  0  -0.863587  1.29637
0.628319  0  0  -0.861587  -1.2969
1.88496  0  0  -0.559221  -1.85366
3.14159  0  0  -0.349701  -1.67333
4.39823  0  0  -0.227676  -1.41434
5.65487  0  0  -0.155436  -1.20001
8.16814  0  0  -0.0824042  -0.898863
10.6814  0  0  -0.0499993  -0.708951
14.4513  0  0  -0.0279961  -0.536053
33.3009  0  0  -0.00532887  -0.23743
-29.531  0  3.14159  0  0.268666
-14.4513  0  3.14159  0  0.547548
-8.16814  0  3.14159  0  0.959866
-5.65487  0  3.14159  0  1.35543
-4.39823  0  3.14159  0  1.70783
-3.14159  0  3.14159  0  2.28265
-1.88496  0  3.14159  0  3.44921
-0.628319  0  3.14159  0  8.39249
0.628319  0  3.14159  0  -8.39211
1.88496  0  3.14159  0  -3.4488
3.14159  0  3.14159  0  -2.28268
4.39823  0  3.14159  0  -1.70781
5.65487  0  3.14159  0  -1.35548
8.16814  0  3.14159  0  -0.959827
10.6814  0  3.14159  0  -0.737785
14.4513  0  3.14159  0  -0.547534
33.3009  0  3.14159  0  -0.2395
-29.531  3.14159  0  0  0.268666
-14.4513  3.14159  0  0  0.547548
-8.16814  3.14159  0  0  0.959866
-5.65487  3.14159  0  0  1.35543
-4.39823  3.14159  0  0  1.70783
-3.14159  3.14159  0  0  2.28265
-1.88496  3.14159  0  0  3.44921
-0.628319  3.14159  0  0  8.39249
0.628319  3.14159  0  0  -8.39211
1.88496  3.14159  0  0  -3.4488
3.14159  3.14159  0  0  -2.28268
4.39823  3.14159  0  0  -1.70781
5.65487  3.14159  0  0  -1.35548
8.16814  3.14159  0  0  -0.959827
10.6814  3.14159  0  0  -0.737785
14.4513  3.14159  0  0  -0.547534
33.3009  3.14159  0  0  -0.2395
-29.531  3.14159  3.14159  0.00668565  0.268477
-14.4513  3.14159  3.14159  0.027442  0.536082
-8.16814  3.14159  3.14159  0.0813291  0.899069
-5.65487  3.14159  3.14159  0.153559  1.20077
-4.39823  3.14159  3.14159  0.225555  1.41565
-3.14159  3.14159  3.14159  0.350976  1.67543
-1.88496  3.14159  3.14159  0.566843  1.85613
-0.628319  3.14159  3.14159  0.877532  1.3007
0.628319  3.14159  3.14159  0.879559  -1.30124
1.88496  3.14159  3.14159  0.566733  -1.85693
3.14159  3.14159  3.14159  0.351484  -1.67525
4.39823  3.14159  3.14159  0.225892  -1.41545
5.65487  3.14159  3.14159  0.153253  -1.20068
8.16814  3.14159  3.14159  0.0810665  -0.899134
10.6814  3.14159  3.14159  0.0491065  -0.709089
14.4513  3.14159  3.14159  0.0272974  -0.536111
33.3009  3.14159  3.14159  0.0052955  -0.237435
