-29.531  0  0  0.00042821  -0.288252
-14.4513  0  0  0.00066686  -0.540844
-8.16814  0  0  0.0010976  -0.802147
-5.65487  0  0  0.00555312  -0.946748
-4.39823  0  0  0.0133689  -1.00535
-3.14159  0  0  0.0311082  -1.00994
-1.88496  0  0  0.0675039  -0.873747
-0.628319  0  0  0.123835  -0.449842
0.628319  0  0  0.123835  0.449842
1.88496  0  0  0.0675042  0.873747
3.14159  0  0  0.0311085  1.00994
4.39823  0  0  0.0133692  1.00535
5.65487  0  0  0.00555351  0.946749
8.16814  0  0  0.00109862  0.802147
10.6814  0  0  0.000596245  0.677854
14.4513  0  0  0.000666649  0.540844
33.3009  0  0  0.000360554  0.257299
-29.531  0  3.14159  0  -0.28944
-14.4513  0  3.14159  0  -0.55175
-8.16814  0  3.14159  0  -0.865631
-5.65487  0  3.14159  0  -1.12526
-4.39823  0  3.14159  0  -1.33586
-3.14159  0  3.14159  0  -1.66563
-1.88496  0  3.14159  0  -2.27358
-0.628319  0  3.14159  0  -2.27587
0.628319  0  3.14159  0  2.27587
1.88496  0  3.14159  0  2.27358
3.14159  0  3.14159  0  1.66563
4.39823  0  3.14159  0  1.33586
5.65487  0  3.14159  0  1.12526
8.16814  0  3.14159  0  0.865631
10.6814  0  3.14159  0  0.705896
14.4513  0  3.14159  0  0.551751
33.3009  0  3.14159  0  0.258122
-29.531  3.14159  0  0  -0.28944
-14.4513  3.14159  0  0  -0.55175
-8.16814  3.14159  0  0  -0.865631
-5.65487  3.14159  0  0  -1.12526
-4.39823  3.14159  0  0  -1.33586
-3.14159  3.14159  0  0  -1.66563
-1.88496  3.14159  0  0  -2.27358
-0.628319  3.14159  0  0  -2.27587
0.628319  3.14159  0  0  2.27587
1.88496  3.14159  0  0  2.27358
3.14159  3.14159  0  0  1.66563
4.39823  3.14159  0  0  1.33586
5.65487  3.14159  0  0  1.12526
8.16814  3.14159  0  0  0.865631
10.6814  3.14159  0  0  0.705896
14.4513  3.14159  0  0  0.551751
33.3009  3.14159  0  0  0.258122
-29.531  3.14159  3.14159  -0.000497671  -0.288248
-14.4513  3.14159  3.14159  -0.000948577  -0.540817
-8.16814  3.14159  3.14159  -0.00180287  -0.802043
-5.65487  3.14159  3.14159  -0.0065486  -0.946543
-4.39823  3.14159  3.14159  -0.0143777  -1.00505
-3.14159  3.14159  3.14159  -0.0315743  -1.00948
-1.88496  3.14159  3.14159  -0.0656487  -0.873055
-0.628319  3.14159  3.14159  -0.118283  -0.448983
0.628319  3.14159  3.14159  -0.118283  0.448983
1.88496  3.14159  3.14159  -0.0656484  0.873056
3.14159  3.14159  3.14159  -0.031574  1.00948
4.39823  3.14159  3.14159  -0.0143775  1.00505
5.65487  3.14159  3.14159  -0.00654818  0.946543
8.16814  3.14159  3.14159  -0.00180186  0.802043
10.6814  3.14159  3.14159  -0.0010716  0.677796
14.4513  3.14159  3.14159  -0.000948898  0.540817
33.3009  3.14159  3.14159  -0.000416937  0.257296
