-29.531  0  0  -0.00678767  0.267399
-14.4513  0  0  -0.0277855  0.533913
-8.16814  0  0  -0.0819497  0.89528
-5.65487  0  0  -0.154772  1.19546
-4.39823  0  0  -0.227472  1.40914
-3.14159  0  0  -0.349378  1.66717
-1.88496  0  0  -0.557734  1.846
-0.628319  0  0  -0.861301  1.29172
0.628319  0  0  -0.859334  -1.29224
1.88496  0  0  -0.557844  -1.84677
3.14159  0  0  -0.348886  -1.667
4.39823  0  0  -0.227149  -1.40894
5.65487  0  0  -0.15507  -1.19537
8.16814  0  0  -0.0822048  -0.895343
10.6814  0  0  -0.0498785  -0.706173
14.4513  0  0  -0.0279258  -0.53394
33.3009  0  0  -0.0053165  -0.23649
-29.531  0  3.14159  0  0.267607
-14.4513  0  3.14159  0  0.545415
-8.16814  0  3.14159  0  0.956058
-5.65487  0  3.14159  0  1.3501
-4.39823  0  3.14159  0  1.70085
-3.14159  0  3.14159  0  2.27309
-1.88496  0  3.14159  0  3.43408
-0.628319  0  3.14159  0  8.34153
0.628319  0  3.14159  0  -8.34117
1.88496  0  3.14159  0  -3.43369
3.14159  0  3.14159  0  -2.27311
4.39823  0  3.14159  0  -1.70083
5.65487  0  3.14159  0  -1.35015
8.16814  0  3.14159  0  -0.956021
10.6814  0  3.14159  0  -0.734882
14.4513  0  3.14159  0  -0.545401
33.3009  0  3.14159  0  -0.238518
-29.531  3.14159  0  0  0.267607
-14.4513  3.14159  0  0  0.545415
-8.16814  3.14159  0  0  0.956058
-5.65487  3.14159  0  0  1.3501
-4.39823  3.14159  0  0  1.70085
-3.14159  3.14159  0  0  2.27309
-1.88496  3.14159  0  0  3.43408
-0.628319  3.14159  0  0  8.34153
0.628319  3.14159  0  0  -8.34117
1.88496  3.14159  0  0  -3.43369
3.14159  3.14159  0  0  -2.27311
4.39823  3.14159  0  0  -1.70083
5.65487  3.14159  0  0  -1.35015
8.16814  3.14159  0  0  -0.956021
10.6814  3.14159  0  0  -0.734882
14.4513  3.14159  0  0  -0.545401
33.3009  3.14159  0  0  -0.238518
-29.531  3.14159  3.14159  0.00666867  0.267404
-14.4513  3.14159  3.14159  0.0273754  0.53397
-8.16814  3.14159  3.14159  0.0811359  0.895549
-5.65487  3.14159  3.14159  0.1532  1.19613
-4.39823  3.14159  3.14159  0.225032  1.41025
-3.14159  3.14159  3.14159  0.350126  1.66909
-1.88496  3.14159  3.14159  0.565391  1.84925
-0.628319  3.14159  3.14159  0.875205  1.29603
0.628319  3.14159  3.14159  0.877199  -1.29656
1.88496  3.14159  3.14159  0.565281  -1.85003
3.14159  3.14159  3.14159  0.350624  -1.66892
4.39823  3.14159  3.14159  0.225358  -1.41005
5.65487  3.14159  3.14159  0.152899  -1.19604
8.16814  3.14159  3.14159  0.0808783  -0.895613
10.6814  3.14159  3.14159  0.0489885  -0.706311
14.4513  3.14159  3.14159  0.0272324  -0.533997
33.3009  3.14159  3.14159  0.00528137  -0.236495
