-29.531  0  0  -0.00673848  0.264237
-14.4513  0  0  -0.0275824  0.527686
-8.16814  0  0  -0.0813758  0.884908
-5.65487  0  0  -0.153702  1.18179
-4.39823  0  0  -0.225883  1.39322
-3.14159  0  0  -0.346944  1.6485
-1.88496  0  0  -0.553671  1.82574
-0.628319  0  0  -0.854545  1.27798
0.628319  0  0  -0.852678  -1.27847
1.88496  0  0  -0.55378  -1.82646
3.14159  0  0  -0.346481  -1.64833
4.39823  0  0  -0.22559  -1.39304
5.65487  0  0  -0.153987  -1.18171
8.16814  0  0  -0.0816158  -0.884967
10.6814  0  0  -0.0495211  -0.697988
14.4513  0  0  -0.0277177  -0.527713
33.3009  0  0  -0.00527985  -0.233723
-29.531  0  3.14159  0  0.264486
-14.4513  0  3.14159  0  0.53912
-8.16814  0  3.14159  0  0.944828
-5.65487  0  3.14159  0  1.33438
-4.39823  0  3.14159  0  1.68027
-3.14159  0  3.14159  0  2.24493
-1.88496  0  3.14159  0  3.38949
-0.628319  0  3.14159  0  8.19174
0.628319  0  3.14159  0  -8.19141
1.88496  0  3.14159  0  -3.38913
3.14159  0  3.14159  0  -2.24495
4.39823  0  3.14159  0  -1.68026
5.65487  0  3.14159  0  -1.33443
8.16814  0  3.14159  0  -0.944793
10.6814  0  3.14159  0  -0.726321
14.4513  0  3.14159  0  -0.539107
33.3009  0  3.14159  0  -0.235632
-29.531  3.14159  0  0  0.264486
-14.4513  3.14159  0  0  0.53912
-8.16814  3.14159  0  0  0.944828
-5.65487  3.14159  0  0  1.33438
-4.39823  3.14159  0  0  1.68027
-3.14159  3.14159  0  0  2.24493
-1.88496  3.14159  0  0  3.38949
-0.628319  3.14159  0  0  8.19174
0.628319  3.14159  0  0  -8.19141
1.88496  3.14159  0  0  -3.38913
3.14159  3.14159  0  0  -2.24495
4.39823  3.14159  0  0  -1.68026
5.65487  3.14159  0  0  -1.33443
8.16814  3.14159  0  0  -0.944793
10.6814  3.14159  0  0  -0.726321
14.4513  3.14159  0  0  -0.539107
33.3009  3.14159  0  0  -0.235632
-29.531  3.14159  3.14159  0.00661861  0.264243
-14.4513  3.14159  3.14159  0.0271786  0.527743
-8.16814  3.14159  3.14159  0.0805647  0.885175
-5.65487  3.14159  3.14159  0.15214  1.18246
-4.39823  3.14159  3.14159  0.223487  1.39432
-3.14159  3.14159  3.14159  0.347611  1.65041
-1.88496  3.14159  3.14159  0.561095  1.82896
-0.628319  3.14159  3.14159  0.868327  1.28225
0.628319  3.14159  3.14159  0.870219  -1.28275
1.88496  3.14159  3.14159  0.560986  -1.82969
3.14159  3.14159  3.14159  0.34808  -1.65024
4.39823  3.14159  3.14159  0.223783  -1.39414
5.65487  3.14159  3.14159  0.151852  -1.18238
8.16814  3.14159  3.14159  0.0803224  -0.885236
10.6814  3.14159  3.14159  0.0486404  -0.698125
14.4513  3.14159  3.14159  0.0270406  -0.52777
33.3009  3.14159  3.14159  0.00523971  -0.233728
