-29.531  0  0  0.000431092  -0.256667
-14.4513  0  0  0.000700988  -0.479029
-8.16814  0  0  0.00127782  -0.70432
-5.65487  0  0  0.00590247  -0.82565
-4.39823  0  0  0.0137832  -0.873316
-3.14159  0  0  0.0313621  -0.875274
-1.88496  0  0  0.0667328  -0.761285
-0.628319  0  0  0.120391  -0.400706
0.628319  0  0  0.120391  0.400706
1.88496  0  0  0.0667326  0.761285
3.14159  0  0  0.0313619  0.875274
4.39823  0  0  0.0137831  0.873316
5.65487  0  0  0.00590254  0.82565
8.16814  0  0  0.00127852  0.70432
10.6814  0  0  0.000684678  0.59791
14.4513  0  0  0.000700485  0.479029
33.3009  0  0  0.000362137  0.229207
-29.531  0  3.14159  0  -0.257677
-14.4513  0  3.14159  0  -0.488346
-8.16814  0  3.14159  0  -0.758721
-5.65487  0  3.14159  0  -0.977942
-4.39823  0  3.14159  0  -1.15324
-3.14159  0  3.14159  0  -1.42272
-1.88496  0  3.14159  0  -1.88971
-0.628319  0  3.14159  0  -1.95194
0.628319  0  3.14159  0  1.95194
1.88496  0  3.14159  0  1.88971
3.14159  0  3.14159  0  1.42272
4.39823  0  3.14159  0  1.15324
5.65487  0  3.14159  0  0.977942
8.16814  0  3.14159  0  0.758721
10.6814  0  3.14159  0  0.621924
14.4513  0  3.14159  0  0.488346
33.3009  0  3.14159  0  0.229906
-29.531  3.14159  0  0  -0.257677
-14.4513  3.14159  0  0  -0.488346
-8.16814  3.14159  0  0  -0.758721
-5.65487  3.14159  0  0  -0.977942
-4.39823  3.14159  0  0  -1.15324
-3.14159  3.14159  0  0  -1.42272
-1.88496  3.14159  0  0  -1.88971
-0.628319  3.14159  0  0  -1.95194
0.628319  3.14159  0  0  1.95194
1.88496  3.14159  0  0  1.88971
3.14159  3.14159  0  0  1.42272
4.39823  3.14159  0  0  1.15324
5.65487  3.14159  0  0  0.977942
8.16814  3.14159  0  0  0.758721
10.6814  3.14159  0  0  0.621924
14.4513  3.14159  0  0  0.488346
33.3009  3.14159  0  0  0.229906
-29.531  3.14159  3.14159  -0.000488326  -0.256663
-14.4513  3.14159  3.14159  -0.000938413  -0.479003
-8.16814  3.14159  3.14159  -0.00187654  -0.70422
-5.65487  3.14159  3.14159  -0.00674491  -0.825453
-4.39823  3.14159  3.14159  -0.014631  -0.873026
-3.14159  3.14159  3.14159  -0.0317376  -0.874835
-1.88496  3.14159  3.14159  -0.0651732  -0.76063
-0.628319  3.14159  3.14159  -0.115849  -0.399931
0.628319  3.14159  3.14159  -0.115849  0.399931
1.88496  3.14159  3.14159  -0.0651734  0.76063
3.14159  3.14159  3.14159  -0.0317377  0.874835
4.39823  3.14159  3.14159  -0.0146311  0.873026
5.65487  3.14159  3.14159  -0.00674483  0.825453
8.16814  3.14159  3.14159  -0.00187582  0.70422
10.6814  3.14159  3.14159  -0.0010879  0.597854
14.4513  3.14159  3.14159  -0.000939034  0.479004
33.3009  3.14159  3.14159  -0.000409493  0.229204
