-29.531  0  0  -0.00700136  0.281373
-14.4513  0  0  -0.0286781  0.561467
-8.16814  0  0  -0.0844721  0.941165
-5.65487  0  0  -0.159466  1.25592
-4.39823  0  0  -0.23444  1.47962
-3.14159  0  0  -0.360095  1.74971
-1.88496  0  0  -0.57566  1.93543
-0.628319  0  0  -0.890857  1.35197
0.628319  0  0  -0.888517  -1.35261
1.88496  0  0  -0.575759  -1.93643
3.14159  0  0  -0.359485  -1.74954
4.39823  0  0  -0.233975  -1.47939
5.65487  0  0  -0.159806  -1.25582
8.16814  0  0  -0.084786  -0.94124
10.6814  0  0  -0.0514384  -0.742417
14.4513  0  0  -0.0288318  -0.561498
33.3009  0  0  -0.00547611  -0.248751
-29.531  0  3.14159  0  0.281435
-14.4513  0  3.14159  0  0.573125
-8.16814  0  3.14159  0  1.00559
-5.65487  0  3.14159  0  1.41943
-4.39823  0  3.14159  0  1.79218
-3.14159  0  3.14159  0  2.39812
-1.88496  0  3.14159  0  3.63116
-0.628319  0  3.14159  0  9.01102
0.628319  0  3.14159  0  -9.01043
1.88496  0  3.14159  0  -3.63056
3.14159  0  3.14159  0  -2.39815
4.39823  0  3.14159  0  -1.79213
5.65487  0  3.14159  0  -1.41951
8.16814  0  3.14159  0  -1.00553
10.6814  0  3.14159  0  -0.772697
14.4513  0  3.14159  0  -0.573104
33.3009  0  3.14159  0  -0.251395
-29.531  3.14159  0  0  0.281435
-14.4513  3.14159  0  0  0.573125
-8.16814  3.14159  0  0  1.00559
-5.65487  3.14159  0  0  1.41943
-4.39823  3.14159  0  0  1.79218
-3.14159  3.14159  0  0  2.39812
-1.88496  3.14159  0  0  3.63116
-0.628319  3.14159  0  0  9.01102
0.628319  3.14159  0  0  -9.01043
1.88496  3.14159  0  0  -3.63056
3.14159  3.14159  0  0  -2.39815
4.39823  3.14159  0  0  -1.79213
5.65487  3.14159  0  0  -1.41951
8.16814  3.14159  0  0  -1.00553
10.6814  3.14159  0  0  -0.772697
14.4513  3.14159  0  0  -0.573104
33.3009  3.14159  0  0  -0.251395
-29.531  3.14159  3.14159  0.00688975  0.281378
-14.4513  3.14159  3.14159  0.0282354  0.561526
-8.16814  3.14159  3.14159  0.0836328  0.941442
-5.65487  3.14159  3.14159  0.157843  1.25662
-4.39823  3.14159  3.14159  0.231807  1.48076
-3.14159  3.14159  3.14159  0.36111  1.75169
-1.88496  3.14159  3.14159  0.584112  1.9388
-0.628319  3.14159  3.14159  0.905265  1.35648
0.628319  3.14159  3.14159  0.907639  -1.35713
1.88496  3.14159  3.14159  0.584012  -1.93981
3.14159  3.14159  3.14159  0.361728  -1.75152
4.39823  3.14159  3.14159  0.232276  -1.48053
5.65487  3.14159  3.14159  0.157498  -1.25651
8.16814  3.14159  3.14159  0.0833156  -0.941517
10.6814  3.14159  3.14159  0.0505203  -0.74256
14.4513  3.14159  3.14159  0.0280782  -0.561558
33.3009  3.14159  3.14159  0.00546479  -0.248756
