-29.531  0  0  -0.006773  0.266453
-14.4513  0  0  -0.0277248  0.532051
-8.16814  0  0  -0.0817783  0.892179
-5.65487  0  0  -0.154452  1.19137
-4.39823  0  0  -0.226997  1.40438
-3.14159  0  0  -0.34865  1.66159
-1.88496  0  0  -0.55652  1.83994
-0.628319  0  0  -0.859284  1.28761
0.628319  0  0  -0.857346  -1.28813
1.88496  0  0  -0.556629  -1.8407
3.14159  0  0  -0.348167  -1.66142
4.39823  0  0  -0.226683  -1.40418
5.65487  0  0  -0.154747  -1.19129
8.16814  0  0  -0.0820289  -0.89224
10.6814  0  0  -0.0497718  -0.703725
14.4513  0  0  -0.0278637  -0.532078
33.3009  0  0  -0.00530557  -0.235663
-29.531  0  3.14159  0  0.266673
-14.4513  0  3.14159  0  0.543534
-8.16814  0  3.14159  0  0.952701
-5.65487  0  3.14159  0  1.3454
-4.39823  0  3.14159  0  1.69469
-3.14159  0  3.14159  0  2.26466
-1.88496  0  3.14159  0  3.42075
-0.628319  0  3.14159  0  8.29668
0.628319  0  3.14159  0  -8.29632
1.88496  0  3.14159  0  -3.42037
3.14159  0  3.14159  0  -2.26469
4.39823  0  3.14159  0  -1.69467
5.65487  0  3.14159  0  -1.34545
8.16814  0  3.14159  0  -0.952665
10.6814  0  3.14159  0  -0.732322
14.4513  0  3.14159  0  -0.543521
33.3009  0  3.14159  0  -0.237654
-29.531  3.14159  0  0  0.266673
-14.4513  3.14159  0  0  0.543534
-8.16814  3.14159  0  0  0.952701
-5.65487  3.14159  0  0  1.3454
-4.39823  3.14159  0  0  1.69469
-3.14159  3.14159  0  0  2.26466
-1.88496  3.14159  0  0  3.42075
-0.628319  3.14159  0  0  8.29668
0.628319  3.14159  0  0  -8.29632
1.88496  3.14159  0  0  -3.42037
3.14159  3.14159  0  0  -2.26469
4.39823  3.14159  0  0  -1.69467
5.65487  3.14159  0  0  -1.34545
8.16814  3.14159  0  0  -0.952665
10.6814  3.14159  0  0  -0.732322
14.4513  3.14159  0  0  -0.543521
33.3009  3.14159  0  0  -0.237654
-29.531  3.14159  3.14159  0.0066537  0.266459
-14.4513  3.14159  3.14159  0.0273167  0.532108
-8.16814  3.14159  3.14159  0.0809654  0.892447
-5.65487  3.14159  3.14159  0.152884  1.19204
-4.39823  3.14159  3.14159  0.224571  1.40548
-3.14159  3.14159  3.14159  0.349375  1.6635
-1.88496  3.14159  3.14159  0.564109  1.84318
-0.628319  3.14159  3.14159  0.873152  1.29191
0.628319  3.14159  3.14159  0.875116  -1.29244
1.88496  3.14159  3.14159  0.563999  -1.84395
3.14159  3.14159  3.14159  0.349864  -1.66333
4.39823  3.14159  3.14159  0.224888  -1.40529
5.65487  3.14159  3.14159  0.152586  -1.19196
8.16814  3.14159  3.14159  0.0807123  -0.89251
10.6814  3.14159  3.14159  0.0488845  -0.703863
14.4513  3.14159  3.14159  0.027175  -0.532135
33.3009  3.14159  3.14159  0.00526892  -0.235668
