-29.531  0  0  -0.0125105  0.205877
-14.4513  0  0  -0.0430373  0.390113
-8.16814  0  0  -0.0913265  0.590181
-5.65487  0  0  -0.126961  0.715776
-4.39823  0  0  -0.14847  0.782957
-3.14159  0  0  -0.170521  0.8301
-1.88496  0  0  -0.189534  0.784898
-0.628319  0  0  -0.200183  0.438027
0.628319  0  0  -0.200183  -0.438028
1.88496  0  0  -0.189534  -0.784898
3.14159  0  0  -0.170521  -0.8301
4.39823  0  0  -0.14847  -0.782957
5.65487  0  0  -0.126961  -0.715776
8.16814  0  0  -0.0913265  -0.590181
10.6814  0  0  -0.0663465  -0.493028
14.4513  0  0  -0.0430372  -0.390116
33.3009  0  0  -0.00998528  -0.183618
-29.531  0  3.14159  0  0.205818
-14.4513  0  3.14159  0  0.388637
-8.16814  0  3.14159  0  0.579611
-5.65487  0  3.14159  0  0.692101
-4.39823  0  3.14159  0  0.753023
-3.14159  0  3.14159  0  0.814911
-1.88496  0  3.14159  0  0.895435
-0.628319  0  3.14159  0  1.40005
0.628319  0  3.14159  0  -1.40005
1.88496  0  3.14159  0  -0.895435
3.14159  0  3.14159  0  -0.814911
4.39823  0  3.14159  0  -0.753023
5.65487  0  3.14159  0  -0.692102
8.16814  0  3.14159  0  -0.579611
10.6814  0  3.14159  0  -0.488448
14.4513  0  3.14159  0  -0.388639
33.3009  0  3.14159  0  -0.183585
-29.531  3.14159  0  0  0.205818
-14.4513  3.14159  0  0  0.388637
-8.16814  3.14159  0  0  0.579611
-5.65487  3.14159  0  0  0.692101
-4.39823  3.14159  0  0  0.753023
-3.14159  3.14159  0  0  0.814911
-1.88496  3.14159  0  0  0.895435
-0.628319  3.14159  0  0  1.40005
0.628319  3.14159  0  0  -1.40005
1.88496  3.14159  0  0  -0.895435
3.14159  3.14159  0  0  -0.814911
4.39823  3.14159  0  0  -0.753023
5.65487  3.14159  0  0  -0.692102
8.16814  3.14159  0  0  -0.579611
10.6814  3.14159  0  0  -0.488448
14.4513  3.14159  0  0  -0.388639
33.3009  3.14159  0  0  -0.183585
-29.531  3.14159  3.14159  0.0124604  0.205889
-14.4513  3.14159  3.14159  0.0428837  0.390184
-8.16814  3.14159  3.14159  0.0910666  0.590364
-5.65487  3.14159  3.14159  0.126689  0.716029
-4.39823  3.14159  3.14159  0.148256  0.783233
-3.14159  3.14159  3.14159  0.170518  0.830368
-1.88496  3.14159  3.14159  0.190189  0.785105
-0.628319  3.14159  3.14159  0.202854  0.438107
0.628319  3.14159  3.14159  0.202854  -0.438107
1.88496  3.14159  3.14159  0.190189  -0.785106
3.14159  3.14159  3.14159  0.170518  -0.830369
4.39823  3.14159  3.14159  0.148256  -0.783233
5.65487  3.14159  3.14159  0.126689  -0.71603
8.16814  3.14159  3.14159  0.0910666  -0.590365
10.6814  3.14159  3.14159  0.066132  -0.493153
14.4513  3.14159  3.14159  0.0428838  -0.390186
33.3009  3.14159  3.14159  0.00994453  -0.183626
