-29.531  0  0  -0.00674859  0.264885
-14.4513  0  0  -0.027624  0.528962
-8.16814  0  0  -0.0814935  0.887034
-5.65487  0  0  -0.153922  1.18459
-4.39823  0  0  -0.226209  1.39648
-3.14159  0  0  -0.347443  1.65232
-1.88496  0  0  -0.554504  1.82989
-0.628319  0  0  -0.855932  1.2808
0.628319  0  0  -0.854044  -1.2813
1.88496  0  0  -0.554613  -1.83062
3.14159  0  0  -0.346974  -1.65216
4.39823  0  0  -0.22591  -1.39629
5.65487  0  0  -0.15421  -1.18451
8.16814  0  0  -0.0817367  -0.887094
10.6814  0  0  -0.0495945  -0.699665
14.4513  0  0  -0.0277605  -0.528989
33.3009  0  0  -0.00528738  -0.23429
-29.531  0  3.14159  0  0.265125
-14.4513  0  3.14159  0  0.540411
-8.16814  0  3.14159  0  0.94713
-5.65487  0  3.14159  0  1.33761
-4.39823  0  3.14159  0  1.68449
-3.14159  0  3.14159  0  2.2507
-1.88496  0  3.14159  0  3.39863
-0.628319  0  3.14159  0  8.2224
0.628319  0  3.14159  0  -8.22206
1.88496  0  3.14159  0  -3.39826
3.14159  0  3.14159  0  -2.25072
4.39823  0  3.14159  0  -1.68447
5.65487  0  3.14159  0  -1.33765
8.16814  0  3.14159  0  -0.947095
10.6814  0  3.14159  0  -0.728076
14.4513  0  3.14159  0  -0.540398
33.3009  0  3.14159  0  -0.236223
-29.531  3.14159  0  0  0.265125
-14.4513  3.14159  0  0  0.540411
-8.16814  3.14159  0  0  0.94713
-5.65487  3.14159  0  0  1.33761
-4.39823  3.14159  0  0  1.68449
-3.14159  3.14159  0  0  2.2507
-1.88496  3.14159  0  0  3.39863
-0.628319  3.14159  0  0  8.2224
0.628319  3.14159  0  0  -8.22206
1.88496  3.14159  0  0  -3.39826
3.14159  3.14159  0  0  -2.25072
4.39823  3.14159  0  0  -1.68447
5.65487  3.14159  0  0  -1.33765
8.16814  3.14159  0  0  -0.947095
10.6814  3.14159  0  0  -0.728076
14.4513  3.14159  0  0  -0.540398
33.3009  3.14159  0  0  -0.236223
-29.531  3.14159  3.14159  0.00662887  0.264891
-14.4513  3.14159  3.14159  0.027219  0.529019
-8.16814  3.14159  3.14159  0.080682  0.887301
-5.65487  3.14159  3.14159  0.152358  1.18526
-4.39823  3.14159  3.14159  0.223804  1.39759
-3.14159  3.14159  3.14159  0.348128  1.65424
-1.88496  3.14159  3.14159  0.561978  1.83312
-0.628319  3.14159  3.14159  0.86974  1.28508
0.628319  3.14159  3.14159  0.871653  -1.28558
1.88496  3.14159  3.14159  0.561868  -1.83386
3.14159  3.14159  3.14159  0.348602  -1.65407
4.39823  3.14159  3.14159  0.224106  -1.3974
5.65487  3.14159  3.14159  0.152066  -1.18518
8.16814  3.14159  3.14159  0.0804365  -0.887362
10.6814  3.14159  3.14159  0.0487118  -0.699802
14.4513  3.14159  3.14159  0.0270799  -0.529046
33.3009  3.14159  3.14159  0.00524825  -0.234295
