-29.531  0  0  -0.0125126  0.205857
-14.4513  0  0  -0.0430445  0.389962
-8.16814  0  0  -0.0913427  0.589486
-5.65487  0  0  -0.126986  0.71414
-4.39823  0  0  -0.148504  0.780263
-3.14159  0  0  -0.170569  0.825557
-1.88496  0  0  -0.189602  0.777893
-0.628319  0  0  -0.200293  0.432181
0.628319  0  0  -0.200293  -0.432181
1.88496  0  0  -0.189602  -0.777893
3.14159  0  0  -0.170569  -0.825557
4.39823  0  0  -0.148504  -0.780263
5.65487  0  0  -0.126986  -0.71414
8.16814  0  0  -0.0913427  -0.589486
10.6814  0  0  -0.0663579  -0.492681
14.4513  0  0  -0.0430444  -0.389964
33.3009  0  0  -0.00998655  -0.183603
-29.531  0  3.14159  0  0.205799
-14.4513  0  3.14159  0  0.388504
-8.16814  0  3.14159  0  0.579105
-5.65487  0  3.14159  0  0.691111
-4.39823  0  3.14159  0  0.751568
-3.14159  0  3.14159  0  0.812636
-1.88496  0  3.14159  0  0.89156
-0.628319  0  3.14159  0  1.34663
0.628319  0  3.14159  0  -1.34663
1.88496  0  3.14159  0  -0.89156
3.14159  0  3.14159  0  -0.812636
4.39823  0  3.14159  0  -0.751568
5.65487  0  3.14159  0  -0.691111
8.16814  0  3.14159  0  -0.579105
10.6814  0  3.14159  0  -0.488167
14.4513  0  3.14159  0  -0.388505
33.3009  0  3.14159  0  -0.183571
-29.531  3.14159  0  0  0.205799
-14.4513  3.14159  0  0  0.388504
-8.16814  3.14159  0  0  0.579105
-5.65487  3.14159  0  0  0.691111
-4.39823  3.14159  0  0  0.751568
-3.14159  3.14159  0  0  0.812636
-1.88496  3.14159  0  0  0.89156
-0.628319  3.14159  0  0  1.34663
0.628319  3.14159  0  0  -1.34663
1.88496  3.14159  0  0  -0.89156
3.14159  3.14159  0  0  -0.812636
4.39823  3.14159  0  0  -0.751568
5.65487  3.14159  0  0  -0.691111
8.16814  3.14159  0  0  -0.579105
10.6814  3.14159  0  0  -0.488167
14.4513  3.14159  0  0  -0.388505
33.3009  3.14159  0  0  -0.183571
-29.531  3.14159  3.14159  0.0124624  0.205869
-14.4513  3.14159  3.14159  0.0428912  0.390033
-8.16814  3.14159  3.14159  0.0910837  0.589669
-5.65487  3.14159  3.14159  0.126718  0.714393
-4.39823  3.14159  3.14159  0.148296  0.780539
-3.14159  3.14159  3.14159  0.170576  0.825826
-1.88496  3.14159  3.14159  0.190269  0.7781
-0.628319  3.14159  3.14159  0.202928  0.43226
0.628319  3.14159  3.14159  0.202928  -0.432261
1.88496  3.14159  3.14159  0.190269  -0.778101
3.14159  3.14159  3.14159  0.170576  -0.825826
4.39823  3.14159  3.14159  0.148296  -0.78054
5.65487  3.14159  3.14159  0.126718  -0.714393
8.16814  3.14159  3.14159  0.0910837  -0.58967
10.6814  3.14159  3.14159  0.0661437  -0.492805
14.4513  3.14159  3.14159  0.0428911  -0.390034
33.3009  3.14159  3.14159  0.00994649  -0.183612
