-29.531  0  0  -0.00709769  0.287782
-14.4513  0  0  -0.0290841  0.574117
-8.16814  0  0  -0.0856199  0.962225
-5.65487  0  0  -0.161601  1.28367
-4.39823  0  0  -0.237607  1.51199
-3.14159  0  0  -0.364981  1.78755
-1.88496  0  0  -0.58384  1.97636
-0.628319  0  0  -0.904234  1.37931
0.628319  0  0  -0.90175  -1.37999
1.88496  0  0  -0.58393  -1.97745
3.14159  0  0  -0.364321  -1.7874
4.39823  0  0  -0.237074  -1.51174
5.65487  0  0  -0.161954  -1.28356
8.16814  0  0  -0.0859576  -0.962304
10.6814  0  0  -0.0521443  -0.759063
14.4513  0  0  -0.0292408  -0.574149
33.3009  0  0  -0.00554833  -0.254385
-29.531  0  3.14159  0  0.28779
-14.4513  0  3.14159  0  0.585775
-8.16814  0  3.14159  0  1.02825
-5.65487  0  3.14159  0  1.45115
-4.39823  0  3.14159  0  1.83424
-3.14159  0  3.14159  0  2.45572
-1.88496  0  3.14159  0  3.72154
-0.628319  0  3.14159  0  9.32176
0.628319  0  3.14159  0  -9.32102
1.88496  0  3.14159  0  -3.7208
3.14159  0  3.14159  0  -2.45576
4.39823  0  3.14159  0  -1.83418
5.65487  0  3.14159  0  -1.45124
8.16814  0  3.14159  0  -1.02818
10.6814  0  3.14159  0  -0.790022
14.4513  0  3.14159  0  -0.585749
33.3009  0  3.14159  0  -0.257357
-29.531  3.14159  0  0  0.28779
-14.4513  3.14159  0  0  0.585775
-8.16814  3.14159  0  0  1.02825
-5.65487  3.14159  0  0  1.45115
-4.39823  3.14159  0  0  1.83424
-3.14159  3.14159  0  0  2.45572
-1.88496  3.14159  0  0  3.72154
-0.628319  3.14159  0  0  9.32176
0.628319  3.14159  0  0  -9.32102
1.88496  3.14159  0  0  -3.7208
3.14159  3.14159  0  0  -2.45576
4.39823  3.14159  0  0  -1.83418
5.65487  3.14159  0  0  -1.45124
8.16814  3.14159  0  0  -1.02818
10.6814  3.14159  0  0  -0.790022
14.4513  3.14159  0  0  -0.585749
33.3009  3.14159  0  0  -0.257357
-29.531  3.14159  3.14159  0.00699069  0.287788
-14.4513  3.14159  3.14159  0.0286247  0.574177
-8.16814  3.14159  3.14159  0.084764  0.962504
-5.65487  3.14159  3.14159  0.159949  1.28438
-4.39823  3.14159  3.14159  0.234884  1.51315
-3.14159  3.14159  3.14159  0.366084  1.78956
-1.88496  3.14159  3.14159  0.592577  1.97978
-0.628319  3.14159  3.14159  0.918878  1.38392
0.628319  3.14159  3.14159  0.9214  -1.38462
1.88496  3.14159  3.14159  0.592486  -1.98088
3.14159  3.14159  3.14159  0.366753  -1.7894
4.39823  3.14159  3.14159  0.235421  -1.51289
5.65487  3.14159  3.14159  0.159591  -1.28427
8.16814  3.14159  3.14159  0.0844227  -0.962585
10.6814  3.14159  3.14159  0.0512178  -0.759209
14.4513  3.14159  3.14159  0.0284643  -0.57421
33.3009  3.14159  3.14159  0.00554822  -0.25439
