-29.531  0  0  -0.00692664  0.276445
-14.4513  0  0  -0.0283643  0.551745
-8.16814  0  0  -0.0835854  0.924978
-5.65487  0  0  -0.157816  1.23459
-4.39823  0  0  -0.231993  1.45474
-3.14159  0  0  -0.356324  1.7206
-1.88496  0  0  -0.569346  1.90392
-0.628319  0  0  -0.880492  1.33081
0.628319  0  0  -0.878271  -1.33141
1.88496  0  0  -0.569451  -1.90484
3.14159  0  0  -0.355753  -1.72043
4.39823  0  0  -0.231579  -1.45452
5.65487  0  0  -0.158145  -1.23449
8.16814  0  0  -0.08388  -0.925049
10.6814  0  0  -0.0508918  -0.729624
14.4513  0  0  -0.0285148  -0.551775
33.3009  0  0  -0.00542019  -0.244423
-29.531  0  3.14159  0  0.276553
-14.4513  0  3.14159  0  0.563373
-8.16814  0  3.14159  0  0.988143
-5.65487  0  3.14159  0  1.395
-4.39823  0  3.14159  0  1.75991
-3.14159  0  3.14159  0  2.35393
-1.88496  0  3.14159  0  3.56167
-0.628319  0  3.14159  0  8.77359
0.628319  0  3.14159  0  -8.7731
1.88496  0  3.14159  0  -3.56116
3.14159  0  3.14159  0  -2.35396
4.39823  0  3.14159  0  -1.75986
5.65487  0  3.14159  0  -1.39507
8.16814  0  3.14159  0  -0.988094
10.6814  0  3.14159  0  -0.759367
14.4513  0  3.14159  0  -0.563355
33.3009  0  3.14159  0  -0.246833
-29.531  3.14159  0  0  0.276553
-14.4513  3.14159  0  0  0.563373
-8.16814  3.14159  0  0  0.988143
-5.65487  3.14159  0  0  1.395
-4.39823  3.14159  0  0  1.75991
-3.14159  3.14159  0  0  2.35393
-1.88496  3.14159  0  0  3.56167
-0.628319  3.14159  0  0  8.77359
0.628319  3.14159  0  0  -8.7731
1.88496  3.14159  0  0  -3.56116
3.14159  3.14159  0  0  -2.35396
4.39823  3.14159  0  0  -1.75986
5.65487  3.14159  0  0  -1.39507
8.16814  3.14159  0  0  -0.988094
10.6814  3.14159  0  0  -0.759367
14.4513  3.14159  0  0  -0.563355
33.3009  3.14159  0  0  -0.246833
-29.531  3.14159  3.14159  0.00681188  0.276451
-14.4513  3.14159  3.14159  0.0279339  0.551803
-8.16814  3.14159  3.14159  0.0827574  0.925252
-5.65487  3.14159  3.14159  0.156214  1.23528
-4.39823  3.14159  3.14159  0.229428  1.45588
-3.14159  3.14159  3.14159  0.35726  1.72256
-1.88496  3.14159  3.14159  0.577558  1.90725
-0.628319  3.14159  3.14159  0.894726  1.33525
0.628319  3.14159  3.14159  0.896979  -1.33586
1.88496  3.14159  3.14159  0.577452  -1.90817
3.14159  3.14159  3.14159  0.357838  -1.72239
4.39823  3.14159  3.14159  0.229845  -1.45565
5.65487  3.14159  3.14159  0.155882  -1.23518
8.16814  3.14159  3.14159  0.0824597  -0.925324
10.6814  3.14159  3.14159  0.0499815  -0.729766
14.4513  3.14159  3.14159  0.0277803  -0.551833
33.3009  3.14159  3.14159  0.00540032  -0.244428
