-29.531  0  0  0.00043064  -0.262048
-14.4513  0  0  0.000695052  -0.489558
-8.16814  0  0  0.00124592  -0.720965
-5.65487  0  0  0.00584049  -0.846229
-4.39823  0  0  0.0137097  -0.895729
-3.14159  0  0  0.031317  -0.898109
-1.88496  0  0  0.0668683  -0.78038
-0.628319  0  0  0.121001  -0.409135
0.628319  0  0  0.121001  0.409135
1.88496  0  0  0.0668682  0.78038
3.14159  0  0  0.0313169  0.898109
4.39823  0  0  0.0137096  0.895729
5.65487  0  0  0.0058406  0.846229
8.16814  0  0  0.00124667  0.720965
10.6814  0  0  0.000669096  0.611521
14.4513  0  0  0.000694592  0.489558
33.3009  0  0  0.000361889  0.233993
-29.531  0  3.14159  0  -0.263089
-14.4513  0  3.14159  0  -0.499144
-8.16814  0  3.14159  0  -0.776908
-5.65487  0  3.14159  0  -1.00297
-4.39823  0  3.14159  0  -1.18422
-3.14159  0  3.14159  0  -1.46383
-1.88496  0  3.14159  0  -1.95377
-0.628319  0  3.14159  0  -2.00713
0.628319  0  3.14159  0  2.00713
1.88496  0  3.14159  0  1.95377
3.14159  0  3.14159  0  1.46383
4.39823  0  3.14159  0  1.18422
5.65487  0  3.14159  0  1.00297
8.16814  0  3.14159  0  0.776908
10.6814  0  3.14159  0  0.636218
14.4513  0  3.14159  0  0.499144
33.3009  0  3.14159  0  0.234714
-29.531  3.14159  0  0  -0.263089
-14.4513  3.14159  0  0  -0.499144
-8.16814  3.14159  0  0  -0.776908
-5.65487  3.14159  0  0  -1.00297
-4.39823  3.14159  0  0  -1.18422
-3.14159  3.14159  0  0  -1.46383
-1.88496  3.14159  0  0  -1.95377
-0.628319  3.14159  0  0  -2.00713
0.628319  3.14159  0  0  2.00713
1.88496  3.14159  0  0  1.95377
3.14159  3.14159  0  0  1.46383
4.39823  3.14159  0  0  1.18422
5.65487  3.14159  0  0  1.00297
8.16814  3.14159  0  0  0.776908
10.6814  3.14159  0  0  0.636218
14.4513  3.14159  0  0  0.499144
33.3009  3.14159  0  0  0.234714
-29.531  3.14159  3.14159  -0.000489943  -0.262045
-14.4513  3.14159  3.14159  -0.000940063  -0.489532
-8.16814  3.14159  3.14159  -0.00186297  -0.720865
-5.65487  3.14159  3.14159  -0.00670937  -0.846031
-4.39823  3.14159  3.14159  -0.0145855  -0.895437
-3.14159  3.14159  3.14159  -0.0317093  -0.897667
-1.88496  3.14159  3.14159  -0.0652624  -0.779719
-0.628319  3.14159  3.14159  -0.116295  -0.408349
0.628319  3.14159  3.14159  -0.116295  0.408349
1.88496  3.14159  3.14159  -0.0652626  0.779719
3.14159  3.14159  3.14159  -0.0317094  0.897667
4.39823  3.14159  3.14159  -0.0145856  0.895437
5.65487  3.14159  3.14159  -0.00670924  0.846031
8.16814  3.14159  3.14159  -0.0018622  0.720865
10.6814  3.14159  3.14159  -0.00108471  0.611465
14.4513  3.14159  3.14159  -0.000940644  0.489532
33.3009  3.14159  3.14159  -0.000410802  0.233991
