-29.531  0  0  -0.00336116  0.162753
-14.4513  0  0  -0.0153012  0.329184
-8.16814  0  0  -0.0473186  0.557339
-5.65487  0  0  -0.0859115  0.747709
-4.39823  0  0  -0.119583  0.88321
-3.14159  0  0  -0.169371  1.03998
-1.88496  0  0  -0.240938  1.13378
-0.628319  0  0  -0.326522  0.75538
0.628319  0  0  -0.326522  -0.75538
1.88496  0  0  -0.240938  -1.13378
3.14159  0  0  -0.169371  -1.03998
4.39823  0  0  -0.119583  -0.88321
5.65487  0  0  -0.0859113  -0.747709
8.16814  0  0  -0.0473185  -0.557339
10.6814  0  0  -0.0284627  -0.438321
14.4513  0  0  -0.015301  -0.329184
33.3009  0  0  -0.00261441  -0.144386
-29.531  0  3.14159  0  0.163258
-14.4513  0  3.14159  0  0.33338
-8.16814  0  3.14159  0  0.576076
-5.65487  0  3.14159  0  0.790754
-4.39823  0  3.14159  0  0.958684
-3.14159  0  3.14159  0  1.2064
-1.88496  0  3.14159  0  1.65471
-0.628319  0  3.14159  0  3.57851
0.628319  0  3.14159  0  -3.57851
1.88496  0  3.14159  0  -1.65471
3.14159  0  3.14159  0  -1.2064
4.39823  0  3.14159  0  -0.958683
5.65487  0  3.14159  0  -0.790754
8.16814  0  3.14159  0  -0.576075
10.6814  0  3.14159  0  -0.447917
14.4513  0  3.14159  0  -0.333381
33.3009  0  3.14159  0  -0.144738
-29.531  3.14159  0  0  0.163258
-14.4513  3.14159  0  0  0.33338
-8.16814  3.14159  0  0  0.576076
-5.65487  3.14159  0  0  0.790754
-4.39823  3.14159  0  0  0.958684
-3.14159  3.14159  0  0  1.2064
-1.88496  3.14159  0  0  1.65471
-0.628319  3.14159  0  0  3.57851
0.628319  3.14159  0  0  -3.57851
1.88496  3.14159  0  0  -1.65471
3.14159  3.14159  0  0  -1.2064
4.39823  3.14159  0  0  -0.958683
5.65487  3.14159  0  0  -0.790754
8.16814  3.14159  0  0  -0.576075
10.6814  3.14159  0  0  -0.447917
14.4513  3.14159  0  0  -0.333381
33.3009  3.14159  0  0  -0.144738
-29.531  3.14159  3.14159  0.00330358  0.162756
-14.4513  3.14159  3.14159  0.0150796  0.329217
-8.16814  3.14159  3.14159  0.04678  0.557496
-5.65487  3.14159  3.14159  0.0851355  0.748042
-4.39823  3.14159  3.14159  0.118736  0.883706
-3.14159  3.14159  3.14159  0.168741  1.04072
-1.88496  3.14159  3.14159  0.241638  1.13482
-0.628319  3.14159  3.14159  0.332471  0.756526
0.628319  3.14159  3.14159  0.332471  -0.756525
1.88496  3.14159  3.14159  0.241638  -1.13482
3.14159  3.14159  3.14159  0.168741  -1.04072
4.39823  3.14159  3.14159  0.118736  -0.883706
5.65487  3.14159  3.14159  0.0851357  -0.748042
8.16814  3.14159  3.14159  0.0467802  -0.557496
10.6814  3.14159  3.14159  0.0280954  -0.4384
14.4513  3.14159  3.14159  0.0150796  -0.329218
33.3009  3.14159  3.14159  0.00256915  -0.144389
