-29.531  0  0  9.15576e-05  -0.00400775
-14.4513  0  0  0.00131712  -0.0284461
-8.16814  0  0  0.00784622  -0.110298
-5.65487  0  0  0.0196254  -0.228326
-4.39823  0  0  0.0334141  -0.346736
-3.14159  0  0  0.0619335  -0.539201
-1.88496  0  0  0.129178  -0.789025
-0.628319  0  0  0.277149  -0.677605
0.628319  0  0  0.277149  0.677606
1.88496  0  0  0.129178  0.789025
3.14159  0  0  0.0619331  0.539202
4.39823  0  0  0.0334138  0.346736
5.65487  0  0  0.0196252  0.228326
8.16814  0  0  0.0078461  0.110298
10.6814  0  0  0.00357248  0.060127
14.4513  0  0  0.00131703  0.0284461
33.3009  0  0  5.70715e-05  0.00283557
-29.531  0  3.14159  0  -0.00400143
-14.4513  0  3.14159  0  -0.0282986
-8.16814  0  3.14159  0  -0.108714
-5.65487  0  3.14159  0  -0.222769
-4.39823  0  3.14159  0  -0.338632
-3.14159  0  3.14159  0  -0.550327
-1.88496  0  3.14159  0  -1.04073
-0.628319  0  3.14159  0  -4.46455
0.628319  0  3.14159  0  4.46455
1.88496  0  3.14159  0  1.04072
3.14159  0  3.14159  0  0.550328
4.39823  0  3.14159  0  0.338633
5.65487  0  3.14159  0  0.222769
8.16814  0  3.14159  0  0.108715
10.6814  0  3.14159  0  0.0595999
14.4513  0  3.14159  0  0.0282985
33.3009  0  3.14159  0  0.00283195
-29.531  3.14159  0  0  -0.00400143
-14.4513  3.14159  0  0  -0.0282986
-8.16814  3.14159  0  0  -0.108714
-5.65487  3.14159  0  0  -0.222769
-4.39823  3.14159  0  0  -0.338632
-3.14159  3.14159  0  0  -0.550327
-1.88496  3.14159  0  0  -1.04073
-0.628319  3.14159  0  0  -4.46455
0.628319  3.14159  0  0  4.46455
1.88496  3.14159  0  0  1.04072
3.14159  3.14159  0  0  0.550328
4.39823  3.14159  0  0  0.338633
5.65487  3.14159  0  0  0.222769
8.16814  3.14159  0  0  0.108715
10.6814  3.14159  0  0  0.0595999
14.4513  3.14159  0  0  0.0282985
33.3009  3.14159  0  0  0.00283195
-29.531  3.14159  3.14159  -9.20624e-05  -0.00400778
-14.4513  3.14159  3.14159  -0.00129692  -0.028448
-8.16814  3.14159  3.14159  -0.00771096  -0.11031
-5.65487  3.14159  3.14159  -0.0192816  -0.228343
-4.39823  3.14159  3.14159  -0.0328284  -0.346745
-3.14159  3.14159  3.14159  -0.0609255  -0.539176
-1.88496  3.14159  3.14159  -0.1278  -0.788914
-0.628319  3.14159  3.14159  -0.278509  -0.677351
0.628319  3.14159  3.14159  -0.278509  0.677351
1.88496  3.14159  3.14159  -0.1278  0.788914
3.14159  3.14159  3.14159  -0.060926  0.539177
4.39823  3.14159  3.14159  -0.0328287  0.346745
5.65487  3.14159  3.14159  -0.0192818  0.228344
8.16814  3.14159  3.14159  -0.00771107  0.11031
10.6814  3.14159  3.14159  -0.00351238  0.0601328
14.4513  3.14159  3.14159  -0.001297  0.028448
33.3009  3.14159  3.14159  -5.7912e-05  0.00283558
