-29.531  0  0  -0.00676004  0.26562
-14.4513  0  0  -0.0276713  0.530409
-8.16814  0  0  -0.081627  0.889444
-5.65487  0  0  -0.15417  1.18777
-4.39823  0  0  -0.226578  1.40018
-3.14159  0  0  -0.348009  1.65666
-1.88496  0  0  -0.555449  1.8346
-0.628319  0  0  -0.857503  1.28399
0.628319  0  0  -0.855592  -1.2845
1.88496  0  0  -0.555558  -1.83535
3.14159  0  0  -0.347533  -1.6565
4.39823  0  0  -0.226273  -1.39999
5.65487  0  0  -0.154461  -1.18768
8.16814  0  0  -0.0818737  -0.889505
10.6814  0  0  -0.0496777  -0.701568
14.4513  0  0  -0.0278089  -0.530436
33.3009  0  0  -0.00529591  -0.234933
-29.531  0  3.14159  0  0.265851
-14.4513  0  3.14159  0  0.541875
-8.16814  0  3.14159  0  0.949741
-5.65487  0  3.14159  0  1.34126
-4.39823  0  3.14159  0  1.68927
-3.14159  0  3.14159  0  2.25724
-1.88496  0  3.14159  0  3.409
-0.628319  0  3.14159  0  8.25718
0.628319  0  3.14159  0  -8.25684
1.88496  0  3.14159  0  -3.40862
3.14159  0  3.14159  0  -2.25727
4.39823  0  3.14159  0  -1.68925
5.65487  0  3.14159  0  -1.34131
8.16814  0  3.14159  0  -0.949706
10.6814  0  3.14159  0  -0.730066
14.4513  0  3.14159  0  -0.541862
33.3009  0  3.14159  0  -0.236894
-29.531  3.14159  0  0  0.265851
-14.4513  3.14159  0  0  0.541875
-8.16814  3.14159  0  0  0.949741
-5.65487  3.14159  0  0  1.34126
-4.39823  3.14159  0  0  1.68927
-3.14159  3.14159  0  0  2.25724
-1.88496  3.14159  0  0  3.409
-0.628319  3.14159  0  0  8.25718
0.628319  3.14159  0  0  -8.25684
1.88496  3.14159  0  0  -3.40862
3.14159  3.14159  0  0  -2.25727
4.39823  3.14159  0  0  -1.68925
5.65487  3.14159  0  0  -1.34131
8.16814  3.14159  0  0  -0.949706
10.6814  3.14159  0  0  -0.730066
14.4513  3.14159  0  0  -0.541862
33.3009  3.14159  0  0  -0.236894
-29.531  3.14159  3.14159  0.00664051  0.265626
-14.4513  3.14159  3.14159  0.0272648  0.530466
-8.16814  3.14159  3.14159  0.0808149  0.889713
-5.65487  3.14159  3.14159  0.152604  1.18844
-4.39823  3.14159  3.14159  0.224164  1.40129
-3.14159  3.14159  3.14159  0.348713  1.65858
-1.88496  3.14159  3.14159  0.562977  1.83783
-0.628319  3.14159  3.14159  0.87134  1.28828
0.628319  3.14159  3.14159  0.873277  -1.2888
1.88496  3.14159  3.14159  0.562867  -1.83859
3.14159  3.14159  3.14159  0.349194  -1.65841
4.39823  3.14159  3.14159  0.224472  -1.40109
5.65487  3.14159  3.14159  0.15231  -1.18835
8.16814  3.14159  3.14159  0.0805658  -0.889774
10.6814  3.14159  3.14159  0.0487927  -0.701705
14.4513  3.14159  3.14159  0.0271245  -0.530493
33.3009  3.14159  3.14159  0.00525793  -0.234938
