-29.531  0  0  -0.00766683  0.323189
-14.4513  0  0  -0.0314531  0.642434
-8.16814  0  0  -0.0921818  1.07692
-5.65487  0  0  -0.173799  1.4336
-4.39823  0  0  -0.255725  1.68466
-3.14159  0  0  -0.390839  1.99146
-1.88496  0  0  -0.62381  2.19435
-0.628319  0  0  -0.968742  1.52259
0.628319  0  0  -0.963373  -1.52408
1.88496  0  0  -0.623979  -2.19682
3.14159  0  0  -0.38936  -1.99117
4.39823  0  0  -0.254437  -1.68411
5.65487  0  0  -0.174521  -1.43336
8.16814  0  0  -0.0929303  -1.07709
10.6814  0  0  -0.0563507  -0.848396
14.4513  0  0  -0.0317646  -0.642502
33.3009  0  0  -0.00594539  -0.284501
-29.531  0  3.14159  0  0.321454
-14.4513  0  3.14159  0  0.65244
-8.16814  0  3.14159  0  1.15155
-5.65487  0  3.14159  0  1.61645
-4.39823  0  3.14159  0  2.06469
-3.14159  0  3.14159  0  2.77094
-1.88496  0  3.14159  0  4.22502
-0.628319  0  3.14159  0  11.0424
0.628319  0  3.14159  0  -11.0396
1.88496  0  3.14159  0  -4.22231
3.14159  0  3.14159  0  -2.77118
4.39823  0  3.14159  0  -2.06457
5.65487  0  3.14159  0  -1.61681
8.16814  0  3.14159  0  -1.15129
10.6814  0  3.14159  0  -0.882433
14.4513  0  3.14159  0  -0.652342
33.3009  0  3.14159  0  -0.291081
-29.531  3.14159  0  0  0.321454
-14.4513  3.14159  0  0  0.65244
-8.16814  3.14159  0  0  1.15155
-5.65487  3.14159  0  0  1.61645
-4.39823  3.14159  0  0  2.06469
-3.14159  3.14159  0  0  2.77094
-1.88496  3.14159  0  0  4.22502
-0.628319  3.14159  0  0  11.0424
0.628319  3.14159  0  0  -11.0396
1.88496  3.14159  0  0  -4.22231
3.14159  3.14159  0  0  -2.77118
4.39823  3.14159  0  0  -2.06457
5.65487  3.14159  0  0  -1.61681
8.16814  3.14159  0  0  -1.15129
10.6814  3.14159  0  0  -0.882433
14.4513  3.14159  0  0  -0.652342
33.3009  3.14159  0  0  -0.291081
-29.531  3.14159  3.14159  0.00747304  0.3232
-14.4513  3.14159  3.14159  0.0304974  0.64255
-8.16814  3.14159  3.14159  0.0903651  1.07747
-5.65487  3.14159  3.14159  0.170404  1.43497
-4.39823  3.14159  3.14159  0.250129  1.68692
-3.14159  3.14159  3.14159  0.392931  1.99542
-1.88496  3.14159  3.14159  0.641551  2.20111
-0.628319  3.14159  3.14159  0.997653  1.53175
0.628319  3.14159  3.14159  1.00309  -1.53326
1.88496  3.14159  3.14159  0.64138  -2.20361
3.14159  3.14159  3.14159  0.394426  -1.99512
4.39823  3.14159  3.14159  0.251424  -1.68637
5.65487  3.14159  3.14159  0.169672  -1.43473
8.16814  3.14159  3.14159  0.0896094  -1.07764
10.6814  3.14159  3.14159  0.0544969  -0.84868
14.4513  3.14159  3.14159  0.0301796  -0.642619
33.3009  3.14159  3.14159  0.00598113  -0.284511
