-29.531  0  0  -0.0033558  0.160002
-14.4513  0  0  -0.0152874  0.323708
-8.16814  0  0  -0.0473065  0.548201
-5.65487  0  0  -0.0859076  0.735393
-4.39823  0  0  -0.119569  0.868406
-3.14159  0  0  -0.169273  1.02173
-1.88496  0  0  -0.240477  1.1119
-0.628319  0  0  -0.325123  0.73924
0.628319  0  0  -0.325123  -0.73924
1.88496  0  0  -0.240477  -1.1119
3.14159  0  0  -0.169273  -1.02173
4.39823  0  0  -0.119569  -0.868406
5.65487  0  0  -0.0859073  -0.735393
8.16814  0  0  -0.0473064  -0.548201
10.6814  0  0  -0.0284474  -0.431094
14.4513  0  0  -0.0152872  -0.323708
33.3009  0  0  -0.00261001  -0.141942
-29.531  0  3.14159  0  0.160489
-14.4513  0  3.14159  0  0.327756
-8.16814  0  3.14159  0  0.566222
-5.65487  0  3.14159  0  0.776678
-4.39823  0  3.14159  0  0.940802
-3.14159  0  3.14159  0  1.182
-1.88496  0  3.14159  0  1.61651
-0.628319  0  3.14159  0  3.41898
0.628319  0  3.14159  0  -3.41898
1.88496  0  3.14159  0  -1.61651
3.14159  0  3.14159  0  -1.182
4.39823  0  3.14159  0  -0.940802
5.65487  0  3.14159  0  -0.776677
8.16814  0  3.14159  0  -0.566222
10.6814  0  3.14159  0  -0.440342
14.4513  0  3.14159  0  -0.327756
33.3009  0  3.14159  0  -0.142281
-29.531  3.14159  0  0  0.160489
-14.4513  3.14159  0  0  0.327756
-8.16814  3.14159  0  0  0.566222
-5.65487  3.14159  0  0  0.776678
-4.39823  3.14159  0  0  0.940802
-3.14159  3.14159  0  0  1.182
-1.88496  3.14159  0  0  1.61651
-0.628319  3.14159  0  0  3.41898
0.628319  3.14159  0  0  -3.41898
1.88496  3.14159  0  0  -1.61651
3.14159  3.14159  0  0  -1.182
4.39823  3.14159  0  0  -0.940802
5.65487  3.14159  0  0  -0.776677
8.16814  3.14159  0  0  -0.566222
10.6814  3.14159  0  0  -0.440342
14.4513  3.14159  0  0  -0.327756
33.3009  3.14159  0  0  -0.142281
-29.531  3.14159  3.14159  0.00329949  0.160006
-14.4513  3.14159  3.14159  0.0150708  0.323741
-8.16814  3.14159  3.14159  0.046781  0.548358
-5.65487  3.14159  3.14159  0.0851524  0.735726
-4.39823  3.14159  3.14159  0.118748  0.868901
-3.14159  3.14159  3.14159  0.168669  1.02247
-1.88496  3.14159  3.14159  0.241179  1.11293
-0.628319  3.14159  3.14159  0.330896  0.740362
0.628319  3.14159  3.14159  0.330896  -0.740361
1.88496  3.14159  3.14159  0.241179  -1.11293
3.14159  3.14159  3.14159  0.168669  -1.02247
4.39823  3.14159  3.14159  0.118748  -0.868901
5.65487  3.14159  3.14159  0.0851527  -0.735726
8.16814  3.14159  3.14159  0.0467812  -0.548358
10.6814  3.14159  3.14159  0.0280886  -0.431173
14.4513  3.14159  3.14159  0.0150707  -0.323742
33.3009  3.14159  3.14159  0.00256583  -0.141944
