-54.6637  0  0  0.00197715  0.0180773
-27.0177  0  0  0.00780697  0.0352866
-13.1947  0  0  0.0284894  0.062882
-10.6814  0  0  0.0398985  0.0712891
-8.16814  0  0  0.0583476  0.0797229
-6.9115  0  0  0.0715883  0.0827654
-5.65487  0  0  0.0882822  0.0835097
-4.39823  0  0  0.108531  0.0798504
-3.14159  0  0  0.131079  0.0688851
-1.88496  0  0  0.152151  0.0479743
-0.628319  0  0  0.165451  0.0173893
0.628319  0  0  0.16545  -0.0173893
1.88496  0  0  0.152151  -0.0479756
3.14159  0  0  0.131079  -0.0688835
4.39823  0  0  0.108532  -0.0798487
5.65487  0  0  0.0882827  -0.0835112
6.9115  0  0  0.0715873  -0.0827668
8.16814  0  0  0.058347  -0.0797239
10.6814  0  0  0.0398979  -0.0712911
15.708  0  0  0.0211643  -0.0556089
33.3009  0  0  0.00522261  -0.0290918
-54.6637  0  3.14159  0.0011654  0.0182191
-27.0177  0  3.14159  0.0047112  0.0364031
-13.1947  0  3.14159  0.018766  0.0708153
-10.6814  0  3.14159  0.0276806  0.084559
-8.16814  0  3.14159  0.0442923  0.103464
-6.9115  0  3.14159  0.0582809  0.115202
-5.65487  0  3.14159  0.0791015  0.127928
-4.39823  0  3.14159  0.110756  0.139313
-3.14159  0  3.14159  0.158248  0.142181
-1.88496  0  3.14159  0.221595  0.119458
-0.628319  0  3.14159  0.277048  0.049784
0.628319  0  3.14159  0.277048  -0.049784
1.88496  0  3.14159  0.221595  -0.119459
3.14159  0  3.14159  0.158248  -0.142181
4.39823  0  3.14159  0.110755  -0.139315
5.65487  0  3.14159  0.0791014  -0.127928
6.9115  0  3.14159  0.0582815  -0.115201
8.16814  0  3.14159  0.0442916  -0.103466
10.6814  0  3.14159  0.0276804  -0.0845592
15.708  0  3.14159  0.0135022  -0.0606565
33.3009  0  3.14159  0.00311869  -0.0297018
-54.6637  3.14159  0  0.0011654  0.0182191
-27.0177  3.14159  0  0.0047112  0.0364031
-13.1947  3.14159  0  0.018766  0.0708153
-10.6814  3.14159  0  0.0276806  0.084559
-8.16814  3.14159  0  0.0442923  0.103464
-6.9115  3.14159  0  0.0582809  0.115202
-5.65487  3.14159  0  0.0791015  0.127928
-4.39823  3.14159  0  0.110756  0.139313
-3.14159  3.14159  0  0.158248  0.142181
-1.88496  3.14159  0  0.221595  0.119458
-0.628319  3.14159  0  0.277048  0.049784
0.628319  3.14159  0  0.277048  -0.049784
1.88496  3.14159  0  0.221595  -0.119459
3.14159  3.14159  0  0.158248  -0.142181
4.39823  3.14159  0  0.110755  -0.139315
5.65487  3.14159  0  0.0791014  -0.127928
6.9115  3.14159  0  0.0582815  -0.115201
8.16814  3.14159  0  0.0442916  -0.103466
10.6814  3.14159  0  0.0276804  -0.0845592
15.708  3.14159  0  0.0135022  -0.0606565
33.3009  3.14159  0  0.00311869  -0.0297018
-54.6637  3.14159  3.14159  0.000339812  0.0182872
-27.0177  3.14159  3.14159  0.00138774  0.0369618
-13.1947  3.14159  3.14159  0.00579567  0.0753436
-10.6814  3.14159  3.14159  0.00881828  0.092781
-8.16814  3.14159  3.14159  0.0149843  0.120564
-6.9115  3.14159  3.14159  0.0208033  0.14163
-5.65487  3.14159  3.14159  0.0307539  0.171316
-4.39823  3.14159  3.14159  0.049819  0.215867
-3.14159  3.14159  3.14159  0.0931256  0.288221
-1.88496  3.14159  3.14159  0.221478  0.411246
-0.628319  3.14159  3.14159  0.712252  0.440856
0.628319  3.14159  3.14159  0.712242  -0.440845
1.88496  3.14159  3.14159  0.221466  -0.411242
3.14159  3.14159  3.14159  0.0931322  -0.28822
4.39823  3.14159  3.14159  0.0498237  -0.215868
5.65487  3.14159  3.14159  0.0307513  -0.171318
6.9115  3.14159  3.14159  0.0208006  -0.14163
8.16814  3.14159  3.14159  0.0149825  -0.120564
10.6814  3.14159  3.14159  0.00881587  -0.0927822
15.708  3.14159  3.14159  0.00409747  -0.0633991
33.3009  3.14159  3.14159  0.000914671  -0.0300015
