-54.6637  0  0  309.596  138.522
-27.0177  0  0  -162.187  -185.398
-13.1947  0  0  -473.243  -731.679
-10.6814  0  0  732.569  995.904
-8.16814  0  0  2744.6  1283.51
-6.9115  0  0  2722.1  305.433
-5.65487  0  0  2161.53  2969.7
-4.39823  0  0  -4143.83  -97.3042
-3.14159  0  0  -5198.45  -550.258
-1.88496  0  0  5047.37  -4745.27
-0.628319  0  0  -11034.9  -14676.2
0.628319  0  0  16508.4  7164.24
1.88496  0  0  3023.72  -6904.68
3.14159  0  0  2388.93  5047.51
4.39823  0  0  1428  3743.05
5.65487  0  0  -3274.9  -1200.4
6.9115  0  0  -1224.82  -2621.59
8.16814  0  0  -1997.64  -2388.98
10.6814  0  0  -1121.44  -445.273
15.708  0  0  84.4711  519.724
33.3009  0  0  907.494  806.425
-54.6637  0  3.14159  3518.61  3728.96
-27.0177  0  3.14159  -4101.58  -5566.87
-13.1947  0  3.14159  -824.452  -6708.22
-10.6814  0  3.14159  2536.27  6596.67
-8.16814  0  3.14159  957.55  526.856
-6.9115  0  3.14159  -3698.18  -1035.62
-5.65487  0  3.14159  3024.46  15637
-4.39823  0  3.14159  2693.32  -2845.07
-3.14159  0  3.14159  -7509.02  -31773.5
-1.88496  0  3.14159  38548.7  -45131.2
-0.628319  0  3.14159  -47571.6  -177315
0.628319  0  3.14159  147689  98176.4
1.88496  0  3.14159  65420.1  -29419.7
3.14159  0  3.14159  14199.3  12410.2
4.39823  0  3.14159  -11194.3  377.419
5.65487  0  3.14159  -10227  -12864.9
6.9115  0  3.14159  10239  846.694
8.16814  0  3.14159  7996.41  -6796.09
10.6814  0  3.14159  -4964.8  -5811.38
15.708  0  3.14159  4162.53  6456.17
33.3009  0  3.14159  3243.15  6993.18
-54.6637  3.14159  0  3518.61  3728.96
-27.0177  3.14159  0  -4101.58  -5566.87
-13.1947  3.14159  0  -824.452  -6708.22
-10.6814  3.14159  0  2536.27  6596.67
-8.16814  3.14159  0  957.55  526.856
-6.9115  3.14159  0  -3698.18  -1035.62
-5.65487  3.14159  0  3024.46  15637
-4.39823  3.14159  0  2693.32  -2845.07
-3.14159  3.14159  0  -7509.02  -31773.5
-1.88496  3.14159  0  38548.7  -45131.2
-0.628319  3.14159  0  -47571.6  -177315
0.628319  3.14159  0  147689  98176.4
1.88496  3.14159  0  65420.1  -29419.7
3.14159  3.14159  0  14199.3  12410.2
4.39823  3.14159  0  -11194.3  377.419
5.65487  3.14159  0  -10227  -12864.9
6.9115  3.14159  0  10239  846.694
8.16814  3.14159  0  7996.41  -6796.09
10.6814  3.14159  0  -4964.8  -5811.38
15.708  3.14159  0  4162.53  6456.17
33.3009  3.14159  0  3243.15  6993.18
-54.6637  3.14159  3.14159  300.764  133.859
-27.0177  3.14159  3.14159  -148.713  -170.816
-13.1947  3.14159  3.14159  -468.479  -750.803
-10.6814  3.14159  3.14159  713.561  1024.69
-8.16814  3.14159  3.14159  2739.39  1407.91
-6.9115  3.14159  3.14159  2745.23  421.136
-5.65487  3.14159  3.14159  2114.38  3052.07
-4.39823  3.14159  3.14159  -4196.2  -215.288
-3.14159  3.14159  3.14159  -5200.75  -677.087
-1.88496  3.14159  3.14159  5144.86  -4472.72
-0.628319  3.14159  3.14159  -10726.5  -14918.3
0.628319  3.14159  3.14159  16226.7  7651.2
1.88496  3.14159  3.14159  3070.13  -6901.51
3.14159  3.14159  3.14159  2259.92  5142.66
4.39823  3.14159  3.14159  1333.05  3832.09
5.65487  3.14159  3.14159  -3257.65  -1309.97
6.9115  3.14159  3.14159  -1200.22  -2702.27
8.16814  3.14159  3.14159  -1978.83  -2489.56
10.6814  3.14159  3.14159  -1118.17  -482.52
15.708  3.14159  3.14159  65.1095  506.949
33.3009  3.14159  3.14159  886.655  825.479
