-54.6637  0  0  0.00197848  0.0180734
-27.0177  0  0  0.0077664  0.0352798
-13.1947  0  0  0.0285042  0.0629239
-10.6814  0  0  0.0398894  0.0712283
-8.16814  0  0  0.058353  0.0796621
-6.9115  0  0  0.0715947  0.0826845
-5.65487  0  0  0.0882488  0.08344
-4.39823  0  0  0.108524  0.0798283
-3.14159  0  0  0.13106  0.0688526
-1.88496  0  0  0.152074  0.0478912
-0.628319  0  0  0.165369  0.017361
0.628319  0  0  0.165346  -0.0173618
1.88496  0  0  0.152054  -0.0479425
3.14159  0  0  0.131054  -0.0687907
4.39823  0  0  0.108546  -0.0797635
5.65487  0  0  0.0882692  -0.0834968
6.9115  0  0  0.0715592  -0.0827373
8.16814  0  0  0.058332  -0.0797026
10.6814  0  0  0.0398715  -0.0712972
15.708  0  0  0.0212458  -0.0556652
33.3009  0  0  0.00523373  -0.0290914
-54.6637  0  3.14159  0.00116681  0.0182185
-27.0177  0  3.14159  0.00471494  0.0364036
-13.1947  0  3.14159  0.0187847  0.0708129
-10.6814  0  3.14159  0.0276997  0.0845336
-8.16814  0  3.14159  0.0443396  0.103335
-6.9115  0  3.14159  0.0583003  0.115192
-5.65487  0  3.14159  0.079126  0.127851
-4.39823  0  3.14159  0.110844  0.139171
-3.14159  0  3.14159  0.158243  0.142029
-1.88496  0  3.14159  0.221479  0.119269
-0.628319  0  3.14159  0.276796  0.0496868
0.628319  0  3.14159  0.276792  -0.0496867
1.88496  0  3.14159  0.221469  -0.119274
3.14159  0  3.14159  0.158243  -0.14201
4.39823  0  3.14159  0.110774  -0.139234
5.65487  0  3.14159  0.079124  -0.127861
6.9115  0  3.14159  0.0583246  -0.115144
8.16814  0  3.14159  0.0443219  -0.103424
10.6814  0  3.14159  0.0276934  -0.0845411
15.708  0  3.14159  0.013518  -0.0606533
33.3009  0  3.14159  0.00312234  -0.029702
-54.6637  3.14159  0  0.00116681  0.0182185
-27.0177  3.14159  0  0.00471494  0.0364036
-13.1947  3.14159  0  0.0187847  0.0708129
-10.6814  3.14159  0  0.0276997  0.0845336
-8.16814  3.14159  0  0.0443396  0.103335
-6.9115  3.14159  0  0.0583003  0.115192
-5.65487  3.14159  0  0.079126  0.127851
-4.39823  3.14159  0  0.110844  0.139171
-3.14159  3.14159  0  0.158243  0.142029
-1.88496  3.14159  0  0.221479  0.119269
-0.628319  3.14159  0  0.276796  0.0496868
0.628319  3.14159  0  0.276792  -0.0496867
1.88496  3.14159  0  0.221469  -0.119274
3.14159  3.14159  0  0.158243  -0.14201
4.39823  3.14159  0  0.110774  -0.139234
5.65487  3.14159  0  0.079124  -0.127861
6.9115  3.14159  0  0.0583246  -0.115144
8.16814  3.14159  0  0.0443219  -0.103424
10.6814  3.14159  0  0.0276934  -0.0845411
15.708  3.14159  0  0.013518  -0.0606533
33.3009  3.14159  0  0.00312234  -0.029702
-54.6637  3.14159  3.14159  0.000341961  0.0182837
-27.0177  3.14159  3.14159  0.00134279  0.0369229
-13.1947  3.14159  3.14159  0.00578122  0.0753984
-10.6814  3.14159  3.14159  0.00886832  0.0927219
-8.16814  3.14159  3.14159  0.0150641  0.120524
-6.9115  3.14159  3.14159  0.0209281  0.141581
-5.65487  3.14159  3.14159  0.0308691  0.171211
-4.39823  3.14159  3.14159  0.049878  0.215841
-3.14159  3.14159  3.14159  0.0932662  0.288143
-1.88496  3.14159  3.14159  0.222161  0.410545
-0.628319  3.14159  3.14159  0.711516  0.438774
0.628319  3.14159  3.14159  0.711161  -0.43836
1.88496  3.14159  3.14159  0.221733  -0.410404
3.14159  3.14159  3.14159  0.0935137  -0.288111
4.39823  3.14159  3.14159  0.050052  -0.21587
5.65487  3.14159  3.14159  0.0307732  -0.17128
6.9115  3.14159  3.14159  0.0208278  -0.141564
8.16814  3.14159  3.14159  0.0149993  -0.120528
10.6814  3.14159  3.14159  0.00878758  -0.0927597
15.708  3.14159  3.14159  0.00413319  -0.0635019
33.3009  3.14159  3.14159  0.0009253  -0.0300046
