-54.6637  0  0  240.659  356.82
-27.0177  0  0  -136.077  -568.15
-13.1947  0  0  -235.37  -642.914
-10.6814  0  0  450.793  753.524
-8.16814  0  0  2042.39  324.795
-6.9115  0  0  1881.56  -374.705
-5.65487  0  0  1306.74  2106.96
-4.39823  0  0  -2587.69  -151.894
-3.14159  0  0  -3878.22  -1643.37
-1.88496  0  0  6740.05  -5381.77
-0.628319  0  0  -6825  -15838.6
0.628319  0  0  16903.5  8979.91
1.88496  0  0  5258.05  -3976.38
3.14159  0  0  1915.26  4077.21
4.39823  0  0  883.784  2663.54
5.65487  0  0  -2654.3  -1069.27
6.9115  0  0  -194.7  -1193.66
8.16814  0  0  -979.08  -1145.96
10.6814  0  0  -864.153  -342.069
15.708  0  0  5.92869  763.691
33.3009  0  0  667.731  943.718
-54.6637  0  3.14159  171.074  371.94
-27.0177  0  3.14159  -57.4164  -478.788
-13.1947  0  3.14159  11.1507  -869.346
-10.6814  0  3.14159  89.128  1140.4
-8.16814  0  3.14159  1441.08  1807.44
-6.9115  0  3.14159  1479.96  972.251
-5.65487  0  3.14159  387.92  3253.9
-4.39823  0  3.14159  -2437.57  -1623.16
-3.14159  0  3.14159  -2789.43  -3885.98
-1.88496  0  3.14159  7718.56  -2398.31
-0.628319  0  3.14159  -989.895  -20905.6
0.628319  0  3.14159  13505.8  16939.2
1.88496  0  3.14159  7406.42  -3139.67
3.14159  0  3.14159  352.771  4695.85
4.39823  0  3.14159  -824.256  2867.35
5.65487  0  3.14159  -1962.47  -2750.76
6.9115  0  3.14159  540.494  -1700.37
8.16814  0  3.14159  -130.191  -2269.92
10.6814  0  3.14159  -684.591  -911.776
15.708  0  3.14159  -190.485  548.986
33.3009  0  3.14159  303.962  1208.23
-54.6637  3.14159  0  171.074  371.94
-27.0177  3.14159  0  -57.4164  -478.788
-13.1947  3.14159  0  11.1507  -869.346
-10.6814  3.14159  0  89.128  1140.4
-8.16814  3.14159  0  1441.08  1807.44
-6.9115  3.14159  0  1479.96  972.251
-5.65487  3.14159  0  387.92  3253.9
-4.39823  3.14159  0  -2437.57  -1623.16
-3.14159  3.14159  0  -2789.43  -3885.98
-1.88496  3.14159  0  7718.56  -2398.31
-0.628319  3.14159  0  -989.895  -20905.6
0.628319  3.14159  0  13505.8  16939.2
1.88496  3.14159  0  7406.42  -3139.67
3.14159  3.14159  0  352.771  4695.85
4.39823  3.14159  0  -824.256  2867.35
5.65487  3.14159  0  -1962.47  -2750.76
6.9115  3.14159  0  540.494  -1700.37
8.16814  3.14159  0  -130.191  -2269.92
10.6814  3.14159  0  -684.591  -911.776
15.708  3.14159  0  -190.485  548.986
33.3009  3.14159  0  303.962  1208.23
-54.6637  3.14159  3.14159  -46.1943  241.809
-27.0177  3.14159  3.14159  203.864  -206.19
-13.1947  3.14159  3.14159  165.03  -558.177
-10.6814  3.14159  3.14159  -135.939  1032.52
-8.16814  3.14159  3.14159  1074.59  2324.02
-6.9115  3.14159  3.14159  1073.29  1647.27
-5.65487  3.14159  3.14159  -67.5035  2912.56
-4.39823  3.14159  3.14159  -1842.14  -1771.46
-3.14159  3.14159  3.14159  -889.957  -3752.13
-1.88496  3.14159  3.14159  6375.81  1125.67
-0.628319  3.14159  3.14159  4604.77  -15747.2
0.628319  3.14159  3.14159  5170.51  16545.8
1.88496  3.14159  3.14159  5475.79  -495.349
3.14159  3.14159  3.14159  -672.625  3459.84
4.39823  3.14159  3.14159  -1391.22  2265.7
5.65487  3.14159  3.14159  -1032.35  -3114.23
6.9115  3.14159  3.14159  327.887  -1469.3
8.16814  3.14159  3.14159  -77.282  -2227.66
10.6814  3.14159  3.14159  -381.991  -981.621
15.708  3.14159  3.14159  -492.386  80.7863
33.3009  3.14159  3.14159  -105.206  926.524
