-54.6637  0  0  0.00190735  0.0180926
-27.0177  0  0  0.00755108  0.0354022
-13.1947  0  0  0.0277976  0.0636474
-10.6814  0  0  0.0391219  0.0725141
-8.16814  0  0  0.057669  0.0817407
-6.9115  0  0  0.0711642  0.0853505
-5.65487  0  0  0.0884037  0.0867491
-4.39823  0  0  0.109655  0.0836906
-3.14159  0  0  0.133772  0.072927
-1.88496  0  0  0.156757  0.0512745
-0.628319  0  0  0.17149  0.0186979
0.628319  0  0  0.17149  -0.0186979
1.88496  0  0  0.156757  -0.0512745
3.14159  0  0  0.133772  -0.072927
4.39823  0  0  0.109655  -0.0836907
5.65487  0  0  0.0884036  -0.086749
6.9115  0  0  0.071164  -0.0853505
8.16814  0  0  0.057669  -0.0817406
10.6814  0  0  0.039122  -0.0725138
15.708  0  0  0.0205849  -0.05611
33.3009  0  0  0.00504547  -0.0291561
-54.6637  0  3.14159  0.00109416  0.018228
-27.0177  0  3.14159  0.00442979  0.0364749
-13.1947  0  3.14159  0.0177494  0.0713741
-10.6814  0  3.14159  0.0262793  0.0855478
-8.16814  0  3.14159  0.0423467  0.105416
-6.9115  0  3.14159  0.0560554  0.118074
-5.65487  0  3.14159  0.0767648  0.132296
-4.39823  0  3.14159  0.108972  0.146067
-3.14159  0  3.14159  0.159005  0.152237
-1.88496  0  3.14159  0.229144  0.131632
-0.628319  0  3.14159  0.293982  0.0562938
0.628319  0  3.14159  0.293983  -0.0562938
1.88496  0  3.14159  0.229143  -0.131634
3.14159  0  3.14159  0.159004  -0.152237
4.39823  0  3.14159  0.108971  -0.146067
5.65487  0  3.14159  0.0767647  -0.132295
6.9115  0  3.14159  0.0560559  -0.118074
8.16814  0  3.14159  0.0423469  -0.105416
10.6814  0  3.14159  0.0262797  -0.0855473
15.708  0  3.14159  0.0127424  -0.0610004
33.3009  0  3.14159  0.00293042  -0.0297405
-54.6637  3.14159  0  0.00109416  0.018228
-27.0177  3.14159  0  0.00442979  0.0364749
-13.1947  3.14159  0  0.0177494  0.0713741
-10.6814  3.14159  0  0.0262793  0.0855478
-8.16814  3.14159  0  0.0423467  0.105416
-6.9115  3.14159  0  0.0560554  0.118074
-5.65487  3.14159  0  0.0767648  0.132296
-4.39823  3.14159  0  0.108972  0.146067
-3.14159  3.14159  0  0.159005  0.152237
-1.88496  3.14159  0  0.229144  0.131632
-0.628319  3.14159  0  0.293982  0.0562938
0.628319  3.14159  0  0.293983  -0.0562938
1.88496  3.14159  0  0.229143  -0.131634
3.14159  3.14159  0  0.159004  -0.152237
4.39823  3.14159  0  0.108971  -0.146067
5.65487  3.14159  0  0.0767647  -0.132295
6.9115  3.14159  0  0.0560559  -0.118074
8.16814  3.14159  0  0.0423469  -0.105416
10.6814  3.14159  0  0.0262797  -0.0855473
15.708  3.14159  0  0.0127424  -0.0610004
33.3009  3.14159  0  0.00293042  -0.0297405
-54.6637  3.14159  3.14159  0.000267592  0.0182898
-27.0177  3.14159  3.14159  0.0010947  0.0369804
-13.1947  3.14159  3.14159  0.00457697  0.0755106
-10.6814  3.14159  3.14159  0.00697079  0.0930986
-8.16814  3.14159  3.14159  0.0118735  0.121264
-6.9115  3.14159  3.14159  0.0165214  0.142775
-5.65487  3.14159  3.14159  0.0245201  0.173371
-4.39823  3.14159  3.14159  0.0400207  0.220087
-3.14159  3.14159  3.14159  0.0761021  0.298936
-1.88496  3.14159  3.14159  0.190754  0.449581
-0.628319  3.14159  3.14159  0.773159  0.607408
0.628319  3.14159  3.14159  0.773159  -0.607408
1.88496  3.14159  3.14159  0.190754  -0.449581
3.14159  3.14159  3.14159  0.0761021  -0.298936
4.39823  3.14159  3.14159  0.0400206  -0.220087
5.65487  3.14159  3.14159  0.0245201  -0.173371
6.9115  3.14159  3.14159  0.0165214  -0.142775
8.16814  3.14159  3.14159  0.0118735  -0.121264
10.6814  3.14159  3.14159  0.00697082  -0.0930986
15.708  3.14159  3.14159  0.00323298  -0.0634974
33.3009  3.14159  3.14159  0.000720784  -0.0300119
