-54.6637  0  0  -316.071  -1903.65
-27.0177  0  0  -166.521  3119.39
-13.1947  0  0  -209.038  424.558
-10.6814  0  0  -861.758  -466.73
-8.16814  0  0  -6431.88  4544.83
-6.9115  0  0  -5743.38  6418.23
-5.65487  0  0  -2022.4  -1668.83
-4.39823  0  0  4338.33  -2281.1
-3.14159  0  0  9635.02  987.437
-1.88496  0  0  -25743.2  20026.3
-0.628319  0  0  6570.88  30508.6
0.628319  0  0  -46092.1  -19118.3
1.88496  0  0  -16877.2  -2756.56
3.14159  0  0  -6181.46  -10307.5
4.39823  0  0  -6024.39  -4112.6
5.65487  0  0  6549.79  -1072.39
6.9115  0  0  440.454  -1827.36
8.16814  0  0  2685.84  -3022.49
10.6814  0  0  1816.35  -441.817
15.708  0  0  262.678  -3412.23
33.3009  0  0  -1406.62  -2641.01
-54.6637  0  3.14159  104.952  327.265
-27.0177  0  3.14159  -141.418  -424.905
-13.1947  0  3.14159  814.655  -138.881
-10.6814  0  3.14159  -491.831  81.9783
-8.16814  0  3.14159  -1571.04  100.656
-6.9115  0  3.14159  -981.535  373.915
-5.65487  0  3.14159  -1395.13  31.21
-4.39823  0  3.14159  1508.86  -1491.84
-3.14159  0  3.14159  1409.04  -3286.94
-1.88496  0  3.14159  256.65  -609.384
-0.628319  0  3.14159  9770.39  -7943.48
0.628319  0  3.14159  -3559.58  6879.89
1.88496  0  3.14159  6605.32  1117.73
3.14159  0  3.14159  -2653.04  -312.079
4.39823  0  3.14159  -1766.92  -751.861
5.65487  0  3.14159  463.44  -624.349
6.9115  0  3.14159  1942.05  695.978
8.16814  0  3.14159  2242.27  65.0719
10.6814  0  3.14159  331.501  -303.96
15.708  0  3.14159  -157.446  324.34
33.3009  0  3.14159  -400.223  449.927
-54.6637  3.14159  0  104.952  327.265
-27.0177  3.14159  0  -141.418  -424.905
-13.1947  3.14159  0  814.655  -138.881
-10.6814  3.14159  0  -491.831  81.9783
-8.16814  3.14159  0  -1571.04  100.656
-6.9115  3.14159  0  -981.535  373.915
-5.65487  3.14159  0  -1395.13  31.21
-4.39823  3.14159  0  1508.86  -1491.84
-3.14159  3.14159  0  1409.04  -3286.94
-1.88496  3.14159  0  256.65  -609.384
-0.628319  3.14159  0  9770.39  -7943.48
0.628319  3.14159  0  -3559.58  6879.89
1.88496  3.14159  0  6605.32  1117.73
3.14159  3.14159  0  -2653.04  -312.079
4.39823  3.14159  0  -1766.92  -751.861
5.65487  3.14159  0  463.44  -624.349
6.9115  3.14159  0  1942.05  695.978
8.16814  3.14159  0  2242.27  65.0719
10.6814  3.14159  0  331.501  -303.96
15.708  3.14159  0  -157.446  324.34
33.3009  3.14159  0  -400.223  449.927
-54.6637  3.14159  3.14159  -3207.91  -1042.13
-27.0177  3.14159  3.14159  3000.27  2113.42
-13.1947  3.14159  3.14159  6593.27  6719.61
-10.6814  3.14159  3.14159  -7697.81  -8281.6
-8.16814  3.14159  3.14159  -23425.1  -8561.5
-6.9115  3.14159  3.14159  -19813.3  -214.445
-5.65487  3.14159  3.14159  -22756.8  -23761.5
-4.39823  3.14159  3.14159  31935.3  -1655.83
-3.14159  3.14159  3.14159  49353.7  8737.37
-1.88496  3.14159  3.14159  -43864.1  55118.5
-0.628319  3.14159  3.14159  154751  144780
0.628319  3.14159  3.14159  -199058  -50983.8
1.88496  3.14159  3.14159  -23571  73029.6
3.14159  3.14159  3.14159  -30908.8  -37977.6
4.39823  3.14159  3.14159  -11610.2  -30154.8
5.65487  3.14159  3.14159  30777.4  8955.35
6.9115  3.14159  3.14159  8770.63  19805.3
8.16814  3.14159  3.14159  17362.1  19922.7
10.6814  3.14159  3.14159  11056.6  2970.59
15.708  3.14159  3.14159  -2348.63  -4084.27
33.3009  3.14159  3.14159  -9878.85  -6975.14
