-54.6637  0  0  0.0019778  0.0180778
-27.0177  0  0  0.00780989  0.0352829
-13.1947  0  0  0.028473  0.0628649
-10.6814  0  0  0.0399062  0.0712943
-8.16814  0  0  0.0583526  0.0797018
-6.9115  0  0  0.0715896  0.0827382
-5.65487  0  0  0.0882912  0.0834838
-4.39823  0  0  0.108519  0.0797949
-3.14159  0  0  0.131042  0.0688334
-1.88496  0  0  0.152098  0.0479398
-0.628319  0  0  0.16538  0.017377
0.628319  0  0  0.165383  -0.0173757
1.88496  0  0  0.152101  -0.0479406
3.14159  0  0  0.131044  -0.0688426
4.39823  0  0  0.108515  -0.0798114
5.65487  0  0  0.0882796  -0.0834665
6.9115  0  0  0.0715766  -0.0827299
8.16814  0  0  0.0583519  -0.0796942
10.6814  0  0  0.0399107  -0.0712663
15.708  0  0  0.021168  -0.0555996
33.3009  0  0  0.00522397  -0.0290904
-54.6637  0  3.14159  0.00116633  0.0182173
-27.0177  0  3.14159  0.00471285  0.0364121
-13.1947  0  3.14159  0.0187946  0.0708012
-10.6814  0  3.14159  0.0276584  0.0845637
-8.16814  0  3.14159  0.0442977  0.103458
-6.9115  0  3.14159  0.0582703  0.115189
-5.65487  0  3.14159  0.0791066  0.127914
-4.39823  0  3.14159  0.110808  0.139213
-3.14159  0  3.14159  0.158265  0.142049
-1.88496  0  3.14159  0.221657  0.119104
-0.628319  0  3.14159  0.276849  0.0496986
0.628319  0  3.14159  0.276878  -0.0496947
1.88496  0  3.14159  0.221495  -0.119299
3.14159  0  3.14159  0.158234  -0.142112
4.39823  0  3.14159  0.110746  -0.139271
5.65487  0  3.14159  0.0790902  -0.127807
6.9115  0  3.14159  0.0583249  -0.115154
8.16814  0  3.14159  0.0443249  -0.103432
10.6814  0  3.14159  0.0277027  -0.0845012
15.708  0  3.14159  0.0135072  -0.060685
33.3009  0  3.14159  0.00311806  -0.0297049
-54.6637  3.14159  0  0.00116633  0.0182173
-27.0177  3.14159  0  0.00471285  0.0364121
-13.1947  3.14159  0  0.0187946  0.0708012
-10.6814  3.14159  0  0.0276584  0.0845637
-8.16814  3.14159  0  0.0442977  0.103458
-6.9115  3.14159  0  0.0582703  0.115189
-5.65487  3.14159  0  0.0791066  0.127914
-4.39823  3.14159  0  0.110808  0.139213
-3.14159  3.14159  0  0.158265  0.142049
-1.88496  3.14159  0  0.221657  0.119104
-0.628319  3.14159  0  0.276849  0.0496986
0.628319  3.14159  0  0.276878  -0.0496947
1.88496  3.14159  0  0.221495  -0.119299
3.14159  3.14159  0  0.158234  -0.142112
4.39823  3.14159  0  0.110746  -0.139271
5.65487  3.14159  0  0.0790902  -0.127807
6.9115  3.14159  0  0.0583249  -0.115154
8.16814  3.14159  0  0.0443249  -0.103432
10.6814  3.14159  0  0.0277027  -0.0845012
15.708  3.14159  0  0.0135072  -0.060685
33.3009  3.14159  0  0.00311806  -0.0297049
-54.6637  3.14159  3.14159  0.000340191  0.0182874
-27.0177  3.14159  3.14159  0.00139294  0.0369597
-13.1947  3.14159  3.14159  0.00581172  0.0753386
-10.6814  3.14159  3.14159  0.00883833  0.0927802
-8.16814  3.14159  3.14159  0.0150187  0.120556
-6.9115  3.14159  3.14159  0.0208493  0.141617
-5.65487  3.14159  3.14159  0.0308252  0.171294
-4.39823  3.14159  3.14159  0.0499385  0.215809
-3.14159  3.14159  3.14159  0.0933228  0.288077
-1.88496  3.14159  3.14159  0.221769  0.410782
-0.628319  3.14159  3.14159  0.711431  0.439246
0.628319  3.14159  3.14159  0.711442  -0.439258
1.88496  3.14159  3.14159  0.221782  -0.410787
3.14159  3.14159  3.14159  0.0933143  -0.288079
4.39823  3.14159  3.14159  0.0499316  -0.215807
5.65487  3.14159  3.14159  0.0308288  -0.171291
6.9115  3.14159  3.14159  0.0208537  -0.141618
8.16814  3.14159  3.14159  0.0150213  -0.120556
10.6814  3.14159  3.14159  0.00884153  -0.0927785
15.708  3.14159  3.14159  0.00410583  -0.063394
33.3009  3.14159  3.14159  0.000916662  -0.0300011
