-54.6637  0  0  0.00197793  0.0180794
-27.0177  0  0  0.00780974  0.0352804
-13.1947  0  0  0.0284341  0.0628516
-10.6814  0  0  0.0399013  0.071333
-8.16814  0  0  0.0583488  0.0796987
-6.9115  0  0  0.0715837  0.082733
-5.65487  0  0  0.0883152  0.0834971
-4.39823  0  0  0.108518  0.0797559
-3.14159  0  0  0.131022  0.0688069
-1.88496  0  0  0.152082  0.0479321
-0.628319  0  0  0.165355  0.0173773
0.628319  0  0  0.165362  -0.0173728
1.88496  0  0  0.15209  -0.0479347
3.14159  0  0  0.131029  -0.0688377
4.39823  0  0  0.108506  -0.0798118
5.65487  0  0  0.0882759  -0.0834396
6.9115  0  0  0.0715402  -0.082708
8.16814  0  0  0.0583458  -0.0796731
10.6814  0  0  0.0399195  -0.0712385
15.708  0  0  0.0211664  -0.0555927
33.3009  0  0  0.00522354  -0.029089
-54.6637  0  3.14159  0.00116636  0.0182157
-27.0177  0  3.14159  0.00467901  0.0364422
-13.1947  0  3.14159  0.0188375  0.0707735
-10.6814  0  3.14159  0.0275734  0.0845816
-8.16814  0  3.14159  0.0442669  0.103484
-6.9115  0  3.14159  0.0581937  0.11523
-5.65487  0  3.14159  0.0790671  0.127991
-4.39823  0  3.14159  0.110899  0.13913
-3.14159  0  3.14159  0.158338  0.141971
-1.88496  0  3.14159  0.222092  0.118727
-0.628319  0  3.14159  0.276764  0.0496379
0.628319  0  3.14159  0.276868  -0.0496234
1.88496  0  3.14159  0.221438  -0.119197
3.14159  0  3.14159  0.158226  -0.142183
4.39823  0  3.14159  0.110685  -0.139329
5.65487  0  3.14159  0.0789856  -0.127602
6.9115  0  3.14159  0.0583779  -0.115111
8.16814  0  3.14159  0.0443585  -0.103397
10.6814  0  3.14159  0.0277005  -0.0843932
15.708  0  3.14159  0.0134586  -0.060783
33.3009  0  3.14159  0.00310354  -0.0297081
-54.6637  3.14159  0  0.00116636  0.0182157
-27.0177  3.14159  0  0.00467901  0.0364422
-13.1947  3.14159  0  0.0188375  0.0707735
-10.6814  3.14159  0  0.0275734  0.0845816
-8.16814  3.14159  0  0.0442669  0.103484
-6.9115  3.14159  0  0.0581937  0.11523
-5.65487  3.14159  0  0.0790671  0.127991
-4.39823  3.14159  0  0.110899  0.13913
-3.14159  3.14159  0  0.158338  0.141971
-1.88496  3.14159  0  0.222092  0.118727
-0.628319  3.14159  0  0.276764  0.0496379
0.628319  3.14159  0  0.276868  -0.0496234
1.88496  3.14159  0  0.221438  -0.119197
3.14159  3.14159  0  0.158226  -0.142183
4.39823  3.14159  0  0.110685  -0.139329
5.65487  3.14159  0  0.0789856  -0.127602
6.9115  3.14159  0  0.0583779  -0.115111
8.16814  3.14159  0  0.0443585  -0.103397
10.6814  3.14159  0  0.0277005  -0.0843932
15.708  3.14159  0  0.0134586  -0.060783
33.3009  3.14159  0  0.00310354  -0.0297081
-54.6637  3.14159  3.14159  0.000339814  0.0182875
-27.0177  3.14159  3.14159  0.0013957  0.036958
-13.1947  3.14159  3.14159  0.00581871  0.0753347
-10.6814  3.14159  3.14159  0.00884296  0.0927829
-8.16814  3.14159  3.14159  0.0150278  0.120555
-6.9115  3.14159  3.14159  0.0208597  0.141614
-5.65487  3.14159  3.14159  0.0308471  0.17129
-4.39823  3.14159  3.14159  0.0499851  0.215786
-3.14159  3.14159  3.14159  0.0933943  0.288023
-1.88496  3.14159  3.14159  0.221851  0.410628
-0.628319  3.14159  3.14159  0.711144  0.438705
0.628319  3.14159  3.14159  0.711179  -0.438746
1.88496  3.14159  3.14159  0.221895  -0.410646
3.14159  3.14159  3.14159  0.0933662  -0.28803
4.39823  3.14159  3.14159  0.0499621  -0.215782
5.65487  3.14159  3.14159  0.0308591  -0.171282
6.9115  3.14159  3.14159  0.0208744  -0.141618
8.16814  3.14159  3.14159  0.0150365  -0.120555
10.6814  3.14159  3.14159  0.00885367  -0.0927774
15.708  3.14159  3.14159  0.00410616  -0.0633893
33.3009  3.14159  3.14159  0.000917043  -0.0300008
