-54.6637  0  0  -293.142  -391.122
-27.0177  0  0  371.376  735.467
-13.1947  0  0  -456.892  118.359
-10.6814  0  0  193.268  124.071
-8.16814  0  0  907.311  2032.57
-6.9115  0  0  1197.35  1540.17
-5.65487  0  0  594.085  469.126
-4.39823  0  0  -1633.33  -415.51
-3.14159  0  0  -820.782  364.574
-1.88496  0  0  -782.555  6136.75
-0.628319  0  0  -3247.64  5607.63
0.628319  0  0  -4543.39  70.7822
1.88496  0  0  -6328.82  -535.057
3.14159  0  0  -804.395  496.909
4.39823  0  0  -167.278  1447.87
5.65487  0  0  128.369  -644.334
6.9115  0  0  -1313.58  -1116.41
8.16814  0  0  -1548.18  -1659.35
10.6814  0  0  -206.556  -105.788
15.708  0  0  -267.27  -756.44
33.3009  0  0  -132.197  -290.225
-54.6637  0  3.14159  358.839  -109.151
-27.0177  0  3.14159  -608.971  -95.5729
-13.1947  0  3.14159  -110.639  -2.6229
-10.6814  0  3.14159  312.558  -594.664
-8.16814  0  3.14159  -908.096  -2306.73
-6.9115  0  3.14159  -1039.35  -1593.32
-5.65487  0  3.14159  571.018  -1928.91
-4.39823  0  3.14159  1185.83  1319.24
-3.14159  0  3.14159  -853.628  2201.89
-1.88496  0  3.14159  -5432.41  -5318.9
-0.628319  0  3.14159  -8792.93  5280.72
0.628319  0  3.14159  4033.79  -12986
1.88496  0  3.14159  -1083.5  -3764.51
3.14159  0  3.14159  1648.69  -2172.94
4.39823  0  3.14159  1179.17  -1512.85
5.65487  0  3.14159  -244.228  2775.68
6.9115  0  3.14159  287.054  696.658
8.16814  0  3.14159  437.369  1534.29
10.6814  0  3.14159  40.6504  764.229
15.708  0  3.14159  657.923  406.543
33.3009  0  3.14159  555.372  -463.574
-54.6637  3.14159  0  358.839  -109.151
-27.0177  3.14159  0  -608.971  -95.5729
-13.1947  3.14159  0  -110.639  -2.6229
-10.6814  3.14159  0  312.558  -594.664
-8.16814  3.14159  0  -908.096  -2306.73
-6.9115  3.14159  0  -1039.35  -1593.32
-5.65487  3.14159  0  571.018  -1928.91
-4.39823  3.14159  0  1185.83  1319.24
-3.14159  3.14159  0  -853.628  2201.89
-1.88496  3.14159  0  -5432.41  -5318.9
-0.628319  3.14159  0  -8792.93  5280.72
0.628319  3.14159  0  4033.79  -12986
1.88496  3.14159  0  -1083.5  -3764.51
3.14159  3.14159  0  1648.69  -2172.94
4.39823  3.14159  0  1179.17  -1512.85
5.65487  3.14159  0  -244.228  2775.68
6.9115  3.14159  0  287.054  696.658
8.16814  3.14159  0  437.369  1534.29
10.6814  3.14159  0  40.6504  764.229
15.708  3.14159  0  657.923  406.543
33.3009  3.14159  0  555.372  -463.574
-54.6637  3.14159  3.14159  -406.661  -420.414
-27.0177  3.14159  3.14159  443.147  785.882
-13.1947  3.14159  3.14159  -202.658  429.548
-10.6814  3.14159  3.14159  -242.717  -366.609
-8.16814  3.14159  3.14159  -528.102  1271.36
-6.9115  3.14159  3.14159  13.2319  1118.05
-5.65487  3.14159  3.14159  -756.734  -813.704
-4.39823  3.14159  3.14159  64.2043  -333.557
-3.14159  3.14159  3.14159  1569.47  1366.26
-1.88496  3.14159  3.14159  -3101.7  8131.24
-0.628319  3.14159  3.14159  4499.81  13493.9
0.628319  3.14159  3.14159  -14238.6  -3911.11
1.88496  3.14159  3.14159  -7366.5  3049.05
3.14159  3.14159  3.14159  -2115.19  -1235.2
4.39823  3.14159  3.14159  -455.811  -293.319
5.65487  3.14159  3.14159  1896.19  113.368
6.9115  3.14159  3.14159  -737.619  -87.0357
8.16814  3.14159  3.14159  -420.947  -420.332
10.6814  3.14159  3.14159  433.193  116.486
15.708  3.14159  3.14159  -160.247  -867.653
33.3009  3.14159  3.14159  -561.631  -658.935
