-54.6637  0  0  -368.297  -245.61
-27.0177  0  0  372.474  443.494
-13.1947  0  0  396.007  829.149
-10.6814  0  0  -524.535  -766.35
-8.16814  0  0  -1534.53  -285.391
-6.9115  0  0  -1346.29  320.862
-5.65487  0  0  -1390.55  -2128.13
-4.39823  0  0  2355.65  -31.5466
-3.14159  0  0  3928.6  1395.58
-1.88496  0  0  -4585.25  5961.93
-0.628319  0  0  9974.74  16466.5
0.628319  0  0  -18071.5  -6884.16
1.88496  0  0  -4732.82  5987.02
3.14159  0  0  -2450.93  -3659.73
4.39823  0  0  -782.18  -2120.1
5.65487  0  0  2461  788.521
6.9115  0  0  74.3871  1440.04
8.16814  0  0  695.102  1341.73
10.6814  0  0  818.842  350.353
15.708  0  0  -329.431  -757.593
33.3009  0  0  -824.906  -795.813
-54.6637  0  3.14159  -13.7767  42.299
-27.0177  0  3.14159  25.7028  -49.6044
-13.1947  0  3.14159  109.225  -140.436
-10.6814  0  3.14159  -142.515  133.767
-8.16814  0  3.14159  -232.008  341.932
-6.9115  0  3.14159  -75.3177  424.815
-5.65487  0  3.14159  -434.358  382.154
-4.39823  0  3.14159  101.757  -615.41
-3.14159  0  3.14159  333.05  -946.118
-1.88496  0  3.14159  810.719  810.162
-0.628319  0  3.14159  2537.78  -2682.47
0.628319  0  3.14159  -1059.52  3435.96
1.88496  0  3.14159  1365.1  389.023
3.14159  0  3.14159  -713.796  355.846
4.39823  0  3.14159  -650.848  148.845
5.65487  0  3.14159  171.896  -559.729
6.9115  0  3.14159  369.23  -125.688
8.16814  0  3.14159  425.882  -234.17
10.6814  0  3.14159  50.4194  -211.519
15.708  0  3.14159  -63.6683  64.9866
33.3009  0  3.14159  -139.552  162.684
-54.6637  3.14159  0  -13.7767  42.299
-27.0177  3.14159  0  25.7028  -49.6044
-13.1947  3.14159  0  109.225  -140.436
-10.6814  3.14159  0  -142.515  133.767
-8.16814  3.14159  0  -232.008  341.932
-6.9115  3.14159  0  -75.3177  424.815
-5.65487  3.14159  0  -434.358  382.154
-4.39823  3.14159  0  101.757  -615.41
-3.14159  3.14159  0  333.05  -946.118
-1.88496  3.14159  0  810.719  810.162
-0.628319  3.14159  0  2537.78  -2682.47
0.628319  3.14159  0  -1059.52  3435.96
1.88496  3.14159  0  1365.1  389.023
3.14159  3.14159  0  -713.796  355.846
4.39823  3.14159  0  -650.848  148.845
5.65487  3.14159  0  171.896  -559.729
6.9115  3.14159  0  369.23  -125.688
8.16814  3.14159  0  425.882  -234.17
10.6814  3.14159  0  50.4194  -211.519
15.708  3.14159  0  -63.6683  64.9866
33.3009  3.14159  0  -139.552  162.684
-54.6637  3.14159  3.14159  -32.5732  -19.5421
-27.0177  3.14159  3.14159  -10.1065  28.9533
-13.1947  3.14159  3.14159  -85.4438  202.873
-10.6814  3.14159  3.14159  -97.5961  -170.673
-8.16814  3.14159  3.14159  -260.853  -560.835
-6.9115  3.14159  3.14159  -355.167  -677.118
-5.65487  3.14159  3.14159  -264.984  -347.843
-4.39823  3.14159  3.14159  136.681  703.108
-3.14159  3.14159  3.14159  713.787  1779.6
-1.88496  3.14159  3.14159  -637.914  -426.381
-0.628319  3.14159  3.14159  1668.02  4334.08
0.628319  3.14159  3.14159  -2736.11  -3495.88
1.88496  3.14159  3.14159  -1375.86  1293.09
3.14159  3.14159  3.14159  788.953  -431.991
4.39823  3.14159  3.14159  709.797  -706.633
5.65487  3.14159  3.14159  706.747  536.556
6.9115  3.14159  3.14159  -299.288  272.188
8.16814  3.14159  3.14159  51.1348  583.995
10.6814  3.14159  3.14159  215.65  173.812
15.708  3.14159  3.14159  189.045  -97.5886
33.3009  3.14159  3.14159  17.7461  -233.266
