-54.6637  0  0  0.00109163  0.0182233
-27.0177  0  0  0.00440934  0.0364383
-13.1947  0  0  0.0175242  0.071142
-10.6814  0  0  0.0258181  0.0851932
-8.16814  0  0  0.0413434  0.104923
-6.9115  0  0  0.0543501  0.117531
-5.65487  0  0  0.0741643  0.132023
-4.39823  0  0  0.104576  0.146787
-3.14159  0  0  0.152481  0.155977
-1.88496  0  0  0.219553  0.141356
-0.628319  0  0  0.305259  0.0771092
0.628319  0  0  0.30135  -0.0803385
1.88496  0  0  0.219728  -0.141238
3.14159  0  0  0.152444  -0.156027
4.39823  0  0  0.10458  -0.146852
5.65487  0  0  0.0741663  -0.132065
6.9115  0  0  0.0543505  -0.117555
8.16814  0  0  0.0413453  -0.104926
10.6814  0  0  0.025816  -0.0851968
15.708  0  0  0.0126184  -0.0608489
33.3009  0  0  0.00291985  -0.0297203
-54.6637  0  3.14159  0.000265694  0.0182848
-27.0177  0  3.14159  0.0010843  0.0369394
-13.1947  0  3.14159  0.00449078  0.0751465
-10.6814  0  3.14159  0.0068014  0.0925162
-8.16814  0  3.14159  0.0115261  0.120156
-6.9115  0  3.14159  0.0158901  0.140812
-5.65487  0  3.14159  0.0232385  0.170219
-4.39823  0  3.14159  0.0361635  0.212471
-3.14159  0  3.14159  0.0696879  0.272284
-1.88496  0  3.14159  0.180534  0.432835
-0.628319  0  3.14159  0.779767  0.584228
0.628319  0  3.14159  0.783515  -0.581016
1.88496  0  3.14159  0.182808  -0.431113
3.14159  0  3.14159  0.0639929  -0.274729
4.39823  0  3.14159  0.0358945  -0.213183
5.65487  0  3.14159  0.0233825  -0.170205
6.9115  0  3.14159  0.0159257  -0.140778
8.16814  0  3.14159  0.0115718  -0.120136
10.6814  0  3.14159  0.00680962  -0.092516
15.708  0  3.14159  0.00318075  -0.0632918
33.3009  0  3.14159  0.000714604  -0.0299899
-54.6637  3.14159  0  0.000265694  0.0182848
-27.0177  3.14159  0  0.0010843  0.0369394
-13.1947  3.14159  0  0.00449078  0.0751465
-10.6814  3.14159  0  0.0068014  0.0925162
-8.16814  3.14159  0  0.0115261  0.120156
-6.9115  3.14159  0  0.0158901  0.140812
-5.65487  3.14159  0  0.0232385  0.170219
-4.39823  3.14159  0  0.0361635  0.212471
-3.14159  3.14159  0  0.0696879  0.272284
-1.88496  3.14159  0  0.180534  0.432835
-0.628319  3.14159  0  0.779767  0.584228
0.628319  3.14159  0  0.783515  -0.581016
1.88496  3.14159  0  0.182808  -0.431113
3.14159  3.14159  0  0.0639929  -0.274729
4.39823  3.14159  0  0.0358945  -0.213183
5.65487  3.14159  0  0.0233825  -0.170205
6.9115  3.14159  0  0.0159257  -0.140778
8.16814  3.14159  0  0.0115718  -0.120136
10.6814  3.14159  0  0.00680962  -0.092516
15.708  3.14159  0  0.00318075  -0.0632918
33.3009  3.14159  0  0.000714604  -0.0299899
-54.6637  3.14159  3.14159  -0.000563505  0.0182713
-27.0177  3.14159  3.14159  -0.00229447  0.0368286
-13.1947  3.14159  3.14159  -0.00940651  0.0742578
-10.6814  3.14159  3.14159  -0.0141386  0.0907857
-8.16814  3.14159  3.14159  -0.0235053  0.116394
-6.9115  3.14159  3.14159  -0.0318181  0.135073
-5.65487  3.14159  3.14159  -0.0457563  0.160407
-4.39823  3.14159  3.14159  -0.0701192  0.196203
-3.14159  3.14159  3.14159  -0.120684  0.248589
-1.88496  3.14159  3.14159  -0.251697  0.311839
-0.628319  3.14159  3.14159  -0.551764  0.243941
0.628319  3.14159  3.14159  -0.54716  -0.2369
1.88496  3.14159  3.14159  -0.251494  -0.311482
3.14159  3.14159  3.14159  -0.120652  -0.248659
4.39823  3.14159  3.14159  -0.0700722  -0.196135
5.65487  3.14159  3.14159  -0.0457611  -0.160351
6.9115  3.14159  3.14159  -0.0318342  -0.135046
8.16814  3.14159  3.14159  -0.0235074  -0.116396
10.6814  3.14159  3.14159  -0.0141424  -0.0907826
15.708  3.14159  3.14159  -0.00669711  -0.0627461
33.3009  3.14159  3.14159  -0.00151397  -0.0299305
