-54.6637  0  0  792.873  1936.96
-27.0177  0  0  -718.219  -2592.03
-13.1947  0  0  1991.25  -3211.97
-10.6814  0  0  -1844  3491.01
-8.16814  0  0  -837.314  4453.7
-6.9115  0  0  479.507  2562.33
-5.65487  0  0  -5022.61  10309.2
-4.39823  0  0  -3088.92  -8620.25
-3.14159  0  0  -3088.13  -15491.1
-1.88496  0  0  25222.5  -7906.51
-0.628319  0  0  27216.2  -78035.3
0.628319  0  0  24236.3  68215.1
1.88496  0  0  37926.2  -2249.08
3.14159  0  0  -4113.19  14342.5
4.39823  0  0  -6685  4902.87
5.65487  0  0  -1379.65  -9540.81
6.9115  0  0  6997.22  -3489.45
8.16814  0  0  6400.46  -5219.69
10.6814  0  0  -307.492  -3570.11
15.708  0  0  -202.618  2647.88
33.3009  0  0  -193.064  4557.53
-54.6637  0  3.14159  -708.985  2805.87
-27.0177  0  3.14159  2242.26  -3173.99
-13.1947  0  3.14159  2535.18  -4025.75
-10.6814  0  3.14159  -2121.12  6172.14
-8.16814  0  3.14159  6873.35  13727.3
-6.9115  0  3.14159  9452.02  9369.62
-5.65487  0  3.14159  -5175.26  17849.7
-4.39823  0  3.14159  -10700.6  -15036.4
-3.14159  0  3.14159  -7128.56  -30141.4
-1.88496  0  3.14159  57201.8  12066.7
-0.628319  0  3.14159  54200.8  -116894
0.628319  0  3.14159  26971.2  134669
1.88496  0  3.14159  47710.6  8802.91
3.14159  0  3.14159  -12566.6  28194.7
4.39823  0  3.14159  -10927.5  15808.3
5.65487  0  3.14159  -5991.41  -20368.8
6.9115  0  3.14159  5674.89  -6754.68
8.16814  0  3.14159  2245.23  -11741.2
10.6814  0  3.14159  -2031.08  -6617.34
15.708  0  3.14159  -4009.06  2795.17
33.3009  0  3.14159  -2090.56  7867.66
-54.6637  3.14159  0  -708.985  2805.87
-27.0177  3.14159  0  2242.26  -3173.99
-13.1947  3.14159  0  2535.18  -4025.75
-10.6814  3.14159  0  -2121.12  6172.14
-8.16814  3.14159  0  6873.35  13727.3
-6.9115  3.14159  0  9452.02  9369.62
-5.65487  3.14159  0  -5175.26  17849.7
-4.39823  3.14159  0  -10700.6  -15036.4
-3.14159  3.14159  0  -7128.56  -30141.4
-1.88496  3.14159  0  57201.8  12066.7
-0.628319  3.14159  0  54200.8  -116894
0.628319  3.14159  0  26971.2  134669
1.88496  3.14159  0  47710.6  8802.91
3.14159  3.14159  0  -12566.6  28194.7
4.39823  3.14159  0  -10927.5  15808.3
5.65487  3.14159  0  -5991.41  -20368.8
6.9115  3.14159  0  5674.89  -6754.68
8.16814  3.14159  0  2245.23  -11741.2
10.6814  3.14159  0  -2031.08  -6617.34
15.708  3.14159  0  -4009.06  2795.17
33.3009  3.14159  0  -2090.56  7867.66
-54.6637  3.14159  3.14159  705.471  646.303
-27.0177  3.14159  3.14159  -882.408  -1161.33
-13.1947  3.14159  3.14159  -130.495  -340.565
-10.6814  3.14159  3.14159  475.793  766.048
-8.16814  3.14159  3.14159  1443.75  -2003.3
-6.9115  3.14159  3.14159  -92.27  -2782.26
-5.65487  3.14159  3.14159  1925.17  2383.82
-4.39823  3.14159  3.14159  -1461.48  1657.63
-3.14159  3.14159  3.14159  -3032.94  743.979
-1.88496  3.14159  3.14159  5424.37  -15757.8
-0.628319  3.14159  3.14159  -10271.2  -21061
0.628319  3.14159  3.14159  24395.7  2320.22
1.88496  3.14159  3.14159  10101.9  -5258.46
3.14159  3.14159  3.14159  6841.66  2649.71
4.39823  3.14159  3.14159  2557.09  147.132
5.65487  3.14159  3.14159  -2727.17  -183.225
6.9115  3.14159  3.14159  -12.9779  -328.329
8.16814  3.14159  3.14159  -200.523  266.995
10.6814  3.14159  3.14159  -789.879  -109.269
15.708  3.14159  3.14159  726.843  923.502
33.3009  3.14159  3.14159  1371.75  880.682
