-54.6637  0  0  -174.623  -118.277
-27.0177  0  0  284.849  323.134
-13.1947  0  0  15.5182  389.475
-10.6814  0  0  103.696  368.114
-8.16814  0  0  616.622  1393.81
-6.9115  0  0  -26.7523  1344.49
-5.65487  0  0  930.85  932.46
-4.39823  0  0  -251.984  -42.4914
-3.14159  0  0  1839.84  -953.591
-1.88496  0  0  -158.143  1969.56
-0.628319  0  0  1915.77  -235.627
0.628319  0  0  -2177.25  2431.32
1.88496  0  0  -711.511  1188.81
3.14159  0  0  336.595  -1206.77
4.39823  0  0  -668.868  294.158
5.65487  0  0  -330.989  -1702.45
6.9115  0  0  -920.953  -261.749
8.16814  0  0  -795.265  -1023.82
10.6814  0  0  -186.525  -395.616
15.708  0  0  -544.734  -792.899
33.3009  0  0  -226.142  -115.358
-54.6637  0  3.14159  -51.9742  145.362
-27.0177  0  3.14159  113.102  -172.312
-13.1947  0  3.14159  142.77  -142.391
-10.6814  0  3.14159  -137.043  312.38
-8.16814  0  3.14159  142.963  516.615
-6.9115  0  3.14159  276.124  456.87
-5.65487  0  3.14159  -210.768  956.081
-4.39823  0  3.14159  -328.878  -709.162
-3.14159  0  3.14159  285.9  -1627.96
-1.88496  0  3.14159  2802.02  192.432
-0.628319  0  3.14159  4037.72  -5392.69
0.628319  0  3.14159  612.336  6319.54
1.88496  0  3.14159  2991.16  938.692
3.14159  0  3.14159  -537.498  928.773
4.39823  0  3.14159  -646.909  585.511
5.65487  0  3.14159  -253.191  -1213.01
6.9115  0  3.14159  321.891  -154.272
8.16814  0  3.14159  320.196  -377.462
10.6814  0  3.14159  -73.1637  -347.818
15.708  0  3.14159  -208.598  105.082
33.3009  0  3.14159  -150.889  375.594
-54.6637  3.14159  0  -51.9742  145.362
-27.0177  3.14159  0  113.102  -172.312
-13.1947  3.14159  0  142.77  -142.391
-10.6814  3.14159  0  -137.043  312.38
-8.16814  3.14159  0  142.963  516.615
-6.9115  3.14159  0  276.124  456.87
-5.65487  3.14159  0  -210.768  956.081
-4.39823  3.14159  0  -328.878  -709.162
-3.14159  3.14159  0  285.9  -1627.96
-1.88496  3.14159  0  2802.02  192.432
-0.628319  3.14159  0  4037.72  -5392.69
0.628319  3.14159  0  612.336  6319.54
1.88496  3.14159  0  2991.16  938.692
3.14159  3.14159  0  -537.498  928.773
4.39823  3.14159  0  -646.909  585.511
5.65487  3.14159  0  -253.191  -1213.01
6.9115  3.14159  0  321.891  -154.272
8.16814  3.14159  0  320.196  -377.462
10.6814  3.14159  0  -73.1637  -347.818
15.708  3.14159  0  -208.598  105.082
33.3009  3.14159  0  -150.889  375.594
-54.6637  3.14159  3.14159  -267.907  263.591
-27.0177  3.14159  3.14159  507.099  -121.096
-13.1947  3.14159  3.14159  843.99  -520.222
-10.6814  3.14159  3.14159  -1070.11  575.553
-8.16814  3.14159  3.14159  -856.694  2989.71
-6.9115  3.14159  3.14159  305.022  2330.13
-5.65487  3.14159  3.14159  -2764.36  1873.09
-4.39823  3.14159  3.14159  -367.073  -4229.3
-3.14159  3.14159  3.14159  699.129  -5249.03
-1.88496  3.14159  3.14159  5768.73  7569.53
-0.628319  3.14159  3.14159  18132.9  -9808.62
0.628319  3.14159  3.14159  -10596.2  19360.4
1.88496  3.14159  3.14159  6028.31  4139.71
3.14159  3.14159  3.14159  -5869.93  3335.81
4.39823  3.14159  3.14159  -3533.4  2073.24
5.65487  3.14159  3.14159  1202  -3334.33
6.9115  3.14159  3.14159  2398.35  -834.882
8.16814  3.14159  3.14159  1901.58  -1921.96
10.6814  3.14159  3.14159  413.743  -998.453
15.708  3.14159  3.14159  -746.04  -21.3565
33.3009  3.14159  3.14159  -1016.84  995.562
