-54.6637  0  0  0.00197362  0.0180768
-27.0177  0  0  0.00781236  0.0352762
-13.1947  0  0  0.0284768  0.062849
-10.6814  0  0  0.0398787  0.0712405
-8.16814  0  0  0.0583445  0.0796809
-6.9115  0  0  0.0715703  0.0827237
-5.65487  0  0  0.088257  0.0834403
-4.39823  0  0  0.108582  0.0799589
-3.14159  0  0  0.131032  0.068794
-1.88496  0  0  0.152063  0.0479564
-0.628319  0  0  0.165321  0.0173571
0.628319  0  0  0.165378  -0.0173564
1.88496  0  0  0.152127  -0.0479063
3.14159  0  0  0.130991  -0.0688391
4.39823  0  0  0.108555  -0.0798425
5.65487  0  0  0.0882579  -0.0834661
6.9115  0  0  0.07158  -0.0827565
8.16814  0  0  0.0583389  -0.079699
10.6814  0  0  0.0398727  -0.0712671
15.708  0  0  0.0211627  -0.0555975
33.3009  0  0  0.0052186  -0.0290879
-54.6637  0  3.14159  0.00116565  0.0182164
-27.0177  0  3.14159  0.00474137  0.0364134
-13.1947  0  3.14159  0.0188706  0.0708171
-10.6814  0  3.14159  0.027653  0.0845143
-8.16814  0  3.14159  0.0442877  0.103384
-6.9115  0  3.14159  0.0582797  0.11508
-5.65487  0  3.14159  0.0790759  0.127845
-4.39823  0  3.14159  0.110866  0.13928
-3.14159  0  3.14159  0.158303  0.142008
-1.88496  0  3.14159  0.221439  0.11923
-0.628319  0  3.14159  0.276787  0.0496598
0.628319  0  3.14159  0.276805  -0.0496577
1.88496  0  3.14159  0.221462  -0.119226
3.14159  0  3.14159  0.158336  -0.142077
4.39823  0  3.14159  0.110825  -0.139298
5.65487  0  3.14159  0.0790884  -0.127847
6.9115  0  3.14159  0.0583293  -0.115029
8.16814  0  3.14159  0.0443105  -0.103368
10.6814  0  3.14159  0.0276609  -0.084507
15.708  0  3.14159  0.0134774  -0.0606799
33.3009  0  3.14159  0.00311899  -0.0297085
-54.6637  3.14159  0  0.00116565  0.0182164
-27.0177  3.14159  0  0.00474137  0.0364134
-13.1947  3.14159  0  0.0188706  0.0708171
-10.6814  3.14159  0  0.027653  0.0845143
-8.16814  3.14159  0  0.0442877  0.103384
-6.9115  3.14159  0  0.0582797  0.11508
-5.65487  3.14159  0  0.0790759  0.127845
-4.39823  3.14159  0  0.110866  0.13928
-3.14159  3.14159  0  0.158303  0.142008
-1.88496  3.14159  0  0.221439  0.11923
-0.628319  3.14159  0  0.276787  0.0496598
0.628319  3.14159  0  0.276805  -0.0496577
1.88496  3.14159  0  0.221462  -0.119226
3.14159  3.14159  0  0.158336  -0.142077
4.39823  3.14159  0  0.110825  -0.139298
5.65487  3.14159  0  0.0790884  -0.127847
6.9115  3.14159  0  0.0583293  -0.115029
8.16814  3.14159  0  0.0443105  -0.103368
10.6814  3.14159  0  0.0276609  -0.084507
15.708  3.14159  0  0.0134774  -0.0606799
33.3009  3.14159  0  0.00311899  -0.0297085
-54.6637  3.14159  3.14159  0.000339762  0.0182859
-27.0177  3.14159  3.14159  0.00140074  0.0369601
-13.1947  3.14159  3.14159  0.00583058  0.0753449
-10.6814  3.14159  3.14159  0.0088283  0.0927708
-8.16814  3.14159  3.14159  0.0150254  0.120541
-6.9115  3.14159  3.14159  0.0208643  0.141588
-5.65487  3.14159  3.14159  0.0308257  0.171277
-4.39823  3.14159  3.14159  0.0499825  0.215822
-3.14159  3.14159  3.14159  0.0934135  0.28807
-1.88496  3.14159  3.14159  0.221855  0.410571
-0.628319  3.14159  3.14159  0.711183  0.438639
0.628319  3.14159  3.14159  0.711267  -0.438735
1.88496  3.14159  3.14159  0.221952  -0.410599
3.14159  3.14159  3.14159  0.0933653  -0.28807
4.39823  3.14159  3.14159  0.0499529  -0.21582
5.65487  3.14159  3.14159  0.0308494  -0.171259
6.9115  3.14159  3.14159  0.020886  -0.141598
8.16814  3.14159  3.14159  0.0150393  -0.12054
10.6814  3.14159  3.14159  0.00885048  -0.092756
15.708  3.14159  3.14159  0.0040959  -0.0633959
33.3009  3.14159  3.14159  0.000916274  -0.0300024
