-54.6637  0  0  6550.96  -2567.35
-27.0177  0  0  -2732.99  -21.4673
-13.1947  0  0  -21903.8  -21270.5
-10.6814  0  0  35420.2  19499.8
-8.16814  0  0  93009.9  25968.7
-6.9115  0  0  79374.5  13624
-5.65487  0  0  100382  40845.3
-4.39823  0  0  -91176.2  25671
-3.14159  0  0  -168540  -44902.2
-1.88496  0  0  86546.4  -102949
-0.628319  0  0  -570816  -355167
0.628319  0  0  597826  112180
1.88496  0  0  -14270.8  -263729
3.14159  0  0  75172.2  94584.9
4.39823  0  0  38041.4  93170.9
5.65487  0  0  -122189  -11402.8
6.9115  0  0  -43007  -55110.3
8.16814  0  0  -84863.4  -56369.6
10.6814  0  0  -39399.2  -2700.51
15.708  0  0  -4555.17  14150.9
33.3009  0  0  29195.7  14609
-54.6637  0  3.14159  50932.8  26484.7
-27.0177  0  3.14159  -48811.6  -30953.1
-13.1947  0  3.14159  -51444  -207529
-10.6814  0  3.14159  43523.5  215272
-8.16814  0  3.14159  227506  446301
-6.9115  0  3.14159  298553  286924
-5.65487  0  3.14159  102512  616538
-4.39823  0  3.14159  -546945  -378514
-3.14159  0  3.14159  -763402  -678630
-1.88496  0  3.14159  965030  -269724
-0.628319  0  3.14159  -1.21886e+06  -3.79524e+06
0.628319  0  3.14159  2.60756e+06  2.62914e+06
1.88496  0  3.14159  953861  -1.24131e+06
3.14159  0  3.14159  22241.1  925390
4.39823  0  3.14159  -177862  636197
5.65487  0  3.14159  -371241  -431195
6.9115  0  3.14159  81170.7  -479562
8.16814  0  3.14159  -49102  -589853
10.6814  0  3.14159  -146629  -162509
15.708  0  3.14159  20570.7  83097.9
33.3009  0  3.14159  96234.2  199391
-54.6637  3.14159  0  50932.8  26484.7
-27.0177  3.14159  0  -48811.6  -30953.1
-13.1947  3.14159  0  -51444  -207529
-10.6814  3.14159  0  43523.5  215272
-8.16814  3.14159  0  227506  446301
-6.9115  3.14159  0  298553  286924
-5.65487  3.14159  0  102512  616538
-4.39823  3.14159  0  -546945  -378514
-3.14159  3.14159  0  -763402  -678630
-1.88496  3.14159  0  965030  -269724
-0.628319  3.14159  0  -1.21886e+06  -3.79524e+06
0.628319  3.14159  0  2.60756e+06  2.62914e+06
1.88496  3.14159  0  953861  -1.24131e+06
3.14159  3.14159  0  22241.1  925390
4.39823  3.14159  0  -177862  636197
5.65487  3.14159  0  -371241  -431195
6.9115  3.14159  0  81170.7  -479562
8.16814  3.14159  0  -49102  -589853
10.6814  3.14159  0  -146629  -162509
15.708  3.14159  0  20570.7  83097.9
33.3009  3.14159  0  96234.2  199391
-54.6637  3.14159  3.14159  19408  13020.1
-27.0177  3.14159  3.14159  -16259.1  -27186.4
-13.1947  3.14159  3.14159  -11782  -56530
-10.6814  3.14159  3.14159  26811.2  33156.6
-8.16814  3.14159  3.14159  96776.2  8786.69
-6.9115  3.14159  3.14159  97882.3  -18993.9
-5.65487  3.14159  3.14159  68954.2  79368.6
-4.39823  3.14159  3.14159  -135681  -19186.3
-3.14159  3.14159  3.14159  -286854  -100338
-1.88496  3.14159  3.14159  248459  -271202
-0.628319  3.14159  3.14159  -546682  -872231
0.628319  3.14159  3.14159  918484  404162
1.88496  3.14159  3.14159  249868  -372213
3.14159  3.14159  3.14159  67465  239021
4.39823  3.14159  3.14159  45754.6  144726
5.65487  3.14159  3.14159  -155369  -13152.7
6.9115  3.14159  3.14159  19312.7  -83263.1
8.16814  3.14159  3.14159  -47122.8  -63252.9
10.6814  3.14159  3.14159  -43055.1  -9406.73
15.708  3.14159  3.14159  4804.06  58466.9
33.3009  3.14159  3.14159  43787.2  49116.3
