-54.6637  0  0  1965.29  -770.204
-27.0177  0  0  -819.896  -6.43904
-13.1947  0  0  -6571.12  -6381.15
-10.6814  0  0  10626  5849.93
-8.16814  0  0  27903  7790.62
-6.9115  0  0  23812.4  4087.21
-5.65487  0  0  30114.6  12253.6
-4.39823  0  0  -27352.8  7701.29
-3.14159  0  0  -50561.9  -13470.7
-1.88496  0  0  25963.9  -30884.8
-0.628319  0  0  -171245  -106550
0.628319  0  0  179348  33653.9
1.88496  0  0  -4281.24  -79118.8
3.14159  0  0  22551.7  28375.5
4.39823  0  0  11412.4  27951.3
5.65487  0  0  -36656.7  -3420.83
6.9115  0  0  -12902.1  -16533.1
8.16814  0  0  -25459  -16910.9
10.6814  0  0  -11819.8  -810.154
15.708  0  0  -1366.55  4245.25
33.3009  0  0  8758.72  4382.7
-54.6637  0  3.14159  15279.8  7945.41
-27.0177  0  3.14159  -14643.5  -9285.93
-13.1947  0  3.14159  -15433.2  -62258.7
-10.6814  0  3.14159  13057  64581.6
-8.16814  0  3.14159  68251.8  133890
-6.9115  0  3.14159  89566  86077.3
-5.65487  0  3.14159  30753.5  184961
-4.39823  0  3.14159  -164083  -113554
-3.14159  0  3.14159  -229021  -203589
-1.88496  0  3.14159  289509  -80917.3
-0.628319  0  3.14159  -365657  -1.13857e+06
0.628319  0  3.14159  782268  788741
1.88496  0  3.14159  286158  -372393
3.14159  0  3.14159  6672.33  277617
4.39823  0  3.14159  -53358.5  190859
5.65487  0  3.14159  -111372  -129359
6.9115  0  3.14159  24351.2  -143869
8.16814  0  3.14159  -14730.6  -176956
10.6814  0  3.14159  -43988.8  -48752.7
15.708  0  3.14159  6171.2  24929.4
33.3009  0  3.14159  28870.3  59817.4
-54.6637  3.14159  0  15279.8  7945.41
-27.0177  3.14159  0  -14643.5  -9285.93
-13.1947  3.14159  0  -15433.2  -62258.7
-10.6814  3.14159  0  13057  64581.6
-8.16814  3.14159  0  68251.8  133890
-6.9115  3.14159  0  89566  86077.3
-5.65487  3.14159  0  30753.5  184961
-4.39823  3.14159  0  -164083  -113554
-3.14159  3.14159  0  -229021  -203589
-1.88496  3.14159  0  289509  -80917.3
-0.628319  3.14159  0  -365657  -1.13857e+06
0.628319  3.14159  0  782268  788741
1.88496  3.14159  0  286158  -372393
3.14159  3.14159  0  6672.33  277617
4.39823  3.14159  0  -53358.5  190859
5.65487  3.14159  0  -111372  -129359
6.9115  3.14159  0  24351.2  -143869
8.16814  3.14159  0  -14730.6  -176956
10.6814  3.14159  0  -43988.8  -48752.7
15.708  3.14159  0  6171.2  24929.4
33.3009  3.14159  0  28870.3  59817.4
-54.6637  3.14159  3.14159  5822.39  3906.05
-27.0177  3.14159  3.14159  -4877.72  -8155.91
-13.1947  3.14159  3.14159  -3534.59  -16959
-10.6814  3.14159  3.14159  8043.36  9946.98
-8.16814  3.14159  3.14159  29032.9  2636.01
-6.9115  3.14159  3.14159  29364.7  -5698.17
-5.65487  3.14159  3.14159  20686.3  23810.6
-4.39823  3.14159  3.14159  -40704.4  -5755.9
-3.14159  3.14159  3.14159  -86056.3  -30101.3
-1.88496  3.14159  3.14159  74537.7  -81360.5
-0.628319  3.14159  3.14159  -164005  -261669
0.628319  3.14159  3.14159  275545  121248
1.88496  3.14159  3.14159  74960.5  -111664
3.14159  3.14159  3.14159  20239.5  71706.2
4.39823  3.14159  3.14159  13726.4  43417.9
5.65487  3.14159  3.14159  -46610.8  -3945.82
6.9115  3.14159  3.14159  5793.82  -24978.9
8.16814  3.14159  3.14159  -14136.9  -18975.9
10.6814  3.14159  3.14159  -12916.5  -2822.02
15.708  3.14159  3.14159  1441.22  17540.1
33.3009  3.14159  3.14159  13136.1  14734.9
