-54.6637  0  0  0.000828739  0.0182561
-27.0177  0  0  0.00337105  0.0367032
-13.1947  0  0  0.0137663  0.0731991
-10.6814  0  0  0.0206359  0.0888265
-8.16814  0  0  0.0340505  0.112082
-6.9115  0  0  0.0460158  0.128165
-5.65487  0  0  0.0650704  0.148285
-4.39823  0  0  0.0973046  0.172465
-3.14159  0  0  0.154828  0.196015
-1.88496  0  0  0.255538  0.19411
-0.628319  0  0  0.378707  0.0958899
0.628319  0  0  0.378707  -0.0958899
1.88496  0  0  0.255538  -0.19411
3.14159  0  0  0.154828  -0.196015
4.39823  0  0  0.0973046  -0.172465
5.65487  0  0  0.0650704  -0.148285
6.9115  0  0  0.0460158  -0.128165
8.16814  0  0  0.0340505  -0.112082
10.6814  0  0  0.0206359  -0.0888265
15.708  0  0  0.00981216  -0.0621119
33.3009  0  0  0.00222533  -0.0298634
-54.6637  0  3.14159  2.35315e-11  0.0182937
-27.0177  0  3.14159  -1.51509e-11  0.0370128
-13.1947  0  3.14159  3.0926e-11  0.0757881
-10.6814  0  3.14159  -3.64268e-10  0.0936206
-8.16814  0  3.14159  2.11391e-09  0.122427
-6.9115  0  3.14159  -3.48499e-10  0.144686
-5.65487  0  3.14159  -3.44395e-09  0.176839
-4.39823  0  3.14159  1.72417e-09  0.227364
-3.14159  0  3.14159  5.21354e-09  0.31831
-1.88496  0  3.14159  8.3878e-09  0.530517
-0.628319  0  3.14159  -9.71934e-07  1.59155
0.628319  0  3.14159  1.01912e-06  -1.59155
1.88496  0  3.14159  -6.71024e-08  -0.530517
3.14159  0  3.14159  -4.0576e-09  -0.31831
4.39823  0  3.14159  -1.94984e-09  -0.227364
5.65487  0  3.14159  3.29833e-09  -0.176839
6.9115  0  3.14159  -1.11617e-09  -0.144686
8.16814  0  3.14159  -3.76892e-10  -0.122427
10.6814  0  3.14159  6.93843e-11  -0.0936206
15.708  0  3.14159  2.07598e-10  -0.063662
33.3009  0  3.14159  5.11243e-11  -0.0300292
-54.6637  3.14159  0  2.45054e-11  0.0182937
-27.0177  3.14159  0  -3.18965e-12  0.0370128
-13.1947  3.14159  0  2.25676e-11  0.0757881
-10.6814  3.14159  0  -4.2804e-10  0.0936206
-8.16814  3.14159  0  2.05939e-09  0.122427
-6.9115  3.14159  0  -6.5313e-10  0.144686
-5.65487  3.14159  0  5.60643e-10  0.176839
-4.39823  3.14159  0  1.64894e-09  0.227364
-3.14159  3.14159  0  -5.99203e-09  0.31831
-1.88496  3.14159  0  -3.7483e-08  0.530516
-0.628319  3.14159  0  -6.18075e-07  1.59155
0.628319  3.14159  0  1.49094e-06  -1.59155
1.88496  3.14159  0  -6.71024e-08  -0.530516
3.14159  3.14159  0  -1.69853e-09  -0.31831
4.39823  3.14159  0  1.36007e-09  -0.227364
5.65487  3.14159  0  1.47806e-09  -0.176839
6.9115  3.14159  0  -1.60358e-09  -0.144686
8.16814  3.14159  0  4.083e-10  -0.122427
10.6814  3.14159  0  1.7142e-10  -0.0936206
15.708  3.14159  0  4.24632e-11  -0.063662
33.3009  3.14159  0  7.21199e-11  -0.0300292
-54.6637  3.14159  3.14159  -0.000828738  0.0182561
-27.0177  3.14159  3.14159  -0.00337105  0.0367032
-13.1947  3.14159  3.14159  -0.0137663  0.0731991
-10.6814  3.14159  3.14159  -0.0206359  0.0888265
-8.16814  3.14159  3.14159  -0.0340505  0.112082
-6.9115  3.14159  3.14159  -0.0460158  0.128165
-5.65487  3.14159  3.14159  -0.0650704  0.148285
-4.39823  3.14159  3.14159  -0.0973046  0.172465
-3.14159  3.14159  3.14159  -0.154828  0.196015
-1.88496  3.14159  3.14159  -0.255538  0.19411
-0.628319  3.14159  3.14159  -0.378707  0.0958899
0.628319  3.14159  3.14159  -0.378707  -0.0958899
1.88496  3.14159  3.14159  -0.255538  -0.19411
3.14159  3.14159  3.14159  -0.154828  -0.196015
4.39823  3.14159  3.14159  -0.0973046  -0.172465
5.65487  3.14159  3.14159  -0.0650704  -0.148285
6.9115  3.14159  3.14159  -0.0460158  -0.128165
8.16814  3.14159  3.14159  -0.0340505  -0.112082
10.6814  3.14159  3.14159  -0.0206359  -0.0888265
15.708  3.14159  3.14159  -0.00981216  -0.0621119
33.3009  3.14159  3.14159  -0.00222533  -0.0298634
