-16.9714  0  0  -8.10609e-05  0.0189863
-10.9371  0  0  0.000631499  -0.00437904
-7.91998  0  0  0.0054371  -0.0106591
-5.65713  0  0  0.0049767  -0.00163346
-4.90285  0  0  -0.00794493  0.0509805
-4.14856  0  0  -0.00790534  0.00326666
-3.39428  0  0  -0.00255158  -0.0464193
-2.63999  0  0  -0.0213744  0.0175051
-1.88571  0  0  -0.0100658  0.0612533
-1.13143  0  0  -0.0225817  -0.0088251
-0.377142  0  0  0.156834  -0.0559466
0.377142  0  0  0.151353  0.0619636
1.13143  0  0  -0.0301817  0.00531865
1.88571  0  0  -0.00789383  -0.0550187
2.63999  0  0  -0.025061  -0.0177397
3.39428  0  0  -0.00764545  0.0440533
4.14856  0  0  -0.0105401  -0.000887794
4.90285  0  0  -0.000888513  -0.0511619
6.41141  0  0  0.0151055  -0.0187732
7.91998  0  0  0.00532073  0.00897472
10.9371  0  0  0.00225105  0.0043264
16.2171  0  0  -0.00310476  -0.019219
31.3028  0  0  -0.00149063  -0.0102121
-16.9714  0  3.14159  1.96168e-05  0.024183
-10.9371  0  3.14159  1.72554e-05  0.0292362
-7.91998  0  3.14159  5.70637e-05  0.031074
-5.65713  0  3.14159  8.44766e-05  -0.0107246
-4.90285  0  3.14159  1.20417e-05  0.0223214
-4.14856  0  3.14159  -1.07246e-05  -0.0599462
-3.39428  0  3.14159  -1.68395e-05  -0.103689
-2.63999  0  3.14159  -1.7101e-05  0.173343
-1.88571  0  3.14159  0.000166164  0.01244
-1.13143  0  3.14159  -5.81822e-05  -0.338255
-0.377142  0  3.14159  0.00187533  -0.346497
0.377142  0  3.14159  0.00211399  0.346318
1.13143  0  3.14159  -3.67572e-05  0.338243
1.88571  0  3.14159  0.00013251  -0.0123936
2.63999  0  3.14159  -7.63464e-05  -0.173322
3.39428  0  3.14159  6.29962e-05  0.103663
4.14856  0  3.14159  1.79814e-06  0.0599737
4.90285  0  3.14159  4.10737e-05  -0.0223258
6.41141  0  3.14159  0.000180331  0.00101755
7.91998  0  3.14159  9.54186e-05  -0.0310977
10.9371  0  3.14159  7.09781e-05  -0.0292491
16.2171  0  3.14159  -9.03442e-06  -0.021638
31.3028  0  3.14159  -7.16991e-06  -0.00593964
-16.9714  3.14159  0  1.96168e-05  0.024183
-10.9371  3.14159  0  1.72554e-05  0.0292362
-7.91998  3.14159  0  5.70637e-05  0.031074
-5.65713  3.14159  0  8.44766e-05  -0.0107246
-4.90285  3.14159  0  1.20417e-05  0.0223214
-4.14856  3.14159  0  -1.07246e-05  -0.0599462
-3.39428  3.14159  0  -1.68395e-05  -0.103689
-2.63999  3.14159  0  -1.7101e-05  0.173343
-1.88571  3.14159  0  0.000166164  0.01244
-1.13143  3.14159  0  -5.81822e-05  -0.338255
-0.377142  3.14159  0  0.00187533  -0.346497
0.377142  3.14159  0  0.00211399  0.346318
1.13143  3.14159  0  -3.67572e-05  0.338243
1.88571  3.14159  0  0.00013251  -0.0123936
2.63999  3.14159  0  -7.63464e-05  -0.173322
3.39428  3.14159  0  6.29962e-05  0.103663
4.14856  3.14159  0  1.79814e-06  0.0599737
4.90285  3.14159  0  4.10737e-05  -0.0223258
6.41141  3.14159  0  0.000180331  0.00101755
7.91998  3.14159  0  9.54186e-05  -0.0310977
10.9371  3.14159  0  7.09781e-05  -0.0292491
16.2171  3.14159  0  -9.03442e-06  -0.021638
31.3028  3.14159  0  -7.16991e-06  -0.00593964
-16.9714  3.14159  3.14159  0.00391837  0.0190071
-10.9371  3.14159  3.14159  0.00754589  -0.00436559
-7.91998  3.14159  3.14159  0.0148411  -0.0106328
-5.65713  3.14159  3.14159  0.0171919  -0.00162458
-4.90285  3.14159  3.14159  0.00551548  0.0510601
-4.14856  3.14159  3.14159  0.00696319  0.00324271
-3.39428  3.14159  3.14159  0.0140105  -0.0464808
-2.63999  3.14159  3.14159  -0.00296647  0.0174645
-1.88571  3.14159  3.14159  0.0103185  0.0612753
-1.13143  3.14159  3.14159  -0.000588983  -0.00887712
-0.377142  3.14159  3.14159  0.179995  -0.0560163
0.377142  3.14159  3.14159  0.174493  0.0620518
1.13143  3.14159  3.14159  -0.00820379  0.00535826
1.88571  3.14159  3.14159  0.0124943  -0.0550224
2.63999  3.14159  3.14159  -0.00666362  -0.0176936
3.39428  3.14159  3.14159  0.00889923  0.0441215
4.14856  3.14159  3.14159  0.0043217  -0.000860924
4.90285  3.14159  3.14159  0.012592  -0.0512352
6.41141  3.14159  3.14159  0.0262725  -0.0187802
7.91998  3.14159  3.14159  0.0147305  0.00894397
10.9371  3.14159  3.14159  0.00916952  0.00431375
16.2171  3.14159  3.14159  0.00116334  -0.0192129
31.3028  3.14159  3.14159  2.44879e-06  -0.010209
