-54.6637  0  0  1.24865e-05  -0.00635014
-27.0177  0  0  4.01136e-05  -0.012319
-13.1947  0  0  8.15319e-05  -0.0218557
-10.6814  0  0  0.000103335  -0.0249574
-8.16814  0  0  0.00018963  -0.0286076
-6.9115  0  0  0.000318755  -0.0305407
-5.65487  0  0  0.000602173  -0.0323662
-4.39823  0  0  0.00121329  -0.0337512
-3.14159  0  0  0.00247889  -0.0339944
-1.88496  0  0  0.00488026  -0.0314524
-0.628319  0  0  0.00854864  -0.0205139
0.628319  0  0  0.00855108  0.0205131
1.88496  0  0  0.00488167  0.0314524
3.14159  0  0  0.00248024  0.0339944
4.39823  0  0  0.00121453  0.0337512
5.65487  0  0  0.000603292  0.0323662
6.9115  0  0  0.00031976  0.0305407
8.16814  0  0  0.000190534  0.0286076
10.6814  0  0  0.000104074  0.0249574
15.708  0  0  7.18466e-05  0.019305
33.3009  0  0  2.9643e-05  0.0101812
-54.6637  0  3.14159  -6.17396e-08  -0.00635452
-27.0177  0  3.14159  -1.28084e-07  -0.0123568
-13.1947  0  3.14159  -3.03045e-07  -0.0222177
-10.6814  0  3.14159  -3.87901e-07  -0.0256606
-8.16814  0  3.14159  -5.01225e-07  -0.0301841
-6.9115  0  3.14159  -5.6053e-07  -0.033056
-5.65487  0  3.14159  -6.17635e-07  -0.0365621
-4.39823  0  3.14159  -6.91683e-07  -0.0410451
-3.14159  0  3.14159  -7.62413e-07  -0.0470866
-1.88496  0  3.14159  -7.87546e-07  -0.0554947
-0.628319  0  3.14159  -7.64916e-07  -0.063711
0.628319  0  3.14159  2.49917e-07  0.0637113
1.88496  0  3.14159  4.17594e-07  0.0554949
3.14159  0  3.14159  4.62973e-07  0.0470867
4.39823  0  3.14159  4.68605e-07  0.0410452
5.65487  0  3.14159  4.51094e-07  0.0365622
6.9115  0  3.14159  4.17431e-07  0.0330561
8.16814  0  3.14159  3.86582e-07  0.0301841
10.6814  0  3.14159  3.37704e-07  0.0256606
15.708  0  3.14159  2.5841e-07  0.0195132
33.3009  0  3.14159  1.22913e-07  0.010201
-54.6637  3.14159  0  -6.17396e-08  -0.00635452
-27.0177  3.14159  0  -1.28084e-07  -0.0123568
-13.1947  3.14159  0  -3.03045e-07  -0.0222177
-10.6814  3.14159  0  -3.87901e-07  -0.0256606
-8.16814  3.14159  0  -5.01225e-07  -0.0301841
-6.9115  3.14159  0  -5.6053e-07  -0.033056
-5.65487  3.14159  0  -6.17635e-07  -0.0365621
-4.39823  3.14159  0  -6.91683e-07  -0.0410451
-3.14159  3.14159  0  -7.62413e-07  -0.0470866
-1.88496  3.14159  0  -7.87546e-07  -0.0554947
-0.628319  3.14159  0  -7.64916e-07  -0.063711
0.628319  3.14159  0  2.49917e-07  0.0637113
1.88496  3.14159  0  4.17594e-07  0.0554949
3.14159  3.14159  0  4.62973e-07  0.0470867
4.39823  3.14159  0  4.68605e-07  0.0410452
5.65487  3.14159  0  4.51094e-07  0.0365622
6.9115  3.14159  0  4.17431e-07  0.0330561
8.16814  3.14159  0  3.86582e-07  0.0301841
10.6814  3.14159  0  3.37704e-07  0.0256606
15.708  3.14159  0  2.5841e-07  0.0195132
33.3009  3.14159  0  1.22913e-07  0.010201
-54.6637  3.14159  3.14159  -1.2634e-05  -0.00635014
-27.0177  3.14159  3.14159  -4.04193e-05  -0.012319
-13.1947  3.14159  3.14159  -8.21773e-05  -0.0218556
-10.6814  3.14159  3.14159  -0.000104124  -0.0249573
-8.16814  3.14159  3.14159  -0.000190628  -0.0286075
-6.9115  3.14159  3.14159  -0.000319895  -0.0305406
-5.65487  3.14159  3.14159  -0.000603499  -0.032366
-4.39823  3.14159  3.14159  -0.00121489  -0.0337509
-3.14159  3.14159  3.14159  -0.00248094  -0.0339941
-1.88496  3.14159  3.14159  -0.00488251  -0.0314517
-0.628319  3.14159  3.14159  -0.00855291  -0.0205116
0.628319  3.14159  3.14159  -0.00855079  0.0205137
1.88496  3.14159  3.14159  -0.00488119  0.0314526
3.14159  3.14159  3.14159  -0.00247968  0.0339945
4.39823  3.14159  3.14159  -0.00121371  0.0337512
5.65487  3.14159  3.14159  -0.000602428  0.0323662
6.9115  3.14159  3.14159  -0.000318926  0.0305407
8.16814  3.14159  3.14159  -0.000189751  0.0286076
10.6814  3.14159  3.14159  -0.0001034  0.0249574
15.708  3.14159  3.14159  -7.1339e-05  0.019305
33.3009  3.14159  3.14159  -2.93894e-05  0.0101812
