-54.6637  0  0  5.76203e-05  -0.00445882
-27.0177  0  0  0.000249089  -0.0090255
-13.1947  0  0  0.00115328  -0.0183311
-10.6814  0  0  0.00178433  -0.0224066
-8.16814  0  0  0.00299146  -0.0285303
-6.9115  0  0  0.00400598  -0.0327955
-5.65487  0  0  0.00548668  -0.0381796
-4.39823  0  0  0.00766528  -0.0448334
-3.14159  0  0  0.0108448  -0.052196
-1.88496  0  0  0.0152753  -0.0564015
-0.628319  0  0  0.0205198  -0.0405448
0.628319  0  0  0.0205243  0.0405421
1.88496  0  0  0.0152762  0.0564002
3.14159  0  0  0.0108456  0.0521953
4.39823  0  0  0.00766588  0.044833
5.65487  0  0  0.00548718  0.0381793
6.9115  0  0  0.0040064  0.0327954
8.16814  0  0  0.00299183  0.0285302
10.6814  0  0  0.00178463  0.0224065
15.708  0  0  0.000796137  0.015468
33.3009  0  0  0.000160452  0.00732226
-54.6637  0  3.14159  -3.26406e-08  -0.00446132
-27.0177  0  3.14159  -7.27499e-08  -0.0090469
-13.1947  0  3.14159  -1.6669e-07  -0.0185104
-10.6814  0  3.14159  -2.09107e-07  -0.0227226
-8.16814  0  3.14159  -2.73317e-07  -0.0291384
-6.9115  0  3.14159  -3.17247e-07  -0.0336806
-5.65487  0  3.14159  -3.67954e-07  -0.0395491
-4.39823  0  3.14159  -4.32597e-07  -0.0472302
-3.14159  0  3.14159  -5.0032e-07  -0.0574662
-1.88496  0  3.14159  -5.38635e-07  -0.0720223
-0.628319  0  3.14159  -4.63861e-07  -0.108008
0.628319  0  3.14159  9.27606e-07  0.108008
1.88496  0  3.14159  6.63813e-07  0.0720223
3.14159  0  3.14159  4.04304e-07  0.0574662
4.39823  0  3.14159  2.56378e-07  0.0472303
5.65487  0  3.14159  1.79367e-07  0.0395491
6.9115  0  3.14159  1.35981e-07  0.0336807
8.16814  0  3.14159  1.1229e-07  0.0291384
10.6814  0  3.14159  8.77039e-08  0.0227227
15.708  0  3.14159  6.64176e-08  0.0155772
33.3009  0  3.14159  3.87361e-08  0.00733358
-54.6637  3.14159  0  -3.26406e-08  -0.00446132
-27.0177  3.14159  0  -7.27499e-08  -0.0090469
-13.1947  3.14159  0  -1.6669e-07  -0.0185104
-10.6814  3.14159  0  -2.09107e-07  -0.0227226
-8.16814  3.14159  0  -2.73317e-07  -0.0291384
-6.9115  3.14159  0  -3.17247e-07  -0.0336806
-5.65487  3.14159  0  -3.67954e-07  -0.0395491
-4.39823  3.14159  0  -4.32597e-07  -0.0472302
-3.14159  3.14159  0  -5.0032e-07  -0.0574662
-1.88496  3.14159  0  -5.38635e-07  -0.0720223
-0.628319  3.14159  0  -4.63861e-07  -0.108008
0.628319  3.14159  0  9.27606e-07  0.108008
1.88496  3.14159  0  6.63813e-07  0.0720223
3.14159  3.14159  0  4.04304e-07  0.0574662
4.39823  3.14159  0  2.56378e-07  0.0472303
5.65487  3.14159  0  1.79367e-07  0.0395491
6.9115  3.14159  0  1.35981e-07  0.0336807
8.16814  3.14159  0  1.1229e-07  0.0291384
10.6814  3.14159  0  8.77039e-08  0.0227227
15.708  3.14159  0  6.64176e-08  0.0155772
33.3009  3.14159  0  3.87361e-08  0.00733358
-54.6637  3.14159  3.14159  -5.76823e-05  -0.00445882
-27.0177  3.14159  3.14159  -0.00024923  -0.00902547
-13.1947  3.14159  3.14159  -0.00115362  -0.018331
-10.6814  3.14159  3.14159  -0.00178475  -0.0224065
-8.16814  3.14159  3.14159  -0.00299202  -0.0285301
-6.9115  3.14159  3.14159  -0.00400662  -0.0327952
-5.65487  3.14159  3.14159  -0.00548746  -0.0381792
-4.39823  3.14159  3.14159  -0.00766624  -0.0448328
-3.14159  3.14159  3.14159  -0.0108462  -0.0521951
-1.88496  3.14159  3.14159  -0.0152766  -0.0563998
-0.628319  3.14159  3.14159  -0.0205237  -0.0405412
0.628319  3.14159  3.14159  -0.0205196  0.0405439
1.88496  3.14159  3.14159  -0.0152757  0.0564015
3.14159  3.14159  3.14159  -0.0108455  0.0521961
4.39823  3.14159  3.14159  -0.0076657  0.0448335
5.65487  3.14159  3.14159  -0.005487  0.0381797
6.9115  3.14159  3.14159  -0.00400623  0.0327956
8.16814  3.14159  3.14159  -0.00299167  0.0285303
10.6814  3.14159  3.14159  -0.00178448  0.0224066
15.708  3.14159  3.14159  -0.000796009  0.015468
33.3009  3.14159  3.14159  -0.000160376  0.00732227
