-54.6637  0  0  -5.76187e-05  0.00445882
-27.0177  0  0  -0.000249099  0.00902549
-13.1947  0  0  -0.00115334  0.0183311
-10.6814  0  0  -0.00178441  0.0224066
-8.16814  0  0  -0.00299157  0.0285303
-6.9115  0  0  -0.00400611  0.0327956
-5.65487  0  0  -0.00548687  0.0381797
-4.39823  0  0  -0.00766554  0.0448335
-3.14159  0  0  -0.0108453  0.0521961
-1.88496  0  0  -0.0152754  0.0564016
-0.628319  0  0  -0.0205213  0.0405442
0.628319  0  0  -0.0205254  -0.0405409
1.88496  0  0  -0.0152763  -0.0563997
3.14159  0  0  -0.0108461  -0.0521952
4.39823  0  0  -0.0076661  -0.0448329
5.65487  0  0  -0.00548734  -0.0381792
6.9115  0  0  -0.00400653  -0.0327953
8.16814  0  0  -0.00299194  -0.0285301
10.6814  0  0  -0.00178469  -0.0224065
15.708  0  0  -0.000796167  -0.015468
33.3009  0  0  -0.000160464  -0.00732226
-54.6637  0  3.14159  2.78311e-08  0.00446132
-27.0177  0  3.14159  5.8707e-08  0.0090469
-13.1947  0  3.14159  1.19571e-07  0.0185104
-10.6814  0  3.14159  1.4461e-07  0.0227226
-8.16814  0  3.14159  1.85697e-07  0.0291384
-6.9115  0  3.14159  2.16206e-07  0.0336806
-5.65487  0  3.14159  2.50242e-07  0.0395491
-4.39823  0  3.14159  2.93139e-07  0.0472303
-3.14159  0  3.14159  3.45169e-07  0.0574663
-1.88496  0  3.14159  4.13275e-07  0.0720224
-0.628319  0  3.14159  2.15376e-07  0.108008
0.628319  0  3.14159  -1.17631e-06  -0.108007
1.88496  0  3.14159  -7.89362e-07  -0.0720222
3.14159  0  3.14159  -5.59613e-07  -0.0574662
4.39823  0  3.14159  -3.96021e-07  -0.0472302
5.65487  0  3.14159  -2.97336e-07  -0.0395491
6.9115  0  3.14159  -2.26909e-07  -0.0336806
8.16814  0  3.14159  -1.92418e-07  -0.0291384
10.6814  0  3.14159  -1.55656e-07  -0.0227226
15.708  0  3.14159  -1.06856e-07  -0.0155772
33.3009  0  3.14159  -4.55865e-08  -0.00733358
-54.6637  3.14159  0  2.78311e-08  0.00446132
-27.0177  3.14159  0  5.8707e-08  0.0090469
-13.1947  3.14159  0  1.19571e-07  0.0185104
-10.6814  3.14159  0  1.4461e-07  0.0227226
-8.16814  3.14159  0  1.85697e-07  0.0291384
-6.9115  3.14159  0  2.16206e-07  0.0336806
-5.65487  3.14159  0  2.50242e-07  0.0395491
-4.39823  3.14159  0  2.93139e-07  0.0472303
-3.14159  3.14159  0  3.45169e-07  0.0574663
-1.88496  3.14159  0  4.13275e-07  0.0720224
-0.628319  3.14159  0  2.15376e-07  0.108008
0.628319  3.14159  0  -1.17631e-06  -0.108007
1.88496  3.14159  0  -7.89362e-07  -0.0720222
3.14159  3.14159  0  -5.59613e-07  -0.0574662
4.39823  3.14159  0  -3.96021e-07  -0.0472302
5.65487  3.14159  0  -2.97336e-07  -0.0395491
6.9115  3.14159  0  -2.26909e-07  -0.0336806
8.16814  3.14159  0  -1.92418e-07  -0.0291384
10.6814  3.14159  0  -1.55656e-07  -0.0227226
15.708  3.14159  0  -1.06856e-07  -0.0155772
33.3009  3.14159  0  -4.55865e-08  -0.00733358
-54.6637  3.14159  3.14159  5.76769e-05  0.00445882
-27.0177  3.14159  3.14159  0.000249216  0.00902548
-13.1947  3.14159  3.14159  0.00115357  0.018331
-10.6814  3.14159  3.14159  0.00178469  0.0224065
-8.16814  3.14159  3.14159  0.00299192  0.0285301
-6.9115  3.14159  3.14159  0.0040065  0.0327953
-5.65487  3.14159  3.14159  0.0054873  0.0381793
-4.39823  3.14159  3.14159  0.00766601  0.0448329
-3.14159  3.14159  3.14159  0.0108457  0.0521952
-1.88496  3.14159  3.14159  0.0152765  0.0564003
-0.628319  3.14159  3.14159  0.0205226  0.0405424
0.628319  3.14159  3.14159  0.0205182  -0.0405444
1.88496  3.14159  3.14159  0.0152756  -0.0564014
3.14159  3.14159  3.14159  0.010845  -0.0521961
4.39823  3.14159  3.14159  0.00766543  -0.0448335
5.65487  3.14159  3.14159  0.00548682  -0.0381796
6.9115  3.14159  3.14159  0.00400609  -0.0327956
8.16814  3.14159  3.14159  0.00299155  -0.0285303
10.6814  3.14159  3.14159  0.0017844  -0.0224066
15.708  3.14159  3.14159  0.000795965  -0.015468
33.3009  3.14159  3.14159  0.000160367  -0.00732227
