-54.6637  0  0  5.63668e-05  -0.00398583
-27.0177  0  0  0.000244413  -0.00807673
-13.1947  0  0  0.00113958  -0.0164461
-10.6814  0  0  0.00176712  -0.0201162
-8.16814  0  0  0.00296941  -0.0256146
-6.9115  0  0  0.00397984  -0.0294173
-5.65487  0  0  0.00545205  -0.034159
-4.39823  0  0  0.00760732  -0.0398593
-3.14159  0  0  0.0107131  -0.045708
-1.88496  0  0  0.014902  -0.0475932
-0.628319  0  0  0.0193771  -0.0309304
0.628319  0  0  0.0193771  0.0309304
1.88496  0  0  0.014902  0.0475932
3.14159  0  0  0.0107131  0.045708
4.39823  0  0  0.00760733  0.0398593
5.65487  0  0  0.00545206  0.034159
6.9115  0  0  0.00397984  0.0294173
8.16814  0  0  0.00296941  0.0256146
10.6814  0  0  0.00176713  0.0201162
15.708  0  0  0.000784955  0.0138677
33.3009  0  0  0.000157146  0.00654957
-54.6637  0  3.14159  -1.30206e-09  -0.0039876
-27.0177  0  3.14159  -1.84994e-09  -0.00809215
-13.1947  0  3.14159  1.95917e-10  -0.0165772
-10.6814  0  3.14159  -1.26253e-10  -0.0203461
-8.16814  0  3.14159  -4.28413e-09  -0.0260505
-6.9115  0  3.14159  -6.30522e-09  -0.030046
-5.65487  0  3.14159  -2.28313e-09  -0.0351295
-4.39823  0  3.14159  -2.23548e-09  -0.0415914
-3.14159  0  3.14159  -2.28178e-09  -0.0496755
-1.88496  0  3.14159  -2.40883e-09  -0.0592902
-0.628319  0  3.14159  -3.53974e-09  -0.0660429
0.628319  0  3.14159  2.04345e-09  0.0660429
1.88496  0  3.14159  3.99062e-09  0.0592902
3.14159  0  3.14159  4.07042e-09  0.0496755
4.39823  0  3.14159  3.75108e-09  0.0415914
5.65487  0  3.14159  3.32487e-09  0.0351295
6.9115  0  3.14159  2.06699e-09  0.030046
8.16814  0  3.14159  2.60505e-09  0.0260505
10.6814  0  3.14159  2.48231e-09  0.0203461
15.708  0  3.14159  1.1678e-09  0.0139475
33.3009  0  3.14159  1.08625e-09  0.00655766
-54.6637  3.14159  0  -1.30206e-09  -0.0039876
-27.0177  3.14159  0  -1.84994e-09  -0.00809215
-13.1947  3.14159  0  1.95917e-10  -0.0165772
-10.6814  3.14159  0  -1.26253e-10  -0.0203461
-8.16814  3.14159  0  -4.28413e-09  -0.0260505
-6.9115  3.14159  0  -6.30522e-09  -0.030046
-5.65487  3.14159  0  -2.28313e-09  -0.0351295
-4.39823  3.14159  0  -2.23548e-09  -0.0415914
-3.14159  3.14159  0  -2.28178e-09  -0.0496755
-1.88496  3.14159  0  -2.40883e-09  -0.0592902
-0.628319  3.14159  0  -3.53974e-09  -0.0660429
0.628319  3.14159  0  2.04345e-09  0.0660429
1.88496  3.14159  0  3.99062e-09  0.0592902
3.14159  3.14159  0  4.07042e-09  0.0496755
4.39823  3.14159  0  3.75108e-09  0.0415914
5.65487  3.14159  0  3.32487e-09  0.0351295
6.9115  3.14159  0  2.06699e-09  0.030046
8.16814  3.14159  0  2.60505e-09  0.0260505
10.6814  3.14159  0  2.48231e-09  0.0203461
15.708  3.14159  0  1.1678e-09  0.0139475
33.3009  3.14159  0  1.08625e-09  0.00655766
-54.6637  3.14159  3.14159  -5.63661e-05  -0.00398583
-27.0177  3.14159  3.14159  -0.000244413  -0.00807673
-13.1947  3.14159  3.14159  -0.00113958  -0.0164461
-10.6814  3.14159  3.14159  -0.00176713  -0.0201162
-8.16814  3.14159  3.14159  -0.00296941  -0.0256146
-6.9115  3.14159  3.14159  -0.00397984  -0.0294173
-5.65487  3.14159  3.14159  -0.00545206  -0.034159
-4.39823  3.14159  3.14159  -0.00760733  -0.0398593
-3.14159  3.14159  3.14159  -0.0107131  -0.045708
-1.88496  3.14159  3.14159  -0.014902  -0.0475932
-0.628319  3.14159  3.14159  -0.0193771  -0.0309304
0.628319  3.14159  3.14159  -0.0193771  0.0309304
1.88496  3.14159  3.14159  -0.014902  0.0475932
3.14159  3.14159  3.14159  -0.0107131  0.045708
4.39823  3.14159  3.14159  -0.00760732  0.0398593
5.65487  3.14159  3.14159  -0.00545205  0.034159
6.9115  3.14159  3.14159  -0.00397983  0.0294173
8.16814  3.14159  3.14159  -0.0029694  0.0256146
10.6814  3.14159  3.14159  -0.00176712  0.0201162
15.708  3.14159  3.14159  -0.000784951  0.0138677
33.3009  3.14159  3.14159  -0.000157144  0.00654957
