-54.6637  0  0  1.20696e-05  -0.0047051
-27.0177  0  0  3.8871e-05  -0.00903751
-13.1947  0  0  8.4238e-05  -0.0155267
-10.6814  0  0  0.000112567  -0.0174457
-8.16814  0  0  0.000214442  -0.0195191
-6.9115  0  0  0.00035708  -0.0205107
-5.65487  0  0  0.000657307  -0.0213558
-4.39823  0  0  0.0012799  -0.0219087
-3.14159  0  0  0.00251517  -0.0219287
-1.88496  0  0  0.00472237  -0.0206268
-0.628319  0  0  0.00768674  -0.01362
0.628319  0  0  0.00768674  0.01362
1.88496  0  0  0.00472238  0.0206268
3.14159  0  0  0.00251517  0.0219287
4.39823  0  0  0.0012799  0.0219087
5.65487  0  0  0.000657312  0.0213558
6.9115  0  0  0.000357083  0.0205107
8.16814  0  0  0.000214444  0.0195191
10.6814  0  0  0.000112568  0.0174457
15.708  0  0  7.13995e-05  0.0138652
33.3009  0  0  2.84163e-05  0.00750167
-54.6637  0  3.14159  7.80524e-09  -0.00470747
-27.0177  0  3.14159  1.43549e-08  -0.00905828
-13.1947  0  3.14159  8.08479e-09  -0.0157322
-10.6814  0  3.14159  6.51921e-10  -0.0178477
-8.16814  0  3.14159  -7.40873e-09  -0.0204163
-6.9115  0  3.14159  -7.82195e-09  -0.0219235
-5.65487  0  3.14159  -3.01204e-09  -0.0236492
-4.39823  0  3.14159  -2.45761e-09  -0.0257077
-3.14159  0  3.14159  -1.85752e-09  -0.028275
-1.88496  0  3.14159  -2.72633e-09  -0.0314982
-0.628319  0  3.14159  6.3758e-09  -0.0348236
0.628319  0  3.14159  1.42844e-08  0.0348236
1.88496  0  3.14159  5.52199e-09  0.0314982
3.14159  0  3.14159  5.06961e-09  0.028275
4.39823  0  3.14159  3.45444e-09  0.0257077
5.65487  0  3.14159  2.22194e-09  0.0236492
6.9115  0  3.14159  -1.17497e-09  0.0219235
8.16814  0  3.14159  -1.26863e-09  0.0204163
10.6814  0  3.14159  1.5048e-09  0.0178477
15.708  0  3.14159  3.07273e-09  0.0139824
33.3009  0  3.14159  -1.53322e-09  0.0075125
-54.6637  3.14159  0  7.80524e-09  -0.00470747
-27.0177  3.14159  0  1.43549e-08  -0.00905828
-13.1947  3.14159  0  8.08479e-09  -0.0157322
-10.6814  3.14159  0  6.51921e-10  -0.0178477
-8.16814  3.14159  0  -7.40873e-09  -0.0204163
-6.9115  3.14159  0  -7.82195e-09  -0.0219235
-5.65487  3.14159  0  -3.01204e-09  -0.0236492
-4.39823  3.14159  0  -2.45761e-09  -0.0257077
-3.14159  3.14159  0  -1.85752e-09  -0.028275
-1.88496  3.14159  0  -2.72633e-09  -0.0314982
-0.628319  3.14159  0  6.3758e-09  -0.0348236
0.628319  3.14159  0  1.42844e-08  0.0348236
1.88496  3.14159  0  5.52199e-09  0.0314982
3.14159  3.14159  0  5.06961e-09  0.028275
4.39823  3.14159  0  3.45444e-09  0.0257077
5.65487  3.14159  0  2.22194e-09  0.0236492
6.9115  3.14159  0  -1.17497e-09  0.0219235
8.16814  3.14159  0  -1.26863e-09  0.0204163
10.6814  3.14159  0  1.5048e-09  0.0178477
15.708  3.14159  0  3.07273e-09  0.0139824
33.3009  3.14159  0  -1.53322e-09  0.0075125
-54.6637  3.14159  3.14159  -1.20645e-05  -0.0047051
-27.0177  3.14159  3.14159  -3.88639e-05  -0.00903751
-13.1947  3.14159  3.14159  -8.42362e-05  -0.0155267
-10.6814  3.14159  3.14159  -0.000112566  -0.0174457
-8.16814  3.14159  3.14159  -0.000214441  -0.0195191
-6.9115  3.14159  3.14159  -0.00035708  -0.0205107
-5.65487  3.14159  3.14159  -0.00065731  -0.0213558
-4.39823  3.14159  3.14159  -0.0012799  -0.0219087
-3.14159  3.14159  3.14159  -0.00251517  -0.0219287
-1.88496  3.14159  3.14159  -0.00472238  -0.0206268
-0.628319  3.14159  3.14159  -0.00768675  -0.01362
0.628319  3.14159  3.14159  -0.00768674  0.01362
1.88496  3.14159  3.14159  -0.00472238  0.0206268
3.14159  3.14159  3.14159  -0.00251517  0.0219287
4.39823  3.14159  3.14159  -0.0012799  0.0219087
5.65487  3.14159  3.14159  -0.000657306  0.0213558
6.9115  3.14159  3.14159  -0.000357077  0.0205107
8.16814  3.14159  3.14159  -0.000214439  0.0195191
10.6814  3.14159  3.14159  -0.000112564  0.0174457
15.708  3.14159  3.14159  -7.13974e-05  0.0138652
33.3009  3.14159  3.14159  -2.84163e-05  0.00750168
