-54.6637  0  0  1.20684e-05  -0.00469664
-27.0177  0  0  3.88699e-05  -0.00902065
-13.1947  0  0  8.42862e-05  -0.0154943
-10.6814  0  0  0.000112672  -0.0174074
-8.16814  0  0  0.000214674  -0.019473
-6.9115  0  0  0.000357417  -0.0204601
-5.65487  0  0  0.000657775  -0.0213007
-4.39823  0  0  0.00128046  -0.0218501
-3.14159  0  0  0.00251558  -0.0218699
-1.88496  0  0  0.00472175  -0.0205744
-0.628319  0  0  0.00768296  -0.0135878
0.628319  0  0  0.00768297  0.0135878
1.88496  0  0  0.00472176  0.0205744
3.14159  0  0  0.00251559  0.0218699
4.39823  0  0  0.00128047  0.0218501
5.65487  0  0  0.000657781  0.0213007
6.9115  0  0  0.000357421  0.0204601
8.16814  0  0  0.000214677  0.019473
10.6814  0  0  0.000112674  0.0174074
15.708  0  0  7.14221e-05  0.0138374
33.3009  0  0  2.84144e-05  0.00748791
-54.6637  0  3.14159  7.85062e-09  -0.004699
-27.0177  0  3.14159  1.43994e-08  -0.00904134
-13.1947  0  3.14159  7.83677e-09  -0.015699
-10.6814  0  3.14159  2.36545e-10  -0.0178078
-8.16814  0  3.14159  -8.0512e-09  -0.0203667
-6.9115  0  3.14159  -8.58865e-09  -0.0218671
-5.65487  0  3.14159  -3.90906e-09  -0.0235841
-4.39823  0  3.14159  -3.61594e-09  -0.0256312
-3.14159  0  3.14159  -3.76934e-09  -0.0281831
-1.88496  0  3.14159  -3.89135e-09  -0.0313865
-0.628319  0  3.14159  -2.43976e-09  -0.0346776
0.628319  0  3.14159  9.89286e-09  0.0346776
1.88496  0  3.14159  6.9719e-09  0.0313865
3.14159  0  3.14159  5.25932e-09  0.0281831
4.39823  0  3.14159  3.9379e-09  0.0256312
5.65487  0  3.14159  2.66102e-09  0.0235841
6.9115  0  3.14159  -8.05263e-10  0.0218671
8.16814  0  3.14159  -9.33206e-10  0.0203667
10.6814  0  3.14159  1.80764e-09  0.0178078
15.708  0  3.14159  3.31053e-09  0.013954
33.3009  0  3.14159  -1.44628e-09  0.00749869
-54.6637  3.14159  0  7.85062e-09  -0.004699
-27.0177  3.14159  0  1.43994e-08  -0.00904134
-13.1947  3.14159  0  7.83677e-09  -0.015699
-10.6814  3.14159  0  2.36545e-10  -0.0178078
-8.16814  3.14159  0  -8.0512e-09  -0.0203667
-6.9115  3.14159  0  -8.58865e-09  -0.0218671
-5.65487  3.14159  0  -3.90906e-09  -0.0235841
-4.39823  3.14159  0  -3.61594e-09  -0.0256312
-3.14159  3.14159  0  -3.76934e-09  -0.0281831
-1.88496  3.14159  0  -3.89135e-09  -0.0313865
-0.628319  3.14159  0  -2.43976e-09  -0.0346776
0.628319  3.14159  0  9.89286e-09  0.0346776
1.88496  3.14159  0  6.9719e-09  0.0313865
3.14159  3.14159  0  5.25932e-09  0.0281831
4.39823  3.14159  0  3.9379e-09  0.0256312
5.65487  3.14159  0  2.66102e-09  0.0235841
6.9115  3.14159  0  -8.05263e-10  0.0218671
8.16814  3.14159  0  -9.33206e-10  0.0203667
10.6814  3.14159  0  1.80764e-09  0.0178078
15.708  3.14159  0  3.31053e-09  0.013954
33.3009  3.14159  0  -1.44628e-09  0.00749869
-54.6637  3.14159  3.14159  -1.20631e-05  -0.00469664
-27.0177  3.14159  3.14159  -3.88626e-05  -0.00902065
-13.1947  3.14159  3.14159  -8.42848e-05  -0.0154943
-10.6814  3.14159  3.14159  -0.000112672  -0.0174074
-8.16814  3.14159  3.14159  -0.000214674  -0.019473
-6.9115  3.14159  3.14159  -0.000357418  -0.0204601
-5.65487  3.14159  3.14159  -0.000657779  -0.0213007
-4.39823  3.14159  3.14159  -0.00128047  -0.0218501
-3.14159  3.14159  3.14159  -0.00251559  -0.0218699
-1.88496  3.14159  3.14159  -0.00472175  -0.0205744
-0.628319  3.14159  3.14159  -0.00768297  -0.0135878
0.628319  3.14159  3.14159  -0.00768296  0.0135878
1.88496  3.14159  3.14159  -0.00472175  0.0205744
3.14159  3.14159  3.14159  -0.00251558  0.0218699
4.39823  3.14159  3.14159  -0.00128046  0.0218501
5.65487  3.14159  3.14159  -0.000657774  0.0213007
6.9115  3.14159  3.14159  -0.000357414  0.0204601
8.16814  3.14159  3.14159  -0.000214671  0.019473
10.6814  3.14159  3.14159  -0.00011267  0.0174074
15.708  3.14159  3.14159  -7.14194e-05  0.0138374
33.3009  3.14159  3.14159  -2.84143e-05  0.00748791
