-54.6637  0  0  -5.63634e-05  0.00398574
-27.0177  0  0  -0.000244409  0.00807654
-13.1947  0  0  -0.00113958  0.0164457
-10.6814  0  0  -0.00176712  0.0201158
-8.16814  0  0  -0.00296941  0.025614
-6.9115  0  0  -0.00397984  0.0294167
-5.65487  0  0  -0.00545206  0.0341582
-4.39823  0  0  -0.00760733  0.0398583
-3.14159  0  0  -0.0107131  0.0457067
-1.88496  0  0  -0.014902  0.0475914
-0.628319  0  0  -0.0193769  0.0309288
0.628319  0  0  -0.0193769  -0.0309288
1.88496  0  0  -0.014902  -0.0475914
3.14159  0  0  -0.0107131  -0.0457067
4.39823  0  0  -0.00760734  -0.0398583
5.65487  0  0  -0.00545207  -0.0341582
6.9115  0  0  -0.00397985  -0.0294167
8.16814  0  0  -0.00296942  -0.025614
10.6814  0  0  -0.00176713  -0.0201158
15.708  0  0  -0.000784952  -0.0138674
33.3009  0  0  -0.000157148  -0.00654942
-54.6637  0  3.14159  -1.55853e-10  0.00398751
-27.0177  0  3.14159  1.05705e-09  0.00809196
-13.1947  0  3.14159  2.23883e-09  0.0165768
-10.6814  0  3.14159  1.91769e-09  0.0203456
-8.16814  0  3.14159  2.88393e-09  0.0260499
-6.9115  0  3.14159  4.03759e-09  0.0300453
-5.65487  0  3.14159  3.41455e-09  0.0351286
-4.39823  0  3.14159  3.71197e-09  0.0415903
-3.14159  0  3.14159  4.13884e-09  0.0496739
-1.88496  0  3.14159  4.77804e-09  0.0592874
-0.628319  0  3.14159  8.01015e-09  0.0660351
0.628319  0  3.14159  1.61302e-09  -0.0660351
1.88496  0  3.14159  -2.32035e-09  -0.0592874
3.14159  0  3.14159  -2.89466e-09  -0.0496739
4.39823  0  3.14159  -2.91945e-09  -0.0415903
5.65487  0  3.14159  -2.54075e-09  -0.0351286
6.9115  0  3.14159  2.52493e-09  -0.0300453
8.16814  0  3.14159  1.14209e-09  -0.0260499
10.6814  0  3.14159  -3.5472e-09  -0.0203456
15.708  0  3.14159  -3.04206e-09  -0.0139472
33.3009  0  3.14159  8.61552e-10  -0.00655751
-54.6637  3.14159  0  -1.55853e-10  0.00398751
-27.0177  3.14159  0  1.05705e-09  0.00809196
-13.1947  3.14159  0  2.23883e-09  0.0165768
-10.6814  3.14159  0  1.91769e-09  0.0203456
-8.16814  3.14159  0  2.88393e-09  0.0260499
-6.9115  3.14159  0  4.03759e-09  0.0300453
-5.65487  3.14159  0  3.41455e-09  0.0351286
-4.39823  3.14159  0  3.71197e-09  0.0415903
-3.14159  3.14159  0  4.13884e-09  0.0496739
-1.88496  3.14159  0  4.77804e-09  0.0592874
-0.628319  3.14159  0  8.01015e-09  0.0660351
0.628319  3.14159  0  1.61302e-09  -0.0660351
1.88496  3.14159  0  -2.32035e-09  -0.0592874
3.14159  3.14159  0  -2.89466e-09  -0.0496739
4.39823  3.14159  0  -2.91945e-09  -0.0415903
5.65487  3.14159  0  -2.54075e-09  -0.0351286
6.9115  3.14159  0  2.52493e-09  -0.0300453
8.16814  3.14159  0  1.14209e-09  -0.0260499
10.6814  3.14159  0  -3.5472e-09  -0.0203456
15.708  3.14159  0  -3.04206e-09  -0.0139472
33.3009  3.14159  0  8.61552e-10  -0.00655751
-54.6637  3.14159  3.14159  5.63647e-05  0.00398574
-27.0177  3.14159  3.14159  0.000244412  0.00807654
-13.1947  3.14159  3.14159  0.00113959  0.0164457
-10.6814  3.14159  3.14159  0.00176713  0.0201158
-8.16814  3.14159  3.14159  0.00296941  0.025614
-6.9115  3.14159  3.14159  0.00397985  0.0294167
-5.65487  3.14159  3.14159  0.00545207  0.0341582
-4.39823  3.14159  3.14159  0.00760734  0.0398583
-3.14159  3.14159  3.14159  0.0107131  0.0457067
-1.88496  3.14159  3.14159  0.014902  0.0475914
-0.628319  3.14159  3.14159  0.019377  0.0309288
0.628319  3.14159  3.14159  0.0193769  -0.0309288
1.88496  3.14159  3.14159  0.014902  -0.0475914
3.14159  3.14159  3.14159  0.0107131  -0.0457067
4.39823  3.14159  3.14159  0.00760733  -0.0398583
5.65487  3.14159  3.14159  0.00545206  -0.0341582
6.9115  3.14159  3.14159  0.00397984  -0.0294167
8.16814  3.14159  3.14159  0.00296941  -0.025614
10.6814  3.14159  3.14159  0.00176712  -0.0201158
15.708  3.14159  3.14159  0.00078495  -0.0138674
33.3009  3.14159  3.14159  0.000157146  -0.00654942
