-54.6637  0  0  -0.000595137  0.0181341
-27.0177  0  0  -0.00229084  0.0357496
-13.1947  0  0  -0.00771477  0.0665533
-10.6814  0  0  -0.0103968  0.077728
-8.16814  0  0  -0.0143854  0.0920181
-6.9115  0  0  -0.0170369  0.10028
-5.65487  0  0  -0.0201841  0.108751
-4.39823  0  0  -0.023774  0.115961
-3.14159  0  0  -0.0275627  0.117992
-1.88496  0  0  -0.0309811  0.105012
-0.628319  0  0  -0.0331061  0.0554381
0.628319  0  0  -0.0331061  -0.055438
1.88496  0  0  -0.0309811  -0.105012
3.14159  0  0  -0.0275627  -0.117992
4.39823  0  0  -0.0237741  -0.115961
5.65487  0  0  -0.0201841  -0.108751
6.9115  0  0  -0.0170369  -0.10028
8.16814  0  0  -0.0143854  -0.092018
10.6814  0  0  -0.0103968  -0.077728
15.708  0  0  -0.00588606  -0.0578661
33.3009  0  0  -0.00154969  -0.029341
-54.6637  0  3.14159  9.1917e-09  0.0181337
-27.0177  0  3.14159  8.69173e-11  0.0357393
-13.1947  0  3.14159  -5.01028e-09  0.0663471
-10.6814  0  3.14159  -1.93157e-09  0.0773093
-8.16814  0  3.14159  -6.66406e-09  0.091162
-6.9115  0  3.14159  -1.28174e-08  0.0991133
-5.65487  0  3.14159  -1.33786e-08  0.107357
-4.39823  0  3.14159  -1.95369e-08  0.115009
-3.14159  0  3.14159  -2.57611e-08  0.12011
-1.88496  0  3.14159  -5.39915e-08  0.118144
-0.628319  0  3.14159  4.4569e-08  0.0935247
0.628319  0  3.14159  1.12865e-07  -0.0935247
1.88496  0  3.14159  -7.18569e-08  -0.118144
3.14159  0  3.14159  -3.02996e-08  -0.12011
4.39823  0  3.14159  -2.18825e-08  -0.115009
5.65487  0  3.14159  -1.50155e-08  -0.107357
6.9115  0  3.14159  -1.42086e-08  -0.0991133
8.16814  0  3.14159  -2.27489e-09  -0.091162
10.6814  0  3.14159  8.8304e-09  -0.0773093
15.708  0  3.14159  -1.52979e-08  -0.0577594
33.3009  0  3.14159  -3.70738e-08  -0.0293371
-54.6637  3.14159  0  9.1917e-09  0.0181337
-27.0177  3.14159  0  8.69173e-11  0.0357393
-13.1947  3.14159  0  -5.01028e-09  0.0663471
-10.6814  3.14159  0  -1.93157e-09  0.0773093
-8.16814  3.14159  0  -6.66406e-09  0.091162
-6.9115  3.14159  0  -1.28174e-08  0.0991133
-5.65487  3.14159  0  -1.33786e-08  0.107357
-4.39823  3.14159  0  -1.95369e-08  0.115009
-3.14159  3.14159  0  -2.57611e-08  0.12011
-1.88496  3.14159  0  -5.39915e-08  0.118144
-0.628319  3.14159  0  4.4569e-08  0.0935247
0.628319  3.14159  0  1.12865e-07  -0.0935247
1.88496  3.14159  0  -7.18569e-08  -0.118144
3.14159  3.14159  0  -3.02996e-08  -0.12011
4.39823  3.14159  0  -2.18825e-08  -0.115009
5.65487  3.14159  0  -1.50155e-08  -0.107357
6.9115  3.14159  0  -1.42086e-08  -0.0991133
8.16814  3.14159  0  -2.27489e-09  -0.091162
10.6814  3.14159  0  8.8304e-09  -0.0773093
15.708  3.14159  0  -1.52979e-08  -0.0577594
33.3009  3.14159  0  -3.70738e-08  -0.0293371
-54.6637  3.14159  3.14159  0.000595155  0.0181341
-27.0177  3.14159  3.14159  0.00229084  0.0357496
-13.1947  3.14159  3.14159  0.00771476  0.0665533
-10.6814  3.14159  3.14159  0.0103968  0.077728
-8.16814  3.14159  3.14159  0.0143854  0.092018
-6.9115  3.14159  3.14159  0.0170369  0.10028
-5.65487  3.14159  3.14159  0.0201841  0.108751
-4.39823  3.14159  3.14159  0.023774  0.115961
-3.14159  3.14159  3.14159  0.0275627  0.117992
-1.88496  3.14159  3.14159  0.0309811  0.105012
-0.628319  3.14159  3.14159  0.033106  0.055438
0.628319  3.14159  3.14159  0.0331061  -0.055438
1.88496  3.14159  3.14159  0.0309811  -0.105012
3.14159  3.14159  3.14159  0.0275627  -0.117992
4.39823  3.14159  3.14159  0.023774  -0.115961
5.65487  3.14159  3.14159  0.0201841  -0.108751
6.9115  3.14159  3.14159  0.0170369  -0.10028
8.16814  3.14159  3.14159  0.0143854  -0.092018
10.6814  3.14159  3.14159  0.0103968  -0.077728
15.708  3.14159  3.14159  0.00588603  -0.0578661
33.3009  3.14159  3.14159  0.00154962  -0.029341
