-54.6637  0  0  -5.63635e-05  0.00398583
-27.0177  0  0  -0.00024441  0.00807673
-13.1947  0  0  -0.00113958  0.0164461
-10.6814  0  0  -0.00176712  0.0201162
-8.16814  0  0  -0.0029694  0.0256146
-6.9115  0  0  -0.00397983  0.0294173
-5.65487  0  0  -0.00545205  0.034159
-4.39823  0  0  -0.00760732  0.0398593
-3.14159  0  0  -0.0107131  0.045708
-1.88496  0  0  -0.014902  0.0475932
-0.628319  0  0  -0.0193771  0.0309304
0.628319  0  0  -0.0193771  -0.0309304
1.88496  0  0  -0.014902  -0.0475932
3.14159  0  0  -0.0107131  -0.045708
4.39823  0  0  -0.00760733  -0.0398593
5.65487  0  0  -0.00545206  -0.034159
6.9115  0  0  -0.00397984  -0.0294173
8.16814  0  0  -0.00296941  -0.0256146
10.6814  0  0  -0.00176712  -0.0201162
15.708  0  0  -0.000784952  -0.0138677
33.3009  0  0  -0.000157148  -0.00654957
-54.6637  0  3.14159  -1.56803e-10  0.0039876
-27.0177  0  3.14159  1.05529e-09  0.00809215
-13.1947  0  3.14159  2.2359e-09  0.0165772
-10.6814  0  3.14159  1.9143e-09  0.0203461
-8.16814  0  3.14159  2.88024e-09  0.0260505
-6.9115  0  3.14159  4.03412e-09  0.030046
-5.65487  0  3.14159  3.41127e-09  0.0351295
-4.39823  0  3.14159  3.70767e-09  0.0415914
-3.14159  0  3.14159  4.14145e-09  0.0496755
-1.88496  0  3.14159  4.72421e-09  0.0592902
-0.628319  0  3.14159  8.29682e-09  0.0660429
0.628319  0  3.14159  2.14186e-09  -0.0660429
1.88496  0  3.14159  -2.35393e-09  -0.0592902
3.14159  0  3.14159  -2.86994e-09  -0.0496755
4.39823  0  3.14159  -2.9067e-09  -0.0415914
5.65487  0  3.14159  -2.53007e-09  -0.0351295
6.9115  0  3.14159  2.53416e-09  -0.030046
8.16814  0  3.14159  1.14948e-09  -0.0260505
10.6814  0  3.14159  -3.54222e-09  -0.0203461
15.708  0  3.14159  -3.03877e-09  -0.0139475
33.3009  0  3.14159  8.63234e-10  -0.00655766
-54.6637  3.14159  0  -1.56803e-10  0.0039876
-27.0177  3.14159  0  1.05529e-09  0.00809215
-13.1947  3.14159  0  2.2359e-09  0.0165772
-10.6814  3.14159  0  1.9143e-09  0.0203461
-8.16814  3.14159  0  2.88024e-09  0.0260505
-6.9115  3.14159  0  4.03412e-09  0.030046
-5.65487  3.14159  0  3.41127e-09  0.0351295
-4.39823  3.14159  0  3.70767e-09  0.0415914
-3.14159  3.14159  0  4.14145e-09  0.0496755
-1.88496  3.14159  0  4.72421e-09  0.0592902
-0.628319  3.14159  0  8.29682e-09  0.0660429
0.628319  3.14159  0  2.14186e-09  -0.0660429
1.88496  3.14159  0  -2.35393e-09  -0.0592902
3.14159  3.14159  0  -2.86994e-09  -0.0496755
4.39823  3.14159  0  -2.9067e-09  -0.0415914
5.65487  3.14159  0  -2.53007e-09  -0.0351295
6.9115  3.14159  0  2.53416e-09  -0.030046
8.16814  3.14159  0  1.14948e-09  -0.0260505
10.6814  3.14159  0  -3.54222e-09  -0.0203461
15.708  3.14159  0  -3.03877e-09  -0.0139475
33.3009  3.14159  0  8.63234e-10  -0.00655766
-54.6637  3.14159  3.14159  5.63648e-05  0.00398583
-27.0177  3.14159  3.14159  0.000244412  0.00807673
-13.1947  3.14159  3.14159  0.00113959  0.0164461
-10.6814  3.14159  3.14159  0.00176713  0.0201162
-8.16814  3.14159  3.14159  0.00296941  0.0256146
-6.9115  3.14159  3.14159  0.00397984  0.0294173
-5.65487  3.14159  3.14159  0.00545206  0.034159
-4.39823  3.14159  3.14159  0.00760733  0.0398593
-3.14159  3.14159  3.14159  0.0107131  0.045708
-1.88496  3.14159  3.14159  0.014902  0.0475932
-0.628319  3.14159  3.14159  0.0193771  0.0309304
0.628319  3.14159  3.14159  0.0193771  -0.0309304
1.88496  3.14159  3.14159  0.014902  -0.0475932
3.14159  3.14159  3.14159  0.0107131  -0.045708
4.39823  3.14159  3.14159  0.00760732  -0.0398593
5.65487  3.14159  3.14159  0.00545205  -0.034159
6.9115  3.14159  3.14159  0.00397983  -0.0294173
8.16814  3.14159  3.14159  0.0029694  -0.0256146
10.6814  3.14159  3.14159  0.00176712  -0.0201162
15.708  3.14159  3.14159  0.00078495  -0.0138677
33.3009  3.14159  3.14159  0.000157146  -0.00654957
