-54.6637  0  0  -8.78445e-05  0.00477604
-27.0177  0  0  -0.000358896  0.0096249
-13.1947  0  0  -0.0014963  0.0193819
-10.6814  0  0  -0.00226787  0.0236616
-8.16814  0  0  -0.00379171  0.0301837
-6.9115  0  0  -0.00514679  0.0348305
-5.65487  0  0  -0.00726445  0.0408679
-4.39823  0  0  -0.0106957  0.0486938
-3.14159  0  0  -0.016383  0.0581346
-1.88496  0  0  -0.0256256  0.0652395
-0.628319  0  0  -0.0383043  0.0485126
0.628319  0  0  -0.0383043  -0.0485126
1.88496  0  0  -0.0256256  -0.0652395
3.14159  0  0  -0.016383  -0.0581346
4.39823  0  0  -0.0106957  -0.0486938
5.65487  0  0  -0.00726446  -0.0408679
6.9115  0  0  -0.00514679  -0.0348305
8.16814  0  0  -0.00379172  -0.0301837
10.6814  0  0  -0.00226788  -0.0236616
15.708  0  0  -0.00105841  -0.0163869
33.3009  0  0  -0.000236421  -0.00782281
-54.6637  0  3.14159  1.68829e-10  0.0047806
-27.0177  0  3.14159  1.54948e-09  0.00966244
-13.1947  0  3.14159  3.82216e-09  0.0196969
-10.6814  0  3.14159  2.05793e-09  0.0242427
-8.16814  0  3.14159  -1.28049e-09  0.0314133
-6.9115  0  3.14159  -2.07534e-08  0.0367472
-5.65487  0  3.14159  1.33475e-08  0.0440442
-4.39823  0  3.14159  2.79825e-09  0.054416
-3.14159  0  3.14159  7.16655e-08  0.0698353
-1.88496  0  3.14159  3.0298e-08  0.0941346
-0.628319  0  3.14159  3.76929e-07  0.132214
0.628319  0  3.14159  3.36066e-07  -0.132214
1.88496  0  3.14159  2.9932e-08  -0.0941346
3.14159  0  3.14159  6.34163e-08  -0.0698353
4.39823  0  3.14159  -4.69897e-09  -0.054416
5.65487  0  3.14159  1.42526e-08  -0.0440442
6.9115  0  3.14159  -2.63535e-08  -0.0367472
8.16814  0  3.14159  -3.59837e-09  -0.0314133
10.6814  0  3.14159  3.14449e-09  -0.0242427
15.708  0  3.14159  1.9862e-09  -0.0165754
33.3009  0  3.14159  -2.66578e-09  -0.00784296
-54.6637  3.14159  0  1.68829e-10  0.0047806
-27.0177  3.14159  0  1.54948e-09  0.00966244
-13.1947  3.14159  0  3.82216e-09  0.0196969
-10.6814  3.14159  0  2.05793e-09  0.0242427
-8.16814  3.14159  0  -1.28049e-09  0.0314133
-6.9115  3.14159  0  -2.07534e-08  0.0367472
-5.65487  3.14159  0  1.33475e-08  0.0440442
-4.39823  3.14159  0  2.79825e-09  0.054416
-3.14159  3.14159  0  7.16655e-08  0.0698353
-1.88496  3.14159  0  3.0298e-08  0.0941346
-0.628319  3.14159  0  3.76929e-07  0.132214
0.628319  3.14159  0  3.36066e-07  -0.132214
1.88496  3.14159  0  2.9932e-08  -0.0941346
3.14159  3.14159  0  6.34163e-08  -0.0698353
4.39823  3.14159  0  -4.69897e-09  -0.054416
5.65487  3.14159  0  1.42526e-08  -0.0440442
6.9115  3.14159  0  -2.63535e-08  -0.0367472
8.16814  3.14159  0  -3.59837e-09  -0.0314133
10.6814  3.14159  0  3.14449e-09  -0.0242427
15.708  3.14159  0  1.9862e-09  -0.0165754
33.3009  3.14159  0  -2.66578e-09  -0.00784296
-54.6637  3.14159  3.14159  8.78434e-05  0.00477604
-27.0177  3.14159  3.14159  0.000358898  0.0096249
-13.1947  3.14159  3.14159  0.00149629  0.0193819
-10.6814  3.14159  3.14159  0.00226787  0.0236616
-8.16814  3.14159  3.14159  0.00379171  0.0301837
-6.9115  3.14159  3.14159  0.00514678  0.0348305
-5.65487  3.14159  3.14159  0.0072645  0.0408679
-4.39823  3.14159  3.14159  0.0106957  0.0486938
-3.14159  3.14159  3.14159  0.0163834  0.0581346
-1.88496  3.14159  3.14159  0.0256261  0.0652395
-0.628319  3.14159  3.14159  0.0383047  0.0485126
0.628319  3.14159  3.14159  0.0383047  -0.0485126
1.88496  3.14159  3.14159  0.0256261  -0.0652395
3.14159  3.14159  3.14159  0.0163834  -0.0581346
4.39823  3.14159  3.14159  0.0106957  -0.0486938
5.65487  3.14159  3.14159  0.00726449  -0.0408679
6.9115  3.14159  3.14159  0.00514678  -0.0348305
8.16814  3.14159  3.14159  0.00379172  -0.0301837
10.6814  3.14159  3.14159  0.00226787  -0.0236616
15.708  3.14159  3.14159  0.00105841  -0.0163869
33.3009  3.14159  3.14159  0.000236423  -0.00782281
