-54.6637  0  0  1.05772e-06  -7.80483e-05
-27.0177  0  0  1.54791e-05  -0.000596547
-13.1947  0  0  0.000149128  -0.0039903
-10.6814  0  0  0.000249359  -0.00660256
-8.16814  0  0  0.000441167  -0.0118394
-6.9115  0  0  0.000615443  -0.0163585
-5.65487  0  0  0.000916317  -0.0229024
-4.39823  0  0  0.00150326  -0.0317327
-3.14159  0  0  0.00271887  -0.0408352
-1.88496  0  0  0.00495427  -0.0414207
-0.628319  0  0  0.00741895  -0.0191614
0.628319  0  0  0.00741921  0.0191612
1.88496  0  0  0.00495426  0.0414207
3.14159  0  0  0.00271889  0.0408352
4.39823  0  0  0.00150326  0.0317328
5.65487  0  0  0.000916308  0.0229024
6.9115  0  0  0.000615452  0.0163585
8.16814  0  0  0.000441176  0.0118394
10.6814  0  0  0.000249367  0.00660257
15.708  0  0  9.23129e-05  0.00257421
33.3009  0  0  7.16327e-06  0.000329835
-54.6637  0  3.14159  -4.18636e-10  -7.76318e-05
-27.0177  0  3.14159  -3.23535e-09  -0.000584002
-13.1947  0  3.14159  3.81638e-09  -0.00366901
-10.6814  0  3.14159  1.20878e-08  -0.00584983
-8.16814  0  3.14159  -1.22692e-07  -0.0099247
-6.9115  0  3.14159  -2.78021e-07  -0.0133092
-5.65487  0  3.14159  -6.27099e-08  -0.0183474
-4.39823  0  3.14159  -8.53792e-08  -0.0264838
-3.14159  0  3.14159  -5.86477e-08  -0.0422425
-1.88496  0  3.14159  1.24562e-06  -0.0906088
-0.628319  0  3.14159  2.64276e-06  -0.946714
0.628319  0  3.14159  2.78855e-06  0.946714
1.88496  0  3.14159  1.26735e-06  0.0906088
3.14159  0  3.14159  -4.65198e-08  0.0422425
4.39823  0  3.14159  -7.48219e-08  0.0264838
5.65487  0  3.14159  -5.4563e-08  0.0183474
6.9115  0  3.14159  -2.70665e-07  0.0133092
8.16814  0  3.14159  -1.15911e-07  0.0099247
10.6814  0  3.14159  1.81398e-08  0.00584983
15.708  0  3.14159  2.23538e-08  0.00242281
33.3009  0  3.14159  -3.49957e-09  0.000325201
-54.6637  3.14159  0  -4.18636e-10  -7.76318e-05
-27.0177  3.14159  0  -3.23535e-09  -0.000584002
-13.1947  3.14159  0  3.81638e-09  -0.00366901
-10.6814  3.14159  0  1.20878e-08  -0.00584983
-8.16814  3.14159  0  -1.22692e-07  -0.0099247
-6.9115  3.14159  0  -2.78021e-07  -0.0133092
-5.65487  3.14159  0  -6.27099e-08  -0.0183474
-4.39823  3.14159  0  -8.53792e-08  -0.0264838
-3.14159  3.14159  0  -5.86477e-08  -0.0422425
-1.88496  3.14159  0  1.24562e-06  -0.0906088
-0.628319  3.14159  0  2.64276e-06  -0.946714
0.628319  3.14159  0  2.78855e-06  0.946714
1.88496  3.14159  0  1.26735e-06  0.0906088
3.14159  3.14159  0  -4.65198e-08  0.0422425
4.39823  3.14159  0  -7.48219e-08  0.0264838
5.65487  3.14159  0  -5.4563e-08  0.0183474
6.9115  3.14159  0  -2.70665e-07  0.0133092
8.16814  3.14159  0  -1.15911e-07  0.0099247
10.6814  3.14159  0  1.81398e-08  0.00584983
15.708  3.14159  0  2.23538e-08  0.00242281
33.3009  3.14159  0  -3.49957e-09  0.000325201
-54.6637  3.14159  3.14159  -1.05737e-06  -7.80483e-05
-27.0177  3.14159  3.14159  -1.54901e-05  -0.000596547
-13.1947  3.14159  3.14159  -0.000149144  -0.0039903
-10.6814  3.14159  3.14159  -0.000249327  -0.00660256
-8.16814  3.14159  3.14159  -0.000441177  -0.0118394
-6.9115  3.14159  3.14159  -0.000615486  -0.0163585
-5.65487  3.14159  3.14159  -0.000916294  -0.0229024
-4.39823  3.14159  3.14159  -0.00150314  -0.0317327
-3.14159  3.14159  3.14159  -0.00271878  -0.0408352
-1.88496  3.14159  3.14159  -0.00495462  -0.0414207
-0.628319  3.14159  3.14159  -0.0074198  -0.0191614
0.628319  3.14159  3.14159  -0.00741955  0.0191612
1.88496  3.14159  3.14159  -0.00495463  0.0414207
3.14159  3.14159  3.14159  -0.00271875  0.0408352
4.39823  3.14159  3.14159  -0.00150314  0.0317328
5.65487  3.14159  3.14159  -0.000916303  0.0229024
6.9115  3.14159  3.14159  -0.000615478  0.0163585
8.16814  3.14159  3.14159  -0.000441168  0.0118394
10.6814  3.14159  3.14159  -0.000249318  0.00660257
15.708  3.14159  3.14159  -9.2319e-05  0.00257421
33.3009  3.14159  3.14159  -7.15561e-06  0.000329835
