-54.6637  0  0  5.63666e-05  -0.00398573
-27.0177  0  0  0.000244412  -0.00807654
-13.1947  0  0  0.00113958  -0.0164457
-10.6814  0  0  0.00176712  -0.0201157
-8.16814  0  0  0.00296941  -0.025614
-6.9115  0  0  0.00397985  -0.0294166
-5.65487  0  0  0.00545206  -0.0341582
-4.39823  0  0  0.00760734  -0.0398583
-3.14159  0  0  0.0107131  -0.0457066
-1.88496  0  0  0.014902  -0.0475914
-0.628319  0  0  0.0193769  -0.0309287
0.628319  0  0  0.0193769  0.0309287
1.88496  0  0  0.014902  0.0475914
3.14159  0  0  0.0107131  0.0457066
4.39823  0  0  0.00760734  0.0398583
5.65487  0  0  0.00545207  0.0341582
6.9115  0  0  0.00397985  0.0294166
8.16814  0  0  0.00296941  0.025614
10.6814  0  0  0.00176713  0.0201157
15.708  0  0  0.000784955  0.0138674
33.3009  0  0  0.000157145  0.00654942
-54.6637  0  3.14159  -1.30523e-09  -0.0039875
-27.0177  0  3.14159  -1.85651e-09  -0.00809195
-13.1947  0  3.14159  1.83094e-10  -0.0165768
-10.6814  0  3.14159  -1.45269e-10  -0.0203456
-8.16814  0  3.14159  -4.31613e-09  -0.0260499
-6.9115  0  3.14159  -6.34568e-09  -0.0300452
-5.65487  0  3.14159  -2.33212e-09  -0.0351286
-4.39823  0  3.14159  -2.29959e-09  -0.0415902
-3.14159  0  3.14159  -2.37438e-09  -0.0496739
-1.88496  0  3.14159  -2.48383e-09  -0.0592873
-0.628319  0  3.14159  -3.59152e-09  -0.0660348
0.628319  0  3.14159  2.24171e-09  0.0660348
1.88496  0  3.14159  3.93571e-09  0.0592873
3.14159  0  3.14159  3.99958e-09  0.0496739
4.39823  0  3.14159  3.70362e-09  0.0415902
5.65487  0  3.14159  3.28989e-09  0.0351286
6.9115  0  3.14159  2.04079e-09  0.0300452
8.16814  0  3.14159  2.58536e-09  0.0260499
10.6814  0  3.14159  2.47015e-09  0.0203456
15.708  0  3.14159  1.16149e-09  0.0139471
33.3009  0  3.14159  1.08589e-09  0.0065575
-54.6637  3.14159  0  -1.30523e-09  -0.0039875
-27.0177  3.14159  0  -1.85651e-09  -0.00809195
-13.1947  3.14159  0  1.83094e-10  -0.0165768
-10.6814  3.14159  0  -1.45269e-10  -0.0203456
-8.16814  3.14159  0  -4.31613e-09  -0.0260499
-6.9115  3.14159  0  -6.34568e-09  -0.0300452
-5.65487  3.14159  0  -2.33212e-09  -0.0351286
-4.39823  3.14159  0  -2.29959e-09  -0.0415902
-3.14159  3.14159  0  -2.37438e-09  -0.0496739
-1.88496  3.14159  0  -2.48383e-09  -0.0592873
-0.628319  3.14159  0  -3.59152e-09  -0.0660348
0.628319  3.14159  0  2.24171e-09  0.0660348
1.88496  3.14159  0  3.93571e-09  0.0592873
3.14159  3.14159  0  3.99958e-09  0.0496739
4.39823  3.14159  0  3.70362e-09  0.0415902
5.65487  3.14159  0  3.28989e-09  0.0351286
6.9115  3.14159  0  2.04079e-09  0.0300452
8.16814  3.14159  0  2.58536e-09  0.0260499
10.6814  3.14159  0  2.47015e-09  0.0203456
15.708  3.14159  0  1.16149e-09  0.0139471
33.3009  3.14159  0  1.08589e-09  0.0065575
-54.6637  3.14159  3.14159  -5.6366e-05  -0.00398573
-27.0177  3.14159  3.14159  -0.000244412  -0.00807654
-13.1947  3.14159  3.14159  -0.00113958  -0.0164457
-10.6814  3.14159  3.14159  -0.00176713  -0.0201157
-8.16814  3.14159  3.14159  -0.00296941  -0.025614
-6.9115  3.14159  3.14159  -0.00397984  -0.0294167
-5.65487  3.14159  3.14159  -0.00545207  -0.0341582
-4.39823  3.14159  3.14159  -0.00760734  -0.0398583
-3.14159  3.14159  3.14159  -0.0107131  -0.0457066
-1.88496  3.14159  3.14159  -0.014902  -0.0475914
-0.628319  3.14159  3.14159  -0.0193769  -0.0309287
0.628319  3.14159  3.14159  -0.0193769  0.0309287
1.88496  3.14159  3.14159  -0.014902  0.0475914
3.14159  3.14159  3.14159  -0.0107131  0.0457066
4.39823  3.14159  3.14159  -0.00760733  0.0398583
5.65487  3.14159  3.14159  -0.00545206  0.0341582
6.9115  3.14159  3.14159  -0.00397984  0.0294167
8.16814  3.14159  3.14159  -0.00296941  0.025614
10.6814  3.14159  3.14159  -0.00176712  0.0201157
15.708  3.14159  3.14159  -0.000784951  0.0138674
33.3009  3.14159  3.14159  -0.000157144  0.00654942
