-54.6637  0  0  1.20685e-05  -0.00469757
-27.0177  0  0  3.88701e-05  -0.0090225
-13.1947  0  0  8.42809e-05  -0.0154978
-10.6814  0  0  0.000112661  -0.0174116
-8.16814  0  0  0.000214648  -0.0194781
-6.9115  0  0  0.00035738  -0.0204656
-5.65487  0  0  0.000657724  -0.0213067
-4.39823  0  0  0.0012804  -0.0218565
-3.14159  0  0  0.00251553  -0.0218763
-1.88496  0  0  0.00472182  -0.0205802
-0.628319  0  0  0.00768338  -0.0135914
0.628319  0  0  0.00768339  0.0135914
1.88496  0  0  0.00472183  0.0205802
3.14159  0  0  0.00251554  0.0218763
4.39823  0  0  0.00128041  0.0218565
5.65487  0  0  0.000657729  0.0213067
6.9115  0  0  0.000357384  0.0204656
8.16814  0  0  0.000214651  0.0194781
10.6814  0  0  0.000112662  0.0174116
15.708  0  0  7.14196e-05  0.0138404
33.3009  0  0  2.84146e-05  0.00748942
-54.6637  0  3.14159  7.84507e-09  -0.00469993
-27.0177  0  3.14159  1.43941e-08  -0.0090432
-13.1947  0  3.14159  7.86823e-09  -0.0157027
-10.6814  0  3.14159  2.89897e-10  -0.0178122
-8.16814  0  3.14159  -7.9668e-09  -0.0203721
-6.9115  0  3.14159  -8.48606e-09  -0.0218733
-5.65487  0  3.14159  -3.78578e-09  -0.0235913
-4.39823  0  3.14159  -3.45366e-09  -0.0256396
-3.14159  0  3.14159  -3.51338e-09  -0.0281932
-1.88496  0  3.14159  -3.65578e-09  -0.0313987
-0.628319  0  3.14159  -1.36898e-09  -0.0346936
0.628319  0  3.14159  1.04873e-08  0.0346936
1.88496  0  3.14159  6.91495e-09  0.0313987
3.14159  0  3.14159  5.27934e-09  0.0281932
4.39823  0  3.14159  3.91391e-09  0.0256396
5.65487  0  3.14159  2.63157e-09  0.0235913
6.9115  0  3.14159  -8.33406e-10  0.0218733
8.16814  0  3.14159  -9.61732e-10  0.0203721
10.6814  0  3.14159  1.77786e-09  0.0178122
15.708  0  3.14159  3.28458e-09  0.0139571
33.3009  0  3.14159  -1.45612e-09  0.00750021
-54.6637  3.14159  0  7.84507e-09  -0.00469993
-27.0177  3.14159  0  1.43941e-08  -0.0090432
-13.1947  3.14159  0  7.86823e-09  -0.0157027
-10.6814  3.14159  0  2.89897e-10  -0.0178122
-8.16814  3.14159  0  -7.9668e-09  -0.0203721
-6.9115  3.14159  0  -8.48606e-09  -0.0218733
-5.65487  3.14159  0  -3.78578e-09  -0.0235913
-4.39823  3.14159  0  -3.45366e-09  -0.0256396
-3.14159  3.14159  0  -3.51338e-09  -0.0281932
-1.88496  3.14159  0  -3.65578e-09  -0.0313987
-0.628319  3.14159  0  -1.36898e-09  -0.0346936
0.628319  3.14159  0  1.04873e-08  0.0346936
1.88496  3.14159  0  6.91495e-09  0.0313987
3.14159  3.14159  0  5.27934e-09  0.0281932
4.39823  3.14159  0  3.91391e-09  0.0256396
5.65487  3.14159  0  2.63157e-09  0.0235913
6.9115  3.14159  0  -8.33406e-10  0.0218733
8.16814  3.14159  0  -9.61732e-10  0.0203721
10.6814  3.14159  0  1.77786e-09  0.0178122
15.708  3.14159  0  3.28458e-09  0.0139571
33.3009  3.14159  0  -1.45612e-09  0.00750021
-54.6637  3.14159  3.14159  -1.20633e-05  -0.00469757
-27.0177  3.14159  3.14159  -3.88628e-05  -0.0090225
-13.1947  3.14159  3.14159  -8.42794e-05  -0.0154978
-10.6814  3.14159  3.14159  -0.00011266  -0.0174116
-8.16814  3.14159  3.14159  -0.000214648  -0.0194781
-6.9115  3.14159  3.14159  -0.000357381  -0.0204656
-5.65487  3.14159  3.14159  -0.000657727  -0.0213067
-4.39823  3.14159  3.14159  -0.00128041  -0.0218565
-3.14159  3.14159  3.14159  -0.00251554  -0.0218763
-1.88496  3.14159  3.14159  -0.00472182  -0.0205802
-0.628319  3.14159  3.14159  -0.00768338  -0.0135914
0.628319  3.14159  3.14159  -0.00768338  0.0135914
1.88496  3.14159  3.14159  -0.00472182  0.0205802
3.14159  3.14159  3.14159  -0.00251553  0.0218763
4.39823  3.14159  3.14159  -0.0012804  0.0218565
5.65487  3.14159  3.14159  -0.000657722  0.0213067
6.9115  3.14159  3.14159  -0.000357377  0.0204656
8.16814  3.14159  3.14159  -0.000214645  0.0194781
10.6814  3.14159  3.14159  -0.000112658  0.0174116
15.708  3.14159  3.14159  -7.1417e-05  0.0138404
33.3009  3.14159  3.14159  -2.84145e-05  0.00748942
