-54.6637  0  0  5.63701e-05  -0.00398835
-27.0177  0  0  0.000244423  -0.00808178
-13.1947  0  0  0.00113957  -0.0164561
-10.6814  0  0  0.00176708  -0.0201284
-8.16814  0  0  0.0029693  -0.0256302
-6.9115  0  0  0.00397966  -0.0294355
-5.65487  0  0  0.00545178  -0.0341808
-4.39823  0  0  0.00760698  -0.0398867
-3.14159  0  0  0.0107129  -0.0457442
-1.88496  0  0  0.0149027  -0.0476413
-0.628319  0  0  0.0193809  -0.030975
0.628319  0  0  0.0193809  0.030975
1.88496  0  0  0.0149028  0.0476413
3.14159  0  0  0.0107129  0.0457442
4.39823  0  0  0.00760699  0.0398867
5.65487  0  0  0.00545179  0.0341808
6.9115  0  0  0.00397966  0.0294355
8.16814  0  0  0.0029693  0.0256302
10.6814  0  0  0.00176709  0.0201284
15.708  0  0  0.000784961  0.0138762
33.3009  0  0  0.000157153  0.00655369
-54.6637  0  3.14159  -1.23724e-09  -0.00399012
-27.0177  0  3.14159  -1.73893e-09  -0.00809723
-13.1947  0  3.14159  3.38395e-10  -0.0165875
-10.6814  0  3.14159  1.13548e-10  -0.0203587
-8.16814  0  3.14159  -3.79216e-09  -0.0260669
-6.9115  0  3.14159  -5.637e-09  -0.0300654
-5.65487  0  3.14159  -1.42539e-09  -0.0351531
-4.39823  0  3.14159  -9.82204e-10  -0.0416218
-3.14159  0  3.14159  -1.32335e-10  -0.0497183
-1.88496  0  3.14159  -7.77684e-10  -0.0593647
-0.628319  0  3.14159  -1.53715e-09  -0.0662558
0.628319  0  3.14159  -2.79356e-09  0.0662558
1.88496  0  3.14159  5.54313e-09  0.0593647
3.14159  0  3.14159  5.81439e-09  0.0497183
4.39823  0  3.14159  4.67613e-09  0.0416218
5.65487  0  3.14159  3.8963e-09  0.0351531
6.9115  0  3.14159  2.42404e-09  0.0300654
8.16814  0  3.14159  2.82469e-09  0.0260669
10.6814  0  3.14159  2.57727e-09  0.0203587
15.708  0  3.14159  1.2063e-09  0.0139561
33.3009  0  3.14159  1.06518e-09  0.00656179
-54.6637  3.14159  0  -1.23724e-09  -0.00399012
-27.0177  3.14159  0  -1.73893e-09  -0.00809723
-13.1947  3.14159  0  3.38395e-10  -0.0165875
-10.6814  3.14159  0  1.13548e-10  -0.0203587
-8.16814  3.14159  0  -3.79216e-09  -0.0260669
-6.9115  3.14159  0  -5.637e-09  -0.0300654
-5.65487  3.14159  0  -1.42539e-09  -0.0351531
-4.39823  3.14159  0  -9.82204e-10  -0.0416218
-3.14159  3.14159  0  -1.32335e-10  -0.0497183
-1.88496  3.14159  0  -7.77684e-10  -0.0593647
-0.628319  3.14159  0  -1.53715e-09  -0.0662558
0.628319  3.14159  0  -2.79356e-09  0.0662558
1.88496  3.14159  0  5.54313e-09  0.0593647
3.14159  3.14159  0  5.81439e-09  0.0497183
4.39823  3.14159  0  4.67613e-09  0.0416218
5.65487  3.14159  0  3.8963e-09  0.0351531
6.9115  3.14159  0  2.42404e-09  0.0300654
8.16814  3.14159  0  2.82469e-09  0.0260669
10.6814  3.14159  0  2.57727e-09  0.0203587
15.708  3.14159  0  1.2063e-09  0.0139561
33.3009  3.14159  0  1.06518e-09  0.00656179
-54.6637  3.14159  3.14159  -5.63694e-05  -0.00398835
-27.0177  3.14159  3.14159  -0.000244422  -0.00808178
-13.1947  3.14159  3.14159  -0.00113958  -0.0164561
-10.6814  3.14159  3.14159  -0.00176709  -0.0201284
-8.16814  3.14159  3.14159  -0.0029693  -0.0256302
-6.9115  3.14159  3.14159  -0.00397966  -0.0294355
-5.65487  3.14159  3.14159  -0.00545179  -0.0341808
-4.39823  3.14159  3.14159  -0.00760699  -0.0398867
-3.14159  3.14159  3.14159  -0.0107129  -0.0457442
-1.88496  3.14159  3.14159  -0.0149028  -0.0476413
-0.628319  3.14159  3.14159  -0.019381  -0.030975
0.628319  3.14159  3.14159  -0.019381  0.030975
1.88496  3.14159  3.14159  -0.0149028  0.0476413
3.14159  3.14159  3.14159  -0.0107129  0.0457442
4.39823  3.14159  3.14159  -0.00760698  0.0398867
5.65487  3.14159  3.14159  -0.00545178  0.0341808
6.9115  3.14159  3.14159  -0.00397965  0.0294355
8.16814  3.14159  3.14159  -0.00296929  0.0256302
10.6814  3.14159  3.14159  -0.00176709  0.0201284
15.708  3.14159  3.14159  -0.000784957  0.0138762
33.3009  3.14159  3.14159  -0.000157152  0.00655369
