-54.6637  0  0  -8.7848e-05  0.00477634
-27.0177  0  0  -0.00035891  0.00962552
-13.1947  0  0  -0.00149635  0.0193832
-10.6814  0  0  -0.00226795  0.0236631
-8.16814  0  0  -0.00379184  0.0301856
-6.9115  0  0  -0.00514696  0.0348327
-5.65487  0  0  -0.00726469  0.0408705
-4.39823  0  0  -0.0106961  0.0486968
-3.14159  0  0  -0.0163836  0.0581383
-1.88496  0  0  -0.0256266  0.0652439
-0.628319  0  0  -0.0383061  0.0485164
0.628319  0  0  -0.0383061  -0.0485165
1.88496  0  0  -0.0256266  -0.0652439
3.14159  0  0  -0.0163836  -0.0581383
4.39823  0  0  -0.0106961  -0.0486968
5.65487  0  0  -0.0072647  -0.0408704
6.9115  0  0  -0.00514696  -0.0348327
8.16814  0  0  -0.00379185  -0.0301856
10.6814  0  0  -0.00226796  -0.0236631
15.708  0  0  -0.00105845  -0.016388
33.3009  0  0  -0.00023643  -0.00782331
-54.6637  0  3.14159  1.65115e-10  0.0047809
-27.0177  0  3.14159  1.54408e-09  0.00966306
-13.1947  0  3.14159  3.81271e-09  0.0196981
-10.6814  0  3.14159  2.04468e-09  0.0242442
-8.16814  0  3.14159  -1.30355e-09  0.0314153
-6.9115  0  3.14159  -2.07941e-08  0.0367495
-5.65487  0  3.14159  1.33358e-08  0.044047
-4.39823  0  3.14159  2.77413e-09  0.0544196
-3.14159  0  3.14159  7.17141e-08  0.0698403
-1.88496  0  3.14159  3.01222e-08  0.0941426
-0.628319  0  3.14159  3.77771e-07  0.132235
0.628319  0  3.14159  3.3748e-07  -0.132235
1.88496  0  3.14159  2.98509e-08  -0.0941426
3.14159  0  3.14159  6.35438e-08  -0.0698403
4.39823  0  3.14159  -4.6595e-09  -0.0544196
5.65487  0  3.14159  1.42969e-08  -0.044047
6.9115  0  3.14159  -2.63457e-08  -0.0367495
8.16814  0  3.14159  -3.57862e-09  -0.0314153
10.6814  0  3.14159  3.16173e-09  -0.0242442
15.708  0  3.14159  1.9984e-09  -0.0165765
33.3009  0  3.14159  -2.66089e-09  -0.00784346
-54.6637  3.14159  0  1.65115e-10  0.0047809
-27.0177  3.14159  0  1.54408e-09  0.00966306
-13.1947  3.14159  0  3.81271e-09  0.0196981
-10.6814  3.14159  0  2.04468e-09  0.0242442
-8.16814  3.14159  0  -1.30355e-09  0.0314153
-6.9115  3.14159  0  -2.07941e-08  0.0367495
-5.65487  3.14159  0  1.33358e-08  0.044047
-4.39823  3.14159  0  2.77413e-09  0.0544196
-3.14159  3.14159  0  7.17141e-08  0.0698403
-1.88496  3.14159  0  3.01222e-08  0.0941426
-0.628319  3.14159  0  3.77771e-07  0.132235
0.628319  3.14159  0  3.3748e-07  -0.132235
1.88496  3.14159  0  2.98509e-08  -0.0941426
3.14159  3.14159  0  6.35438e-08  -0.0698403
4.39823  3.14159  0  -4.6595e-09  -0.0544196
5.65487  3.14159  0  1.42969e-08  -0.044047
6.9115  3.14159  0  -2.63457e-08  -0.0367495
8.16814  3.14159  0  -3.57862e-09  -0.0314153
10.6814  3.14159  0  3.16173e-09  -0.0242442
15.708  3.14159  0  1.9984e-09  -0.0165765
33.3009  3.14159  0  -2.66089e-09  -0.00784346
-54.6637  3.14159  3.14159  8.78468e-05  0.00477634
-27.0177  3.14159  3.14159  0.000358912  0.00962552
-13.1947  3.14159  3.14159  0.00149635  0.0193831
-10.6814  3.14159  3.14159  0.00226796  0.0236631
-8.16814  3.14159  3.14159  0.00379185  0.0301856
-6.9115  3.14159  3.14159  0.00514695  0.0348327
-5.65487  3.14159  3.14159  0.00726474  0.0408705
-4.39823  3.14159  3.14159  0.0106961  0.0486968
-3.14159  3.14159  3.14159  0.0163839  0.0581383
-1.88496  3.14159  3.14159  0.025627  0.0652439
-0.628319  3.14159  3.14159  0.0383064  0.0485164
0.628319  3.14159  3.14159  0.0383064  -0.0485165
1.88496  3.14159  3.14159  0.025627  -0.0652439
3.14159  3.14159  3.14159  0.0163839  -0.0581383
4.39823  3.14159  3.14159  0.0106961  -0.0486968
5.65487  3.14159  3.14159  0.00726473  -0.0408704
6.9115  3.14159  3.14159  0.00514696  -0.0348327
8.16814  3.14159  3.14159  0.00379185  -0.0301856
10.6814  3.14159  3.14159  0.00226795  -0.0236631
15.708  3.14159  3.14159  0.00105845  -0.016388
33.3009  3.14159  3.14159  0.000236432  -0.00782331
