-54.6637  0  0  -8.87245e-05  0.00485434
-27.0177  0  0  -0.00036245  0.00978221
-13.1947  0  0  -0.00151042  0.0196948
-10.6814  0  0  -0.00228868  0.024041
-8.16814  0  0  -0.00382507  0.0306625
-6.9115  0  0  -0.00519097  0.0353793
-5.65487  0  0  -0.00732544  0.0415076
-4.39823  0  0  -0.0107849  0.0494547
-3.14159  0  0  -0.0165241  0.0590591
-1.88496  0  0  -0.0258708  0.0663527
-0.628319  0  0  -0.0387503  0.0494895
0.628319  0  0  -0.0387502  -0.0494894
1.88496  0  0  -0.0258708  -0.0663526
3.14159  0  0  -0.0165241  -0.0590591
4.39823  0  0  -0.0107849  -0.0494547
5.65487  0  0  -0.00732544  -0.0415076
6.9115  0  0  -0.00519096  -0.0353793
8.16814  0  0  -0.00382507  -0.0306625
10.6814  0  0  -0.00228868  -0.024041
15.708  0  0  -0.00106857  -0.0166527
33.3009  0  0  -0.000238772  -0.00795084
-54.6637  0  3.14159  -8.34198e-10  0.00485904
-27.0177  0  3.14159  3.67953e-10  0.00982089
-13.1947  0  3.14159  1.89641e-09  0.0200191
-10.6814  0  3.14159  -8.42974e-10  0.024639
-8.16814  0  3.14159  -7.43575e-09  0.0319274
-6.9115  0  3.14159  -3.45868e-08  0.0373506
-5.65487  0  3.14159  1.30136e-08  0.0447742
-4.39823  0  3.14159  -3.43254e-09  0.0553396
-3.14159  0  3.14159  9.68968e-08  0.0710951
-1.88496  0  3.14159  -4.539e-08  0.0961552
-0.628319  0  3.14159  6.08354e-07  0.137536
0.628319  0  3.14159  7.22061e-07  -0.137536
1.88496  0  3.14159  -3.38931e-08  -0.0961552
3.14159  0  3.14159  1.05114e-07  -0.0710951
4.39823  0  3.14159  3.45689e-09  -0.0553396
5.65487  0  3.14159  2.75025e-08  -0.0447742
6.9115  0  3.14159  -2.82354e-08  -0.0373506
8.16814  0  3.14159  8.9925e-10  -0.0319274
10.6814  0  3.14159  7.71446e-09  -0.024639
15.708  0  3.14159  5.3924e-09  -0.0168468
33.3009  0  3.14159  -1.51003e-09  -0.00797161
-54.6637  3.14159  0  -8.34198e-10  0.00485904
-27.0177  3.14159  0  3.67953e-10  0.00982089
-13.1947  3.14159  0  1.89641e-09  0.0200191
-10.6814  3.14159  0  -8.42974e-10  0.024639
-8.16814  3.14159  0  -7.43575e-09  0.0319274
-6.9115  3.14159  0  -3.45868e-08  0.0373506
-5.65487  3.14159  0  1.30136e-08  0.0447742
-4.39823  3.14159  0  -3.43254e-09  0.0553396
-3.14159  3.14159  0  9.68968e-08  0.0710951
-1.88496  3.14159  0  -4.539e-08  0.0961552
-0.628319  3.14159  0  6.08354e-07  0.137536
0.628319  3.14159  0  7.22061e-07  -0.137536
1.88496  3.14159  0  -3.38931e-08  -0.0961552
3.14159  3.14159  0  1.05114e-07  -0.0710951
4.39823  3.14159  0  3.45689e-09  -0.0553396
5.65487  3.14159  0  2.75025e-08  -0.0447742
6.9115  3.14159  0  -2.82354e-08  -0.0373506
8.16814  3.14159  0  8.9925e-10  -0.0319274
10.6814  3.14159  0  7.71446e-09  -0.024639
15.708  3.14159  0  5.3924e-09  -0.0168468
33.3009  3.14159  0  -1.51003e-09  -0.00797161
-54.6637  3.14159  3.14159  8.87217e-05  0.00485434
-27.0177  3.14159  3.14159  0.00036245  0.00978221
-13.1947  3.14159  3.14159  0.0015104  0.0196948
-10.6814  3.14159  3.14159  0.00228867  0.024041
-8.16814  3.14159  3.14159  0.00382507  0.0306625
-6.9115  3.14159  3.14159  0.00519095  0.0353793
-5.65487  3.14159  3.14159  0.00732549  0.0415076
-4.39823  3.14159  3.14159  0.0107849  0.0494547
-3.14159  3.14159  3.14159  0.0165245  0.0590591
-1.88496  3.14159  3.14159  0.0258712  0.0663526
-0.628319  3.14159  3.14159  0.0387505  0.0494896
0.628319  3.14159  3.14159  0.0387506  -0.0494897
1.88496  3.14159  3.14159  0.0258713  -0.0663527
3.14159  3.14159  3.14159  0.0165246  -0.0590591
4.39823  3.14159  3.14159  0.0107849  -0.0494547
5.65487  3.14159  3.14159  0.00732549  -0.0415076
6.9115  3.14159  3.14159  0.00519096  -0.0353793
8.16814  3.14159  3.14159  0.00382508  -0.0306625
10.6814  3.14159  3.14159  0.00228867  -0.024041
15.708  3.14159  3.14159  0.00106858  -0.0166527
33.3009  3.14159  3.14159  0.000238777  -0.00795084
