-54.6637  0  0  1.20799e-05  -0.00477477
-27.0177  0  0  3.88804e-05  -0.00917641
-13.1947  0  0  8.385e-05  -0.0157937
-10.6814  0  0  0.000111717  -0.0177619
-8.16814  0  0  0.000212573  -0.0198996
-6.9115  0  0  0.000354356  -0.0209285
-5.65487  0  0  0.000653524  -0.021811
-4.39823  0  0  0.0012753  -0.0223927
-3.14159  0  0  0.00251177  -0.022415
-1.88496  0  0  0.00472738  -0.0210592
-0.628319  0  0  0.00771741  -0.0138843
0.628319  0  0  0.0077174  0.0138843
1.88496  0  0  0.00472737  0.0210592
3.14159  0  0  0.00251177  0.022415
4.39823  0  0  0.0012753  0.0223927
5.65487  0  0  0.00065352  0.021811
6.9115  0  0  0.000354351  0.0209285
8.16814  0  0  0.000212568  0.0198996
10.6814  0  0  0.000111713  0.0177619
15.708  0  0  7.12183e-05  0.0140951
33.3009  0  0  2.84316e-05  0.00761513
-54.6637  0  3.14159  7.55557e-09  -0.00477722
-27.0177  0  3.14159  1.41619e-08  -0.0091979
-13.1947  0  3.14159  9.92039e-09  -0.0160059
-10.6814  0  3.14159  3.55778e-09  -0.0181767
-8.16814  0  3.14159  -3.15755e-09  -0.0208261
-6.9115  0  3.14159  -2.9222e-09  -0.0223889
-5.65487  0  3.14159  2.45115e-09  -0.0241861
-4.39823  0  3.14159  4.31556e-09  -0.0263398
-3.14159  0  3.14159  1.04497e-08  -0.0290362
-1.88496  0  3.14159  -2.17058e-09  -0.0324253
-0.628319  0  3.14159  7.46999e-08  -0.0360315
0.628319  0  3.14159  4.42354e-08  0.0360315
1.88496  0  3.14159  -1.6144e-08  0.0324253
3.14159  0  3.14159  -2.9188e-10  0.0290362
4.39823  0  3.14159  -3.43622e-09  0.0263398
5.65487  0  3.14159  -3.35698e-09  0.0241861
6.9115  0  3.14159  -5.59737e-09  0.0223889
8.16814  0  3.14159  -5.01262e-09  0.0208261
10.6814  0  3.14159  -1.48815e-09  0.0181767
15.708  0  3.14159  9.73437e-10  0.0142161
33.3009  0  3.14159  -2.29324e-09  0.00762633
-54.6637  3.14159  0  7.55557e-09  -0.00477722
-27.0177  3.14159  0  1.41619e-08  -0.0091979
-13.1947  3.14159  0  9.92039e-09  -0.0160059
-10.6814  3.14159  0  3.55778e-09  -0.0181767
-8.16814  3.14159  0  -3.15755e-09  -0.0208261
-6.9115  3.14159  0  -2.9222e-09  -0.0223889
-5.65487  3.14159  0  2.45115e-09  -0.0241861
-4.39823  3.14159  0  4.31556e-09  -0.0263398
-3.14159  3.14159  0  1.04497e-08  -0.0290362
-1.88496  3.14159  0  -2.17058e-09  -0.0324253
-0.628319  3.14159  0  7.46999e-08  -0.0360315
0.628319  3.14159  0  4.42354e-08  0.0360315
1.88496  3.14159  0  -1.6144e-08  0.0324253
3.14159  3.14159  0  -2.9188e-10  0.0290362
4.39823  3.14159  0  -3.43622e-09  0.0263398
5.65487  3.14159  0  -3.35698e-09  0.0241861
6.9115  3.14159  0  -5.59737e-09  0.0223889
8.16814  3.14159  0  -5.01262e-09  0.0208261
10.6814  3.14159  0  -1.48815e-09  0.0181767
15.708  3.14159  0  9.73437e-10  0.0142161
33.3009  3.14159  0  -2.29324e-09  0.00762633
-54.6637  3.14159  3.14159  -1.20755e-05  -0.00477477
-27.0177  3.14159  3.14159  -3.8874e-05  -0.00917641
-13.1947  3.14159  3.14159  -8.38452e-05  -0.0157937
-10.6814  3.14159  3.14159  -0.000111711  -0.0177619
-8.16814  3.14159  3.14159  -0.000212566  -0.0198996
-6.9115  3.14159  3.14159  -0.00035435  -0.0209285
-5.65487  3.14159  3.14159  -0.000653523  -0.021811
-4.39823  3.14159  3.14159  -0.0012753  -0.0223927
-3.14159  3.14159  3.14159  -0.00251179  -0.022415
-1.88496  3.14159  3.14159  -0.00472744  -0.0210592
-0.628319  3.14159  3.14159  -0.00771748  -0.0138843
0.628319  3.14159  3.14159  -0.0077175  0.0138843
1.88496  3.14159  3.14159  -0.00472745  0.0210592
3.14159  3.14159  3.14159  -0.0025118  0.022415
4.39823  3.14159  3.14159  -0.00127531  0.0223927
5.65487  3.14159  3.14159  -0.000653529  0.021811
6.9115  3.14159  3.14159  -0.000354356  0.0209285
8.16814  3.14159  3.14159  -0.000212571  0.0198996
10.6814  3.14159  3.14159  -0.000111716  0.0177619
15.708  3.14159  3.14159  -7.12205e-05  0.0140951
33.3009  3.14159  3.14159  -2.84331e-05  0.00761513
