-54.6637  0  0  -0.000595374  0.0181338
-27.0177  0  0  -0.00229178  0.0357475
-13.1947  0  0  -0.00771822  0.0665366
-10.6814  0  0  -0.0104017  0.0776983
-8.16814  0  0  -0.0143927  0.0919592
-6.9115  0  0  -0.017046  0.100193
-5.65487  0  0  -0.0201958  0.108617
-4.39823  0  0  -0.0237893  0.115748
-3.14159  0  0  -0.027583  0.117652
-1.88496  0  0  -0.0310076  0.104518
-0.628319  0  0  -0.0331376  0.0549863
0.628319  0  0  -0.0331376  -0.0549863
1.88496  0  0  -0.0310076  -0.104518
3.14159  0  0  -0.027583  -0.117652
4.39823  0  0  -0.0237893  -0.115748
5.65487  0  0  -0.0201958  -0.108617
6.9115  0  0  -0.017046  -0.100193
8.16814  0  0  -0.0143927  -0.0919592
10.6814  0  0  -0.0104017  -0.0776983
15.708  0  0  -0.00588861  -0.0578558
33.3009  0  0  -0.00155032  -0.0293398
-54.6637  0  3.14159  9.87328e-09  0.0181335
-27.0177  0  3.14159  6.70443e-10  0.0357372
-13.1947  0  3.14159  -3.2746e-09  0.0663323
-10.6814  0  3.14159  1.1572e-09  0.0772841
-8.16814  0  3.14159  -9.30641e-10  0.0911152
-6.9115  0  3.14159  -4.60699e-09  0.0990467
-5.65487  0  3.14159  -9.31015e-10  0.107259
-4.39823  0  3.14159  4.24435e-11  0.114853
-3.14159  0  3.14159  9.29556e-10  0.119834
-1.88496  0  3.14159  2.38325e-09  0.117528
-0.628319  0  3.14159  8.47967e-09  0.0916004
0.628319  0  3.14159  8.10887e-09  -0.0916004
1.88496  0  3.14159  1.8362e-09  -0.117528
3.14159  0  3.14159  5.19911e-10  -0.119834
4.39823  0  3.14159  -4.01685e-10  -0.114853
5.65487  0  3.14159  -1.50948e-09  -0.107259
6.9115  0  3.14159  -5.643e-09  -0.0990467
8.16814  0  3.14159  3.67143e-09  -0.0911152
10.6814  0  3.14159  1.24299e-08  -0.0772841
15.708  0  3.14159  -1.4276e-08  -0.0577499
33.3009  0  3.14159  -3.84024e-08  -0.029336
-54.6637  3.14159  0  9.87328e-09  0.0181335
-27.0177  3.14159  0  6.70443e-10  0.0357372
-13.1947  3.14159  0  -3.2746e-09  0.0663323
-10.6814  3.14159  0  1.1572e-09  0.0772841
-8.16814  3.14159  0  -9.30641e-10  0.0911152
-6.9115  3.14159  0  -4.60699e-09  0.0990467
-5.65487  3.14159  0  -9.31015e-10  0.107259
-4.39823  3.14159  0  4.24435e-11  0.114853
-3.14159  3.14159  0  9.29556e-10  0.119834
-1.88496  3.14159  0  2.38325e-09  0.117528
-0.628319  3.14159  0  8.47967e-09  0.0916004
0.628319  3.14159  0  8.10887e-09  -0.0916004
1.88496  3.14159  0  1.8362e-09  -0.117528
3.14159  3.14159  0  5.19911e-10  -0.119834
4.39823  3.14159  0  -4.01685e-10  -0.114853
5.65487  3.14159  0  -1.50948e-09  -0.107259
6.9115  3.14159  0  -5.643e-09  -0.0990467
8.16814  3.14159  0  3.67143e-09  -0.0911152
10.6814  3.14159  0  1.24299e-08  -0.0772841
15.708  3.14159  0  -1.4276e-08  -0.0577499
33.3009  3.14159  0  -3.84024e-08  -0.029336
-54.6637  3.14159  3.14159  0.000595394  0.0181338
-27.0177  3.14159  3.14159  0.00229178  0.0357475
-13.1947  3.14159  3.14159  0.00771821  0.0665366
-10.6814  3.14159  3.14159  0.0104017  0.0776983
-8.16814  3.14159  3.14159  0.0143926  0.0919592
-6.9115  3.14159  3.14159  0.017046  0.100193
-5.65487  3.14159  3.14159  0.0201958  0.108617
-4.39823  3.14159  3.14159  0.0237893  0.115748
-3.14159  3.14159  3.14159  0.027583  0.117652
-1.88496  3.14159  3.14159  0.0310076  0.104518
-0.628319  3.14159  3.14159  0.0331377  0.0549863
0.628319  3.14159  3.14159  0.0331377  -0.0549863
1.88496  3.14159  3.14159  0.0310077  -0.104518
3.14159  3.14159  3.14159  0.027583  -0.117652
4.39823  3.14159  3.14159  0.0237893  -0.115748
5.65487  3.14159  3.14159  0.0201958  -0.108617
6.9115  3.14159  3.14159  0.017046  -0.100193
8.16814  3.14159  3.14159  0.0143927  -0.0919592
10.6814  3.14159  3.14159  0.0104017  -0.0776983
15.708  3.14159  3.14159  0.00588859  -0.0578558
33.3009  3.14159  3.14159  0.00155025  -0.0293399
