-54.6637  0  0  5.50777e-07  -4.23985e-05
-27.0177  0  0  8.83305e-06  -0.000326121
-13.1947  0  0  0.00012594  -0.00217193
-10.6814  0  0  0.000255843  -0.00355675
-8.16814  0  0  0.000584368  -0.00626667
-6.9115  0  0  0.000932569  -0.00858596
-5.65487  0  0  0.00155458  -0.0120242
-4.39823  0  0  0.00272392  -0.0171428
-3.14159  0  0  0.00503103  -0.0244141
-1.88496  0  0  0.00961766  -0.0322088
-0.628319  0  0  0.0171512  -0.0272057
0.628319  0  0  0.0171512  0.0272057
1.88496  0  0  0.00961765  0.0322088
3.14159  0  0  0.00503103  0.0244141
4.39823  0  0  0.00272392  0.0171428
5.65487  0  0  0.00155458  0.0120242
6.9115  0  0  0.000932565  0.00858596
8.16814  0  0  0.000584364  0.00626667
10.6814  0  0  0.000255841  0.00355676
15.708  0  0  6.79753e-05  0.00140769
33.3009  0  0  3.90737e-06  0.000179925
-54.6637  0  3.14159  -1.01029e-10  -4.23969e-05
-27.0177  0  3.14159  1.49318e-10  -0.000326155
-13.1947  0  3.14159  1.94172e-09  -0.00217735
-10.6814  0  3.14159  2.51372e-09  -0.00357289
-8.16814  0  3.14159  2.62097e-09  -0.0063209
-6.9115  0  3.14159  2.45614e-09  -0.00869381
-5.65487  0  3.14159  2.82725e-09  -0.0122639
-4.39823  0  3.14159  3.2187e-09  -0.0177896
-3.14159  0  3.14159  3.743e-09  -0.0266844
-1.88496  0  3.14159  4.55495e-09  -0.0421919
-0.628319  0  3.14159  1.84894e-09  -0.0726906
0.628319  0  3.14159  -3.6679e-09  0.0726906
1.88496  0  3.14159  -1.3846e-09  0.0421919
3.14159  0  3.14159  -1.37487e-09  0.0266844
4.39823  0  3.14159  -1.2027e-09  0.0177896
5.65487  0  3.14159  -1.0199e-09  0.0122639
6.9115  0  3.14159  -7.29602e-10  0.00869381
8.16814  0  3.14159  -3.88421e-10  0.0063209
10.6814  0  3.14159  -2.88697e-11  0.00357289
15.708  0  3.14159  2.67005e-11  0.00140967
33.3009  0  3.14159  -1.91216e-10  0.000179925
-54.6637  3.14159  0  -1.01029e-10  -4.23969e-05
-27.0177  3.14159  0  1.49318e-10  -0.000326155
-13.1947  3.14159  0  1.94172e-09  -0.00217735
-10.6814  3.14159  0  2.51372e-09  -0.00357289
-8.16814  3.14159  0  2.62097e-09  -0.0063209
-6.9115  3.14159  0  2.45614e-09  -0.00869381
-5.65487  3.14159  0  2.82725e-09  -0.0122639
-4.39823  3.14159  0  3.2187e-09  -0.0177896
-3.14159  3.14159  0  3.743e-09  -0.0266844
-1.88496  3.14159  0  4.55495e-09  -0.0421919
-0.628319  3.14159  0  1.84894e-09  -0.0726906
0.628319  3.14159  0  -3.6679e-09  0.0726906
1.88496  3.14159  0  -1.3846e-09  0.0421919
3.14159  3.14159  0  -1.37487e-09  0.0266844
4.39823  3.14159  0  -1.2027e-09  0.0177896
5.65487  3.14159  0  -1.0199e-09  0.0122639
6.9115  3.14159  0  -7.29602e-10  0.00869381
8.16814  3.14159  0  -3.88421e-10  0.0063209
10.6814  3.14159  0  -2.88697e-11  0.00357289
15.708  3.14159  0  2.67005e-11  0.00140967
33.3009  3.14159  0  -1.91216e-10  0.000179925
-54.6637  3.14159  3.14159  -5.50963e-07  -4.23984e-05
-27.0177  3.14159  3.14159  -8.83265e-06  -0.000326121
-13.1947  3.14159  3.14159  -0.000125937  -0.00217193
-10.6814  3.14159  3.14159  -0.000255839  -0.00355676
-8.16814  3.14159  3.14159  -0.000584362  -0.00626667
-6.9115  3.14159  3.14159  -0.000932562  -0.00858596
-5.65487  3.14159  3.14159  -0.00155457  -0.0120242
-4.39823  3.14159  3.14159  -0.00272392  -0.0171428
-3.14159  3.14159  3.14159  -0.00503103  -0.0244141
-1.88496  3.14159  3.14159  -0.00961765  -0.0322088
-0.628319  3.14159  3.14159  -0.0171512  -0.0272057
0.628319  3.14159  3.14159  -0.0171512  0.0272057
1.88496  3.14159  3.14159  -0.00961766  0.0322088
3.14159  3.14159  3.14159  -0.00503103  0.0244141
4.39823  3.14159  3.14159  -0.00272392  0.0171428
5.65487  3.14159  3.14159  -0.00155458  0.0120242
6.9115  3.14159  3.14159  -0.000932565  0.00858596
8.16814  3.14159  3.14159  -0.000584365  0.00626667
10.6814  3.14159  3.14159  -0.000255841  0.00355676
15.708  3.14159  3.14159  -6.79755e-05  0.00140769
33.3009  3.14159  3.14159  -3.90772e-06  0.000179925
