-54.6637  0  0  5.63667e-05  -0.00398576
-27.0177  0  0  0.000244413  -0.0080766
-13.1947  0  0  0.00113958  -0.0164459
-10.6814  0  0  0.00176712  -0.0201159
-8.16814  0  0  0.00296941  -0.0256142
-6.9115  0  0  0.00397984  -0.0294169
-5.65487  0  0  0.00545206  -0.0341584
-4.39823  0  0  0.00760733  -0.0398586
-3.14159  0  0  0.0107131  -0.0457071
-1.88496  0  0  0.014902  -0.047592
-0.628319  0  0  0.019377  -0.0309293
0.628319  0  0  0.019377  0.0309293
1.88496  0  0  0.014902  0.047592
3.14159  0  0  0.0107131  0.0457071
4.39823  0  0  0.00760734  0.0398586
5.65487  0  0  0.00545206  0.0341584
6.9115  0  0  0.00397984  0.0294169
8.16814  0  0  0.00296941  0.0256142
10.6814  0  0  0.00176713  0.0201159
15.708  0  0  0.000784955  0.0138675
33.3009  0  0  0.000157146  0.00654947
-54.6637  0  3.14159  -1.30411e-09  -0.00398753
-27.0177  0  3.14159  -1.8541e-09  -0.00809202
-13.1947  0  3.14159  1.88074e-10  -0.0165769
-10.6814  0  3.14159  -1.37987e-10  -0.0203458
-8.16814  0  3.14159  -4.30419e-09  -0.0260501
-6.9115  0  3.14159  -6.33075e-09  -0.0300455
-5.65487  0  3.14159  -2.3142e-09  -0.0351289
-4.39823  0  3.14159  -2.27659e-09  -0.0415906
-3.14159  0  3.14159  -2.34233e-09  -0.0496744
-1.88496  0  3.14159  -2.4574e-09  -0.0592883
-0.628319  0  3.14159  -3.57649e-09  -0.0660375
0.628319  0  3.14159  2.17448e-09  0.0660375
1.88496  0  3.14159  3.9539e-09  0.0592883
3.14159  0  3.14159  4.0238e-09  0.0496744
4.39823  0  3.14159  3.72069e-09  0.0415906
5.65487  0  3.14159  3.30286e-09  0.0351289
6.9115  0  3.14159  2.05075e-09  0.0300455
8.16814  0  3.14159  2.59302e-09  0.0260501
10.6814  0  3.14159  2.47502e-09  0.0203458
15.708  0  3.14159  1.16406e-09  0.0139473
33.3009  0  3.14159  1.08612e-09  0.00655755
-54.6637  3.14159  0  -1.30411e-09  -0.00398753
-27.0177  3.14159  0  -1.8541e-09  -0.00809202
-13.1947  3.14159  0  1.88074e-10  -0.0165769
-10.6814  3.14159  0  -1.37987e-10  -0.0203458
-8.16814  3.14159  0  -4.30419e-09  -0.0260501
-6.9115  3.14159  0  -6.33075e-09  -0.0300455
-5.65487  3.14159  0  -2.3142e-09  -0.0351289
-4.39823  3.14159  0  -2.27659e-09  -0.0415906
-3.14159  3.14159  0  -2.34233e-09  -0.0496744
-1.88496  3.14159  0  -2.4574e-09  -0.0592883
-0.628319  3.14159  0  -3.57649e-09  -0.0660375
0.628319  3.14159  0  2.17448e-09  0.0660375
1.88496  3.14159  0  3.9539e-09  0.0592883
3.14159  3.14159  0  4.0238e-09  0.0496744
4.39823  3.14159  0  3.72069e-09  0.0415906
5.65487  3.14159  0  3.30286e-09  0.0351289
6.9115  3.14159  0  2.05075e-09  0.0300455
8.16814  3.14159  0  2.59302e-09  0.0260501
10.6814  3.14159  0  2.47502e-09  0.0203458
15.708  3.14159  0  1.16406e-09  0.0139473
33.3009  3.14159  0  1.08612e-09  0.00655755
-54.6637  3.14159  3.14159  -5.6366e-05  -0.00398576
-27.0177  3.14159  3.14159  -0.000244413  -0.0080766
-13.1947  3.14159  3.14159  -0.00113958  -0.0164459
-10.6814  3.14159  3.14159  -0.00176713  -0.0201159
-8.16814  3.14159  3.14159  -0.00296941  -0.0256142
-6.9115  3.14159  3.14159  -0.00397984  -0.0294169
-5.65487  3.14159  3.14159  -0.00545206  -0.0341584
-4.39823  3.14159  3.14159  -0.00760734  -0.0398586
-3.14159  3.14159  3.14159  -0.0107131  -0.0457071
-1.88496  3.14159  3.14159  -0.014902  -0.047592
-0.628319  3.14159  3.14159  -0.019377  -0.0309293
0.628319  3.14159  3.14159  -0.019377  0.0309293
1.88496  3.14159  3.14159  -0.014902  0.047592
3.14159  3.14159  3.14159  -0.0107131  0.0457071
4.39823  3.14159  3.14159  -0.00760733  0.0398586
5.65487  3.14159  3.14159  -0.00545206  0.0341584
6.9115  3.14159  3.14159  -0.00397984  0.0294169
8.16814  3.14159  3.14159  -0.00296941  0.0256142
10.6814  3.14159  3.14159  -0.00176712  0.0201159
15.708  3.14159  3.14159  -0.000784951  0.0138675
33.3009  3.14159  3.14159  -0.000157144  0.00654947
