-54.6637  0  0  -0.000595368  0.0181338
-27.0177  0  0  -0.00229176  0.0357475
-13.1947  0  0  -0.00771813  0.066537
-10.6814  0  0  -0.0104016  0.0776991
-8.16814  0  0  -0.0143925  0.0919607
-6.9115  0  0  -0.0170458  0.100195
-5.65487  0  0  -0.0201955  0.10862
-4.39823  0  0  -0.023789  0.115753
-3.14159  0  0  -0.0275825  0.117661
-1.88496  0  0  -0.031007  0.10453
-0.628319  0  0  -0.0331369  0.0549975
0.628319  0  0  -0.0331369  -0.0549974
1.88496  0  0  -0.031007  -0.10453
3.14159  0  0  -0.0275825  -0.117661
4.39823  0  0  -0.023789  -0.115753
5.65487  0  0  -0.0201955  -0.10862
6.9115  0  0  -0.0170458  -0.100195
8.16814  0  0  -0.0143925  -0.0919607
10.6814  0  0  -0.0104016  -0.0776991
15.708  0  0  -0.00588855  -0.0578561
33.3009  0  0  -0.00155031  -0.0293399
-54.6637  0  3.14159  9.8635e-09  0.0181335
-27.0177  0  3.14159  6.72853e-10  0.0357373
-13.1947  0  3.14159  -3.25684e-09  0.0663326
-10.6814  0  3.14159  1.17186e-09  0.0772847
-8.16814  0  3.14159  -9.25993e-10  0.0911164
-6.9115  0  3.14159  -4.61697e-09  0.0990484
-5.65487  0  3.14159  -9.73149e-10  0.107261
-4.39823  0  3.14159  -6.15702e-11  0.114857
-3.14159  0  3.14159  8.08803e-10  0.11984
-1.88496  0  3.14159  1.92643e-09  0.117544
-0.628319  0  3.14159  1.0413e-08  0.0916472
0.628319  0  3.14159  1.16145e-08  -0.0916472
1.88496  0  3.14159  1.12208e-09  -0.117544
3.14159  0  3.14159  3.47993e-10  -0.11984
4.39823  0  3.14159  -5.26482e-10  -0.114857
5.65487  0  3.14159  -1.56246e-09  -0.107261
6.9115  0  3.14159  -5.65518e-09  -0.0990484
8.16814  0  3.14159  3.67504e-09  -0.0911164
10.6814  0  3.14159  1.24378e-08  -0.0772848
15.708  0  3.14159  -1.4255e-08  -0.0577502
33.3009  0  3.14159  -3.83659e-08  -0.029336
-54.6637  3.14159  0  9.8635e-09  0.0181335
-27.0177  3.14159  0  6.72853e-10  0.0357373
-13.1947  3.14159  0  -3.25684e-09  0.0663326
-10.6814  3.14159  0  1.17186e-09  0.0772847
-8.16814  3.14159  0  -9.25993e-10  0.0911164
-6.9115  3.14159  0  -4.61697e-09  0.0990484
-5.65487  3.14159  0  -9.73149e-10  0.107261
-4.39823  3.14159  0  -6.15702e-11  0.114857
-3.14159  3.14159  0  8.08803e-10  0.11984
-1.88496  3.14159  0  1.92643e-09  0.117544
-0.628319  3.14159  0  1.0413e-08  0.0916472
0.628319  3.14159  0  1.16145e-08  -0.0916472
1.88496  3.14159  0  1.12208e-09  -0.117544
3.14159  3.14159  0  3.47993e-10  -0.11984
4.39823  3.14159  0  -5.26482e-10  -0.114857
5.65487  3.14159  0  -1.56246e-09  -0.107261
6.9115  3.14159  0  -5.65518e-09  -0.0990484
8.16814  3.14159  0  3.67504e-09  -0.0911164
10.6814  3.14159  0  1.24378e-08  -0.0772848
15.708  3.14159  0  -1.4255e-08  -0.0577502
33.3009  3.14159  0  -3.83659e-08  -0.029336
-54.6637  3.14159  3.14159  0.000595388  0.0181338
-27.0177  3.14159  3.14159  0.00229176  0.0357475
-13.1947  3.14159  3.14159  0.00771813  0.066537
-10.6814  3.14159  3.14159  0.0104016  0.0776991
-8.16814  3.14159  3.14159  0.0143925  0.0919607
-6.9115  3.14159  3.14159  0.0170458  0.100195
-5.65487  3.14159  3.14159  0.0201955  0.10862
-4.39823  3.14159  3.14159  0.023789  0.115753
-3.14159  3.14159  3.14159  0.0275825  0.117661
-1.88496  3.14159  3.14159  0.031007  0.10453
-0.628319  3.14159  3.14159  0.0331369  0.0549974
0.628319  3.14159  3.14159  0.0331369  -0.0549974
1.88496  3.14159  3.14159  0.031007  -0.10453
3.14159  3.14159  3.14159  0.0275825  -0.117661
4.39823  3.14159  3.14159  0.023789  -0.115753
5.65487  3.14159  3.14159  0.0201955  -0.10862
6.9115  3.14159  3.14159  0.0170458  -0.100195
8.16814  3.14159  3.14159  0.0143925  -0.0919607
10.6814  3.14159  3.14159  0.0104016  -0.0776991
15.708  3.14159  3.14159  0.00588853  -0.0578561
33.3009  3.14159  3.14159  0.00155023  -0.0293399
