-54.6637  0  0  -0.000595377  0.0181338
-27.0177  0  0  -0.0022918  0.0357475
-13.1947  0  0  -0.00771826  0.0665364
-10.6814  0  0  -0.0104018  0.0776979
-8.16814  0  0  -0.0143927  0.0919585
-6.9115  0  0  -0.0170462  0.100192
-5.65487  0  0  -0.0201959  0.108615
-4.39823  0  0  -0.0237895  0.115745
-3.14159  0  0  -0.0275833  0.117648
-1.88496  0  0  -0.031008  0.104512
-0.628319  0  0  -0.033138  0.0549808
0.628319  0  0  -0.033138  -0.0549808
1.88496  0  0  -0.031008  -0.104512
3.14159  0  0  -0.0275833  -0.117648
4.39823  0  0  -0.0237895  -0.115745
5.65487  0  0  -0.0201959  -0.108615
6.9115  0  0  -0.0170462  -0.100192
8.16814  0  0  -0.0143927  -0.0919585
10.6814  0  0  -0.0104018  -0.0776979
15.708  0  0  -0.00588865  -0.0578557
33.3009  0  0  -0.00155033  -0.0293398
-54.6637  0  3.14159  9.87642e-09  0.0181335
-27.0177  0  3.14159  6.64697e-10  0.0357372
-13.1947  0  3.14159  -3.30001e-09  0.0663321
-10.6814  0  3.14159  1.12522e-09  0.0772838
-8.16814  0  3.14159  -9.72446e-10  0.0911146
-6.9115  0  3.14159  -4.65392e-09  0.0990459
-5.65487  0  3.14159  -9.81065e-10  0.107257
-4.39823  0  3.14159  -6.78205e-12  0.114851
-3.14159  0  3.14159  8.44998e-10  0.11983
-1.88496  0  3.14159  2.36413e-09  0.117521
-0.628319  0  3.14159  7.21492e-09  0.0915771
0.628319  0  3.14159  6.07986e-09  -0.0915771
1.88496  0  3.14159  1.90495e-09  -0.117521
3.14159  0  3.14159  4.47219e-10  -0.11983
4.39823  0  3.14159  -4.47601e-10  -0.114851
5.65487  0  3.14159  -1.55826e-09  -0.107257
6.9115  0  3.14159  -5.69081e-09  -0.0990459
8.16814  0  3.14159  3.62888e-09  -0.0911146
10.6814  0  3.14159  1.23998e-08  -0.0772838
15.708  0  3.14159  -1.42991e-08  -0.0577498
33.3009  0  3.14159  -3.84221e-08  -0.029336
-54.6637  3.14159  0  9.87642e-09  0.0181335
-27.0177  3.14159  0  6.64697e-10  0.0357372
-13.1947  3.14159  0  -3.30001e-09  0.0663321
-10.6814  3.14159  0  1.12522e-09  0.0772838
-8.16814  3.14159  0  -9.72446e-10  0.0911146
-6.9115  3.14159  0  -4.65392e-09  0.0990459
-5.65487  3.14159  0  -9.81065e-10  0.107257
-4.39823  3.14159  0  -6.78205e-12  0.114851
-3.14159  3.14159  0  8.44998e-10  0.11983
-1.88496  3.14159  0  2.36413e-09  0.117521
-0.628319  3.14159  0  7.21492e-09  0.0915771
0.628319  3.14159  0  6.07986e-09  -0.0915771
1.88496  3.14159  0  1.90495e-09  -0.117521
3.14159  3.14159  0  4.47219e-10  -0.11983
4.39823  3.14159  0  -4.47601e-10  -0.114851
5.65487  3.14159  0  -1.55826e-09  -0.107257
6.9115  3.14159  0  -5.69081e-09  -0.0990459
8.16814  3.14159  0  3.62888e-09  -0.0911146
10.6814  3.14159  0  1.23998e-08  -0.0772838
15.708  3.14159  0  -1.42991e-08  -0.0577498
33.3009  3.14159  0  -3.84221e-08  -0.029336
-54.6637  3.14159  3.14159  0.000595397  0.0181338
-27.0177  3.14159  3.14159  0.0022918  0.0357475
-13.1947  3.14159  3.14159  0.00771826  0.0665364
-10.6814  3.14159  3.14159  0.0104018  0.0776979
-8.16814  3.14159  3.14159  0.0143927  0.0919585
-6.9115  3.14159  3.14159  0.0170462  0.100192
-5.65487  3.14159  3.14159  0.0201959  0.108615
-4.39823  3.14159  3.14159  0.0237895  0.115745
-3.14159  3.14159  3.14159  0.0275833  0.117648
-1.88496  3.14159  3.14159  0.031008  0.104512
-0.628319  3.14159  3.14159  0.033138  0.0549808
0.628319  3.14159  3.14159  0.033138  -0.0549808
1.88496  3.14159  3.14159  0.031008  -0.104512
3.14159  3.14159  3.14159  0.0275833  -0.117648
4.39823  3.14159  3.14159  0.0237895  -0.115745
5.65487  3.14159  3.14159  0.0201959  -0.108615
6.9115  3.14159  3.14159  0.0170462  -0.100192
8.16814  3.14159  3.14159  0.0143927  -0.0919585
10.6814  3.14159  3.14159  0.0104018  -0.0776979
15.708  3.14159  3.14159  0.00588862  -0.0578557
33.3009  3.14159  3.14159  0.00155025  -0.0293398
