-54.6637  0  0  -8.79401e-05  0.00478451
-27.0177  0  0  -0.000359282  0.00964192
-13.1947  0  0  -0.00149783  0.0194158
-10.6814  0  0  -0.00227013  0.0237027
-8.16814  0  0  -0.00379533  0.0302355
-6.9115  0  0  -0.00515158  0.0348899
-5.65487  0  0  -0.00727107  0.0409372
-4.39823  0  0  -0.0107054  0.0487762
-3.14159  0  0  -0.0163984  0.0582348
-1.88496  0  0  -0.0256522  0.0653602
-0.628319  0  0  -0.0383528  0.0486188
0.628319  0  0  -0.0383527  -0.0486188
1.88496  0  0  -0.0256523  -0.0653602
3.14159  0  0  -0.0163984  -0.0582348
4.39823  0  0  -0.0107054  -0.0487762
5.65487  0  0  -0.00727107  -0.0409372
6.9115  0  0  -0.00515159  -0.0348899
8.16814  0  0  -0.00379534  -0.0302355
10.6814  0  0  -0.00227013  -0.0237027
15.708  0  0  -0.00105951  -0.0164157
33.3009  0  0  -0.000236676  -0.00783666
-54.6637  0  3.14159  6.77328e-11  0.00478908
-27.0177  0  3.14159  1.41768e-09  0.00967959
-13.1947  0  3.14159  3.59941e-09  0.0197318
-10.6814  0  3.14159  1.72955e-09  0.0242855
-8.16814  0  3.14159  -1.8995e-09  0.0314689
-6.9115  0  3.14159  -2.19911e-08  0.0368125
-5.65487  0  3.14159  1.31661e-08  0.0441232
-4.39823  0  3.14159  2.14206e-09  0.0545159
-3.14159  0  3.14159  7.35843e-08  0.0699717
-1.88496  0  3.14159  2.36243e-08  0.094354
-0.628319  0  3.14159  4.00119e-07  0.132787
0.628319  0  3.14159  3.75259e-07  -0.132787
1.88496  0  3.14159  2.50451e-08  -0.0943539
3.14159  0  3.14159  6.72103e-08  -0.0699717
4.39823  0  3.14159  -3.78455e-09  -0.0545159
5.65487  0  3.14159  1.55092e-08  -0.0441232
6.9115  0  3.14159  -2.63323e-08  -0.0368125
8.16814  0  3.14159  -3.09527e-09  -0.0314689
10.6814  0  3.14159  3.60517e-09  -0.0242855
15.708  0  3.14159  2.31975e-09  -0.0166048
33.3009  0  3.14159  -2.54076e-09  -0.00785688
-54.6637  3.14159  0  6.77328e-11  0.00478908
-27.0177  3.14159  0  1.41768e-09  0.00967959
-13.1947  3.14159  0  3.59941e-09  0.0197318
-10.6814  3.14159  0  1.72955e-09  0.0242855
-8.16814  3.14159  0  -1.8995e-09  0.0314689
-6.9115  3.14159  0  -2.19911e-08  0.0368125
-5.65487  3.14159  0  1.31661e-08  0.0441232
-4.39823  3.14159  0  2.14206e-09  0.0545159
-3.14159  3.14159  0  7.35843e-08  0.0699717
-1.88496  3.14159  0  2.36243e-08  0.094354
-0.628319  3.14159  0  4.00119e-07  0.132787
0.628319  3.14159  0  3.75259e-07  -0.132787
1.88496  3.14159  0  2.50451e-08  -0.0943539
3.14159  3.14159  0  6.72103e-08  -0.0699717
4.39823  3.14159  0  -3.78455e-09  -0.0545159
5.65487  3.14159  0  1.55092e-08  -0.0441232
6.9115  3.14159  0  -2.63323e-08  -0.0368125
8.16814  3.14159  0  -3.09527e-09  -0.0314689
10.6814  3.14159  0  3.60517e-09  -0.0242855
15.708  3.14159  0  2.31975e-09  -0.0166048
33.3009  3.14159  0  -2.54076e-09  -0.00785688
-54.6637  3.14159  3.14159  8.79388e-05  0.00478451
-27.0177  3.14159  3.14159  0.000359284  0.00964192
-13.1947  3.14159  3.14159  0.00149782  0.0194158
-10.6814  3.14159  3.14159  0.00227013  0.0237027
-8.16814  3.14159  3.14159  0.00379534  0.0302355
-6.9115  3.14159  3.14159  0.00515157  0.0348899
-5.65487  3.14159  3.14159  0.00727112  0.0409372
-4.39823  3.14159  3.14159  0.0107054  0.0487762
-3.14159  3.14159  3.14159  0.0163987  0.0582348
-1.88496  3.14159  3.14159  0.0256527  0.0653602
-0.628319  3.14159  3.14159  0.0383531  0.0486188
0.628319  3.14159  3.14159  0.0383531  -0.0486188
1.88496  3.14159  3.14159  0.0256527  -0.0653602
3.14159  3.14159  3.14159  0.0163987  -0.0582348
4.39823  3.14159  3.14159  0.0107054  -0.0487762
5.65487  3.14159  3.14159  0.00727111  -0.0409372
6.9115  3.14159  3.14159  0.00515158  -0.0348899
8.16814  3.14159  3.14159  0.00379534  -0.0302355
10.6814  3.14159  3.14159  0.00227013  -0.0237027
15.708  3.14159  3.14159  0.00105951  -0.0164157
33.3009  3.14159  3.14159  0.000236679  -0.00783666
