-54.6637  0  0  -0.00344155  0.040647
-27.0177  0  0  -0.0130828  0.0802967
-13.1947  0  0  -0.0420076  0.15264
-10.6814  0  0  -0.0560753  0.179871
-8.16814  0  0  -0.0783152  0.219681
-6.9115  0  0  -0.0939035  0.248444
-5.65487  0  0  -0.112234  0.279791
-4.39823  0  0  -0.14192  0.311459
-3.14159  0  0  -0.173806  0.324868
-1.88496  0  0  -0.2144  0.266153
-0.628319  0  0  -0.235727  0.116921
0.628319  0  0  -0.232142  -0.117971
1.88496  0  0  -0.214495  -0.267568
3.14159  0  0  -0.172973  -0.324568
4.39823  0  0  -0.141469  -0.311153
5.65487  0  0  -0.112749  -0.279626
6.9115  0  0  -0.0941405  -0.248661
8.16814  0  0  -0.0786856  -0.219804
10.6814  0  0  -0.0562534  -0.179814
15.708  0  0  -0.0317213  -0.12947
33.3009  0  0  -0.00866542  -0.0659811
-54.6637  0  3.14159  -2.04873e-07  0.0403153
-27.0177  0  3.14159  -2.70456e-07  0.0795815
-13.1947  0  3.14159  -1.47298e-07  0.148154
-10.6814  0  3.14159  -2.67173e-07  0.171808
-8.16814  0  3.14159  -4.06474e-08  0.20469
-6.9115  0  3.14159  -2.60155e-06  0.216128
-5.65487  0  3.14159  -1.40872e-06  0.233406
-4.39823  0  3.14159  7.398e-07  0.264309
-3.14159  0  3.14159  1.68254e-06  0.322567
-1.88496  0  3.14159  1.37387e-05  0.556866
-0.628319  0  3.14159  2.72562e-05  4.84516
0.628319  0  3.14159  3.19231e-05  -4.84516
1.88496  0  3.14159  6.2687e-06  -0.556864
3.14159  0  3.14159  2.20183e-06  -0.322567
4.39823  0  3.14159  2.06696e-06  -0.264309
5.65487  0  3.14159  2.38423e-06  -0.233406
6.9115  0  3.14159  -4.19709e-07  -0.216128
8.16814  0  3.14159  -3.94497e-07  -0.20469
10.6814  0  3.14159  9.28257e-07  -0.171808
15.708  0  3.14159  9.20756e-07  -0.128384
33.3009  0  3.14159  -1.75546e-07  -0.0663942
-54.6637  3.14159  0  -2.04873e-07  0.0403153
-27.0177  3.14159  0  -2.70456e-07  0.0795815
-13.1947  3.14159  0  -1.47298e-07  0.148154
-10.6814  3.14159  0  -2.67173e-07  0.171808
-8.16814  3.14159  0  -4.06474e-08  0.20469
-6.9115  3.14159  0  -2.60155e-06  0.216128
-5.65487  3.14159  0  -1.40872e-06  0.233406
-4.39823  3.14159  0  7.398e-07  0.264309
-3.14159  3.14159  0  1.68254e-06  0.322567
-1.88496  3.14159  0  1.37387e-05  0.556866
-0.628319  3.14159  0  2.72562e-05  4.84516
0.628319  3.14159  0  3.19231e-05  -4.84516
1.88496  3.14159  0  6.2687e-06  -0.556864
3.14159  3.14159  0  2.20183e-06  -0.322567
4.39823  3.14159  0  2.06696e-06  -0.264309
5.65487  3.14159  0  2.38423e-06  -0.233406
6.9115  3.14159  0  -4.19709e-07  -0.216128
8.16814  3.14159  0  -3.94497e-07  -0.20469
10.6814  3.14159  0  9.28257e-07  -0.171808
15.708  3.14159  0  9.20756e-07  -0.128384
33.3009  3.14159  0  -1.75546e-07  -0.0663942
-54.6637  3.14159  3.14159  0.00344801  0.0406469
-27.0177  3.14159  3.14159  0.0128451  0.0802967
-13.1947  3.14159  3.14159  0.0415356  0.15264
-10.6814  3.14159  3.14159  0.0557991  0.179872
-8.16814  3.14159  3.14159  0.0778578  0.219681
-6.9115  3.14159  3.14159  0.0943319  0.248444
-5.65487  3.14159  3.14159  0.118096  0.279792
-4.39823  3.14159  3.14159  0.143541  0.311458
-3.14159  3.14159  3.14159  0.180125  0.324867
-1.88496  3.14159  3.14159  0.211034  0.266154
-0.628319  3.14159  3.14159  0.237703  0.11692
0.628319  3.14159  3.14159  0.241285  -0.117969
1.88496  3.14159  3.14159  0.210939  -0.267567
3.14159  3.14159  3.14159  0.180957  -0.324568
4.39823  3.14159  3.14159  0.143991  -0.311153
5.65487  3.14159  3.14159  0.117584  -0.279628
6.9115  3.14159  3.14159  0.0940956  -0.248662
8.16814  3.14159  3.14159  0.0774881  -0.219804
10.6814  3.14159  3.14159  0.0556228  -0.179815
15.708  3.14159  3.14159  0.0326702  -0.12947
33.3009  3.14159  3.14159  0.00903902  -0.065981
