-54.6637  0  0  -0.00308777  0.0399299
-27.0177  0  0  -0.0121886  0.079173
-13.1947  0  0  -0.0444478  0.149428
-10.6814  0  0  -0.0623126  0.175278
-8.16814  0  0  -0.0915046  0.208215
-6.9115  0  0  -0.112818  0.226904
-5.65487  0  0  -0.14025  0.245313
-4.39823  0  0  -0.174353  0.25915
-3.14159  0  0  -0.212327  0.258062
-1.88496  0  0  -0.241353  0.219739
-0.628319  0  0  -0.234165  0.10669
0.628319  0  0  -0.234165  -0.10669
1.88496  0  0  -0.241353  -0.219739
3.14159  0  0  -0.212327  -0.258062
4.39823  0  0  -0.174353  -0.25915
5.65487  0  0  -0.14025  -0.245313
6.9115  0  0  -0.112818  -0.226904
8.16814  0  0  -0.0915047  -0.208215
10.6814  0  0  -0.0623127  -0.175278
15.708  0  0  -0.0330155  -0.129421
33.3009  0  0  -0.00815545  -0.0648227
-54.6637  0  3.14159  -0.00149224  0.0399992
-27.0177  0  3.14159  -0.00597692  0.0796972
-13.1947  0  3.14159  -0.0228248  0.152701
-10.6814  0  3.14159  -0.0327686  0.180463
-8.16814  0  3.14159  -0.0500388  0.216987
-6.9115  0  3.14159  -0.0636192  0.238763
-5.65487  0  3.14159  -0.0827878  0.262069
-4.39823  0  3.14159  -0.110973  0.284493
-3.14159  0  3.14159  -0.155361  0.299637
-1.88496  0  3.14159  -0.232781  0.288143
-0.628319  0  3.14159  -0.363384  0.171258
0.628319  0  3.14159  -0.363385  -0.171258
1.88496  0  3.14159  -0.232781  -0.288143
3.14159  0  3.14159  -0.155361  -0.299637
4.39823  0  3.14159  -0.110973  -0.284493
5.65487  0  3.14159  -0.0827878  -0.262069
6.9115  0  3.14159  -0.0636192  -0.238763
8.16814  0  3.14159  -0.0500388  -0.216987
10.6814  0  3.14159  -0.0327686  -0.180463
15.708  0  3.14159  -0.0166907  -0.131592
33.3009  0  3.14159  -0.00397407  -0.0651142
-54.6637  3.14159  0  -0.00149224  0.0399992
-27.0177  3.14159  0  -0.00597692  0.0796972
-13.1947  3.14159  0  -0.0228248  0.152701
-10.6814  3.14159  0  -0.0327686  0.180463
-8.16814  3.14159  0  -0.0500388  0.216987
-6.9115  3.14159  0  -0.0636192  0.238763
-5.65487  3.14159  0  -0.0827878  0.262069
-4.39823  3.14159  0  -0.110973  0.284493
-3.14159  3.14159  0  -0.155361  0.299637
-1.88496  3.14159  0  -0.232781  0.288143
-0.628319  3.14159  0  -0.363384  0.171258
0.628319  3.14159  0  -0.363385  -0.171258
1.88496  3.14159  0  -0.232781  -0.288143
3.14159  3.14159  0  -0.155361  -0.299637
4.39823  3.14159  0  -0.110973  -0.284493
5.65487  3.14159  0  -0.0827878  -0.262069
6.9115  3.14159  0  -0.0636192  -0.238763
8.16814  3.14159  0  -0.0500388  -0.216987
10.6814  3.14159  0  -0.0327686  -0.180463
15.708  3.14159  0  -0.0166907  -0.131592
33.3009  3.14159  0  -0.00397407  -0.0651142
-54.6637  3.14159  3.14159  0.000103915  0.0400658
-27.0177  3.14159  3.14159  0.000242481  0.0802423
-13.1947  3.14159  3.14159  -0.00111913  0.156956
-10.6814  3.14159  3.14159  -0.00302031  0.187845
-8.16814  3.14159  3.14159  -0.00774799  0.230782
-6.9115  3.14159  3.14159  -0.0123969  0.258013
-5.65487  3.14159  3.14159  -0.0197838  0.28885
-4.39823  3.14159  3.14159  -0.0310722  0.320329
-3.14159  3.14159  3.14159  -0.0463519  0.341731
-1.88496  3.14159  3.14159  -0.0598882  0.321009
-0.628319  3.14159  3.14159  -0.0499695  0.179113
0.628319  3.14159  3.14159  -0.0499695  -0.179113
1.88496  3.14159  3.14159  -0.0598882  -0.321009
3.14159  3.14159  3.14159  -0.0463519  -0.341732
4.39823  3.14159  3.14159  -0.0310722  -0.32033
5.65487  3.14159  3.14159  -0.0197838  -0.28885
6.9115  3.14159  3.14159  -0.0123968  -0.258013
8.16814  3.14159  3.14159  -0.00774791  -0.230782
10.6814  3.14159  3.14159  -0.00302039  -0.187845
15.708  3.14159  3.14159  -0.00032123  -0.134222
33.3009  3.14159  3.14159  0.000210914  -0.065407
