-54.6637  0  0  0.000725693  0.0182598
-27.0177  0  0  0.00294922  0.0367348
-13.1947  0  0  0.0120035  0.0734844
-10.6814  0  0  0.0179594  0.0893785
-8.16814  0  0  0.0295454  0.113365
-6.9115  0  0  0.0398507  0.13033
-5.65487  0  0  0.0562583  0.152305
-4.39823  0  0  0.0842021  0.180901
-3.14159  0  0  0.135713  0.216422
-1.88496  0  0  0.238313  0.248737
-0.628319  0  0  0.44673  0.212142
0.628319  0  0  0.44673  -0.212142
1.88496  0  0  0.238313  -0.248737
3.14159  0  0  0.135713  -0.216422
4.39823  0  0  0.0842021  -0.180901
5.65487  0  0  0.0562583  -0.152305
6.9115  0  0  0.0398507  -0.13033
8.16814  0  0  0.0295454  -0.113365
10.6814  0  0  0.0179594  -0.0893785
15.708  0  0  0.008566  -0.0622781
33.3009  0  0  0.00194765  -0.0298802
-54.6637  0  3.14159  -0.000102949  0.0182881
-27.0177  0  3.14159  -0.000420333  0.0369666
-13.1947  0  3.14159  -0.00174394  0.0753985
-10.6814  0  3.14159  -0.002643  0.0928943
-8.16814  0  3.14159  -0.00445998  0.120837
-6.9115  0  3.14159  -0.00615557  0.142109
-5.65487  0  3.14159  -0.00902018  0.172268
-4.39823  0  3.14159  -0.0144113  0.218121
-3.14159  0  3.14159  -0.0263552  0.295304
-1.88496  0  3.14159  -0.0611773  0.44699
-0.628319  0  3.14159  -0.229226  0.818221
0.628319  0  3.14159  -0.229226  -0.818221
1.88496  0  3.14159  -0.0611773  -0.44699
3.14159  0  3.14159  -0.0263552  -0.295304
4.39823  0  3.14159  -0.0144113  -0.218121
5.65487  0  3.14159  -0.00902018  -0.172268
6.9115  0  3.14159  -0.00615557  -0.142109
8.16814  0  3.14159  -0.00445998  -0.120837
10.6814  0  3.14159  -0.002643  -0.0928943
15.708  0  3.14159  -0.00123542  -0.0634296
33.3009  0  3.14159  -0.000277005  -0.0300045
-54.6637  3.14159  0  -0.000102949  0.0182881
-27.0177  3.14159  0  -0.000420333  0.0369666
-13.1947  3.14159  0  -0.00174394  0.0753985
-10.6814  3.14159  0  -0.002643  0.0928943
-8.16814  3.14159  0  -0.00445998  0.120837
-6.9115  3.14159  0  -0.00615557  0.142109
-5.65487  3.14159  0  -0.00902018  0.172268
-4.39823  3.14159  0  -0.0144113  0.218121
-3.14159  3.14159  0  -0.0263552  0.295304
-1.88496  3.14159  0  -0.0611773  0.44699
-0.628319  3.14159  0  -0.229226  0.818221
0.628319  3.14159  0  -0.229226  -0.818221
1.88496  3.14159  0  -0.0611773  -0.44699
3.14159  3.14159  0  -0.0263552  -0.295304
4.39823  3.14159  0  -0.0144113  -0.218121
5.65487  3.14159  0  -0.00902018  -0.172268
6.9115  3.14159  0  -0.00615557  -0.142109
8.16814  3.14159  0  -0.00445998  -0.120837
10.6814  3.14159  0  -0.002643  -0.0928943
15.708  3.14159  0  -0.00123542  -0.0634296
33.3009  3.14159  0  -0.000277005  -0.0300045
-54.6637  3.14159  3.14159  -0.000930326  0.0182412
-27.0177  3.14159  3.14159  -0.00376905  0.0365834
-13.1947  3.14159  3.14159  -0.0151513  0.0722735
-10.6814  3.14159  3.14159  -0.0224907  0.0871987
-8.16814  3.14159  3.14159  -0.0364527  0.108905
-6.9115  3.14159  3.14159  -0.0485405  0.123523
-5.65487  3.14159  3.14159  -0.0671845  0.141331
-4.39823  3.14159  3.14159  -0.097361  0.16206
-3.14159  3.14159  3.14159  -0.148329  0.182034
-1.88496  3.14159  3.14159  -0.234847  0.185264
-0.628319  3.14159  3.14159  -0.366265  0.119289
0.628319  3.14159  3.14159  -0.366265  -0.119289
1.88496  3.14159  3.14159  -0.234847  -0.185264
3.14159  3.14159  3.14159  -0.148329  -0.182034
4.39823  3.14159  3.14159  -0.097361  -0.16206
5.65487  3.14159  3.14159  -0.0671845  -0.141331
6.9115  3.14159  3.14159  -0.0485405  -0.123523
8.16814  3.14159  3.14159  -0.0364527  -0.108905
10.6814  3.14159  3.14159  -0.0224907  -0.0871987
15.708  3.14159  3.14159  -0.0108627  -0.061541
33.3009  3.14159  3.14159  -0.00249256  -0.0297987
