-54.6637  0  0  0.00082518  0.0182514
-27.0177  0  0  0.00334876  0.0366658
-13.1947  0  0  0.0135525  0.072929
-10.6814  0  0  0.0202037  0.088375
-8.16814  0  0  0.0330116  0.111297
-6.9115  0  0  0.0442654  0.127156
-5.65487  0  0  0.0619311  0.147141
-4.39823  0  0  0.0913412  0.171893
-3.14159  0  0  0.143521  0.199395
-1.88496  0  0  0.239938  0.214548
-0.628319  0  0  0.404235  0.149833
0.628319  0  0  0.404178  -0.14988
1.88496  0  0  0.239935  -0.214537
3.14159  0  0  0.143521  -0.199393
4.39823  0  0  0.0913407  -0.171892
5.65487  0  0  0.0619311  -0.147141
6.9115  0  0  0.0442654  -0.127156
8.16814  0  0  0.0330116  -0.111297
10.6814  0  0  0.0202037  -0.088375
15.708  0  0  0.00969207  -0.0619408
33.3009  0  0  0.00221292  -0.0298431
-54.6637  0  3.14159  -2.92597e-06  0.0182887
-27.0177  0  3.14159  -1.19477e-05  0.0369714
-13.1947  0  3.14159  -4.96012e-05  0.0754387
-10.6814  0  3.14159  -7.50628e-05  0.0929696
-8.16814  0  3.14159  -0.000126893  0.121005
-6.9115  0  3.14159  -0.000176259  0.142379
-5.65487  0  3.14159  -0.000253673  0.172752
-4.39823  0  3.14159  -0.000400509  0.219175
-3.14159  0  3.14159  -0.000708387  0.298153
-1.88496  0  3.14159  -0.00204497  0.459978
-0.628319  0  3.14159  -0.0127642  1.06948
0.628319  0  3.14159  -0.0114484  -1.06932
1.88496  0  3.14159  -0.00216555  -0.459981
3.14159  0  3.14159  -0.000696505  -0.298153
4.39823  0  3.14159  -0.000398252  -0.219174
5.65487  0  3.14159  -0.000253089  -0.172752
6.9115  0  3.14159  -0.00017601  -0.142379
8.16814  0  3.14159  -0.000127228  -0.121005
10.6814  0  3.14159  -7.50571e-05  -0.0929696
15.708  0  3.14159  -3.51005e-05  -0.0634536
33.3009  0  3.14159  -7.87288e-06  -0.0300071
-54.6637  3.14159  0  -2.92597e-06  0.0182887
-27.0177  3.14159  0  -1.19477e-05  0.0369714
-13.1947  3.14159  0  -4.96012e-05  0.0754387
-10.6814  3.14159  0  -7.50628e-05  0.0929696
-8.16814  3.14159  0  -0.000126893  0.121005
-6.9115  3.14159  0  -0.000176259  0.142379
-5.65487  3.14159  0  -0.000253673  0.172752
-4.39823  3.14159  0  -0.000400509  0.219175
-3.14159  3.14159  0  -0.000708387  0.298153
-1.88496  3.14159  0  -0.00204497  0.459978
-0.628319  3.14159  0  -0.0127642  1.06948
0.628319  3.14159  0  -0.0114484  -1.06932
1.88496  3.14159  0  -0.00216555  -0.459981
3.14159  3.14159  0  -0.000696505  -0.298153
4.39823  3.14159  0  -0.000398252  -0.219174
5.65487  3.14159  0  -0.000253089  -0.172752
6.9115  3.14159  0  -0.00017601  -0.142379
8.16814  3.14159  0  -0.000127228  -0.121005
10.6814  3.14159  0  -7.50571e-05  -0.0929696
15.708  3.14159  0  -3.51005e-05  -0.0634536
33.3009  3.14159  0  -7.87288e-06  -0.0300071
-54.6637  3.14159  3.14159  -0.000830996  0.0182508
-27.0177  3.14159  3.14159  -0.00337206  0.0366615
-13.1947  3.14159  3.14159  -0.013642  0.0728946
-10.6814  3.14159  3.14159  -0.0203325  0.088313
-8.16814  3.14159  3.14159  -0.0332077  0.111171
-6.9115  3.14159  3.14159  -0.044512  0.126963
-5.65487  3.14159  3.14159  -0.0622409  0.14683
-4.39823  3.14159  3.14159  -0.0917136  0.171358
-3.14159  3.14159  3.14159  -0.143897  0.198449
-1.88496  3.14159  3.14159  -0.240038  0.212798
-0.628319  3.14159  3.14159  -0.402171  0.146856
0.628319  3.14159  3.14159  -0.402157  -0.146806
1.88496  3.14159  3.14159  -0.240045  -0.212787
3.14159  3.14159  3.14159  -0.143899  -0.198448
4.39823  3.14159  3.14159  -0.0917138  -0.171359
5.65487  3.14159  3.14159  -0.0622409  -0.14683
6.9115  3.14159  3.14159  -0.044512  -0.126963
8.16814  3.14159  3.14159  -0.0332077  -0.111171
10.6814  3.14159  3.14159  -0.0203325  -0.088313
15.708  3.14159  3.14159  -0.00975735  -0.0619198
33.3009  3.14159  3.14159  -0.00222841  -0.0298408
