-54.6637  0  0  0.000849301  0.0182495
-27.0177  0  0  0.00344596  0.0366507
-13.1947  0  0  0.0139346  0.0728055
-10.6814  0  0  0.0207619  0.0881496
-8.16814  0  0  0.033885  0.110824
-6.9115  0  0  0.0453881  0.126419
-5.65487  0  0  0.0633851  0.145917
-4.39823  0  0  0.0931719  0.169707
-3.14159  0  0  0.145375  0.195275
-1.88496  0  0  0.239749  0.207154
-0.628319  0  0  0.39694  0.141738
0.628319  0  0  0.39694  -0.141738
1.88496  0  0  0.239749  -0.207154
3.14159  0  0  0.145375  -0.195275
4.39823  0  0  0.0931719  -0.169707
5.65487  0  0  0.0633851  -0.145917
6.9115  0  0  0.0453881  -0.126419
8.16814  0  0  0.033885  -0.110824
10.6814  0  0  0.0207619  -0.0881496
15.708  0  0  0.00996839  -0.0618662
33.3009  0  0  0.00227736  -0.029835
-54.6637  0  3.14159  -8.60977e-16  0.018289
-27.0177  0  3.14159  1.20188e-14  0.0369744
-13.1947  0  3.14159  -1.61038e-13  0.075464
-10.6814  0  3.14159  -1.7032e-18  0.093016
-8.16814  0  3.14159  4.96967e-18  0.121101
-6.9115  0  3.14159  -2.92194e-18  0.142536
-5.65487  0  3.14159  1.04085e-17  0.173018
-4.39823  0  3.14159  6.95951e-18  0.219617
-3.14159  0  3.14159  2.53663e-18  0.298953
-1.88496  0  3.14159  2.00338e-17  0.459936
-0.628319  0  3.14159  -1.37154e-17  0.918491
0.628319  0  3.14159  -1.37154e-17  -0.918491
1.88496  0  3.14159  2.00338e-17  -0.459936
3.14159  0  3.14159  2.53663e-18  -0.298953
4.39823  0  3.14159  6.95951e-18  -0.219617
5.65487  0  3.14159  1.04085e-17  -0.173018
6.9115  0  3.14159  -2.92194e-18  -0.142536
8.16814  0  3.14159  4.96967e-18  -0.121101
10.6814  0  3.14159  -1.7032e-18  -0.093016
15.708  0  3.14159  4.3691e-14  -0.0634687
33.3009  0  3.14159  -1.32333e-15  -0.0300087
-54.6637  3.14159  0  -8.60967e-16  0.018289
-27.0177  3.14159  0  1.20188e-14  0.0369744
-13.1947  3.14159  0  -1.61039e-13  0.075464
-10.6814  3.14159  0  1.43174e-19  0.093016
-8.16814  3.14159  0  -4.91328e-18  0.121101
-6.9115  3.14159  0  2.03821e-18  0.142536
-5.65487  3.14159  0  -1.41912e-17  0.173018
-4.39823  3.14159  0  -1.07504e-18  0.219617
-3.14159  3.14159  0  -1.28183e-17  0.298953
-1.88496  3.14159  0  -3.40176e-17  0.459936
-0.628319  3.14159  0  8.7773e-17  0.918491
0.628319  3.14159  0  8.7773e-17  -0.918491
1.88496  3.14159  0  -3.40176e-17  -0.459936
3.14159  3.14159  0  -1.28183e-17  -0.298953
4.39823  3.14159  0  -1.07504e-18  -0.219617
5.65487  3.14159  0  -1.41912e-17  -0.173018
6.9115  3.14159  0  2.03821e-18  -0.142536
8.16814  3.14159  0  -4.91328e-18  -0.121101
10.6814  3.14159  0  1.43174e-19  -0.093016
15.708  3.14159  0  4.36912e-14  -0.0634687
33.3009  3.14159  0  -1.32346e-15  -0.0300087
-54.6637  3.14159  3.14159  -0.000849301  0.0182495
-27.0177  3.14159  3.14159  -0.00344596  0.0366507
-13.1947  3.14159  3.14159  -0.0139346  0.0728055
-10.6814  3.14159  3.14159  -0.0207619  0.0881496
-8.16814  3.14159  3.14159  -0.033885  0.110824
-6.9115  3.14159  3.14159  -0.0453881  0.126419
-5.65487  3.14159  3.14159  -0.0633851  0.145917
-4.39823  3.14159  3.14159  -0.0931719  0.169707
-3.14159  3.14159  3.14159  -0.145375  0.195275
-1.88496  3.14159  3.14159  -0.239749  0.207154
-0.628319  3.14159  3.14159  -0.39694  0.141738
0.628319  3.14159  3.14159  -0.39694  -0.141738
1.88496  3.14159  3.14159  -0.239749  -0.207154
3.14159  3.14159  3.14159  -0.145375  -0.195275
4.39823  3.14159  3.14159  -0.0931719  -0.169707
5.65487  3.14159  3.14159  -0.0633851  -0.145917
6.9115  3.14159  3.14159  -0.0453881  -0.126419
8.16814  3.14159  3.14159  -0.033885  -0.110824
10.6814  3.14159  3.14159  -0.0207619  -0.0881496
15.708  3.14159  3.14159  -0.00996839  -0.0618662
33.3009  3.14159  3.14159  -0.00227736  -0.029835
