-54.6637  0  0  -0.00208521  0.0409315
-27.0177  0  0  -0.00819588  0.081681
-13.1947  0  0  -0.0295348  0.157851
-10.6814  0  0  -0.0411986  0.18775
-8.16814  0  0  -0.0601303  0.228499
-6.9115  0  0  -0.0739549  0.253765
-5.65487  0  0  -0.0919196  0.281764
-4.39823  0  0  -0.114946  0.309206
-3.14159  0  0  -0.142852  0.325657
-1.88496  0  0  -0.171527  0.3009
-0.628319  0  0  -0.18889  0.16551
0.628319  0  0  -0.188807  -0.165587
1.88496  0  0  -0.171462  -0.300963
3.14159  0  0  -0.142809  -0.325695
4.39823  0  0  -0.114913  -0.309226
5.65487  0  0  -0.0919048  -0.281778
6.9115  0  0  -0.0739452  -0.253776
8.16814  0  0  -0.0601248  -0.228507
10.6814  0  0  -0.0411927  -0.187755
15.708  0  0  -0.022021  -0.135565
33.3009  0  0  -0.00549395  -0.0666716
-54.6637  0  3.14159  -0.000333429  0.0409417
-27.0177  0  3.14159  -0.00133413  0.0818657
-13.1947  0  3.14159  -0.00514237  0.158734
-10.6814  0  3.14159  -0.00740451  0.18898
-8.16814  0  3.14159  -0.0114496  0.230331
-6.9115  0  3.14159  -0.0147165  0.256072
-5.65487  0  3.14159  -0.0193327  0.285774
-4.39823  0  3.14159  -0.0264929  0.319211
-3.14159  0  3.14159  -0.0386246  0.354854
-1.88496  0  3.14159  -0.0636107  0.390927
-0.628319  0  3.14159  -0.129856  0.40885
0.628319  0  3.14159  -0.129349  -0.408952
1.88496  0  3.14159  -0.0635926  -0.39095
3.14159  0  3.14159  -0.038565  -0.354863
4.39823  0  3.14159  -0.0264586  -0.319212
5.65487  0  3.14159  -0.0193107  -0.285778
6.9115  0  3.14159  -0.0147  -0.256074
8.16814  0  3.14159  -0.0114594  -0.230333
10.6814  0  3.14159  -0.00740004  -0.188981
15.708  0  3.14159  -0.00372864  -0.136202
33.3009  0  3.14159  -0.00088065  -0.0668185
-54.6637  3.14159  0  -0.000333429  0.0409417
-27.0177  3.14159  0  -0.00133413  0.0818657
-13.1947  3.14159  0  -0.00514237  0.158734
-10.6814  3.14159  0  -0.00740451  0.18898
-8.16814  3.14159  0  -0.0114496  0.230331
-6.9115  3.14159  0  -0.0147165  0.256072
-5.65487  3.14159  0  -0.0193327  0.285774
-4.39823  3.14159  0  -0.0264929  0.319211
-3.14159  3.14159  0  -0.0386246  0.354854
-1.88496  3.14159  0  -0.0636107  0.390927
-0.628319  3.14159  0  -0.129856  0.40885
0.628319  3.14159  0  -0.129349  -0.408952
1.88496  3.14159  0  -0.0635926  -0.39095
3.14159  3.14159  0  -0.038565  -0.354863
4.39823  3.14159  0  -0.0264586  -0.319212
5.65487  3.14159  0  -0.0193107  -0.285778
6.9115  3.14159  0  -0.0147  -0.256074
8.16814  3.14159  0  -0.0114594  -0.230333
10.6814  3.14159  0  -0.00740004  -0.188981
15.708  3.14159  0  -0.00372864  -0.136202
33.3009  3.14159  0  -0.00088065  -0.0668185
-54.6637  3.14159  3.14159  0.0014218  0.0409609
-27.0177  3.14159  3.14159  0.00553772  0.0819119
-13.1947  3.14159  3.14159  0.0193277  0.159492
-10.6814  3.14159  3.14159  0.0265038  0.190504
-8.16814  3.14159  3.14159  0.0376702  0.233491
-6.9115  3.14159  3.14159  0.0454692  0.260693
-5.65487  3.14159  3.14159  0.055227  0.291555
-4.39823  3.14159  3.14159  0.0673077  0.323164
-3.14159  3.14159  3.14159  0.0820484  0.345168
-1.88496  3.14159  3.14159  0.0993804  0.32535
-0.628319  3.14159  3.14159  0.119533  0.183953
0.628319  3.14159  3.14159  0.119613  -0.183912
1.88496  3.14159  3.14159  0.0994518  -0.325331
3.14159  3.14159  3.14159  0.082095  -0.345155
4.39823  3.14159  3.14159  0.0673424  -0.323152
5.65487  3.14159  3.14159  0.0552434  -0.291548
6.9115  3.14159  3.14159  0.0454806  -0.260689
8.16814  3.14159  3.14159  0.0376775  -0.233487
10.6814  3.14159  3.14159  0.0265099  -0.190501
15.708  3.14159  3.14159  0.0145715  -0.136605
33.3009  3.14159  3.14159  0.00372659  -0.0667969
