-54.6637  0  0  -0.0023799  0.0407721
-27.0177  0  0  -0.00937372  0.0812343
-13.1947  0  0  -0.0339841  0.156073
-10.6814  0  0  -0.0475395  0.184989
-8.16814  0  0  -0.0696684  0.223752
-6.9115  0  0  -0.0858795  0.247312
-5.65487  0  0  -0.106941  0.272738
-4.39823  0  0  -0.133756  0.296422
-3.14159  0  0  -0.165523  0.307589
-1.88496  0  0  -0.195498  0.277906
-0.628319  0  0  -0.20657  0.147199
0.628319  0  0  -0.206558  -0.147222
1.88496  0  0  -0.195489  -0.277925
3.14159  0  0  -0.165518  -0.307602
4.39823  0  0  -0.133752  -0.296431
5.65487  0  0  -0.10694  -0.272744
6.9115  0  0  -0.0858787  -0.247317
8.16814  0  0  -0.0696681  -0.223755
10.6814  0  0  -0.0475392  -0.184991
15.708  0  0  -0.0252879  -0.134311
33.3009  0  0  -0.00627776  -0.0663664
-54.6637  0  3.14159  -0.000663  0.0408096
-27.0177  0  3.14159  -0.00265981  0.0815208
-13.1947  0  3.14159  -0.0102293  0.157694
-10.6814  0  3.14159  -0.0147492  0.187444
-8.16814  0  3.14159  -0.0227098  0.227755
-6.9115  0  3.14159  -0.0290761  0.252793
-5.65487  0  3.14159  -0.0382309  0.281184
-4.39823  0  3.14159  -0.0521425  0.312132
-3.14159  0  3.14159  -0.0753601  0.343258
-1.88496  0  3.14159  -0.121004  0.367465
-0.628319  0  3.14159  -0.227321  0.332768
0.628319  0  3.14159  -0.227252  -0.332837
1.88496  0  3.14159  -0.120996  -0.367484
3.14159  0  3.14159  -0.0753521  -0.343268
4.39823  0  3.14159  -0.052138  -0.312138
5.65487  0  3.14159  -0.0382281  -0.281189
6.9115  0  3.14159  -0.0290742  -0.252796
8.16814  0  3.14159  -0.0227103  -0.227758
10.6814  0  3.14159  -0.0147487  -0.187446
15.708  0  3.14159  -0.00745879  -0.135421
33.3009  0  3.14159  -0.00176668  -0.0665315
-54.6637  3.14159  0  -0.000663  0.0408096
-27.0177  3.14159  0  -0.00265981  0.0815208
-13.1947  3.14159  0  -0.0102293  0.157694
-10.6814  3.14159  0  -0.0147492  0.187444
-8.16814  3.14159  0  -0.0227098  0.227755
-6.9115  3.14159  0  -0.0290761  0.252793
-5.65487  3.14159  0  -0.0382309  0.281184
-4.39823  3.14159  0  -0.0521425  0.312132
-3.14159  3.14159  0  -0.0753601  0.343258
-1.88496  3.14159  0  -0.121004  0.367465
-0.628319  3.14159  0  -0.227321  0.332768
0.628319  3.14159  0  -0.227252  -0.332837
1.88496  3.14159  0  -0.120996  -0.367484
3.14159  3.14159  0  -0.0753521  -0.343268
4.39823  3.14159  0  -0.052138  -0.312138
5.65487  3.14159  0  -0.0382281  -0.281189
6.9115  3.14159  0  -0.0290742  -0.252796
8.16814  3.14159  0  -0.0227103  -0.227758
10.6814  3.14159  0  -0.0147487  -0.187446
15.708  3.14159  0  -0.00745879  -0.135421
33.3009  3.14159  0  -0.00176668  -0.0665315
-54.6637  3.14159  3.14159  0.0010547  0.0408309
-27.0177  3.14159  3.14159  0.00406219  0.0816984
-13.1947  3.14159  3.14159  0.0136317  0.159366
-10.6814  3.14159  3.14159  0.0182784  0.190509
-8.16814  3.14159  3.14159  0.0250024  0.233734
-6.9115  3.14159  3.14159  0.0293164  0.261147
-5.65487  3.14159  3.14159  0.034267  0.292245
-4.39823  3.14159  3.14159  0.0397838  0.324131
-3.14159  3.14159  3.14159  0.0460464  0.34611
-1.88496  3.14159  3.14159  0.0547678  0.325732
-0.628319  3.14159  3.14159  0.0727551  0.182773
0.628319  3.14159  3.14159  0.0727698  -0.182778
1.88496  3.14159  3.14159  0.0547831  -0.325738
3.14159  3.14159  3.14159  0.0460568  -0.346115
4.39823  3.14159  3.14159  0.0397907  -0.324135
5.65487  3.14159  3.14159  0.0342708  -0.292248
6.9115  3.14159  3.14159  0.029319  -0.261149
8.16814  3.14159  3.14159  0.025004  -0.233736
10.6814  3.14159  3.14159  0.0182793  -0.19051
15.708  3.14159  3.14159  0.010423  -0.136405
33.3009  3.14159  3.14159  0.00274711  -0.0666197
