-35.3429  0  0  1.37191e-05  -0.000526935
-22.7765  0  0  -6.58996e-06  -0.00077821
-16.4934  0  0  -7.09743e-06  -0.000999549
-10.2102  0  0  -5.42526e-06  -0.00132654
-8.63938  0  0  -5.01662e-05  -0.00148777
-7.06858  0  0  -1.41437e-05  -0.00162251
-5.49779  0  0  -6.49088e-06  -0.00168164
-3.92699  0  0  0.000151429  -0.00165782
-2.35619  0  0  2.72389e-05  -0.00130426
-0.785398  0  0  -0.00013874  -0.000402267
0.785398  0  0  -3.09541e-06  0.000449816
2.35619  0  0  -1.18752e-05  0.00119029
3.92699  0  0  7.46805e-05  0.00167802
5.49779  0  0  -6.24691e-05  0.00166344
7.06858  0  0  3.15109e-05  0.0016038
8.63938  0  0  -7.15741e-05  0.00148779
10.2102  0  0  -4.20086e-05  0.00133021
16.4934  0  0  -1.35981e-05  0.0010042
33.7721  0  0  -4.58304e-06  0.000539074
62.0465  0  0  -2.72449e-07  0.000305602
-35.3429  0  3.14159  1.5063e-05  -0.000877397
-22.7765  0  3.14159  -2.46397e-05  -0.000485326
-16.4934  0  3.14159  9.33492e-05  -0.00118755
-10.2102  0  3.14159  0.000123623  -0.00225618
-8.63938  0  3.14159  0.000130005  -0.0022029
-7.06858  0  3.14159  -0.000323239  -0.0012741
-5.49779  0  3.14159  -0.000172079  -0.00363126
-3.92699  0  3.14159  0.000204973  -0.00544774
-2.35619  0  3.14159  -0.00154625  -0.00672557
-0.785398  0  3.14159  0.000854182  -0.00137037
0.785398  0  3.14159  0.00120888  0.00147133
2.35619  0  3.14159  -0.00158976  0.00662868
3.92699  0  3.14159  3.73099e-05  0.00545866
5.49779  0  3.14159  -0.000210215  0.00361431
7.06858  0  3.14159  -0.000276102  0.00127198
8.63938  0  3.14159  7.79165e-05  0.00220153
10.2102  0  3.14159  5.65829e-05  0.00225397
16.4934  0  3.14159  7.32216e-05  0.00119076
33.7721  0  3.14159  -1.355e-05  0.000617324
62.0465  0  3.14159  1.62854e-06  0.000288156
-35.3429  3.14159  0  1.5063e-05  -0.000877397
-22.7765  3.14159  0  -2.46397e-05  -0.000485326
-16.4934  3.14159  0  9.33492e-05  -0.00118755
-10.2102  3.14159  0  0.000123623  -0.00225618
-8.63938  3.14159  0  0.000130005  -0.0022029
-7.06858  3.14159  0  -0.000323239  -0.0012741
-5.49779  3.14159  0  -0.000172079  -0.00363126
-3.92699  3.14159  0  0.000204973  -0.00544774
-2.35619  3.14159  0  -0.00154625  -0.00672557
-0.785398  3.14159  0  0.000854182  -0.00137037
0.785398  3.14159  0  0.00120888  0.00147133
2.35619  3.14159  0  -0.00158976  0.00662868
3.92699  3.14159  0  3.73099e-05  0.00545866
5.49779  3.14159  0  -0.000210215  0.00361431
7.06858  3.14159  0  -0.000276102  0.00127198
8.63938  3.14159  0  7.79165e-05  0.00220153
10.2102  3.14159  0  5.65829e-05  0.00225397
16.4934  3.14159  0  7.32216e-05  0.00119076
33.7721  3.14159  0  -1.355e-05  0.000617324
62.0465  3.14159  0  1.62854e-06  0.000288156
-35.3429  3.14159  3.14159  1.33703e-05  -0.000526587
-22.7765  3.14159  3.14159  -6.74053e-06  -0.000779952
-16.4934  3.14159  3.14159  -6.97346e-06  -0.000999521
-10.2102  3.14159  3.14159  -5.43169e-06  -0.00132598
-8.63938  3.14159  3.14159  -5.32623e-05  -0.00148564
-7.06858  3.14159  3.14159  -2.36957e-05  -0.00162178
-5.49779  3.14159  3.14159  -2.62612e-05  -0.00168092
-3.92699  3.14159  3.14159  0.000106699  -0.0016559
-2.35619  3.14159  3.14159  -5.05912e-05  -0.0013048
-0.785398  3.14159  3.14159  -0.000260634  -0.000404927
0.785398  3.14159  3.14159  -0.000123571  0.000452869
2.35619  3.14159  3.14159  -9.07038e-05  0.0011898
3.92699  3.14159  3.14159  2.94236e-05  0.0016763
5.49779  3.14159  3.14159  -8.32667e-05  0.001663
7.06858  3.14159  3.14159  2.34862e-05  0.00160275
8.63938  3.14159  3.14159  -7.43118e-05  0.00148606
10.2102  3.14159  3.14159  -4.2605e-05  0.00133001
16.4934  3.14159  3.14159  -1.35623e-05  0.00100428
33.7721  3.14159  3.14159  -5.2285e-06  0.000539457
62.0465  3.14159  3.14159  -5.66391e-07  0.000305819
