-35.3429  0  0  -0.000788679  0.000544594
-22.7765  0  0  -0.0017806  0.000869552
-16.4934  0  0  -0.00262781  0.000806959
-10.2102  0  0  -0.00427176  0.00185099
-8.63938  0  0  -0.00131033  0.00192149
-7.06858  0  0  -0.00373458  1.42547e-05
-5.49779  0  0  -0.00457564  0.00220928
-3.92699  0  0  -0.00269736  0.00117116
-2.35619  0  0  -0.00301953  -0.000957526
-0.785398  0  0  -0.00735464  -0.00197963
0.785398  0  0  0.0052721  -0.00513273
2.35619  0  0  0.00144454  -0.00477391
3.92699  0  0  0.00163118  -0.00295763
5.49779  0  0  0.00407738  -0.00246954
7.06858  0  0  0.00325181  -0.00290434
8.63938  0  0  0.00117861  -0.00131069
10.2102  0  0  0.00413317  -0.00141473
16.4934  0  0  0.00257743  -0.00137864
33.7721  0  0  0.000716125  -0.000514653
62.0465  0  0  0.00052658  -0.000356205
-35.3429  0  3.14159  -0.00260893  0.000761376
-22.7765  0  3.14159  -0.00176205  0.000586952
-16.4934  0  3.14159  -0.00654883  0.0016926
-10.2102  0  3.14159  -0.0091017  0.003213
-8.63938  0  3.14159  0.00143639  0.00522848
-7.06858  0  3.14159  0.0138334  -0.00230219
-5.49779  0  3.14159  -0.0184191  0.00382793
-3.92699  0  3.14159  0.012975  -0.00150371
-2.35619  0  3.14159  -0.0030475  -0.00783693
-0.785398  0  3.14159  -0.0987614  0.00178343
0.785398  0  3.14159  0.0979713  -0.0431229
2.35619  0  3.14159  0.00277889  -0.0207418
3.92699  0  3.14159  -0.0135338  -0.0103953
5.49779  0  3.14159  0.01848  -0.00270956
7.06858  0  3.14159  -0.013577  -0.00548885
8.63938  0  3.14159  -0.00117146  0.00157395
10.2102  0  3.14159  0.00917175  -0.000640341
16.4934  0  3.14159  0.00666264  -0.000721355
33.7721  0  3.14159  0.00229525  -0.000575109
62.0465  0  3.14159  0.00288258  -0.000397729
-35.3429  3.14159  0  -0.00260893  0.000761376
-22.7765  3.14159  0  -0.00176205  0.000586952
-16.4934  3.14159  0  -0.00654883  0.0016926
-10.2102  3.14159  0  -0.0091017  0.003213
-8.63938  3.14159  0  0.00143639  0.00522848
-7.06858  3.14159  0  0.0138334  -0.00230219
-5.49779  3.14159  0  -0.0184191  0.00382793
-3.92699  3.14159  0  0.012975  -0.00150371
-2.35619  3.14159  0  -0.0030475  -0.00783693
-0.785398  3.14159  0  -0.0987614  0.00178343
0.785398  3.14159  0  0.0979713  -0.0431229
2.35619  3.14159  0  0.00277889  -0.0207418
3.92699  3.14159  0  -0.0135338  -0.0103953
5.49779  3.14159  0  0.01848  -0.00270956
7.06858  3.14159  0  -0.013577  -0.00548885
8.63938  3.14159  0  -0.00117146  0.00157395
10.2102  3.14159  0  0.00917175  -0.000640341
16.4934  3.14159  0  0.00666264  -0.000721355
33.7721  3.14159  0  0.00229525  -0.000575109
62.0465  3.14159  0  0.00288258  -0.000397729
-35.3429  3.14159  3.14159  -0.000769791  0.00054188
-22.7765  3.14159  3.14159  -0.00173304  0.000864872
-16.4934  3.14159  3.14159  -0.00254  0.000798086
-10.2102  3.14159  3.14159  -0.00406958  0.00183838
-8.63938  3.14159  3.14159  -0.00104822  0.00191535
-7.06858  3.14159  3.14159  -0.00336729  3.2149e-05
-5.49779  3.14159  3.14159  -0.00403429  0.00221859
-3.92699  3.14159  3.14159  -0.00193055  0.00123728
-2.35619  3.14159  3.14159  -0.00193126  -0.000961953
-0.785398  3.14159  3.14159  -0.00588513  -0.00203866
0.785398  3.14159  3.14159  0.00669132  -0.00507565
2.35619  3.14159  3.14159  0.00254125  -0.00477721
3.92699  3.14159  3.14159  0.00243328  -0.00302598
5.49779  3.14159  3.14159  0.00461142  -0.00248582
7.06858  3.14159  3.14159  0.00364783  -0.00292001
8.63938  3.14159  3.14159  0.00144797  -0.00131386
10.2102  3.14159  3.14159  0.00432698  -0.00140894
16.4934  3.14159  3.14159  0.0026593  -0.0013716
33.7721  3.14159  3.14159  0.000738371  -0.000510155
62.0465  3.14159  3.14159  0.000531452  -0.000355066
