-35.3429  0  0  -1.07265e-05  0.000551997
-22.7765  0  0  -2.54549e-05  0.000842408
-16.4934  0  0  -4.74324e-05  0.00113429
-10.2102  0  0  -0.000114019  0.00169026
-8.63938  0  0  -0.000151181  0.00190346
-7.06858  0  0  -0.00020731  0.00215177
-5.49779  0  0  -0.000294723  0.00241317
-3.92699  0  0  -0.000431294  0.00258825
-2.35619  0  0  -0.000625377  0.00235007
-0.785398  0  0  -0.000808187  0.00106055
0.785398  0  0  -0.000808188  -0.00106055
2.35619  0  0  -0.000625377  -0.00235007
3.92699  0  0  -0.000431295  -0.00258825
5.49779  0  0  -0.000294724  -0.00241317
7.06858  0  0  -0.000207315  -0.00215177
8.63938  0  0  -0.000151183  -0.00190346
10.2102  0  0  -0.000114019  -0.00169025
16.4934  0  0  -4.74334e-05  -0.00113429
33.7721  0  0  -1.17398e-05  -0.000577015
62.0465  0  0  -3.50763e-06  -0.000316984
-35.3429  0  3.14159  9.16868e-11  0.000558538
-22.7765  0  3.14159  1.05118e-10  0.000866406
-16.4934  0  3.14159  7.28175e-11  0.00119577
-10.2102  0  3.14159  3.74765e-11  0.00192647
-8.63938  0  3.14159  7.51809e-11  0.00227221
-7.06858  0  3.14159  1.14736e-10  0.00276773
-5.49779  0  3.14159  1.30523e-10  0.00353839
-3.92699  0  3.14159  1.11334e-10  0.00491157
-2.35619  0  3.14159  1.71222e-10  0.00810202
-0.785398  0  3.14159  5.61945e-10  0.0241184
0.785398  0  3.14159  -5.1741e-10  -0.0241184
2.35619  0  3.14159  -1.96926e-10  -0.00810202
3.92699  0  3.14159  -1.01607e-10  -0.00491157
5.49779  0  3.14159  -1.13153e-10  -0.00353839
7.06858  0  3.14159  -1.02046e-10  -0.00276773
8.63938  0  3.14159  -7.45743e-11  -0.00227221
10.2102  0  3.14159  -6.62164e-11  -0.00192647
16.4934  0  3.14159  -1.74285e-11  -0.00119577
33.7721  0  3.14159  -2.45616e-11  -0.000584503
62.0465  0  3.14159  -2.51899e-11  -0.000318202
-35.3429  3.14159  0  9.16868e-11  0.000558538
-22.7765  3.14159  0  1.05118e-10  0.000866406
-16.4934  3.14159  0  7.28175e-11  0.00119577
-10.2102  3.14159  0  3.74765e-11  0.00192647
-8.63938  3.14159  0  7.51809e-11  0.00227221
-7.06858  3.14159  0  1.14736e-10  0.00276773
-5.49779  3.14159  0  1.30523e-10  0.00353839
-3.92699  3.14159  0  1.11334e-10  0.00491157
-2.35619  3.14159  0  1.71222e-10  0.00810202
-0.785398  3.14159  0  5.61945e-10  0.0241184
0.785398  3.14159  0  -5.1741e-10  -0.0241184
2.35619  3.14159  0  -1.96926e-10  -0.00810202
3.92699  3.14159  0  -1.01607e-10  -0.00491157
5.49779  3.14159  0  -1.13153e-10  -0.00353839
7.06858  3.14159  0  -1.02046e-10  -0.00276773
8.63938  3.14159  0  -7.45743e-11  -0.00227221
10.2102  3.14159  0  -6.62164e-11  -0.00192647
16.4934  3.14159  0  -1.74285e-11  -0.00119577
33.7721  3.14159  0  -2.45616e-11  -0.000584503
62.0465  3.14159  0  -2.51899e-11  -0.000318202
-35.3429  3.14159  3.14159  1.07316e-05  0.000551997
-22.7765  3.14159  3.14159  2.54593e-05  0.000842408
-16.4934  3.14159  3.14159  4.74319e-05  0.00113429
-10.2102  3.14159  3.14159  0.000114017  0.00169026
-8.63938  3.14159  3.14159  0.00015118  0.00190346
-7.06858  3.14159  3.14159  0.000207315  0.00215177
-5.49779  3.14159  3.14159  0.000294723  0.00241317
-3.92699  3.14159  3.14159  0.000431309  0.00258825
-2.35619  3.14159  3.14159  0.000625389  0.00235007
-0.785398  3.14159  3.14159  0.000808224  0.00106055
0.785398  3.14159  3.14159  0.000808222  -0.00106055
2.35619  3.14159  3.14159  0.000625389  -0.00235007
3.92699  3.14159  3.14159  0.000431308  -0.00258825
5.49779  3.14159  3.14159  0.000294723  -0.00241317
7.06858  3.14159  3.14159  0.000207313  -0.00215177
8.63938  3.14159  3.14159  0.000151179  -0.00190346
10.2102  3.14159  3.14159  0.000114017  -0.00169025
16.4934  3.14159  3.14159  4.74317e-05  -0.00113429
33.7721  3.14159  3.14159  1.17391e-05  -0.000577015
62.0465  3.14159  3.14159  3.50646e-06  -0.000316984
