-54.6637  0  0  -0.000307858  -0.000208128
-27.0177  0  0  -0.00116919  -0.00160588
-13.1947  0  0  -0.0036647  -0.0108018
-10.6814  0  0  -0.00464629  -0.0177747
-8.16814  0  0  -0.00551871  -0.031535
-6.9115  0  0  -0.00544451  -0.043393
-5.65487  0  0  -0.00414894  -0.061048
-4.39823  0  0  0.000324111  -0.0873672
-3.14159  0  0  0.0128092  -0.124462
-1.88496  0  0  0.0433164  -0.162626
-0.628319  0  0  0.0962915  -0.13236
0.628319  0  0  0.0962913  0.13236
1.88496  0  0  0.0433161  0.162626
3.14159  0  0  0.0128089  0.124462
4.39823  0  0  0.000323834  0.0873672
5.65487  0  0  -0.00414918  0.061048
6.9115  0  0  -0.00544473  0.043393
8.16814  0  0  -0.00551891  0.031535
10.6814  0  0  -0.00464644  0.0177747
15.708  0  0  -0.00288206  0.00697768
33.3009  0  0  -0.000795881  0.00088477
-54.6637  0  3.14159  -0.000310859  -0.000203549
-27.0177  0  3.14159  -0.00121806  -0.00156493
-13.1947  0  3.14159  -0.00438938  -0.0104289
-10.6814  0  3.14159  -0.00614494  -0.0170946
-8.16814  0  3.14159  -0.00904435  -0.0301708
-6.9115  0  3.14159  -0.0112062  -0.041397
-5.65487  0  3.14159  -0.0140902  -0.0581481
-4.39823  0  3.14159  -0.017968  -0.0836856
-3.14159  0  3.14159  -0.0230368  -0.123658
-1.88496  0  3.14159  -0.027111  -0.189723
-0.628319  0  3.14159  -0.000910864  -0.299249
0.628319  0  3.14159  -0.000911219  0.299249
1.88496  0  3.14159  -0.0271113  0.189723
3.14159  0  3.14159  -0.0230371  0.123658
4.39823  0  3.14159  -0.0179683  0.0836855
5.65487  0  3.14159  -0.0140904  0.0581481
6.9115  0  3.14159  -0.0112064  0.041397
8.16814  0  3.14159  -0.00904453  0.0301708
10.6814  0  3.14159  -0.00614508  0.0170946
15.708  0  3.14159  -0.00326844  0.00675604
33.3009  0  3.14159  -0.000817361  0.000863513
-54.6637  3.14159  0  -0.000310859  -0.000203549
-27.0177  3.14159  0  -0.00121806  -0.00156493
-13.1947  3.14159  0  -0.00438938  -0.0104289
-10.6814  3.14159  0  -0.00614494  -0.0170946
-8.16814  3.14159  0  -0.00904435  -0.0301708
-6.9115  3.14159  0  -0.0112062  -0.041397
-5.65487  3.14159  0  -0.0140902  -0.0581481
-4.39823  3.14159  0  -0.017968  -0.0836856
-3.14159  3.14159  0  -0.0230368  -0.123658
-1.88496  3.14159  0  -0.027111  -0.189723
-0.628319  3.14159  0  -0.000910864  -0.299249
0.628319  3.14159  0  -0.000911219  0.299249
1.88496  3.14159  0  -0.0271113  0.189723
3.14159  3.14159  0  -0.0230371  0.123658
4.39823  3.14159  0  -0.0179683  0.0836855
5.65487  3.14159  0  -0.0140904  0.0581481
6.9115  3.14159  0  -0.0112064  0.041397
8.16814  3.14159  0  -0.00904453  0.0301708
10.6814  3.14159  0  -0.00614508  0.0170946
15.708  3.14159  0  -0.00326844  0.00675604
33.3009  3.14159  0  -0.000817361  0.000863513
-54.6637  3.14159  3.14159  -0.000313507  -0.000198925
-27.0177  3.14159  3.14159  -0.00126059  -0.00152176
-13.1947  3.14159  3.14159  -0.00499683  -0.0099571
-10.6814  3.14159  3.14159  -0.0073737  -0.0161588
-8.16814  3.14159  3.14159  -0.011801  -0.0280766
-6.9115  3.14159  3.14159  -0.015505  -0.0381035
-5.65487  3.14159  3.14159  -0.0209473  -0.0527559
-4.39823  3.14159  3.14159  -0.0290468  -0.074254
-3.14159  3.14159  3.14159  -0.0409478  -0.104442
-1.88496  3.14159  3.14159  -0.0573784  -0.136645
-0.628319  3.14159  3.14159  -0.0770709  -0.115519
0.628319  3.14159  3.14159  -0.0770711  0.115519
1.88496  3.14159  3.14159  -0.0573787  0.136644
3.14159  3.14159  3.14159  -0.0409481  0.104441
4.39823  3.14159  3.14159  -0.0290471  0.0742539
5.65487  3.14159  3.14159  -0.0209475  0.0527558
6.9115  3.14159  3.14159  -0.0155052  0.0381034
8.16814  3.14159  3.14159  -0.0118012  0.0280766
10.6814  3.14159  3.14159  -0.00737384  0.0161588
15.708  3.14159  3.14159  -0.00359649  0.00649256
33.3009  3.14159  3.14159  -0.000836162  0.000841573
