-54.6637  0  0  -0.00190248  0.0398266
-27.0177  0  0  -0.00737477  0.0783988
-13.1947  0  0  -0.0255109  0.145326
-10.6814  0  0  -0.0349349  0.169401
-8.16814  0  0  -0.0497028  0.200014
-6.9115  0  0  -0.060156  0.217614
-5.65487  0  0  -0.0734264  0.235548
-4.39823  0  0  -0.0900911  0.250603
-3.14159  0  0  -0.110224  0.254243
-1.88496  0  0  -0.13187  0.225123
-0.628319  0  0  -0.147545  0.117128
0.628319  0  0  -0.147545  -0.117128
1.88496  0  0  -0.13187  -0.225123
3.14159  0  0  -0.110225  -0.254243
4.39823  0  0  -0.0900911  -0.250603
5.65487  0  0  -0.0734264  -0.235548
6.9115  0  0  -0.060156  -0.217614
8.16814  0  0  -0.0497028  -0.200014
10.6814  0  0  -0.0349349  -0.169401
15.708  0  0  -0.0192734  -0.126531
33.3009  0  0  -0.00497308  -0.0643856
-54.6637  0  3.14159  -0.000569617  0.0398385
-27.0177  0  3.14159  -0.00222944  0.0784673
-13.1947  0  3.14159  -0.00793839  0.145333
-10.6814  0  3.14159  -0.0110215  0.16911
-8.16814  0  3.14159  -0.0160138  0.198898
-6.9115  0  3.14159  -0.0196847  0.215767
-5.65487  0  3.14159  -0.0245692  0.232906
-4.39823  0  3.14159  -0.0312746  0.248052
-3.14159  0  3.14159  -0.0410959  0.256219
-1.88496  0  3.14159  -0.0573847  0.245805
-0.628319  0  3.14159  -0.0872351  0.178019
0.628319  0  3.14159  -0.0872353  -0.178019
1.88496  0  3.14159  -0.0573847  -0.245805
3.14159  0  3.14159  -0.0410959  -0.256219
4.39823  0  3.14159  -0.0312746  -0.248052
5.65487  0  3.14159  -0.0245693  -0.232906
6.9115  0  3.14159  -0.0196847  -0.215767
8.16814  0  3.14159  -0.0160138  -0.198898
10.6814  0  3.14159  -0.0110215  -0.16911
15.708  0  3.14159  -0.00594071  -0.126627
33.3009  0  3.14159  -0.00149719  -0.064429
-54.6637  3.14159  0  -0.000569617  0.0398385
-27.0177  3.14159  0  -0.00222944  0.0784673
-13.1947  3.14159  0  -0.00793839  0.145333
-10.6814  3.14159  0  -0.0110215  0.16911
-8.16814  3.14159  0  -0.0160138  0.198898
-6.9115  3.14159  0  -0.0196847  0.215767
-5.65487  3.14159  0  -0.0245692  0.232906
-4.39823  3.14159  0  -0.0312746  0.248052
-3.14159  3.14159  0  -0.0410959  0.256219
-1.88496  3.14159  0  -0.0573847  0.245805
-0.628319  3.14159  0  -0.0872351  0.178019
0.628319  3.14159  0  -0.0872353  -0.178019
1.88496  3.14159  0  -0.0573847  -0.245805
3.14159  3.14159  0  -0.0410959  -0.256219
4.39823  3.14159  0  -0.0312746  -0.248052
5.65487  3.14159  0  -0.0245693  -0.232906
6.9115  3.14159  0  -0.0196847  -0.215767
8.16814  3.14159  0  -0.0160138  -0.198898
10.6814  3.14159  0  -0.0110215  -0.16911
15.708  3.14159  0  -0.00594071  -0.126627
33.3009  3.14159  0  -0.00149719  -0.064429
-54.6637  3.14159  3.14159  0.00076067  0.0398557
-27.0177  3.14159  3.14159  0.00287318  0.0786119
-13.1947  3.14159  3.14159  0.0089745  0.146518
-10.6814  3.14159  3.14159  0.0115248  0.17117
-8.16814  3.14159  3.14159  0.0145498  0.202646
-6.9115  3.14159  3.14159  0.0159136  0.22078
-5.65487  3.14159  3.14159  0.0166527  0.239254
-4.39823  3.14159  3.14159  0.0159385  0.254708
-3.14159  3.14159  3.14159  0.0125851  0.258323
-1.88496  3.14159  3.14159  0.00599775  0.228341
-0.628319  3.14159  3.14159  -0.000406147  0.118376
0.628319  3.14159  3.14159  -0.000406181  -0.118376
1.88496  3.14159  3.14159  0.00599771  -0.228341
3.14159  3.14159  3.14159  0.0125851  -0.258323
4.39823  3.14159  3.14159  0.0159385  -0.254708
5.65487  3.14159  3.14159  0.0166527  -0.239254
6.9115  3.14159  3.14159  0.0159136  -0.22078
8.16814  3.14159  3.14159  0.0145498  -0.202646
10.6814  3.14159  3.14159  0.0115248  -0.17117
15.708  3.14159  3.14159  0.00704354  -0.127354
33.3009  3.14159  3.14159  0.00196009  -0.0645057
