-54.6637  0  0  4.28134e-05  -0.0251208
-27.0177  0  0  8.20897e-05  -0.0483975
-13.1947  0  0  -0.000419751  -0.0840461
-10.6814  0  0  -0.000893717  -0.0949951
-8.16814  0  0  -0.00165459  -0.107298
-6.9115  0  0  -0.00205016  -0.113503
-5.65487  0  0  -0.0021742  -0.119137
-4.39823  0  0  -0.0013544  -0.123302
-3.14159  0  0  0.00197898  -0.124298
-1.88496  0  0  0.0107498  -0.116929
-0.628319  0  0  0.0261574  -0.0757872
0.628319  0  0  0.0261447  0.075784
1.88496  0  0  0.0107289  0.116925
3.14159  0  0  0.00195573  0.124295
4.39823  0  0  -0.00137717  0.1233
5.65487  0  0  -0.00219533  0.119135
6.9115  0  0  -0.00206934  0.113502
8.16814  0  0  -0.00167193  0.107298
10.6814  0  0  -0.000908017  0.0949948
15.708  0  0  -0.000174377  0.0747674
33.3009  0  0  7.37921e-05  0.0401191
-54.6637  0  3.14159  -2.11642e-05  -0.0251284
-27.0177  0  3.14159  -0.00012629  -0.0484676
-13.1947  0  3.14159  -0.000884457  -0.084845
-10.6814  0  3.14159  -0.00151075  -0.0966536
-8.16814  0  3.14159  -0.00280061  -0.111296
-6.9115  0  3.14159  -0.00394763  -0.120086
-5.65487  0  3.14159  -0.00571775  -0.130359
-4.39823  0  3.14159  -0.00858526  -0.142913
-3.14159  0  3.14159  -0.013675  -0.159001
-1.88496  0  3.14159  -0.0242144  -0.179968
-0.628319  0  3.14159  -0.0478177  -0.206191
0.628319  0  3.14159  -0.0478789  0.206164
1.88496  0  3.14159  -0.0242587  0.179961
3.14159  0  3.14159  -0.0137104  0.158998
4.39823  0  3.14159  -0.00861418  0.142911
5.65487  0  3.14159  -0.00574209  0.130358
6.9115  0  3.14159  -0.00396861  0.120085
8.16814  0  3.14159  -0.00281901  0.111295
10.6814  0  3.14159  -0.0015255  0.0966533
15.708  0  3.14159  -0.000566178  0.0752027
33.3009  0  3.14159  -7.78181e-05  0.040155
-54.6637  3.14159  0  -2.11642e-05  -0.0251284
-27.0177  3.14159  0  -0.00012629  -0.0484676
-13.1947  3.14159  0  -0.000884457  -0.084845
-10.6814  3.14159  0  -0.00151075  -0.0966536
-8.16814  3.14159  0  -0.00280061  -0.111296
-6.9115  3.14159  0  -0.00394763  -0.120086
-5.65487  3.14159  0  -0.00571775  -0.130359
-4.39823  3.14159  0  -0.00858526  -0.142913
-3.14159  3.14159  0  -0.013675  -0.159001
-1.88496  3.14159  0  -0.0242144  -0.179968
-0.628319  3.14159  0  -0.0478177  -0.206191
0.628319  3.14159  0  -0.0478789  0.206164
1.88496  3.14159  0  -0.0242587  0.179961
3.14159  3.14159  0  -0.0137104  0.158998
4.39823  3.14159  0  -0.00861418  0.142911
5.65487  3.14159  0  -0.00574209  0.130358
6.9115  3.14159  0  -0.00396861  0.120085
8.16814  3.14159  0  -0.00281901  0.111295
10.6814  3.14159  0  -0.0015255  0.0966533
15.708  3.14159  0  -0.000566178  0.0752027
33.3009  3.14159  0  -7.78181e-05  0.040155
-54.6637  3.14159  3.14159  -8.50588e-05  -0.0251086
-27.0177  3.14159  3.14159  -0.000333394  -0.0482975
-13.1947  3.14159  3.14159  -0.0013417  -0.0832815
-10.6814  3.14159  3.14159  -0.00212248  -0.0936904
-8.16814  3.14159  3.14159  -0.00394853  -0.10492
-6.9115  3.14159  3.14159  -0.00582428  -0.110225
-5.65487  3.14159  3.14159  -0.00906714  -0.114597
-4.39823  3.14159  3.14159  -0.0147437  -0.117093
-3.14159  3.14159  3.14159  -0.0243879  -0.116235
-1.88496  3.14159  3.14159  -0.0389992  -0.107982
-0.628319  3.14159  3.14159  -0.0552688  -0.070391
0.628319  3.14159  3.14159  -0.0552802  0.0703839
1.88496  3.14159  3.14159  -0.0390176  0.107977
3.14159  3.14159  3.14159  -0.0244091  0.116232
4.39823  3.14159  3.14159  -0.0147649  0.117091
5.65487  3.14159  3.14159  -0.00908721  0.114596
6.9115  3.14159  3.14159  -0.00584272  0.110225
8.16814  3.14159  3.14159  -0.00396534  0.104919
10.6814  3.14159  3.14159  -0.00213649  0.0936901
15.708  3.14159  3.14159  -0.000951549  0.0742901
33.3009  3.14159  3.14159  -0.00022878  0.0400654
