-54.6637  0  0  5.35471e-06  -0.000395119
-27.0177  0  0  7.8363e-05  -0.00302002
-13.1947  0  0  0.00075496  -0.0202009
-10.6814  0  0  0.00126238  -0.0334255
-8.16814  0  0  0.00223341  -0.059937
-6.9115  0  0  0.00311568  -0.0828151
-5.65487  0  0  0.00463886  -0.115943
-4.39823  0  0  0.00761027  -0.160647
-3.14159  0  0  0.0137643  -0.206728
-1.88496  0  0  0.025081  -0.209692
-0.628319  0  0  0.0375584  -0.0970046
0.628319  0  0  0.0375597  0.0970038
1.88496  0  0  0.0250809  0.209692
3.14159  0  0  0.0137644  0.206728
4.39823  0  0  0.00761027  0.160647
5.65487  0  0  0.00463881  0.115944
6.9115  0  0  0.00311573  0.0828151
8.16814  0  0  0.00223346  0.0599371
10.6814  0  0  0.00126242  0.0334255
15.708  0  0  0.000467334  0.0130319
33.3009  0  0  3.62641e-05  0.00166979
-54.6637  0  3.14159  -2.11935e-09  -0.000393011
-27.0177  0  3.14159  -1.6379e-08  -0.00295651
-13.1947  0  3.14159  1.93204e-08  -0.0185744
-10.6814  0  3.14159  6.11943e-08  -0.0296147
-8.16814  0  3.14159  -6.21131e-07  -0.0502438
-6.9115  0  3.14159  -1.40748e-06  -0.0673779
-5.65487  0  3.14159  -3.17469e-07  -0.0928837
-4.39823  0  3.14159  -4.32232e-07  -0.134074
-3.14159  0  3.14159  -2.96904e-07  -0.213853
-1.88496  0  3.14159  6.30598e-06  -0.458707
-0.628319  0  3.14159  1.3379e-05  -4.79274
0.628319  0  3.14159  1.4117e-05  4.79274
1.88496  0  3.14159  6.41597e-06  0.458707
3.14159  0  3.14159  -2.35506e-07  0.213853
4.39823  0  3.14159  -3.78786e-07  0.134074
5.65487  0  3.14159  -2.76225e-07  0.0928837
6.9115  0  3.14159  -1.37024e-06  0.0673779
8.16814  0  3.14159  -5.868e-07  0.0502438
10.6814  0  3.14159  9.18329e-08  0.0296148
15.708  0  3.14159  1.13166e-07  0.0122655
33.3009  0  3.14159  -1.77166e-08  0.00164633
-54.6637  3.14159  0  -2.11935e-09  -0.000393011
-27.0177  3.14159  0  -1.6379e-08  -0.00295651
-13.1947  3.14159  0  1.93204e-08  -0.0185744
-10.6814  3.14159  0  6.11943e-08  -0.0296147
-8.16814  3.14159  0  -6.21131e-07  -0.0502438
-6.9115  3.14159  0  -1.40748e-06  -0.0673779
-5.65487  3.14159  0  -3.17469e-07  -0.0928837
-4.39823  3.14159  0  -4.32232e-07  -0.134074
-3.14159  3.14159  0  -2.96904e-07  -0.213853
-1.88496  3.14159  0  6.30598e-06  -0.458707
-0.628319  3.14159  0  1.3379e-05  -4.79274
0.628319  3.14159  0  1.4117e-05  4.79274
1.88496  3.14159  0  6.41597e-06  0.458707
3.14159  3.14159  0  -2.35506e-07  0.213853
4.39823  3.14159  0  -3.78786e-07  0.134074
5.65487  3.14159  0  -2.76225e-07  0.0928837
6.9115  3.14159  0  -1.37024e-06  0.0673779
8.16814  3.14159  0  -5.868e-07  0.0502438
10.6814  3.14159  0  9.18329e-08  0.0296148
15.708  3.14159  0  1.13166e-07  0.0122655
33.3009  3.14159  0  -1.77166e-08  0.00164633
-54.6637  3.14159  3.14159  -5.35294e-06  -0.000395119
-27.0177  3.14159  3.14159  -7.84185e-05  -0.00302002
-13.1947  3.14159  3.14159  -0.000755043  -0.0202009
-10.6814  3.14159  3.14159  -0.00126222  -0.0334255
-8.16814  3.14159  3.14159  -0.00223346  -0.059937
-6.9115  3.14159  3.14159  -0.0031159  -0.0828151
-5.65487  3.14159  3.14159  -0.00463874  -0.115943
-4.39823  3.14159  3.14159  -0.00760967  -0.160647
-3.14159  3.14159  3.14159  -0.0137638  -0.206728
-1.88496  3.14159  3.14159  -0.0250828  -0.209692
-0.628319  3.14159  3.14159  -0.0375628  -0.0970046
0.628319  3.14159  3.14159  -0.0375614  0.0970038
1.88496  3.14159  3.14159  -0.0250828  0.209692
3.14159  3.14159  3.14159  -0.0137637  0.206728
4.39823  3.14159  3.14159  -0.00760966  0.160647
5.65487  3.14159  3.14159  -0.00463879  0.115944
6.9115  3.14159  3.14159  -0.00311586  0.0828151
8.16814  3.14159  3.14159  -0.00223341  0.0599371
10.6814  3.14159  3.14159  -0.00126217  0.0334255
15.708  3.14159  3.14159  -0.000467365  0.0130319
33.3009  3.14159  3.14159  -3.62253e-05  0.00166979
