-54.6637  0  0  -0.00191248  0.0397962
-27.0177  0  0  -0.00741378  0.0783338
-13.1947  0  0  -0.0256494  0.145173
-10.6814  0  0  -0.0351276  0.169201
-8.16814  0  0  -0.0499838  0.199735
-6.9115  0  0  -0.0605018  0.217272
-5.65487  0  0  -0.0738563  0.235121
-4.39823  0  0  -0.0906267  0.250057
-3.14159  0  0  -0.11088  0.253552
-1.88496  0  0  -0.132627  0.224341
-0.628319  0  0  -0.148338  0.116636
0.628319  0  0  -0.148338  -0.116636
1.88496  0  0  -0.132627  -0.224341
3.14159  0  0  -0.11088  -0.253552
4.39823  0  0  -0.0906267  -0.250057
5.65487  0  0  -0.0738563  -0.235121
6.9115  0  0  -0.0605018  -0.217272
8.16814  0  0  -0.0499838  -0.199735
10.6814  0  0  -0.0351276  -0.169201
15.708  0  0  -0.0193771  -0.126408
33.3009  0  0  -0.00499932  -0.0643341
-54.6637  0  3.14159  -0.000580128  0.0398084
-27.0177  0  3.14159  -0.00227031  0.0784045
-13.1947  0  3.14159  -0.00808043  0.145192
-10.6814  0  3.14159  -0.0112159  0.16893
-8.16814  0  3.14159  -0.0162895  0.19865
-6.9115  0  3.14159  -0.0200172  0.215465
-5.65487  0  3.14159  -0.0249731  0.232525
-4.39823  0  3.14159  -0.0317677  0.247543
-3.14159  0  3.14159  -0.0416978  0.255474
-1.88496  0  3.14159  -0.058087  0.244543
-0.628319  0  3.14159  -0.0877376  0.175728
0.628319  0  3.14159  -0.0877376  -0.175728
1.88496  0  3.14159  -0.058087  -0.244543
3.14159  0  3.14159  -0.0416978  -0.255474
4.39823  0  3.14159  -0.0317677  -0.247543
5.65487  0  3.14159  -0.0249731  -0.232525
6.9115  0  3.14159  -0.0200172  -0.215465
8.16814  0  3.14159  -0.0162895  -0.19865
10.6814  0  3.14159  -0.0112159  -0.16893
15.708  0  3.14159  -0.00604794  -0.126513
33.3009  0  3.14159  -0.00152473  -0.0643787
-54.6637  3.14159  0  -0.000580128  0.0398084
-27.0177  3.14159  0  -0.00227031  0.0784045
-13.1947  3.14159  0  -0.00808043  0.145192
-10.6814  3.14159  0  -0.0112159  0.16893
-8.16814  3.14159  0  -0.0162895  0.19865
-6.9115  3.14159  0  -0.0200172  0.215465
-5.65487  3.14159  0  -0.0249731  0.232525
-4.39823  3.14159  0  -0.0317677  0.247543
-3.14159  3.14159  0  -0.0416978  0.255474
-1.88496  3.14159  0  -0.058087  0.244543
-0.628319  3.14159  0  -0.0877376  0.175728
0.628319  3.14159  0  -0.0877376  -0.175728
1.88496  3.14159  0  -0.058087  -0.244543
3.14159  3.14159  0  -0.0416978  -0.255474
4.39823  3.14159  0  -0.0317677  -0.247543
5.65487  3.14159  0  -0.0249731  -0.232525
6.9115  3.14159  0  -0.0200172  -0.215465
8.16814  3.14159  0  -0.0162895  -0.19865
10.6814  3.14159  0  -0.0112159  -0.16893
15.708  3.14159  0  -0.00604794  -0.126513
33.3009  3.14159  0  -0.00152473  -0.0643787
-54.6637  3.14159  3.14159  0.000749601  0.0398259
-27.0177  3.14159  3.14159  0.00282978  0.078552
-13.1947  3.14159  3.14159  0.00881848  0.146394
-10.6814  3.14159  3.14159  0.0113069  0.171012
-8.16814  3.14159  3.14159  0.0142309  0.20243
-6.9115  3.14159  3.14159  0.0155206  0.220514
-5.65487  3.14159  3.14159  0.016164  0.238914
-4.39823  3.14159  3.14159  0.0153303  0.254259
-3.14159  3.14159  3.14159  0.0118421  0.257729
-1.88496  3.14159  3.14159  0.00513983  0.227634
-0.628319  3.14159  3.14159  -0.00130964  0.117913
0.628319  3.14159  3.14159  -0.00130965  -0.117913
1.88496  3.14159  3.14159  0.00513983  -0.227634
3.14159  3.14159  3.14159  0.0118421  -0.257729
4.39823  3.14159  3.14159  0.0153303  -0.254259
5.65487  3.14159  3.14159  0.016164  -0.238914
6.9115  3.14159  3.14159  0.0155206  -0.220514
8.16814  3.14159  3.14159  0.0142309  -0.20243
10.6814  3.14159  3.14159  0.0113069  -0.171012
15.708  3.14159  3.14159  0.00692721  -0.12725
33.3009  3.14159  3.14159  0.00193097  -0.064457
