-54.6637  0  0  -0.000307717  -0.000208133
-27.0177  0  0  -0.00116862  -0.00160591
-13.1947  0  0  -0.0036625  -0.0108019
-10.6814  0  0  -0.00464313  -0.0177746
-8.16814  0  0  -0.00551391  -0.0315346
-6.9115  0  0  -0.0054385  -0.0433919
-5.65487  0  0  -0.00414144  -0.0610456
-4.39823  0  0  0.000333027  -0.0873621
-3.14159  0  0  0.0128176  -0.124451
-1.88496  0  0  0.0433155  -0.162607
-0.628319  0  0  0.0962623  -0.13235
0.628319  0  0  0.0962621  0.13235
1.88496  0  0  0.0433152  0.162607
3.14159  0  0  0.0128173  0.124451
4.39823  0  0  0.000332749  0.0873621
5.65487  0  0  -0.00414169  0.0610456
6.9115  0  0  -0.00543872  0.043392
8.16814  0  0  -0.0055141  0.0315346
10.6814  0  0  -0.00464328  0.0177746
15.708  0  0  -0.00288045  0.00697775
33.3009  0  0  -0.000795504  0.000884788
-54.6637  0  3.14159  -0.000310718  -0.000203556
-27.0177  0  3.14159  -0.00121749  -0.00156498
-13.1947  0  3.14159  -0.00438714  -0.0104291
-10.6814  0  3.14159  -0.00614168  -0.017095
-8.16814  0  3.14159  -0.00903928  -0.0301713
-6.9115  0  3.14159  -0.0111997  -0.0413975
-5.65487  0  3.14159  -0.0140816  -0.0581485
-4.39823  0  3.14159  -0.0179566  -0.0836857
-3.14159  0  3.14159  -0.0230208  -0.123657
-1.88496  0  3.14159  -0.0270889  -0.189714
-0.628319  0  3.14159  -0.000917706  -0.299174
0.628319  0  3.14159  -0.000918072  0.299174
1.88496  0  3.14159  -0.0270893  0.189714
3.14159  0  3.14159  -0.0230211  0.123657
4.39823  0  3.14159  -0.0179568  0.0836857
5.65487  0  3.14159  -0.0140819  0.0581485
6.9115  0  3.14159  -0.0111999  0.0413975
8.16814  0  3.14159  -0.00903946  0.0301713
10.6814  0  3.14159  -0.00614182  0.017095
15.708  0  3.14159  -0.00326682  0.00675622
33.3009  0  3.14159  -0.000816983  0.000863541
-54.6637  3.14159  0  -0.000310718  -0.000203556
-27.0177  3.14159  0  -0.00121749  -0.00156498
-13.1947  3.14159  0  -0.00438714  -0.0104291
-10.6814  3.14159  0  -0.00614168  -0.017095
-8.16814  3.14159  0  -0.00903928  -0.0301713
-6.9115  3.14159  0  -0.0111997  -0.0413975
-5.65487  3.14159  0  -0.0140816  -0.0581485
-4.39823  3.14159  0  -0.0179566  -0.0836857
-3.14159  3.14159  0  -0.0230208  -0.123657
-1.88496  3.14159  0  -0.0270889  -0.189714
-0.628319  3.14159  0  -0.000917706  -0.299174
0.628319  3.14159  0  -0.000918072  0.299174
1.88496  3.14159  0  -0.0270893  0.189714
3.14159  3.14159  0  -0.0230211  0.123657
4.39823  3.14159  0  -0.0179568  0.0836857
5.65487  3.14159  0  -0.0140819  0.0581485
6.9115  3.14159  0  -0.0111999  0.0413975
8.16814  3.14159  0  -0.00903946  0.0301713
10.6814  3.14159  0  -0.00614182  0.017095
15.708  3.14159  0  -0.00326682  0.00675622
33.3009  3.14159  0  -0.000816983  0.000863541
-54.6637  3.14159  3.14159  -0.000313366  -0.000198934
-27.0177  3.14159  3.14159  -0.00126002  -0.00152183
-13.1947  3.14159  3.14159  -0.00499458  -0.00995758
-10.6814  3.14159  3.14159  -0.00737043  -0.0161596
-8.16814  3.14159  3.14159  -0.011796  -0.0280781
-6.9115  3.14159  3.14159  -0.0154985  -0.0381054
-5.65487  3.14159  3.14159  -0.020939  -0.0527584
-4.39823  3.14159  3.14159  -0.0290366  -0.074257
-3.14159  3.14159  3.14159  -0.0409365  -0.104444
-1.88496  3.14159  3.14159  -0.0573711  -0.136645
-0.628319  3.14159  3.14159  -0.0770809  -0.115523
0.628319  3.14159  3.14159  -0.077081  0.115523
1.88496  3.14159  3.14159  -0.0573714  0.136645
3.14159  3.14159  3.14159  -0.0409367  0.104444
4.39823  3.14159  3.14159  -0.0290368  0.074257
5.65487  3.14159  3.14159  -0.0209392  0.0527583
6.9115  3.14159  3.14159  -0.0154987  0.0381053
8.16814  3.14159  3.14159  -0.0117961  0.028078
10.6814  3.14159  3.14159  -0.00737056  0.0161596
15.708  3.14159  3.14159  -0.00359486  0.00649287
33.3009  3.14159  3.14159  -0.000835784  0.000841611
