-54.6637  0  0  1.89742e-05  -0.0197874
-27.0177  0  0  -7.49639e-05  -0.0379169
-13.1947  0  0  -0.00164763  -0.0649474
-10.6814  0  0  -0.00301353  -0.0730724
-8.16814  0  0  -0.00556556  -0.0822557
-6.9115  0  0  -0.00747358  -0.087069
-5.65487  0  0  -0.0097291  -0.0918395
-4.39823  0  0  -0.0117231  -0.09632
-3.14159  0  0  -0.0114207  -0.0997745
-1.88496  0  0  -0.00392511  -0.0978739
-0.628319  0  0  0.0151656  -0.0661853
0.628319  0  0  0.0151657  0.0661853
1.88496  0  0  -0.00392507  0.0978739
3.14159  0  0  -0.0114207  0.0997745
4.39823  0  0  -0.011723  0.09632
5.65487  0  0  -0.00972908  0.0918395
6.9115  0  0  -0.00747355  0.0870689
8.16814  0  0  -0.00556555  0.0822556
10.6814  0  0  -0.00301361  0.0730723
15.708  0  0  -0.00092243  0.0580092
33.3009  0  0  -8.14922e-06  0.0315035
-54.6637  0  3.14159  -6.02512e-05  -0.0197787
-27.0177  0  3.14159  -0.000351191  -0.0378508
-13.1947  0  3.14159  -0.00245041  -0.0646154
-10.6814  0  3.14159  -0.00416789  -0.0726959
-8.16814  0  3.14159  -0.00765372  -0.0821733
-6.9115  0  3.14159  -0.0106954  -0.0875944
-5.65487  0  3.14159  -0.0152781  -0.093777
-4.39823  0  3.14159  -0.0223932  -0.101361
-3.14159  0  3.14159  -0.0340048  -0.111737
-1.88496  0  3.14159  -0.0539463  -0.128
-0.628319  0  3.14159  -0.079734  -0.152241
0.628319  0  3.14159  -0.0797339  0.152241
1.88496  0  3.14159  -0.0539462  0.128
3.14159  0  3.14159  -0.0340048  0.111737
4.39823  0  3.14159  -0.0223932  0.101361
5.65487  0  3.14159  -0.0152781  0.093777
6.9115  0  3.14159  -0.0106954  0.0875944
8.16814  0  3.14159  -0.0076537  0.0821733
10.6814  0  3.14159  -0.00416796  0.0726959
15.708  0  3.14159  -0.00154254  0.0577603
33.3009  0  3.14159  -0.000202875  0.0314668
-54.6637  3.14159  0  -6.02512e-05  -0.0197787
-27.0177  3.14159  0  -0.000351191  -0.0378508
-13.1947  3.14159  0  -0.00245041  -0.0646154
-10.6814  3.14159  0  -0.00416789  -0.0726959
-8.16814  3.14159  0  -0.00765372  -0.0821733
-6.9115  3.14159  0  -0.0106954  -0.0875944
-5.65487  3.14159  0  -0.0152781  -0.093777
-4.39823  3.14159  0  -0.0223932  -0.101361
-3.14159  3.14159  0  -0.0340048  -0.111737
-1.88496  3.14159  0  -0.0539463  -0.128
-0.628319  3.14159  0  -0.079734  -0.152241
0.628319  3.14159  0  -0.0797339  0.152241
1.88496  3.14159  0  -0.0539462  0.128
3.14159  3.14159  0  -0.0340048  0.111737
4.39823  3.14159  0  -0.0223932  0.101361
5.65487  3.14159  0  -0.0152781  0.093777
6.9115  3.14159  0  -0.0106954  0.0875944
8.16814  3.14159  0  -0.0076537  0.0821733
10.6814  3.14159  0  -0.00416796  0.0726959
15.708  3.14159  0  -0.00154254  0.0577603
33.3009  3.14159  0  -0.000202875  0.0314668
-54.6637  3.14159  3.14159  -0.000139103  -0.0197533
-27.0177  3.14159  3.14159  -0.000622579  -0.0376372
-13.1947  3.14159  3.14159  -0.00320819  -0.0628112
-10.6814  3.14159  3.14159  -0.00524926  -0.0694344
-8.16814  3.14159  3.14159  -0.00958502  -0.0756507
-6.9115  3.14159  3.14159  -0.01358  -0.0779981
-5.65487  3.14159  3.14159  -0.0198299  -0.0793424
-4.39823  3.14159  3.14159  -0.0295585  -0.0793545
-3.14159  3.14159  3.14159  -0.0438616  -0.0779842
-1.88496  3.14159  3.14159  -0.061448  -0.0740982
-0.628319  3.14159  3.14159  -0.0744403  -0.0521287
0.628319  3.14159  3.14159  -0.0744403  0.0521288
1.88496  3.14159  3.14159  -0.061448  0.0740982
3.14159  3.14159  3.14159  -0.0438615  0.0779842
4.39823  3.14159  3.14159  -0.0295585  0.0793545
5.65487  3.14159  3.14159  -0.0198299  0.0793424
6.9115  3.14159  3.14159  -0.0135799  0.0779981
8.16814  3.14159  3.14159  -0.00958494  0.0756507
10.6814  3.14159  3.14159  -0.00524932  0.0694344
15.708  3.14159  3.14159  -0.00213427  0.0566745
33.3009  3.14159  3.14159  -0.000395439  0.0313532
