-54.6637  0  0  -0.000482822  0.0201403
-27.0177  0  0  -0.00197003  0.0405821
-13.1947  0  0  -0.00817009  0.0816633
-10.6814  0  0  -0.0123431  0.0996357
-8.16814  0  0  -0.0205279  0.126938
-6.9115  0  0  -0.0277653  0.14632
-5.65487  0  0  -0.0390393  0.171415
-4.39823  0  0  -0.0572882  0.203815
-3.14159  0  0  -0.0875697  0.242674
-1.88496  0  0  -0.136155  0.2711
-0.628319  0  0  -0.194498  0.198147
0.628319  0  0  -0.194498  -0.198147
1.88496  0  0  -0.136155  -0.271101
3.14159  0  0  -0.0875694  -0.242675
4.39823  0  0  -0.057288  -0.203815
5.65487  0  0  -0.0390391  -0.171415
6.9115  0  0  -0.0277652  -0.14632
8.16814  0  0  -0.0205277  -0.126938
10.6814  0  0  -0.0123429  -0.0996357
15.708  0  0  -0.00579052  -0.0690651
33.3009  0  0  -0.00129849  -0.0329859
-54.6637  0  3.14159  -0.000113471  0.0201588
-27.0177  0  3.14159  -0.000463303  0.0407352
-13.1947  0  3.14159  -0.00193347  0.0829579
-10.6814  0  3.14159  -0.00294123  0.102026
-8.16814  0  3.14159  -0.00497345  0.131967
-6.9115  0  3.14159  -0.00683724  0.154075
-5.65487  0  3.14159  -0.00987688  0.184003
-4.39823  0  3.14159  -0.0152228  0.225696
-3.14159  0  3.14159  -0.0258322  0.285209
-1.88496  0  3.14159  -0.0521318  0.370692
-0.628319  0  3.14159  -0.13939  0.463912
0.628319  0  3.14159  -0.13939  -0.463913
1.88496  0  3.14159  -0.0521315  -0.370692
3.14159  0  3.14159  -0.0258319  -0.285209
4.39823  0  3.14159  -0.0152225  -0.225696
5.65487  0  3.14159  -0.00987667  -0.184003
6.9115  0  3.14159  -0.00683708  -0.154075
8.16814  0  3.14159  -0.0049733  -0.131967
10.6814  0  3.14159  -0.0029411  -0.102026
15.708  0  3.14159  -0.00136605  -0.0698383
33.3009  0  3.14159  -0.000305252  -0.0330679
-54.6637  3.14159  0  -0.000113471  0.0201588
-27.0177  3.14159  0  -0.000463303  0.0407352
-13.1947  3.14159  0  -0.00193347  0.0829579
-10.6814  3.14159  0  -0.00294123  0.102026
-8.16814  3.14159  0  -0.00497345  0.131967
-6.9115  3.14159  0  -0.00683724  0.154075
-5.65487  3.14159  0  -0.00987688  0.184003
-4.39823  3.14159  0  -0.0152228  0.225696
-3.14159  3.14159  0  -0.0258322  0.285209
-1.88496  3.14159  0  -0.0521318  0.370692
-0.628319  3.14159  0  -0.13939  0.463912
0.628319  3.14159  0  -0.13939  -0.463913
1.88496  3.14159  0  -0.0521315  -0.370692
3.14159  3.14159  0  -0.0258319  -0.285209
4.39823  3.14159  0  -0.0152225  -0.225696
5.65487  3.14159  0  -0.00987667  -0.184003
6.9115  3.14159  0  -0.00683708  -0.154075
8.16814  3.14159  0  -0.0049733  -0.131967
10.6814  3.14159  0  -0.0029411  -0.102026
15.708  3.14159  0  -0.00136605  -0.0698383
33.3009  3.14159  0  -0.000305252  -0.0330679
-54.6637  3.14159  3.14159  0.000256371  0.0201486
-27.0177  3.14159  3.14159  0.00105208  0.0406509
-13.1947  3.14159  3.14159  0.00446867  0.0822514
-10.6814  3.14159  3.14159  0.00684372  0.100725
-8.16814  3.14159  3.14159  0.0116127  0.129232
-6.9115  3.14159  3.14159  0.0158941  0.149839
-5.65487  3.14159  3.14159  0.0225901  0.177022
-4.39823  3.14159  3.14159  0.0333315  0.213025
-3.14159  3.14159  3.14159  0.050704  0.25789
-1.88496  3.14159  3.14159  0.0784893  0.294473
-0.628319  3.14159  3.14159  0.122565  0.222509
0.628319  3.14159  3.14159  0.122565  -0.222508
1.88496  3.14159  3.14159  0.0784896  -0.294472
3.14159  3.14159  3.14159  0.0507043  -0.25789
4.39823  3.14159  3.14159  0.0333318  -0.213025
5.65487  3.14159  3.14159  0.0225903  -0.177022
6.9115  3.14159  3.14159  0.0158943  -0.149839
8.16814  3.14159  3.14159  0.0116129  -0.129232
10.6814  3.14159  3.14159  0.00684384  -0.100725
15.708  3.14159  3.14159  0.00313951  -0.0694152
33.3009  3.14159  3.14159  0.000691675  -0.0330227
