-54.6637  0  0  -0.000159131  -0.000216485
-27.0177  0  0  -0.000590036  -0.00166976
-13.1947  0  0  -0.00163902  -0.0112247
-10.6814  0  0  -0.00187208  -0.0184722
-8.16814  0  0  -0.00162358  -0.0328009
-6.9115  0  0  -0.000839164  -0.0451914
-5.65487  0  0  0.00117526  -0.0637393
-4.39823  0  0  0.00606447  -0.0916801
-3.14159  0  0  0.0178042  -0.131889
-1.88496  0  0  0.0447633  -0.175373
-0.628319  0  0  0.0916973  -0.146461
0.628319  0  0  0.0916894  0.146463
1.88496  0  0  0.044756  0.175373
3.14159  0  0  0.0178001  0.131888
4.39823  0  0  0.00606218  0.0916788
5.65487  0  0  0.00117393  0.0637383
6.9115  0  0  -0.000839992  0.0451906
8.16814  0  0  -0.00162412  0.0328002
10.6814  0  0  -0.00187235  0.0184718
15.708  0  0  -0.00135563  0.00725137
33.3009  0  0  -0.000406131  0.000920055
-54.6637  0  3.14159  -0.000162088  -0.000214148
-27.0177  0  3.14159  -0.000637733  -0.00164877
-13.1947  0  3.14159  -0.00233001  -0.0110401
-10.6814  0  3.14159  -0.00328718  -0.0181459
-8.16814  0  3.14159  -0.00490362  -0.0321853
-6.9115  0  3.14159  -0.00614174  -0.0443492
-5.65487  0  3.14159  -0.00784532  -0.062712
-4.39823  0  3.14159  -0.0102541  -0.0912849
-3.14159  0  3.14159  -0.0137348  -0.13783
-1.88496  0  3.14159  -0.0179681  -0.222016
-0.628319  0  3.14159  -0.00672422  -0.40746
0.628319  0  3.14159  -0.00676714  0.407457
1.88496  0  3.14159  -0.0179761  0.222012
3.14159  0  3.14159  -0.013738  0.137828
4.39823  0  3.14159  -0.0102557  0.0912832
5.65487  0  3.14159  -0.00784628  0.0627108
6.9115  0  3.14159  -0.00614236  0.0443483
8.16814  0  3.14159  -0.00490404  0.0321845
10.6814  0  3.14159  -0.0032874  0.0181454
15.708  0  3.14159  -0.00172663  0.00713981
33.3009  0  3.14159  -0.000427178  0.00090916
-54.6637  3.14159  0  -0.000162088  -0.000214148
-27.0177  3.14159  0  -0.000637733  -0.00164877
-13.1947  3.14159  0  -0.00233001  -0.0110401
-10.6814  3.14159  0  -0.00328718  -0.0181459
-8.16814  3.14159  0  -0.00490362  -0.0321853
-6.9115  3.14159  0  -0.00614174  -0.0443492
-5.65487  3.14159  0  -0.00784532  -0.062712
-4.39823  3.14159  0  -0.0102541  -0.0912849
-3.14159  3.14159  0  -0.0137348  -0.13783
-1.88496  3.14159  0  -0.0179681  -0.222016
-0.628319  3.14159  0  -0.00672422  -0.40746
0.628319  3.14159  0  -0.00676714  0.407457
1.88496  3.14159  0  -0.0179761  0.222012
3.14159  3.14159  0  -0.013738  0.137828
4.39823  3.14159  0  -0.0102557  0.0912832
5.65487  3.14159  0  -0.00784628  0.0627108
6.9115  3.14159  0  -0.00614236  0.0443483
8.16814  3.14159  0  -0.00490404  0.0321845
10.6814  3.14159  0  -0.0032874  0.0181454
15.708  3.14159  0  -0.00172663  0.00713981
33.3009  3.14159  0  -0.000427178  0.00090916
-54.6637  3.14159  3.14159  -0.000164777  -0.00021182
-27.0177  3.14159  3.14159  -0.0006807  -0.00162722
-13.1947  3.14159  3.14159  -0.00293522  -0.0107972
-10.6814  3.14159  3.14159  -0.004506  -0.0176524
-8.16814  3.14159  3.14159  -0.0076358  -0.0310365
-6.9115  3.14159  3.14159  -0.0104248  -0.0424798
-5.65487  3.14159  3.14159  -0.0147828  -0.0594578
-4.39823  3.14159  3.14159  -0.021866  -0.0848345
-3.14159  3.14159  3.14159  -0.0338222  -0.121258
-1.88496  3.14159  3.14159  -0.0544222  -0.16121
-0.628319  3.14159  3.14159  -0.0865475  -0.136989
0.628319  3.14159  3.14159  -0.0865536  0.136988
1.88496  3.14159  3.14159  -0.054427  0.161209
3.14159  3.14159  3.14159  -0.0338247  0.121257
4.39823  3.14159  3.14159  -0.0218673  0.0848332
5.65487  3.14159  3.14159  -0.0147835  0.0594567
6.9115  3.14159  3.14159  -0.0104253  0.0424789
8.16814  3.14159  3.14159  -0.00763612  0.0310358
10.6814  3.14159  3.14159  -0.00450617  0.0176519
15.708  3.14159  3.14159  -0.00205482  0.00700613
33.3009  3.14159  3.14159  -0.000446212  0.000898189
