-54.6637  0  0  -0.00024152  0.0127086
-27.0177  0  0  -0.00104086  0.0257476
-13.1947  0  0  -0.00479973  0.0523506
-10.6814  0  0  -0.00743228  0.0639633
-8.16814  0  0  -0.0125197  0.0812945
-6.9115  0  0  -0.0168603  0.0932407
-5.65487  0  0  -0.0233129  0.108102
-4.39823  0  0  -0.0330584  0.125931
-3.14159  0  0  -0.0477074  0.144155
-1.88496  0  0  -0.0681534  0.149649
-0.628319  0  0  -0.0882856  0.0959449
0.628319  0  0  -0.0882858  -0.0959451
1.88496  0  0  -0.0681536  -0.149649
3.14159  0  0  -0.0477076  -0.144155
4.39823  0  0  -0.0330585  -0.125931
5.65487  0  0  -0.0233131  -0.108102
6.9115  0  0  -0.0168604  -0.0932407
8.16814  0  0  -0.0125198  -0.0812944
10.6814  0  0  -0.00743236  -0.0639633
15.708  0  0  -0.00331415  -0.0441708
33.3009  0  0  -0.000670955  -0.0208813
-54.6637  0  3.14159  -6.15648e-05  0.0127147
-27.0177  0  3.14159  -0.00026291  0.0258018
-13.1947  0  3.14159  -0.00120456  0.0528278
-10.6814  0  3.14159  -0.00187309  0.0647991
-8.16814  0  3.14159  -0.0031912  0.0828424
-6.9115  0  3.14159  -0.00434331  0.0953996
-5.65487  0  3.14159  -0.00611058  0.111236
-4.39823  0  3.14159  -0.0089608  0.131038
-3.14159  0  3.14159  -0.0140247  0.155003
-1.88496  0  3.14159  -0.0250218  0.18133
-0.628319  0  3.14159  -0.0559558  0.190476
0.628319  0  3.14159  -0.0559565  -0.190476
1.88496  0  3.14159  -0.0250223  -0.18133
3.14159  0  3.14159  -0.0140249  -0.155003
4.39823  0  3.14159  -0.00896101  -0.131038
5.65487  0  3.14159  -0.00611074  -0.111236
6.9115  0  3.14159  -0.00434343  -0.0953996
8.16814  0  3.14159  -0.00319131  -0.0828424
10.6814  0  3.14159  -0.00187318  -0.0647991
15.708  0  3.14159  -0.000831266  -0.0444596
33.3009  0  3.14159  -0.00017007  -0.0209094
-54.6637  3.14159  0  -6.15648e-05  0.0127147
-27.0177  3.14159  0  -0.00026291  0.0258018
-13.1947  3.14159  0  -0.00120456  0.0528278
-10.6814  3.14159  0  -0.00187309  0.0647991
-8.16814  3.14159  0  -0.0031912  0.0828424
-6.9115  3.14159  0  -0.00434331  0.0953996
-5.65487  3.14159  0  -0.00611058  0.111236
-4.39823  3.14159  0  -0.0089608  0.131038
-3.14159  3.14159  0  -0.0140247  0.155003
-1.88496  3.14159  0  -0.0250218  0.18133
-0.628319  3.14159  0  -0.0559558  0.190476
0.628319  3.14159  0  -0.0559565  -0.190476
1.88496  3.14159  0  -0.0250223  -0.18133
3.14159  3.14159  0  -0.0140249  -0.155003
4.39823  3.14159  0  -0.00896101  -0.131038
5.65487  3.14159  0  -0.00611074  -0.111236
6.9115  3.14159  0  -0.00434343  -0.0953996
8.16814  3.14159  0  -0.00319131  -0.0828424
10.6814  3.14159  0  -0.00187318  -0.0647991
15.708  3.14159  0  -0.000831266  -0.0444596
33.3009  3.14159  0  -0.00017007  -0.0209094
-54.6637  3.14159  3.14159  0.000119088  0.0127121
-27.0177  3.14159  3.14159  0.000525973  0.0257799
-13.1947  3.14159  3.14159  0.00252805  0.0526598
-10.6814  3.14159  3.14159  0.00393504  0.0645307
-8.16814  3.14159  3.14159  0.00657561  0.0824228
-6.9115  3.14159  3.14159  0.00871517  0.0948746
-5.65487  3.14159  3.14159  0.0116785  0.110493
-4.39823  3.14159  3.14159  0.015662  0.129419
-3.14159  3.14159  3.14159  0.0206826  0.149078
-1.88496  3.14159  3.14159  0.0265541  0.155837
-0.628319  3.14159  3.14159  0.0341966  0.100879
0.628319  3.14159  3.14159  0.0341964  -0.100879
1.88496  3.14159  3.14159  0.0265539  -0.155838
3.14159  3.14159  3.14159  0.0206824  -0.149078
4.39823  3.14159  3.14159  0.0156618  -0.129419
5.65487  3.14159  3.14159  0.0116783  -0.110493
6.9115  3.14159  3.14159  0.00871505  -0.0948746
8.16814  3.14159  3.14159  0.0065755  -0.0824228
10.6814  3.14159  3.14159  0.00393496  -0.0645307
15.708  3.14159  3.14159  0.00173015  -0.0443524
33.3009  3.14159  3.14159  0.000335677  -0.0208979
