-54.6637  0  0  -0.00147741  0.0407428
-27.0177  0  0  -0.00570141  0.080324
-13.1947  0  0  -0.0193878  0.149625
-10.6814  0  0  -0.0262799  0.174854
-8.16814  0  0  -0.036732  0.207285
-6.9115  0  0  -0.0438505  0.226194
-5.65487  0  0  -0.0525308  0.245818
-4.39823  0  0  -0.0628451  0.262997
-3.14159  0  0  -0.0744317  0.268988
-1.88496  0  0  -0.0858758  0.241044
-0.628319  0  0  -0.0936278  0.127763
0.628319  0  0  -0.0936077  -0.127769
1.88496  0  0  -0.0858557  -0.241048
3.14159  0  0  -0.0744185  -0.268991
4.39823  0  0  -0.0628369  -0.262999
5.65487  0  0  -0.0525258  -0.245819
6.9115  0  0  -0.0438473  -0.226195
8.16814  0  0  -0.0367299  -0.207285
10.6814  0  0  -0.0262789  -0.174854
15.708  0  0  -0.0147392  -0.130058
33.3009  0  0  -0.00385234  -0.0659231
-54.6637  0  3.14159  -0.000137075  0.0407451
-27.0177  0  3.14159  -0.000537604  0.0803224
-13.1947  0  3.14159  -0.00192764  0.149255
-10.6814  0  3.14159  -0.00268698  0.174019
-8.16814  0  3.14159  -0.00393093  0.205418
-6.9115  0  3.14159  -0.00485812  0.22353
-5.65487  0  3.14159  -0.00611005  0.242449
-4.39823  0  3.14159  -0.00786652  0.260349
-3.14159  0  3.14159  -0.0105309  0.273345
-1.88496  0  3.14159  -0.0152638  0.273129
-0.628319  0  3.14159  -0.0257851  0.229783
0.628319  0  3.14159  -0.0256951  -0.229795
1.88496  0  3.14159  -0.0152426  -0.273133
3.14159  0  3.14159  -0.010521  -0.273348
4.39823  0  3.14159  -0.00786087  -0.260351
5.65487  0  3.14159  -0.0061065  -0.24245
6.9115  0  3.14159  -0.00485576  -0.223531
8.16814  0  3.14159  -0.0039293  -0.205418
10.6814  0  3.14159  -0.00268613  -0.174019
15.708  0  3.14159  -0.00143871  -0.12989
33.3009  0  3.14159  -0.00036075  -0.0659268
-54.6637  3.14159  0  -0.000137075  0.0407451
-27.0177  3.14159  0  -0.000537604  0.0803224
-13.1947  3.14159  0  -0.00192764  0.149255
-10.6814  3.14159  0  -0.00268698  0.174019
-8.16814  3.14159  0  -0.00393093  0.205418
-6.9115  3.14159  0  -0.00485812  0.22353
-5.65487  3.14159  0  -0.00611005  0.242449
-4.39823  3.14159  0  -0.00786652  0.260349
-3.14159  3.14159  0  -0.0105309  0.273345
-1.88496  3.14159  0  -0.0152638  0.273129
-0.628319  3.14159  0  -0.0257851  0.229783
0.628319  3.14159  0  -0.0256951  -0.229795
1.88496  3.14159  0  -0.0152426  -0.273133
3.14159  3.14159  0  -0.010521  -0.273348
4.39823  3.14159  0  -0.00786087  -0.260351
5.65487  3.14159  0  -0.0061065  -0.24245
6.9115  3.14159  0  -0.00485576  -0.223531
8.16814  3.14159  0  -0.0039293  -0.205418
10.6814  3.14159  0  -0.00268613  -0.174019
15.708  3.14159  0  -0.00143871  -0.12989
33.3009  3.14159  0  -0.00036075  -0.0659268
-54.6637  3.14159  3.14159  0.00120263  0.0407492
-27.0177  3.14159  3.14159  0.00461574  0.0803713
-13.1947  3.14159  3.14159  0.0153721  0.149891
-10.6814  3.14159  3.14159  0.020574  0.175247
-8.16814  3.14159  3.14159  0.0281116  0.20787
-6.9115  3.14159  3.14159  0.0329514  0.226899
-5.65487  3.14159  3.14159  0.0384577  0.246643
-4.39823  3.14159  3.14159  0.0443069  0.263912
-3.14159  3.14159  3.14159  0.0497386  0.269898
-1.88496  3.14159  3.14159  0.0535911  0.241764
-0.628319  3.14159  3.14159  0.0553084  0.128045
0.628319  3.14159  3.14159  0.0553285  -0.128053
1.88496  3.14159  3.14159  0.0536112  -0.24177
3.14159  3.14159  3.14159  0.0497519  -0.269902
4.39823  3.14159  3.14159  0.044315  -0.263914
5.65487  3.14159  3.14159  0.0384627  -0.246645
6.9115  3.14159  3.14159  0.0329546  -0.2269
8.16814  3.14159  3.14159  0.0281137  -0.207871
10.6814  3.14159  3.14159  0.020575  -0.175247
15.708  3.14159  3.14159  0.011777  -0.130241
33.3009  3.14159  3.14159  0.00312628  -0.0659498
