-54.6637  0  0  -0.00191075  0.0398002
-27.0177  0  0  -0.00740709  0.0783431
-13.1947  0  0  -0.0256266  0.145199
-10.6814  0  0  -0.0350966  0.169238
-8.16814  0  0  -0.0499406  0.199793
-6.9115  0  0  -0.0604507  0.217348
-5.65487  0  0  -0.0737966  0.235222
-4.39823  0  0  -0.0905599  0.250197
-3.14159  0  0  -0.110814  0.253744
-1.88496  0  0  -0.132584  0.224572
-0.628319  0  0  -0.148336  0.11678
0.628319  0  0  -0.148336  -0.11678
1.88496  0  0  -0.132584  -0.224572
3.14159  0  0  -0.110814  -0.253744
4.39823  0  0  -0.09056  -0.250197
5.65487  0  0  -0.0737966  -0.235222
6.9115  0  0  -0.0604507  -0.217348
8.16814  0  0  -0.0499406  -0.199793
10.6814  0  0  -0.0350966  -0.169238
15.708  0  0  -0.0193598  -0.126428
33.3009  0  0  -0.00499479  -0.0643412
-54.6637  0  3.14159  -0.000578253  0.0398124
-27.0177  0  3.14159  -0.00226307  0.0784132
-13.1947  0  3.14159  -0.00805586  0.145215
-10.6814  0  3.14159  -0.0111828  0.168961
-8.16814  0  3.14159  -0.0162436  0.198697
-6.9115  0  3.14159  -0.0199629  0.215525
-5.65487  0  3.14159  -0.024909  0.232605
-4.39823  0  3.14159  -0.0316927  0.247657
-3.14159  0  3.14159  -0.0416136  0.255656
-1.88496  0  3.14159  -0.0580153  0.244885
-0.628319  0  3.14159  -0.0878319  0.176407
0.628319  0  3.14159  -0.087832  -0.176407
1.88496  0  3.14159  -0.0580153  -0.244885
3.14159  0  3.14159  -0.0416136  -0.255656
4.39823  0  3.14159  -0.0316927  -0.247657
5.65487  0  3.14159  -0.024909  -0.232605
6.9115  0  3.14159  -0.019963  -0.215525
8.16814  0  3.14159  -0.0162436  -0.198697
10.6814  0  3.14159  -0.0111827  -0.168961
15.708  0  3.14159  -0.00602923  -0.126531
33.3009  0  3.14159  -0.00151983  -0.0643855
-54.6637  3.14159  0  -0.000578253  0.0398124
-27.0177  3.14159  0  -0.00226307  0.0784132
-13.1947  3.14159  0  -0.00805586  0.145215
-10.6814  3.14159  0  -0.0111828  0.168961
-8.16814  3.14159  0  -0.0162436  0.198697
-6.9115  3.14159  0  -0.0199629  0.215525
-5.65487  3.14159  0  -0.024909  0.232605
-4.39823  3.14159  0  -0.0316927  0.247657
-3.14159  3.14159  0  -0.0416136  0.255656
-1.88496  3.14159  0  -0.0580153  0.244885
-0.628319  3.14159  0  -0.0878319  0.176407
0.628319  3.14159  0  -0.087832  -0.176407
1.88496  3.14159  0  -0.0580153  -0.244885
3.14159  3.14159  0  -0.0416136  -0.255656
4.39823  3.14159  0  -0.0316927  -0.247657
5.65487  3.14159  0  -0.024909  -0.232605
6.9115  3.14159  0  -0.019963  -0.215525
8.16814  3.14159  0  -0.0162436  -0.198697
10.6814  3.14159  0  -0.0111827  -0.168961
15.708  3.14159  0  -0.00602923  -0.126531
33.3009  3.14159  0  -0.00151983  -0.0643855
-54.6637  3.14159  3.14159  0.000751624  0.0398298
-27.0177  3.14159  3.14159  0.00283765  0.0785601
-13.1947  3.14159  3.14159  0.00884604  0.146414
-10.6814  3.14159  3.14159  0.0113447  0.17104
-8.16814  3.14159  3.14159  0.0142845  0.202473
-6.9115  3.14159  3.14159  0.0155847  0.220572
-5.65487  3.14159  3.14159  0.01624  0.238996
-4.39823  3.14159  3.14159  0.0154171  0.254377
-3.14159  3.14159  3.14159  0.0119317  0.257899
-1.88496  3.14159  3.14159  0.00521032  0.227848
-0.628319  3.14159  3.14159  -0.00127906  0.11805
0.628319  3.14159  3.14159  -0.00127907  -0.11805
1.88496  3.14159  3.14159  0.00521031  -0.227848
3.14159  3.14159  3.14159  0.0119317  -0.257899
4.39823  3.14159  3.14159  0.0154171  -0.254377
5.65487  3.14159  3.14159  0.01624  -0.238996
6.9115  3.14159  3.14159  0.0155847  -0.220572
8.16814  3.14159  3.14159  0.0142845  -0.202473
10.6814  3.14159  3.14159  0.0113447  -0.17104
15.708  3.14159  3.14159  0.00694797  -0.127266
33.3009  3.14159  3.14159  0.00193627  -0.0644635
