-54.6637  0  0  5.83341e-05  -0.0137173
-27.0177  0  0  0.000317875  -0.0278471
-13.1947  0  0  0.00216688  -0.0570147
-10.6814  0  0  0.00373962  -0.06992
-8.16814  0  0  0.00708006  -0.0893814
-6.9115  0  0  0.0101232  -0.102933
-5.65487  0  0  0.0148603  -0.119951
-4.39823  0  0  0.022358  -0.140632
-3.14159  0  0  0.034232  -0.162283
-1.88496  0  0  0.0520619  -0.170186
-0.628319  0  0  0.0728024  -0.110547
0.628319  0  0  0.0727906  0.110551
1.88496  0  0  0.052049  0.170187
3.14159  0  0  0.0342224  0.162282
4.39823  0  0  0.0223507  0.140631
5.65487  0  0  0.0148545  0.11995
6.9115  0  0  0.0101184  0.102933
8.16814  0  0  0.007076  0.0893807
10.6814  0  0  0.00373653  0.0699195
15.708  0  0  0.00135594  0.0479891
33.3009  0  0  0.000186072  0.0225638
-54.6637  0  3.14159  -0.000135079  -0.0137146
-27.0177  0  3.14159  -0.00052238  -0.0278334
-13.1947  0  3.14159  -0.00177596  -0.0570467
-10.6814  0  3.14159  -0.00240176  -0.0700474
-8.16814  0  3.14159  -0.00333917  -0.0897744
-6.9115  0  3.14159  -0.00396912  -0.10364
-5.65487  0  3.14159  -0.00472948  -0.121364
-4.39823  0  3.14159  -0.00562295  -0.144099
-3.14159  0  3.14159  -0.00656586  -0.173203
-1.88496  0  3.14159  -0.0068067  -0.210593
-0.628319  0  3.14159  -5.22603e-05  -0.25127
0.628319  0  3.14159  -0.000110709  0.251269
1.88496  0  3.14159  -0.00682419  0.210591
3.14159  0  3.14159  -0.00657619  0.173201
4.39823  0  3.14159  -0.00563032  0.144098
5.65487  0  3.14159  -0.00473522  0.121362
6.9115  0  3.14159  -0.00397381  0.103639
8.16814  0  3.14159  -0.00334315  0.0897736
10.6814  0  3.14159  -0.0024048  0.0700468
15.708  0  3.14159  -0.00135335  0.0479861
33.3009  0  3.14159  -0.000353721  0.0225546
-54.6637  3.14159  0  -0.000135079  -0.0137146
-27.0177  3.14159  0  -0.00052238  -0.0278334
-13.1947  3.14159  0  -0.00177596  -0.0570467
-10.6814  3.14159  0  -0.00240176  -0.0700474
-8.16814  3.14159  0  -0.00333917  -0.0897744
-6.9115  3.14159  0  -0.00396912  -0.10364
-5.65487  3.14159  0  -0.00472948  -0.121364
-4.39823  3.14159  0  -0.00562295  -0.144099
-3.14159  3.14159  0  -0.00656586  -0.173203
-1.88496  3.14159  0  -0.0068067  -0.210593
-0.628319  3.14159  0  -5.22603e-05  -0.25127
0.628319  3.14159  0  -0.000110709  0.251269
1.88496  3.14159  0  -0.00682419  0.210591
3.14159  3.14159  0  -0.00657619  0.173201
4.39823  3.14159  0  -0.00563032  0.144098
5.65487  3.14159  0  -0.00473522  0.121362
6.9115  3.14159  0  -0.00397381  0.103639
8.16814  3.14159  0  -0.00334315  0.0897736
10.6814  3.14159  0  -0.0024048  0.0700468
15.708  3.14159  0  -0.00135335  0.0479861
33.3009  3.14159  0  -0.000353721  0.0225546
-54.6637  3.14159  3.14159  -0.00032802  -0.0136987
-27.0177  3.14159  3.14159  -0.00135555  -0.0277058
-13.1947  3.14159  3.14159  -0.0056179  -0.0561224
-10.6814  3.14159  3.14159  -0.00832473  -0.0685043
-8.16814  3.14159  3.14159  -0.0131831  -0.0870209
-6.9115  3.14159  3.14159  -0.017034  -0.0998374
-5.65487  3.14159  3.14159  -0.0223524  -0.115875
-4.39823  3.14159  3.14159  -0.0296082  -0.135323
-3.14159  3.14159  3.14159  -0.0390884  -0.155677
-1.88496  3.14159  3.14159  -0.0502948  -0.163094
-0.628319  3.14159  3.14159  -0.0609733  -0.106356
0.628319  3.14159  3.14159  -0.0609841  0.106357
1.88496  3.14159  3.14159  -0.0503056  0.163093
3.14159  3.14159  3.14159  -0.0390963  0.155676
4.39823  3.14159  3.14159  -0.0296141  0.135322
5.65487  3.14159  3.14159  -0.0223571  0.115874
6.9115  3.14159  3.14159  -0.017038  0.0998365
8.16814  3.14159  3.14159  -0.0131866  0.0870201
10.6814  3.14159  3.14159  -0.00832749  0.0685037
15.708  3.14159  3.14159  -0.00400927  0.0473994
33.3009  3.14159  3.14159  -0.000890324  0.0224854
