-54.6637  0  0  -0.00160923  0.0405732
-27.0177  0  0  -0.00622124  0.0799581
-13.1947  0  0  -0.0213004  0.148754
-10.6814  0  0  -0.0289905  0.17372
-8.16814  0  0  -0.0408103  0.20572
-6.9115  0  0  -0.0489915  0.224307
-5.65487  0  0  -0.0591423  0.243497
-4.39823  0  0  -0.0715048  0.260094
-3.14159  0  0  -0.0858718  0.265361
-1.88496  0  0  -0.100661  0.236847
-0.628319  0  0  -0.110985  0.12466
0.628319  0  0  -0.110982  -0.124666
1.88496  0  0  -0.100658  -0.236852
3.14159  0  0  -0.0858701  -0.265363
4.39823  0  0  -0.0715039  -0.260096
5.65487  0  0  -0.0591418  -0.243498
6.9115  0  0  -0.0489913  -0.224308
8.16814  0  0  -0.0408102  -0.205721
10.6814  0  0  -0.0289905  -0.17372
15.708  0  0  -0.0161533  -0.129356
33.3009  0  0  -0.00420024  -0.0656341
-54.6637  0  3.14159  -0.000269717  0.0405784
-27.0177  0  3.14159  -0.00105716  0.0799783
-13.1947  0  3.14159  -0.00378317  0.148506
-10.6814  0  3.14159  -0.00526771  0.173066
-8.16814  0  3.14159  -0.0076924  0.204124
-6.9115  0  3.14159  -0.00949368  0.221965
-5.65487  0  3.14159  -0.0119178  0.240488
-4.39823  0  3.14159  -0.0153031  0.257758
-3.14159  0  3.14159  -0.0204018  0.269604
-1.88496  0  3.14159  -0.0293145  0.266717
-0.628319  0  3.14159  -0.0479113  0.214856
0.628319  0  3.14159  -0.0478998  -0.214864
1.88496  0  3.14159  -0.029312  -0.26672
3.14159  0  3.14159  -0.0204009  -0.269606
4.39823  0  3.14159  -0.0153027  -0.25776
5.65487  0  3.14159  -0.0119176  -0.240489
6.9115  0  3.14159  -0.00949365  -0.221966
8.16814  0  3.14159  -0.00769242  -0.204124
10.6814  0  3.14159  -0.00526778  -0.173067
15.708  0  3.14159  -0.00282616  -0.129273
33.3009  0  3.14159  -0.000709565  -0.06565
-54.6637  3.14159  0  -0.000269717  0.0405784
-27.0177  3.14159  0  -0.00105716  0.0799783
-13.1947  3.14159  0  -0.00378317  0.148506
-10.6814  3.14159  0  -0.00526771  0.173066
-8.16814  3.14159  0  -0.0076924  0.204124
-6.9115  3.14159  0  -0.00949368  0.221965
-5.65487  3.14159  0  -0.0119178  0.240488
-4.39823  3.14159  0  -0.0153031  0.257758
-3.14159  3.14159  0  -0.0204018  0.269604
-1.88496  3.14159  0  -0.0293145  0.266717
-0.628319  3.14159  0  -0.0479113  0.214856
0.628319  3.14159  0  -0.0478998  -0.214864
1.88496  3.14159  0  -0.029312  -0.26672
3.14159  3.14159  0  -0.0204009  -0.269606
4.39823  3.14159  0  -0.0153027  -0.25776
5.65487  3.14159  0  -0.0119176  -0.240489
6.9115  3.14159  0  -0.00949365  -0.221966
8.16814  3.14159  0  -0.00769242  -0.204124
10.6814  3.14159  0  -0.00526778  -0.173067
15.708  3.14159  0  -0.00282616  -0.129273
33.3009  3.14159  0  -0.000709565  -0.06565
-54.6637  3.14159  3.14159  0.00106857  0.0405862
-27.0177  3.14159  3.14159  0.00408661  0.0800536
-13.1947  3.14159  3.14159  0.013422  0.149288
-10.6814  3.14159  3.14159  0.0178093  0.174513
-8.16814  3.14159  3.14159  0.0239519  0.206901
-6.9115  3.14159  3.14159  0.0277097  0.225728
-5.65487  3.14159  3.14159  0.0317217  0.245161
-4.39823  3.14159  3.14159  0.0354952  0.261939
-3.14159  3.14159  3.14159  0.0381184  0.267198
-1.88496  3.14159  3.14159  0.038601  0.238302
-0.628319  3.14159  3.14159  0.0377261  0.12523
0.628319  3.14159  3.14159  0.0377287  -0.125237
1.88496  3.14159  3.14159  0.0386037  -0.238306
3.14159  3.14159  3.14159  0.03812  -0.267201
4.39823  3.14159  3.14159  0.0354961  -0.261941
5.65487  3.14159  3.14159  0.0317222  -0.245162
6.9115  3.14159  3.14159  0.0277099  -0.225729
8.16814  3.14159  3.14159  0.023952  -0.206902
10.6814  3.14159  3.14159  0.0178092  -0.174513
15.708  3.14159  3.14159  0.0103359  -0.129725
33.3009  3.14159  3.14159  0.00277225  -0.0656879
