-54.6637  0  0  -0.000482937  0.0201474
-27.0177  0  0  -0.00197049  0.0405964
-13.1947  0  0  -0.00817188  0.0816917
-10.6814  0  0  -0.0123456  0.0996701
-8.16814  0  0  -0.0205319  0.126982
-6.9115  0  0  -0.0277707  0.14637
-5.65487  0  0  -0.0390468  0.171474
-4.39823  0  0  -0.0572998  0.203887
-3.14159  0  0  -0.0875916  0.242767
-1.88496  0  0  -0.136206  0.271218
-0.628319  0  0  -0.194603  0.19823
0.628319  0  0  -0.194603  -0.19823
1.88496  0  0  -0.136206  -0.271218
3.14159  0  0  -0.0875914  -0.242767
4.39823  0  0  -0.0572996  -0.203887
5.65487  0  0  -0.0390466  -0.171474
6.9115  0  0  -0.0277705  -0.14637
8.16814  0  0  -0.0205318  -0.126982
10.6814  0  0  -0.0123455  -0.0996701
15.708  0  0  -0.00579182  -0.0690892
33.3009  0  0  -0.0012988  -0.0329976
-54.6637  0  3.14159  -0.000113511  0.0201659
-27.0177  0  3.14159  -0.000463466  0.0407496
-13.1947  0  3.14159  -0.00193414  0.082987
-10.6814  0  3.14159  -0.00294224  0.102062
-8.16814  0  3.14159  -0.00497513  0.132013
-6.9115  0  3.14159  -0.00683955  0.154129
-5.65487  0  3.14159  -0.00988029  0.184069
-4.39823  0  3.14159  -0.0152283  0.22578
-3.14159  0  3.14159  -0.0258428  0.285325
-1.88496  0  3.14159  -0.0521644  0.370896
-0.628319  0  3.14159  -0.139633  0.464411
0.628319  0  3.14159  -0.139633  -0.464411
1.88496  0  3.14159  -0.052164  -0.370896
3.14159  0  3.14159  -0.0258426  -0.285325
4.39823  0  3.14159  -0.0152281  -0.22578
5.65487  0  3.14159  -0.00988008  -0.184069
6.9115  0  3.14159  -0.00683941  -0.154129
8.16814  0  3.14159  -0.00497499  -0.132013
10.6814  0  3.14159  -0.0029421  -0.102062
15.708  0  3.14159  -0.00136653  -0.0698628
33.3009  0  3.14159  -0.00030536  -0.0330796
-54.6637  3.14159  0  -0.000113511  0.0201659
-27.0177  3.14159  0  -0.000463466  0.0407496
-13.1947  3.14159  0  -0.00193414  0.082987
-10.6814  3.14159  0  -0.00294224  0.102062
-8.16814  3.14159  0  -0.00497513  0.132013
-6.9115  3.14159  0  -0.00683955  0.154129
-5.65487  3.14159  0  -0.00988029  0.184069
-4.39823  3.14159  0  -0.0152283  0.22578
-3.14159  3.14159  0  -0.0258428  0.285325
-1.88496  3.14159  0  -0.0521644  0.370896
-0.628319  3.14159  0  -0.139633  0.464411
0.628319  3.14159  0  -0.139633  -0.464411
1.88496  3.14159  0  -0.052164  -0.370896
3.14159  3.14159  0  -0.0258426  -0.285325
4.39823  3.14159  0  -0.0152281  -0.22578
5.65487  3.14159  0  -0.00988008  -0.184069
6.9115  3.14159  0  -0.00683941  -0.154129
8.16814  3.14159  0  -0.00497499  -0.132013
10.6814  3.14159  0  -0.0029421  -0.102062
15.708  3.14159  0  -0.00136653  -0.0698628
33.3009  3.14159  0  -0.00030536  -0.0330796
-54.6637  3.14159  3.14159  0.000256407  0.0201557
-27.0177  3.14159  3.14159  0.00105222  0.0406652
-13.1947  3.14159  3.14159  0.00446923  0.0822798
-10.6814  3.14159  3.14159  0.00684453  0.10076
-8.16814  3.14159  3.14159  0.011614  0.129276
-6.9115  3.14159  3.14159  0.0158957  0.149889
-5.65487  3.14159  3.14159  0.0225922  0.177082
-4.39823  3.14159  3.14159  0.0333342  0.213098
-3.14159  3.14159  3.14159  0.0507058  0.257984
-1.88496  3.14159  3.14159  0.0784832  0.294595
-0.628319  3.14159  3.14159  0.122547  0.22261
0.628319  3.14159  3.14159  0.122548  -0.22261
1.88496  3.14159  3.14159  0.0784834  -0.294595
3.14159  3.14159  3.14159  0.050706  -0.257984
4.39823  3.14159  3.14159  0.0333344  -0.213098
5.65487  3.14159  3.14159  0.0225924  -0.177082
6.9115  3.14159  3.14159  0.0158959  -0.149889
8.16814  3.14159  3.14159  0.0116141  -0.129276
10.6814  3.14159  3.14159  0.00684465  -0.10076
15.708  3.14159  3.14159  0.00313991  -0.0694394
33.3009  3.14159  3.14159  0.00069177  -0.0330343
