-54.6637  0  0  -0.00191246  0.0397963
-27.0177  0  0  -0.0074137  0.078334
-13.1947  0  0  -0.0256491  0.145173
-10.6814  0  0  -0.0351271  0.169202
-8.16814  0  0  -0.0499829  0.199736
-6.9115  0  0  -0.0605007  0.217273
-5.65487  0  0  -0.0738548  0.235122
-4.39823  0  0  -0.0906246  0.250058
-3.14159  0  0  -0.110877  0.253553
-1.88496  0  0  -0.132623  0.224343
-0.628319  0  0  -0.148331  0.116638
0.628319  0  0  -0.148331  -0.116638
1.88496  0  0  -0.132623  -0.224343
3.14159  0  0  -0.110877  -0.253553
4.39823  0  0  -0.0906246  -0.250058
5.65487  0  0  -0.0738548  -0.235122
6.9115  0  0  -0.0605007  -0.217273
8.16814  0  0  -0.0499829  -0.199736
10.6814  0  0  -0.0351271  -0.169202
15.708  0  0  -0.0193769  -0.126408
33.3009  0  0  -0.00499926  -0.0643343
-54.6637  0  3.14159  -0.000580109  0.0398085
-27.0177  0  3.14159  -0.00227024  0.0784047
-13.1947  0  3.14159  -0.00808014  0.145193
-10.6814  0  3.14159  -0.0112155  0.16893
-8.16814  0  3.14159  -0.0162889  0.198651
-6.9115  0  3.14159  -0.0200164  0.215466
-5.65487  0  3.14159  -0.024972  0.232526
-4.39823  0  3.14159  -0.0317662  0.247544
-3.14159  0  3.14159  -0.0416957  0.255476
-1.88496  0  3.14159  -0.0580836  0.244545
-0.628319  0  3.14159  -0.0877311  0.175733
0.628319  0  3.14159  -0.0877311  -0.175733
1.88496  0  3.14159  -0.0580836  -0.244545
3.14159  0  3.14159  -0.0416957  -0.255476
4.39823  0  3.14159  -0.0317662  -0.247544
5.65487  0  3.14159  -0.024972  -0.232526
6.9115  0  3.14159  -0.0200164  -0.215466
8.16814  0  3.14159  -0.0162889  -0.198651
10.6814  0  3.14159  -0.0112155  -0.16893
15.708  0  3.14159  -0.00604773  -0.126513
33.3009  0  3.14159  -0.00152468  -0.0643788
-54.6637  3.14159  0  -0.000580109  0.0398085
-27.0177  3.14159  0  -0.00227024  0.0784047
-13.1947  3.14159  0  -0.00808014  0.145193
-10.6814  3.14159  0  -0.0112155  0.16893
-8.16814  3.14159  0  -0.0162889  0.198651
-6.9115  3.14159  0  -0.0200164  0.215466
-5.65487  3.14159  0  -0.024972  0.232526
-4.39823  3.14159  0  -0.0317662  0.247544
-3.14159  3.14159  0  -0.0416957  0.255476
-1.88496  3.14159  0  -0.0580836  0.244545
-0.628319  3.14159  0  -0.0877311  0.175733
0.628319  3.14159  0  -0.0877311  -0.175733
1.88496  3.14159  0  -0.0580836  -0.244545
3.14159  3.14159  0  -0.0416957  -0.255476
4.39823  3.14159  0  -0.0317662  -0.247544
5.65487  3.14159  0  -0.024972  -0.232526
6.9115  3.14159  0  -0.0200164  -0.215466
8.16814  3.14159  0  -0.0162889  -0.198651
10.6814  3.14159  0  -0.0112155  -0.16893
15.708  3.14159  0  -0.00604773  -0.126513
33.3009  3.14159  0  -0.00152468  -0.0643788
-54.6637  3.14159  3.14159  0.000749618  0.039826
-27.0177  3.14159  3.14159  0.00282985  0.0785522
-13.1947  3.14159  3.14159  0.00881876  0.146394
-10.6814  3.14159  3.14159  0.0113073  0.171012
-8.16814  3.14159  3.14159  0.0142315  0.20243
-6.9115  3.14159  3.14159  0.0155215  0.220514
-5.65487  3.14159  3.14159  0.0161653  0.238915
-4.39823  3.14159  3.14159  0.0153322  0.25426
-3.14159  3.14159  3.14159  0.011845  0.25773
-1.88496  3.14159  3.14159  0.00514423  0.227636
-0.628319  3.14159  3.14159  -0.00130336  0.117914
0.628319  3.14159  3.14159  -0.00130336  -0.117914
1.88496  3.14159  3.14159  0.00514423  -0.227636
3.14159  3.14159  3.14159  0.011845  -0.25773
4.39823  3.14159  3.14159  0.0153322  -0.25426
5.65487  3.14159  3.14159  0.0161653  -0.238915
6.9115  3.14159  3.14159  0.0155215  -0.220514
8.16814  3.14159  3.14159  0.0142315  -0.20243
10.6814  3.14159  3.14159  0.0113073  -0.171012
15.708  3.14159  3.14159  0.00692742  -0.127251
33.3009  3.14159  3.14159  0.00193102  -0.0644572
