-54.6637  0  0  0.000111966  -0.0357703
-27.0177  0  0  0.000289915  -0.0696029
-13.1947  0  0  0.000488438  -0.124684
-10.6814  0  0  0.000540452  -0.143059
-8.16814  0  0  0.000823592  -0.165129
-6.9115  0  0  0.00132657  -0.177064
-5.65487  0  0  0.0025265  -0.188521
-4.39823  0  0  0.005271  -0.1973
-3.14159  0  0  0.0112124  -0.198493
-1.88496  0  0  0.0229001  -0.180838
-0.628319  0  0  0.0410649  -0.110393
0.628319  0  0  0.0407004  0.110441
1.88496  0  0  0.0222147  0.180861
3.14159  0  0  0.0104245  0.198503
4.39823  0  0  0.00450382  0.197305
5.65487  0  0  0.00182041  0.188524
6.9115  0  0  0.000688027  0.177066
8.16814  0  0  0.000247895  0.16513
10.6814  0  0  6.75859e-05  0.14306
15.708  0  0  0.00011658  0.109775
33.3009  0  0  5.69314e-05  0.0574482
-54.6637  0  3.14159  4.77573e-05  -0.0357968
-27.0177  0  3.14159  8.63219e-05  -0.0698332
-13.1947  0  3.14159  0.000100988  -0.126887
-10.6814  0  3.14159  7.2057e-05  -0.147347
-8.16814  0  3.14159  -1.44878e-05  -0.174817
-6.9115  0  3.14159  -0.000105402  -0.192651
-5.65487  0  3.14159  -0.000258192  -0.214868
-4.39823  0  3.14159  -0.000524799  -0.243996
-3.14159  0  3.14159  -0.00105308  -0.284527
-1.88496  0  3.14159  -0.00259188  -0.343322
-0.628319  0  3.14159  -0.012862  -0.389984
0.628319  0  3.14159  -0.0147881  0.39006
1.88496  0  3.14159  -0.00439567  0.343345
3.14159  0  3.14159  -0.00234408  0.284539
4.39823  0  3.14159  -0.00154443  0.244004
5.65487  0  3.14159  -0.00110009  0.214873
6.9115  0  3.14159  -0.00082285  0.192655
8.16814  0  3.14159  -0.000639233  0.174819
10.6814  0  3.14159  -0.000422569  0.147349
15.708  0  3.14159  -0.000238218  0.111042
33.3009  0  3.14159  -9.25107e-05  0.057569
-54.6637  3.14159  0  4.77573e-05  -0.0357968
-27.0177  3.14159  0  8.63219e-05  -0.0698332
-13.1947  3.14159  0  0.000100988  -0.126887
-10.6814  3.14159  0  7.2057e-05  -0.147347
-8.16814  3.14159  0  -1.44878e-05  -0.174817
-6.9115  3.14159  0  -0.000105402  -0.192651
-5.65487  3.14159  0  -0.000258192  -0.214868
-4.39823  3.14159  0  -0.000524799  -0.243996
-3.14159  3.14159  0  -0.00105308  -0.284527
-1.88496  3.14159  0  -0.00259188  -0.343322
-0.628319  3.14159  0  -0.012862  -0.389984
0.628319  3.14159  0  -0.0147881  0.39006
1.88496  3.14159  0  -0.00439567  0.343345
3.14159  3.14159  0  -0.00234408  0.284539
4.39823  3.14159  0  -0.00154443  0.244004
5.65487  3.14159  0  -0.00110009  0.214873
6.9115  3.14159  0  -0.00082285  0.192655
8.16814  3.14159  0  -0.000639233  0.174819
10.6814  3.14159  0  -0.000422569  0.147349
15.708  3.14159  0  -0.000238218  0.111042
33.3009  3.14159  0  -9.25107e-05  0.057569
-54.6637  3.14159  3.14159  -1.53344e-05  -0.0357687
-27.0177  3.14159  3.14159  -0.000115982  -0.0695897
-13.1947  3.14159  3.14159  -0.000299146  -0.124584
-10.6814  3.14159  3.14159  -0.000427078  -0.142887
-8.16814  3.14159  3.14159  -0.000932954  -0.164812
-6.9115  3.14159  3.14159  -0.00167316  -0.176624
-5.65487  3.14159  3.14159  -0.00327758  -0.187906
-4.39823  3.14159  3.14159  -0.00671279  -0.196445
-3.14159  3.14159  3.14159  -0.0138066  -0.197362
-1.88496  3.14159  3.14159  -0.0271748  -0.179554
-0.628319  3.14159  3.14159  -0.046766  -0.109588
0.628319  3.14159  3.14159  -0.0471437  0.109598
1.88496  3.14159  3.14159  -0.0278735  0.17958
3.14159  3.14159  3.14159  -0.0146059  0.197381
4.39823  3.14159  3.14159  -0.00748862  0.196458
5.65487  3.14159  3.14159  -0.00398979  0.187915
6.9115  3.14159  3.14159  -0.00231581  0.17663
8.16814  3.14159  3.14159  -0.00151146  0.164816
10.6814  3.14159  3.14159  -0.000901545  0.142889
15.708  3.14159  3.14159  -0.000587709  0.109713
33.3009  3.14159  3.14159  -0.000241807  0.0574412
