-54.6637  0  0  -0.00142868  0.0407795
-27.0177  0  0  -0.00550926  0.0804123
-13.1947  0  0  -0.0186807  0.149898
-10.6814  0  0  -0.0252779  0.175246
-8.16814  0  0  -0.0352249  0.207906
-6.9115  0  0  -0.0419513  0.227013
-5.65487  0  0  -0.0500898  0.24694
-4.39823  0  0  -0.0596507  0.264595
-3.14159  0  0  -0.0702193  0.271314
-1.88496  0  0  -0.0804506  0.244229
-0.628319  0  0  -0.0872882  0.130561
0.628319  0  0  -0.0872416  -0.13056
1.88496  0  0  -0.0804059  -0.244228
3.14159  0  0  -0.07019  -0.271312
4.39823  0  0  -0.0596327  -0.264594
5.65487  0  0  -0.0500785  -0.246939
6.9115  0  0  -0.041944  -0.227013
8.16814  0  0  -0.03522  -0.207905
10.6814  0  0  -0.0252754  -0.175246
15.708  0  0  -0.0142161  -0.13026
33.3009  0  0  -0.00372376  -0.0659898
-54.6637  0  3.14159  -8.84411e-05  0.0407806
-27.0177  0  3.14159  -0.000347094  0.0804021
-13.1947  0  3.14159  -0.00124686  0.149473
-10.6814  0  3.14159  -0.00173978  0.174323
-8.16814  0  3.14159  -0.0025494  0.205884
-6.9115  0  3.14159  -0.00315445  0.224136
-5.65487  0  3.14159  -0.00397335  0.243272
-4.39823  0  3.14159  -0.0051256  0.261538
-3.14159  0  3.14159  -0.00688048  0.275258
-1.88496  0  3.14159  -0.0100345  0.277004
-0.628319  0  3.14159  -0.0175495  0.242728
0.628319  0  3.14159  -0.0173347  -0.242731
1.88496  0  3.14159  -0.00999071  -0.277003
3.14159  0  3.14159  -0.00685837  -0.275257
4.39823  0  3.14159  -0.00511277  -0.261538
5.65487  0  3.14159  -0.00396513  -0.243272
6.9115  0  3.14159  -0.00314888  -0.224136
8.16814  0  3.14159  -0.00254547  -0.205884
10.6814  0  3.14159  -0.00173764  -0.174323
15.708  0  3.14159  -0.000929384  -0.130057
33.3009  0  3.14159  -0.000232808  -0.0659887
-54.6637  3.14159  0  -8.84411e-05  0.0407806
-27.0177  3.14159  0  -0.000347094  0.0804021
-13.1947  3.14159  0  -0.00124686  0.149473
-10.6814  3.14159  0  -0.00173978  0.174323
-8.16814  3.14159  0  -0.0025494  0.205884
-6.9115  3.14159  0  -0.00315445  0.224136
-5.65487  3.14159  0  -0.00397335  0.243272
-4.39823  3.14159  0  -0.0051256  0.261538
-3.14159  3.14159  0  -0.00688048  0.275258
-1.88496  3.14159  0  -0.0100345  0.277004
-0.628319  3.14159  0  -0.0175495  0.242728
0.628319  3.14159  0  -0.0173347  -0.242731
1.88496  3.14159  0  -0.00999071  -0.277003
3.14159  3.14159  0  -0.00685837  -0.275257
4.39823  3.14159  0  -0.00511277  -0.261538
5.65487  3.14159  0  -0.00396513  -0.243272
6.9115  3.14159  0  -0.00314888  -0.224136
8.16814  3.14159  0  -0.00254547  -0.205884
10.6814  3.14159  0  -0.00173764  -0.174323
15.708  3.14159  0  -0.000929384  -0.130057
33.3009  3.14159  0  -0.000232808  -0.0659887
-54.6637  3.14159  3.14159  0.00125138  0.0407835
-27.0177  3.14159  3.14159  0.00480818  0.0804421
-13.1947  3.14159  3.14159  0.0160812  0.150065
-10.6814  3.14159  3.14159  0.0215794  0.175493
-8.16814  3.14159  3.14159  0.0296242  0.208274
-6.9115  3.14159  3.14159  0.0348574  0.227456
-5.65487  3.14159  3.14159  0.0409064  0.247458
-4.39823  3.14159  3.14159  0.0475081  0.26517
-3.14159  3.14159  3.14159  0.053953  0.271885
-1.88496  3.14159  3.14159  0.0590074  0.244681
-0.628319  3.14159  3.14159  0.0616288  0.130738
0.628319  3.14159  3.14159  0.0616754  -0.130739
1.88496  3.14159  3.14159  0.0590521  -0.244682
3.14159  3.14159  3.14159  0.0539822  -0.271886
4.39823  3.14159  3.14159  0.0475261  -0.26517
5.65487  3.14159  3.14159  0.0409177  -0.247459
6.9115  3.14159  3.14159  0.0348647  -0.227456
8.16814  3.14159  3.14159  0.0296292  -0.208274
10.6814  3.14159  3.14159  0.0215818  -0.175493
15.708  3.14159  3.14159  0.0123016  -0.130376
33.3009  3.14159  3.14159  0.00325514  -0.0660067
