-54.6637  0  0  -0.000483526  0.0202008
-27.0177  0  0  -0.00197287  0.0407038
-13.1947  0  0  -0.00818135  0.0819063
-10.6814  0  0  -0.0123597  0.0999311
-8.16814  0  0  -0.0205546  0.127313
-6.9115  0  0  -0.0278009  0.146751
-5.65487  0  0  -0.0390889  0.171921
-4.39823  0  0  -0.0573626  0.204422
-3.14159  0  0  -0.0876946  0.243416
-1.88496  0  0  -0.136398  0.271972
-0.628319  0  0  -0.194952  0.198778
0.628319  0  0  -0.194952  -0.198778
1.88496  0  0  -0.136397  -0.271972
3.14159  0  0  -0.0876943  -0.243416
4.39823  0  0  -0.0573624  -0.204422
5.65487  0  0  -0.0390888  -0.171921
6.9115  0  0  -0.0278008  -0.146751
8.16814  0  0  -0.0205544  -0.127313
10.6814  0  0  -0.0123595  -0.0999311
15.708  0  0  -0.00579865  -0.0692712
33.3009  0  0  -0.00130038  -0.0330849
-54.6637  0  3.14159  -0.000113228  0.0202194
-27.0177  0  3.14159  -0.000462316  0.0408577
-13.1947  0  3.14159  -0.00192934  0.0832077
-10.6814  0  3.14159  -0.00293496  0.102334
-8.16814  0  3.14159  -0.00496298  0.132368
-6.9115  0  3.14159  -0.00682317  0.154547
-5.65487  0  3.14159  -0.00985762  0.184577
-4.39823  0  3.14159  -0.0151965  0.226429
-3.14159  0  3.14159  -0.0258001  0.286222
-1.88496  0  3.14159  -0.0521353  0.372343
-0.628319  0  3.14159  -0.140083  0.467424
0.628319  0  3.14159  -0.140083  -0.467424
1.88496  0  3.14159  -0.0521351  -0.372343
3.14159  0  3.14159  -0.0257998  -0.286222
4.39823  0  3.14159  -0.0151963  -0.226429
5.65487  0  3.14159  -0.00985744  -0.184577
6.9115  0  3.14159  -0.00682305  -0.154547
8.16814  0  3.14159  -0.00496286  -0.132368
10.6814  0  3.14159  -0.00293484  -0.102334
15.708  0  3.14159  -0.00136315  -0.0700485
33.3009  0  3.14159  -0.000304606  -0.0331674
-54.6637  3.14159  0  -0.000113228  0.0202194
-27.0177  3.14159  0  -0.000462316  0.0408577
-13.1947  3.14159  0  -0.00192934  0.0832077
-10.6814  3.14159  0  -0.00293496  0.102334
-8.16814  3.14159  0  -0.00496298  0.132368
-6.9115  3.14159  0  -0.00682317  0.154547
-5.65487  3.14159  0  -0.00985762  0.184577
-4.39823  3.14159  0  -0.0151965  0.226429
-3.14159  3.14159  0  -0.0258001  0.286222
-1.88496  3.14159  0  -0.0521353  0.372343
-0.628319  3.14159  0  -0.140083  0.467424
0.628319  3.14159  0  -0.140083  -0.467424
1.88496  3.14159  0  -0.0521351  -0.372343
3.14159  3.14159  0  -0.0257998  -0.286222
4.39823  3.14159  0  -0.0151963  -0.226429
5.65487  3.14159  0  -0.00985744  -0.184577
6.9115  3.14159  0  -0.00682305  -0.154547
8.16814  3.14159  0  -0.00496286  -0.132368
10.6814  3.14159  0  -0.00293484  -0.102334
15.708  3.14159  0  -0.00136315  -0.0700485
33.3009  3.14159  0  -0.000304606  -0.0331674
-54.6637  3.14159  3.14159  0.000257561  0.0202091
-27.0177  3.14159  3.14159  0.00105692  0.0407724
-13.1947  3.14159  3.14159  0.00448843  0.0824927
-10.6814  3.14159  3.14159  0.00687333  0.101018
-8.16814  3.14159  3.14159  0.0116615  0.1296
-6.9115  3.14159  3.14159  0.0159599  0.15026
-5.65487  3.14159  3.14159  0.0226827  0.177511
-4.39823  3.14159  3.14159  0.0334683  0.213604
-3.14159  3.14159  3.14159  0.0509146  0.258588
-1.88496  3.14159  3.14159  0.0788131  0.295294
-0.628319  3.14159  3.14159  0.123056  0.223134
0.628319  3.14159  3.14159  0.123056  -0.223134
1.88496  3.14159  3.14159  0.0788134  -0.295294
3.14159  3.14159  3.14159  0.0509149  -0.258588
4.39823  3.14159  3.14159  0.0334685  -0.213604
5.65487  3.14159  3.14159  0.0226829  -0.177511
6.9115  3.14159  3.14159  0.0159601  -0.15026
8.16814  3.14159  3.14159  0.0116616  -0.1296
10.6814  3.14159  3.14159  0.00687343  -0.101018
15.708  3.14159  3.14159  0.00315358  -0.0696203
33.3009  3.14159  3.14159  0.000694864  -0.0331216
