-54.6637  0  0  -0.000494973  0.0214814
-27.0177  0  0  -0.00201933  0.0432802
-13.1947  0  0  -0.00836882  0.0870633
-10.6814  0  0  -0.0126392  0.106208
-8.16814  0  0  -0.0210123  0.135285
-6.9115  0  0  -0.0284157  0.155926
-5.65487  0  0  -0.0399486  0.182659
-4.39823  0  0  -0.0586205  0.217195
-3.14159  0  0  -0.0896279  0.258692
-1.88496  0  0  -0.139542  0.289262
-0.628319  0  0  -0.200314  0.211561
0.628319  0  0  -0.200314  -0.211562
1.88496  0  0  -0.139543  -0.289262
3.14159  0  0  -0.0896283  -0.258692
4.39823  0  0  -0.0586208  -0.217195
5.65487  0  0  -0.0399488  -0.182659
6.9115  0  0  -0.0284159  -0.155926
8.16814  0  0  -0.0210126  -0.135285
10.6814  0  0  -0.0126394  -0.106208
15.708  0  0  -0.00593299  -0.0736405
33.3009  0  0  -0.00133118  -0.0351806
-54.6637  0  3.14159  -0.000102457  0.0215023
-27.0177  0  3.14159  -0.000418422  0.0434522
-13.1947  0  3.14159  -0.00174658  0.0885118
-10.6814  0  3.14159  -0.0026576  0.10888
-8.16814  0  3.14159  -0.00449801  0.14091
-6.9115  0  3.14159  -0.00619124  0.164624
-5.65487  0  3.14159  -0.00896588  0.196852
-4.39823  0  3.14159  -0.0138872  0.242103
-3.14159  0  3.14159  -0.0238002  0.307817
-1.88496  0  3.14159  -0.0490792  0.406549
-0.628319  0  3.14159  -0.139641  0.536392
0.628319  0  3.14159  -0.139644  -0.536393
1.88496  0  3.14159  -0.0490804  -0.406549
3.14159  0  3.14159  -0.0238009  -0.307817
4.39823  0  3.14159  -0.0138877  -0.242103
5.65487  0  3.14159  -0.00896625  -0.196852
6.9115  0  3.14159  -0.00619156  -0.164624
8.16814  0  3.14159  -0.00449827  -0.14091
10.6814  0  3.14159  -0.00265778  -0.10888
15.708  0  3.14159  -0.0012341  -0.0745065
33.3009  0  3.14159  -0.000275761  -0.0352727
-54.6637  3.14159  0  -0.000102457  0.0215023
-27.0177  3.14159  0  -0.000418422  0.0434522
-13.1947  3.14159  0  -0.00174658  0.0885118
-10.6814  3.14159  0  -0.0026576  0.10888
-8.16814  3.14159  0  -0.00449801  0.14091
-6.9115  3.14159  0  -0.00619124  0.164624
-5.65487  3.14159  0  -0.00896588  0.196852
-4.39823  3.14159  0  -0.0138872  0.242103
-3.14159  3.14159  0  -0.0238002  0.307817
-1.88496  3.14159  0  -0.0490792  0.406549
-0.628319  3.14159  0  -0.139641  0.536392
0.628319  3.14159  0  -0.139644  -0.536393
1.88496  3.14159  0  -0.0490804  -0.406549
3.14159  3.14159  0  -0.0238009  -0.307817
4.39823  3.14159  0  -0.0138877  -0.242103
5.65487  3.14159  0  -0.00896625  -0.196852
6.9115  3.14159  0  -0.00619156  -0.164624
8.16814  3.14159  0  -0.00449827  -0.14091
10.6814  3.14159  0  -0.00265778  -0.10888
15.708  3.14159  0  -0.0012341  -0.0745065
33.3009  3.14159  0  -0.000275761  -0.0352727
-54.6637  3.14159  3.14159  0.000290552  0.0214889
-27.0177  3.14159  3.14159  0.00119111  0.0433421
-13.1947  3.14159  3.14159  0.00503774  0.0875902
-10.6814  3.14159  3.14159  0.00769766  0.107182
-8.16814  3.14159  3.14159  0.0130228  0.137334
-6.9115  3.14159  3.14159  0.0177993  0.159069
-5.65487  3.14159  3.14159  0.0252809  0.187669
-4.39823  3.14159  3.14159  0.037344  0.225441
-3.14159  3.14159  3.14159  0.0570544  0.27238
-1.88496  3.14159  3.14159  0.0889472  0.31049
-0.628319  3.14159  3.14159  0.139002  0.234131
0.628319  3.14159  3.14159  0.139001  -0.234132
1.88496  3.14159  3.14159  0.0889467  -0.31049
3.14159  3.14159  3.14159  0.057054  -0.27238
4.39823  3.14159  3.14159  0.0373436  -0.225441
5.65487  3.14159  3.14159  0.0252807  -0.187669
6.9115  3.14159  3.14159  0.017799  -0.159069
8.16814  3.14159  3.14159  0.0130226  -0.137334
10.6814  3.14159  3.14159  0.00769748  -0.107182
15.708  3.14159  3.14159  0.00354456  -0.0739545
33.3009  3.14159  3.14159  0.000783348  -0.0352137
