-54.6637  0  0  1.88979e-05  -0.0197941
-27.0177  0  0  -7.53102e-05  -0.0379306
-13.1947  0  0  -0.00164956  -0.0649757
-10.6814  0  0  -0.00301679  -0.0731071
-8.16814  0  0  -0.00557167  -0.0822996
-6.9115  0  0  -0.00748234  -0.0871189
-5.65487  0  0  -0.00974204  -0.0918963
-4.39823  0  0  -0.0117424  -0.0963838
-3.14159  0  0  -0.0114485  -0.0998443
-1.88496  0  0  -0.00395688  -0.0979447
-0.628319  0  0  0.0151562  -0.0662295
0.628319  0  0  0.0151562  0.0662294
1.88496  0  0  -0.00395683  0.0979447
3.14159  0  0  -0.0114485  0.0998443
4.39823  0  0  -0.0117424  0.0963838
5.65487  0  0  -0.00974202  0.0918963
6.9115  0  0  -0.00748231  0.0871189
8.16814  0  0  -0.00557165  0.0822996
10.6814  0  0  -0.00301686  0.073107
15.708  0  0  -0.00092368  0.058033
33.3009  0  0  -8.36083e-06  0.0315146
-54.6637  0  3.14159  -6.03792e-05  -0.0197854
-27.0177  0  3.14159  -0.000351744  -0.0378644
-13.1947  0  3.14159  -0.00245308  -0.0646431
-10.6814  0  3.14159  -0.00417214  -0.0727297
-8.16814  0  3.14159  -0.00766117  -0.0822163
-6.9115  0  3.14159  -0.0107057  -0.0876439
-5.65487  0  3.14159  -0.0152928  -0.0938351
-4.39823  0  3.14159  -0.0224152  -0.101431
-3.14159  0  3.14159  -0.0340412  -0.111825
-1.88496  0  3.14159  -0.0540221  -0.128123
-0.628319  0  3.14159  -0.0799301  -0.152517
0.628319  0  3.14159  -0.07993  0.152518
1.88496  0  3.14159  -0.054022  0.128123
3.14159  0  3.14159  -0.0340411  0.111825
4.39823  0  3.14159  -0.0224151  0.101431
5.65487  0  3.14159  -0.0152928  0.0938351
6.9115  0  3.14159  -0.0107057  0.0876439
8.16814  0  3.14159  -0.00766114  0.0822163
10.6814  0  3.14159  -0.0041722  0.0727297
15.708  0  3.14159  -0.00154435  0.0577837
33.3009  0  3.14159  -0.000203223  0.0314778
-54.6637  3.14159  0  -6.03792e-05  -0.0197854
-27.0177  3.14159  0  -0.000351744  -0.0378644
-13.1947  3.14159  0  -0.00245308  -0.0646431
-10.6814  3.14159  0  -0.00417214  -0.0727297
-8.16814  3.14159  0  -0.00766117  -0.0822163
-6.9115  3.14159  0  -0.0107057  -0.0876439
-5.65487  3.14159  0  -0.0152928  -0.0938351
-4.39823  3.14159  0  -0.0224152  -0.101431
-3.14159  3.14159  0  -0.0340412  -0.111825
-1.88496  3.14159  0  -0.0540221  -0.128123
-0.628319  3.14159  0  -0.0799301  -0.152517
0.628319  3.14159  0  -0.07993  0.152518
1.88496  3.14159  0  -0.054022  0.128123
3.14159  3.14159  0  -0.0340411  0.111825
4.39823  3.14159  0  -0.0224151  0.101431
5.65487  3.14159  0  -0.0152928  0.0938351
6.9115  3.14159  0  -0.0107057  0.0876439
8.16814  3.14159  0  -0.00766114  0.0822163
10.6814  3.14159  0  -0.0041722  0.0727297
15.708  3.14159  0  -0.00154435  0.0577837
33.3009  3.14159  0  -0.000203223  0.0314778
-54.6637  3.14159  3.14159  -0.000139282  -0.0197599
-27.0177  3.14159  3.14159  -0.000623334  -0.0376506
-13.1947  3.14159  3.14159  -0.00321159  -0.0628368
-10.6814  3.14159  3.14159  -0.00525454  -0.0694645
-8.16814  3.14159  3.14159  -0.00959416  -0.075686
-6.9115  3.14159  3.14159  -0.0135927  -0.0780358
-5.65487  3.14159  3.14159  -0.0198484  -0.0793817
-4.39823  3.14159  3.14159  -0.0295867  -0.0793934
-3.14159  3.14159  3.14159  -0.0439058  -0.0780197
-1.88496  3.14159  3.14159  -0.0615128  -0.0741289
-0.628319  3.14159  3.14159  -0.0745096  -0.0521493
0.628319  3.14159  3.14159  -0.0745095  0.0521493
1.88496  3.14159  3.14159  -0.0615127  0.0741289
3.14159  3.14159  3.14159  -0.0439058  0.0780197
4.39823  3.14159  3.14159  -0.0295867  0.0793934
5.65487  3.14159  3.14159  -0.0198484  0.0793817
6.9115  3.14159  3.14159  -0.0135926  0.0780358
8.16814  3.14159  3.14159  -0.00959407  0.0756859
10.6814  3.14159  3.14159  -0.0052546  0.0694645
15.708  3.14159  3.14159  -0.00213662  0.0566966
33.3009  3.14159  3.14159  -0.000395922  0.0313641
