-54.6637  0  0  -0.00138945  0.0408008
-27.0177  0  0  -0.00535485  0.080476
-13.1947  0  0  -0.0181124  0.15018
-10.6814  0  0  -0.0244726  0.175696
-8.16814  0  0  -0.0340136  0.208709
-6.9115  0  0  -0.0404249  0.228146
-5.65487  0  0  -0.0481275  0.248606
-4.39823  0  0  -0.057082  0.26715
-3.14159  0  0  -0.0668306  0.275319
-1.88496  0  0  -0.0760869  0.250124
-0.628319  0  0  -0.0821837  0.136053
0.628319  0  0  -0.0820862  -0.136028
1.88496  0  0  -0.0759998  -0.250105
3.14159  0  0  -0.0667747  -0.275306
4.39823  0  0  -0.0570477  -0.267141
5.65487  0  0  -0.048106  -0.2486
6.9115  0  0  -0.0404109  -0.228141
8.16814  0  0  -0.0340041  -0.208706
10.6814  0  0  -0.0244677  -0.175694
15.708  0  0  -0.0137953  -0.130452
33.3009  0  0  -0.00362065  -0.0660343
-54.6637  0  3.14159  -4.96947e-05  0.040801
-27.0177  0  3.14159  -0.000195419  0.0804583
-13.1947  0  3.14159  -0.000704716  0.149699
-10.6814  0  3.14159  -0.000985339  0.174673
-8.16814  0  3.14159  -0.00144868  0.206483
-6.9115  0  3.14159  -0.00179674  0.224956
-5.65487  0  3.14159  -0.00226987  0.244443
-4.39823  0  3.14159  -0.00293889  0.263315
-3.14159  0  3.14159  -0.00396367  0.27825
-1.88496  0  3.14159  -0.00584118  0.28341
-0.628319  0  3.14159  -0.0109851  0.269154
0.628319  0  3.14159  -0.0105054  -0.26913
1.88496  0  3.14159  -0.00577245  -0.283397
3.14159  0  3.14159  -0.00392244  -0.278242
4.39823  0  3.14159  -0.00291463  -0.263309
5.65487  0  3.14159  -0.0022542  -0.244439
6.9115  0  3.14159  -0.00178608  -0.224953
8.16814  0  3.14159  -0.00144113  -0.206481
10.6814  0  3.14159  -0.000981163  -0.174672
15.708  0  3.14159  -0.000523456  -0.130214
33.3009  0  3.14159  -0.000131007  -0.0660292
-54.6637  3.14159  0  -4.96947e-05  0.040801
-27.0177  3.14159  0  -0.000195419  0.0804583
-13.1947  3.14159  0  -0.000704716  0.149699
-10.6814  3.14159  0  -0.000985339  0.174673
-8.16814  3.14159  0  -0.00144868  0.206483
-6.9115  3.14159  0  -0.00179674  0.224956
-5.65487  3.14159  0  -0.00226987  0.244443
-4.39823  3.14159  0  -0.00293889  0.263315
-3.14159  3.14159  0  -0.00396367  0.27825
-1.88496  3.14159  0  -0.00584118  0.28341
-0.628319  3.14159  0  -0.0109851  0.269154
0.628319  3.14159  0  -0.0105054  -0.26913
1.88496  3.14159  0  -0.00577245  -0.283397
3.14159  3.14159  0  -0.00392244  -0.278242
4.39823  3.14159  0  -0.00291463  -0.263309
5.65487  3.14159  0  -0.0022542  -0.244439
6.9115  3.14159  0  -0.00178608  -0.224953
8.16814  3.14159  0  -0.00144113  -0.206481
10.6814  3.14159  0  -0.000981163  -0.174672
15.708  3.14159  0  -0.000523456  -0.130214
33.3009  3.14159  0  -0.000131007  -0.0660292
-54.6637  3.14159  3.14159  0.00128982  0.0408029
-27.0177  3.14159  3.14159  0.00495997  0.0804917
-13.1947  3.14159  3.14159  0.0166408  0.150268
-10.6814  3.14159  3.14159  0.0223729  0.175827
-8.16814  3.14159  3.14159  0.0308188  0.208904
-6.9115  3.14159  3.14159  0.036363  0.228381
-5.65487  3.14159  3.14159  0.0428413  0.248881
-4.39823  3.14159  3.14159  0.0500378  0.267454
-3.14159  3.14159  3.14159  0.0572818  0.27562
-1.88496  3.14159  3.14159  0.0632789  0.250361
-0.628319  3.14159  3.14159  0.0666121  0.136143
0.628319  3.14159  3.14159  0.0667095  -0.136128
1.88496  3.14159  3.14159  0.0633659  -0.250351
3.14159  3.14159  3.14159  0.0573376  -0.275614
4.39823  3.14159  3.14159  0.050072  -0.26745
5.65487  3.14159  3.14159  0.0428628  -0.248878
6.9115  3.14159  3.14159  0.036377  -0.228379
8.16814  3.14159  3.14159  0.0308283  -0.208903
10.6814  3.14159  3.14159  0.0223778  -0.175827
15.708  3.14159  3.14159  0.0127158  -0.130514
33.3009  3.14159  3.14159  0.00335688  -0.0660434
