-54.6637  0  0  -0.000246984  0.0123538
-27.0177  0  0  -0.0010643  0.0250317
-13.1947  0  0  -0.00490642  0.0508967
-10.6814  0  0  -0.00759723  0.0621769
-8.16814  0  0  -0.0127995  0.0789875
-6.9115  0  0  -0.0172416  0.0905515
-5.65487  0  0  -0.0238513  0.104901
-4.39823  0  0  -0.0338451  0.122039
-3.14159  0  0  -0.0488748  0.139387
-1.88496  0  0  -0.0698012  0.144186
-0.628319  0  0  -0.0902004  0.092058
0.628319  0  0  -0.0902004  -0.0920579
1.88496  0  0  -0.0698013  -0.144186
3.14159  0  0  -0.0488748  -0.139387
4.39823  0  0  -0.0338451  -0.122039
5.65487  0  0  -0.0238514  -0.104901
6.9115  0  0  -0.0172416  -0.0905515
8.16814  0  0  -0.0127996  -0.0789875
10.6814  0  0  -0.00759724  -0.0621769
15.708  0  0  -0.00338803  -0.0429459
33.3009  0  0  -0.000686077  -0.0202998
-54.6637  0  3.14159  -7.06824e-05  0.0123594
-27.0177  0  3.14159  -0.000301819  0.0250826
-13.1947  0  3.14159  -0.00138114  0.0513505
-10.6814  0  3.14159  -0.00214518  0.0629701
-8.16814  0  3.14159  -0.00364569  0.0804423
-6.9115  0  3.14159  -0.00495063  0.0925574
-5.65487  0  3.14159  -0.00694029  0.107758
-4.39823  0  3.14159  -0.0101188  0.126572
-3.14159  0  3.14159  -0.0156788  0.148802
-1.88496  0  3.14159  -0.0274134  0.171399
-0.628319  0  3.14159  -0.0582002  0.171131
0.628319  0  3.14159  -0.0582003  -0.171131
1.88496  0  3.14159  -0.0274134  -0.171399
3.14159  0  3.14159  -0.0156788  -0.148802
4.39823  0  3.14159  -0.0101188  -0.126572
5.65487  0  3.14159  -0.00694032  -0.107758
6.9115  0  3.14159  -0.00495065  -0.0925574
8.16814  0  3.14159  -0.00364571  -0.0804423
10.6814  0  3.14159  -0.00214521  -0.0629701
15.708  0  3.14159  -0.000953618  -0.0432203
33.3009  0  3.14159  -0.000195226  -0.0203261
-54.6637  3.14159  0  -7.06824e-05  0.0123594
-27.0177  3.14159  0  -0.000301819  0.0250826
-13.1947  3.14159  0  -0.00138114  0.0513505
-10.6814  3.14159  0  -0.00214518  0.0629701
-8.16814  3.14159  0  -0.00364569  0.0804423
-6.9115  3.14159  0  -0.00495063  0.0925574
-5.65487  3.14159  0  -0.00694029  0.107758
-4.39823  3.14159  0  -0.0101188  0.126572
-3.14159  3.14159  0  -0.0156788  0.148802
-1.88496  3.14159  0  -0.0274134  0.171399
-0.628319  3.14159  0  -0.0582002  0.171131
0.628319  3.14159  0  -0.0582003  -0.171131
1.88496  3.14159  0  -0.0274134  -0.171399
3.14159  3.14159  0  -0.0156788  -0.148802
4.39823  3.14159  0  -0.0101188  -0.126572
5.65487  3.14159  0  -0.00694032  -0.107758
6.9115  3.14159  0  -0.00495065  -0.0925574
8.16814  3.14159  0  -0.00364571  -0.0804423
10.6814  3.14159  0  -0.00214521  -0.0629701
15.708  3.14159  0  -0.000953618  -0.0432203
33.3009  3.14159  0  -0.000195226  -0.0203261
-54.6637  3.14159  3.14159  0.000106393  0.0123579
-27.0177  3.14159  3.14159  0.000472802  0.0250692
-13.1947  3.14159  3.14159  0.00229544  0.0512564
-10.6814  3.14159  3.14159  0.00357835  0.0628373
-8.16814  3.14159  3.14159  0.00597395  0.0803001
-6.9115  3.14159  3.14159  0.00789652  0.092451
-5.65487  3.14159  3.14159  0.0105222  0.107677
-4.39823  3.14159  3.14159  0.0139635  0.126078
-3.14159  3.14159  3.14159  0.0181096  0.14506
-1.88496  3.14159  3.14159  0.0226799  0.151251
-0.628319  3.14159  3.14159  0.0289055  0.0975801
0.628319  3.14159  3.14159  0.0289054  -0.0975801
1.88496  3.14159  3.14159  0.0226798  -0.151251
3.14159  3.14159  3.14159  0.0181096  -0.14506
4.39823  3.14159  3.14159  0.0139635  -0.126078
5.65487  3.14159  3.14159  0.0105222  -0.107677
6.9115  3.14159  3.14159  0.00789649  -0.092451
8.16814  3.14159  3.14159  0.00597393  -0.0803001
10.6814  3.14159  3.14159  0.00357833  -0.0628373
15.708  3.14159  3.14159  0.00156759  -0.0431571
33.3009  3.14159  3.14159  0.000301028  -0.020319
