-54.6637  0  0  -0.00015416  -0.0125512
-27.0177  0  0  -0.000489845  -0.0256255
-13.1947  0  0  -0.000418815  -0.053308
-10.6814  0  0  0.000380428  -0.0658156
-8.16814  0  0  0.0027932  -0.0848695
-6.9115  0  0  0.00545077  -0.0982155
-5.65487  0  0  0.0101216  -0.114993
-4.39823  0  0  0.0184125  -0.135289
-3.14159  0  0  0.0330377  -0.156151
-1.88496  0  0  0.0571319  -0.162752
-0.628319  0  0  0.0867507  -0.103981
0.628319  0  0  0.0867509  0.103981
1.88496  0  0  0.057132  0.162752
3.14159  0  0  0.0330378  0.156151
4.39823  0  0  0.0184126  0.135289
5.65487  0  0  0.0101217  0.114993
6.9115  0  0  0.0054508  0.0982155
8.16814  0  0  0.00279323  0.0848695
10.6814  0  0  0.00038048  0.0658156
15.708  0  0  -0.000654153  0.0446455
33.3009  0  0  -0.000362297  0.0207131
-54.6637  0  3.14159  -0.000357678  -0.0125323
-27.0177  0  3.14159  -0.00137843  -0.0254884
-13.1947  0  3.14159  -0.00464454  -0.0525399
-10.6814  0  3.14159  -0.00625071  -0.0646502
-8.16814  0  3.14159  -0.00861895  -0.0830303
-6.9115  0  3.14159  -0.0101783  -0.095904
-5.65487  0  3.14159  -0.0120123  -0.112236
-4.39823  0  3.14159  -0.014059  -0.132835
-3.14159  0  3.14159  -0.015906  -0.158166
-1.88496  0  3.14159  -0.0150416  -0.187074
-0.628319  0  3.14159  0.00358998  -0.200157
0.628319  0  3.14159  0.00359033  0.200157
1.88496  0  3.14159  -0.0150414  0.187074
3.14159  0  3.14159  -0.0159058  0.158166
4.39823  0  3.14159  -0.0140589  0.132835
5.65487  0  3.14159  -0.0120123  0.112236
6.9115  0  3.14159  -0.0101782  0.095904
8.16814  0  3.14159  -0.00861887  0.0830303
10.6814  0  3.14159  -0.00625067  0.0646502
15.708  0  3.14159  -0.00354482  0.0441193
33.3009  0  3.14159  -0.000931956  0.0206355
-54.6637  3.14159  0  -0.000357678  -0.0125323
-27.0177  3.14159  0  -0.00137843  -0.0254884
-13.1947  3.14159  0  -0.00464454  -0.0525399
-10.6814  3.14159  0  -0.00625071  -0.0646502
-8.16814  3.14159  0  -0.00861895  -0.0830303
-6.9115  3.14159  0  -0.0101783  -0.095904
-5.65487  3.14159  0  -0.0120123  -0.112236
-4.39823  3.14159  0  -0.014059  -0.132835
-3.14159  3.14159  0  -0.015906  -0.158166
-1.88496  3.14159  0  -0.0150416  -0.187074
-0.628319  3.14159  0  0.00358998  -0.200157
0.628319  3.14159  0  0.00359033  0.200157
1.88496  3.14159  0  -0.0150414  0.187074
3.14159  3.14159  0  -0.0159058  0.158166
4.39823  3.14159  0  -0.0140589  0.132835
5.65487  3.14159  0  -0.0120123  0.112236
6.9115  3.14159  0  -0.0101782  0.095904
8.16814  3.14159  0  -0.00861887  0.0830303
10.6814  3.14159  0  -0.00625067  0.0646502
15.708  3.14159  0  -0.00354482  0.0441193
33.3009  3.14159  0  -0.000931956  0.0206355
-54.6637  3.14159  3.14159  -0.00056  -0.0125015
-27.0177  3.14159  3.14159  -0.00224894  -0.0252492
-13.1947  3.14159  3.14159  -0.00861193  -0.0509476
-10.6814  3.14159  3.14159  -0.0123198  -0.0620834
-8.16814  3.14159  3.14159  -0.0185408  -0.0786791
-6.9115  3.14159  3.14159  -0.0231402  -0.0901255
-5.65487  3.14159  3.14159  -0.0290466  -0.104391
-4.39823  3.14159  3.14159  -0.0362496  -0.121559
-3.14159  3.14159  3.14159  -0.0439651  -0.139205
-1.88496  3.14159  3.14159  -0.0499661  -0.144769
-0.628319  3.14159  3.14159  -0.0520422  -0.0934975
0.628319  3.14159  3.14159  -0.0520421  0.0934975
1.88496  3.14159  3.14159  -0.049966  0.144769
3.14159  3.14159  3.14159  -0.043965  0.139205
4.39823  3.14159  3.14159  -0.0362495  0.121559
5.65487  3.14159  3.14159  -0.0290465  0.104391
6.9115  3.14159  3.14159  -0.0231402  0.0901255
8.16814  3.14159  3.14159  -0.0185408  0.0786791
10.6814  3.14159  3.14159  -0.0123198  0.0620834
15.708  3.14159  3.14159  -0.00629941  0.0430819
33.3009  3.14159  3.14159  -0.00149349  0.020504
