-54.6637  0  0  -0.000551001  0.0303567
-27.0177  0  0  -0.00219814  0.0611338
-13.1947  0  0  -0.0089998  0.122783
-10.6814  0  0  -0.0135618  0.149672
-8.16814  0  0  -0.0225091  0.190477
-6.9115  0  0  -0.0304335  0.219456
-5.65487  0  0  -0.0428109  0.257062
-4.39823  0  0  -0.0629467  0.305929
-3.14159  0  0  -0.0967579  0.365707
-1.88496  0  0  -0.153139  0.413776
-0.628319  0  0  -0.233155  0.311882
0.628319  0  0  -0.232586  -0.312107
1.88496  0  0  -0.1525  -0.413903
3.14159  0  0  -0.0962114  -0.365786
4.39823  0  0  -0.0624885  -0.305981
5.65487  0  0  -0.0424227  -0.257097
6.9115  0  0  -0.0300996  -0.219481
8.16814  0  0  -0.0222174  -0.190496
10.6814  0  0  -0.0133303  -0.149684
15.708  0  0  -0.00623294  -0.103915
33.3009  0  0  -0.00137839  -0.0497047
-54.6637  0  3.14159  -3.64426e-05  0.030392
-27.0177  0  3.14159  -9.90937e-05  0.0614214
-13.1947  0  3.14159  -0.000310104  0.125168
-10.6814  0  3.14159  -0.000443475  0.154052
-8.16814  0  3.14159  -0.000704254  0.19971
-6.9115  0  3.14159  -0.000940541  0.233832
-5.65487  0  3.14159  -0.00132749  0.28089
-4.39823  0  3.14159  -0.00202181  0.348933
-3.14159  0  3.14159  -0.00346038  0.454025
-1.88496  0  3.14159  -0.00752719  0.637711
-0.628319  0  3.14159  -0.0303419  1.10394
0.628319  0  3.14159  -0.0267388  -1.10392
1.88496  0  3.14159  -0.00638362  -0.637713
3.14159  0  3.14159  -0.00269068  -0.454028
4.39823  0  3.14159  -0.00145561  -0.348934
5.65487  0  3.14159  -0.000879814  -0.280892
6.9115  0  3.14159  -0.000570312  -0.233833
8.16814  0  3.14159  -0.000389102  -0.19971
10.6814  0  3.14159  -0.000201153  -0.154052
15.708  0  3.14159  -6.67477e-05  -0.105342
33.3009  0  3.14159  6.00369e-06  -0.0498579
-54.6637  3.14159  0  -3.64426e-05  0.030392
-27.0177  3.14159  0  -9.90937e-05  0.0614214
-13.1947  3.14159  0  -0.000310104  0.125168
-10.6814  3.14159  0  -0.000443475  0.154052
-8.16814  3.14159  0  -0.000704254  0.19971
-6.9115  3.14159  0  -0.000940541  0.233832
-5.65487  3.14159  0  -0.00132749  0.28089
-4.39823  3.14159  0  -0.00202181  0.348933
-3.14159  3.14159  0  -0.00346038  0.454025
-1.88496  3.14159  0  -0.00752719  0.637711
-0.628319  3.14159  0  -0.0303419  1.10394
0.628319  3.14159  0  -0.0267388  -1.10392
1.88496  3.14159  0  -0.00638362  -0.637713
3.14159  3.14159  0  -0.00269068  -0.454028
4.39823  3.14159  0  -0.00145561  -0.348934
5.65487  3.14159  0  -0.000879814  -0.280892
6.9115  3.14159  0  -0.000570312  -0.233833
8.16814  3.14159  0  -0.000389102  -0.19971
10.6814  3.14159  0  -0.000201153  -0.154052
15.708  3.14159  0  -6.67477e-05  -0.105342
33.3009  3.14159  0  6.00369e-06  -0.0498579
-54.6637  3.14159  3.14159  0.000478411  0.0303581
-27.0177  3.14159  3.14159  0.00200212  0.0611427
-13.1947  3.14159  3.14159  0.00841126  0.122849
-10.6814  3.14159  3.14159  0.0127445  0.14979
-8.16814  3.14159  3.14159  0.0212811  0.190718
-6.9115  3.14159  3.14159  0.0288666  0.219822
-5.65487  3.14159  3.14159  0.0407393  0.257641
-4.39823  3.14159  3.14159  0.0600813  0.306884
-3.14159  3.14159  3.14159  0.0925654  0.367318
-1.88496  3.14159  3.14159  0.146805  0.416403
-0.628319  3.14159  3.14159  0.226272  0.315068
0.628319  3.14159  3.14159  0.226838  -0.314802
1.88496  3.14159  3.14159  0.147446  -0.416259
3.14159  3.14159  3.14159  0.0931134  -0.367238
4.39823  3.14159  3.14159  0.0605402  -0.306834
5.65487  3.14159  3.14159  0.0411278  -0.257607
6.9115  3.14159  3.14159  0.029201  -0.219797
8.16814  3.14159  3.14159  0.0215733  -0.1907
10.6814  3.14159  3.14159  0.012976  -0.149779
15.708  3.14159  3.14159  0.00610877  -0.103944
33.3009  3.14159  3.14159  0.0013904  -0.0497071
