-54.6637  0  0  -0.000246986  0.0123539
-27.0177  0  0  -0.00106431  0.025032
-13.1947  0  0  -0.00490644  0.0508973
-10.6814  0  0  -0.00759725  0.0621776
-8.16814  0  0  -0.0127995  0.0789884
-6.9115  0  0  -0.0172416  0.0905525
-5.65487  0  0  -0.0238513  0.104902
-4.39823  0  0  -0.0338449  0.122041
-3.14159  0  0  -0.0488743  0.139389
-1.88496  0  0  -0.0697998  0.144188
-0.628319  0  0  -0.0901974  0.0920602
0.628319  0  0  -0.0901974  -0.0920601
1.88496  0  0  -0.0697998  -0.144188
3.14159  0  0  -0.0488743  -0.139389
4.39823  0  0  -0.0338449  -0.122041
5.65487  0  0  -0.0238513  -0.104902
6.9115  0  0  -0.0172417  -0.0905525
8.16814  0  0  -0.0127996  -0.0789884
10.6814  0  0  -0.00759726  -0.0621776
15.708  0  0  -0.00338805  -0.0429464
33.3009  0  0  -0.000686082  -0.0203
-54.6637  0  3.14159  -7.06831e-05  0.0123596
-27.0177  0  3.14159  -0.000301821  0.0250829
-13.1947  0  3.14159  -0.00138114  0.0513511
-10.6814  0  3.14159  -0.00214518  0.0629708
-8.16814  0  3.14159  -0.00364566  0.0804432
-6.9115  0  3.14159  -0.00495059  0.0925586
-5.65487  0  3.14159  -0.0069402  0.107759
-4.39823  0  3.14159  -0.0101186  0.126574
-3.14159  0  3.14159  -0.0156784  0.148804
-1.88496  0  3.14159  -0.0274124  0.171403
-0.628319  0  3.14159  -0.0581965  0.171138
0.628319  0  3.14159  -0.0581965  -0.171138
1.88496  0  3.14159  -0.0274125  -0.171403
3.14159  0  3.14159  -0.0156785  -0.148804
4.39823  0  3.14159  -0.0101187  -0.126574
5.65487  0  3.14159  -0.00694024  -0.107759
6.9115  0  3.14159  -0.00495061  -0.0925586
8.16814  0  3.14159  -0.00364569  -0.0804432
10.6814  0  3.14159  -0.0021452  -0.0629708
15.708  0  3.14159  -0.000953622  -0.0432208
33.3009  0  3.14159  -0.000195228  -0.0203263
-54.6637  3.14159  0  -7.06831e-05  0.0123596
-27.0177  3.14159  0  -0.000301821  0.0250829
-13.1947  3.14159  0  -0.00138114  0.0513511
-10.6814  3.14159  0  -0.00214518  0.0629708
-8.16814  3.14159  0  -0.00364566  0.0804432
-6.9115  3.14159  0  -0.00495059  0.0925586
-5.65487  3.14159  0  -0.0069402  0.107759
-4.39823  3.14159  0  -0.0101186  0.126574
-3.14159  3.14159  0  -0.0156784  0.148804
-1.88496  3.14159  0  -0.0274124  0.171403
-0.628319  3.14159  0  -0.0581965  0.171138
0.628319  3.14159  0  -0.0581965  -0.171138
1.88496  3.14159  0  -0.0274125  -0.171403
3.14159  3.14159  0  -0.0156785  -0.148804
4.39823  3.14159  0  -0.0101187  -0.126574
5.65487  3.14159  0  -0.00694024  -0.107759
6.9115  3.14159  0  -0.00495061  -0.0925586
8.16814  3.14159  0  -0.00364569  -0.0804432
10.6814  3.14159  0  -0.0021452  -0.0629708
15.708  3.14159  0  -0.000953622  -0.0432208
33.3009  3.14159  0  -0.000195228  -0.0203263
-54.6637  3.14159  3.14159  0.000106393  0.012358
-27.0177  3.14159  3.14159  0.000472803  0.0250695
-13.1947  3.14159  3.14159  0.00229545  0.051257
-10.6814  3.14159  3.14159  0.00357838  0.062838
-8.16814  3.14159  3.14159  0.00597401  0.080301
-6.9115  3.14159  3.14159  0.00789662  0.092452
-5.65487  3.14159  3.14159  0.0105224  0.107678
-4.39823  3.14159  3.14159  0.0139639  0.12608
-3.14159  3.14159  3.14159  0.0181104  0.145062
-1.88496  3.14159  3.14159  0.0226818  0.151253
-0.628319  3.14159  3.14159  0.0289093  0.0975826
0.628319  3.14159  3.14159  0.0289093  -0.0975826
1.88496  3.14159  3.14159  0.0226818  -0.151253
3.14159  3.14159  3.14159  0.0181104  -0.145062
4.39823  3.14159  3.14159  0.0139639  -0.12608
5.65487  3.14159  3.14159  0.0105224  -0.107678
6.9115  3.14159  3.14159  0.00789659  -0.092452
8.16814  3.14159  3.14159  0.00597399  -0.080301
10.6814  3.14159  3.14159  0.00357835  -0.062838
15.708  3.14159  3.14159  0.0015676  -0.0431577
33.3009  3.14159  3.14159  0.000301029  -0.0203193
