-54.6637  0  0  -0.00017097  -0.0123919
-27.0177  0  0  -0.000552956  -0.0253173
-13.1947  0  0  -0.000611239  -0.0527628
-10.6814  0  0  0.000138007  -0.0651899
-8.16814  0  0  0.00250206  -0.0841367
-6.9115  0  0  0.00515143  -0.0974102
-5.65487  0  0  0.00984981  -0.114088
-4.39823  0  0  0.0182471  -0.134232
-3.14159  0  0  0.0331306  -0.15485
-1.88496  0  0  0.0577052  -0.161149
-0.628319  0  0  0.087902  -0.102703
0.628319  0  0  0.087902  0.102703
1.88496  0  0  0.0577053  0.161149
3.14159  0  0  0.0331306  0.15485
4.39823  0  0  0.0182472  0.134232
5.65487  0  0  0.00984984  0.114088
6.9115  0  0  0.00515144  0.0974102
8.16814  0  0  0.00250207  0.0841367
10.6814  0  0  0.000138035  0.0651899
15.708  0  0  -0.000806646  0.0441642
33.3009  0  0  -0.000405475  0.0204581
-54.6637  0  3.14159  -0.000375619  -0.0123716
-27.0177  0  3.14159  -0.00144693  -0.0251697
-13.1947  0  3.14159  -0.00486777  -0.0519277
-10.6814  0  3.14159  -0.00654545  -0.0639164
-8.16814  0  3.14159  -0.00901212  -0.0821107
-6.9115  0  3.14159  -0.0106303  -0.0948459
-5.65487  0  3.14159  -0.0125249  -0.110981
-4.39823  0  3.14159  -0.0146187  -0.13127
-3.14159  0  3.14159  -0.0164489  -0.156028
-1.88496  0  3.14159  -0.0153197  -0.183545
-0.628319  0  3.14159  0.00404947  -0.192196
0.628319  0  3.14159  0.00404952  0.192196
1.88496  0  3.14159  -0.0153197  0.183545
3.14159  0  3.14159  -0.0164489  0.156028
4.39823  0  3.14159  -0.0146187  0.13127
5.65487  0  3.14159  -0.0125248  0.110981
6.9115  0  3.14159  -0.0106303  0.0948459
8.16814  0  3.14159  -0.00901208  0.0821107
10.6814  0  3.14159  -0.00654543  0.0639164
15.708  0  3.14159  -0.00371727  0.043594
33.3009  0  3.14159  -0.00097847  0.0203747
-54.6637  3.14159  0  -0.000375619  -0.0123716
-27.0177  3.14159  0  -0.00144693  -0.0251697
-13.1947  3.14159  0  -0.00486777  -0.0519277
-10.6814  3.14159  0  -0.00654545  -0.0639164
-8.16814  3.14159  0  -0.00901212  -0.0821107
-6.9115  3.14159  0  -0.0106303  -0.0948459
-5.65487  3.14159  0  -0.0125249  -0.110981
-4.39823  3.14159  0  -0.0146187  -0.13127
-3.14159  3.14159  0  -0.0164489  -0.156028
-1.88496  3.14159  0  -0.0153197  -0.183545
-0.628319  3.14159  0  0.00404947  -0.192196
0.628319  3.14159  0  0.00404952  0.192196
1.88496  3.14159  0  -0.0153197  0.183545
3.14159  3.14159  0  -0.0164489  0.156028
4.39823  3.14159  0  -0.0146187  0.13127
5.65487  3.14159  0  -0.0125248  0.110981
6.9115  3.14159  0  -0.0106303  0.0948459
8.16814  3.14159  0  -0.00901208  0.0821107
10.6814  3.14159  0  -0.00654543  0.0639164
15.708  3.14159  0  -0.00371727  0.043594
33.3009  3.14159  0  -0.00097847  0.0203747
-54.6637  3.14159  3.14159  -0.000579019  -0.0123396
-27.0177  3.14159  3.14159  -0.00232204  -0.0249218
-13.1947  3.14159  3.14159  -0.00885419  -0.050286
-10.6814  3.14159  3.14159  -0.0126406  -0.0612765
-8.16814  3.14159  3.14159  -0.0189645  -0.0776527
-6.9115  3.14159  3.14159  -0.0236166  -0.0889427
-5.65487  3.14159  3.14159  -0.0295573  -0.103002
-4.39823  3.14159  3.14159  -0.0367362  -0.119893
-3.14159  3.14159  3.14159  -0.0442877  -0.13718
-1.88496  3.14159  3.14159  -0.049865  -0.142441
-0.628319  3.14159  3.14159  -0.0512575  -0.091822
0.628319  3.14159  3.14159  -0.0512575  0.091822
1.88496  3.14159  3.14159  -0.049865  0.142441
3.14159  3.14159  3.14159  -0.0442877  0.13718
4.39823  3.14159  3.14159  -0.0367362  0.119893
5.65487  3.14159  3.14159  -0.0295573  0.103002
6.9115  3.14159  3.14159  -0.0236165  0.0889427
8.16814  3.14159  3.14159  -0.0189645  0.0776527
10.6814  3.14159  3.14159  -0.0126406  0.0612765
15.708  3.14159  3.14159  -0.0064857  0.0425227
33.3009  3.14159  3.14159  -0.00154298  0.0202382
