-54.6637  0  0  -0.000246983  0.0123551
-27.0177  0  0  -0.0010643  0.0250343
-13.1947  0  0  -0.0049064  0.0509018
-10.6814  0  0  -0.00759725  0.0621831
-8.16814  0  0  -0.0127998  0.0789958
-6.9115  0  0  -0.0172423  0.0905617
-5.65487  0  0  -0.0238531  0.104915
-4.39823  0  0  -0.0338498  0.122059
-3.14159  0  0  -0.0488877  0.139418
-1.88496  0  0  -0.0698354  0.14423
-0.628319  0  0  -0.0902685  0.0920864
0.628319  0  0  -0.0902685  -0.0920864
1.88496  0  0  -0.0698355  -0.14423
3.14159  0  0  -0.0488877  -0.139418
4.39823  0  0  -0.0338498  -0.122059
5.65487  0  0  -0.0238531  -0.104915
6.9115  0  0  -0.0172423  -0.0905617
8.16814  0  0  -0.0127998  -0.0789958
10.6814  0  0  -0.00759726  -0.0621831
15.708  0  0  -0.00338801  -0.0429502
33.3009  0  0  -0.000686072  -0.0203019
-54.6637  0  3.14159  -7.06903e-05  0.0123607
-27.0177  0  3.14159  -0.000301859  0.0250851
-13.1947  0  3.14159  -0.00138142  0.0513555
-10.6814  0  3.14159  -0.00214571  0.0629762
-8.16814  0  3.14159  -0.00364678  0.0804503
-6.9115  0  3.14159  -0.00495232  0.092567
-5.65487  0  3.14159  -0.00694303  0.10777
-4.39823  0  3.14159  -0.0101235  0.126588
-3.14159  0  3.14159  -0.0156879  0.148827
-1.88496  0  3.14159  -0.027438  0.171456
-0.628319  0  3.14159  -0.0583255  0.171291
0.628319  0  3.14159  -0.0583255  -0.171291
1.88496  0  3.14159  -0.0274381  -0.171456
3.14159  0  3.14159  -0.015688  -0.148827
4.39823  0  3.14159  -0.0101236  -0.126588
5.65487  0  3.14159  -0.00694307  -0.10777
6.9115  0  3.14159  -0.00495234  -0.092567
8.16814  0  3.14159  -0.0036468  -0.0804503
10.6814  0  3.14159  -0.00214573  -0.0629762
15.708  0  3.14159  -0.000953793  -0.0432245
33.3009  0  3.14159  -0.000195251  -0.0203282
-54.6637  3.14159  0  -7.06903e-05  0.0123607
-27.0177  3.14159  0  -0.000301859  0.0250851
-13.1947  3.14159  0  -0.00138142  0.0513555
-10.6814  3.14159  0  -0.00214571  0.0629762
-8.16814  3.14159  0  -0.00364678  0.0804503
-6.9115  3.14159  0  -0.00495232  0.092567
-5.65487  3.14159  0  -0.00694303  0.10777
-4.39823  3.14159  0  -0.0101235  0.126588
-3.14159  3.14159  0  -0.0156879  0.148827
-1.88496  3.14159  0  -0.027438  0.171456
-0.628319  3.14159  0  -0.0583255  0.171291
0.628319  3.14159  0  -0.0583255  -0.171291
1.88496  3.14159  0  -0.0274381  -0.171456
3.14159  3.14159  0  -0.015688  -0.148827
4.39823  3.14159  0  -0.0101236  -0.126588
5.65487  3.14159  0  -0.00694307  -0.10777
6.9115  3.14159  0  -0.00495234  -0.092567
8.16814  3.14159  0  -0.0036468  -0.0804503
10.6814  3.14159  0  -0.00214573  -0.0629762
15.708  3.14159  0  -0.000953793  -0.0432245
33.3009  3.14159  0  -0.000195251  -0.0203282
-54.6637  3.14159  3.14159  0.000106376  0.0123591
-27.0177  3.14159  3.14159  0.000472723  0.0250717
-13.1947  3.14159  3.14159  0.00229497  0.0512614
-10.6814  3.14159  3.14159  0.00357752  0.0628434
-8.16814  3.14159  3.14159  0.00597225  0.0803082
-6.9115  3.14159  3.14159  0.00789387  0.0924609
-5.65487  3.14159  3.14159  0.0105177  0.10769
-4.39823  3.14159  3.14159  0.0139552  0.126097
-3.14159  3.14159  3.14159  0.0180925  0.14509
-1.88496  3.14159  3.14159  0.0226426  0.151296
-0.628319  3.14159  3.14159  0.0288396  0.0976115
0.628319  3.14159  3.14159  0.0288395  -0.0976115
1.88496  3.14159  3.14159  0.0226425  -0.151296
3.14159  3.14159  3.14159  0.0180924  -0.14509
4.39823  3.14159  3.14159  0.0139552  -0.126097
5.65487  3.14159  3.14159  0.0105177  -0.10769
6.9115  3.14159  3.14159  0.00789384  -0.0924609
8.16814  3.14159  3.14159  0.00597222  -0.0803082
10.6814  3.14159  3.14159  0.0035775  -0.0628434
15.708  3.14159  3.14159  0.00156729  -0.0431614
33.3009  3.14159  3.14159  0.000300979  -0.0203211
