-54.6637  0  0  -0.000208761  0.0138904
-27.0177  0  0  -0.000900097  0.0281337
-13.1947  0  0  -0.00416469  0.0572113
-10.6814  0  0  -0.0064494  0.0699463
-8.16814  0  0  -0.0108401  0.08904
-6.9115  0  0  -0.0145524  0.102281
-5.65487  0  0  -0.0200079  0.118872
-4.39823  0  0  -0.0281083  0.139024
-3.14159  0  0  -0.0400342  0.16019
-1.88496  0  0  -0.0565074  0.168133
-0.628319  0  0  -0.0738542  0.109774
0.628319  0  0  -0.0738255  -0.10978
1.88496  0  0  -0.0564777  -0.168135
3.14159  0  0  -0.0400119  -0.160191
4.39823  0  0  -0.0280911  -0.139025
5.65487  0  0  -0.0199941  -0.118872
6.9115  0  0  -0.0145409  -0.102281
8.16814  0  0  -0.0108301  -0.0890401
10.6814  0  0  -0.0064416  -0.0699464
15.708  0  0  -0.00286813  -0.048261
33.3009  0  0  -0.000577236  -0.0228188
-54.6637  0  3.14159  -1.79937e-05  0.0138975
-27.0177  0  3.14159  -7.49812e-05  0.0281955
-13.1947  0  3.14159  -0.000340093  0.0577374
-10.6814  0  3.14159  -0.000529237  0.0708711
-8.16814  0  3.14159  -0.000905731  0.0907968
-6.9115  0  3.14159  -0.00123905  0.104807
-5.65487  0  3.14159  -0.00175833  0.122732
-4.39823  0  3.14159  -0.00261611  0.145773
-3.14159  0  3.14159  -0.00419809  0.175413
-1.88496  0  3.14159  -0.00787136  0.214074
-0.628319  0  3.14159  -0.020434  0.260719
0.628319  0  3.14159  -0.0202878  -0.260733
1.88496  0  3.14159  -0.00782744  -0.214076
3.14159  0  3.14159  -0.00417132  -0.175414
4.39823  0  3.14159  -0.00259685  -0.145774
5.65487  0  3.14159  -0.00174327  -0.122732
6.9115  0  3.14159  -0.00122666  -0.104807
8.16814  0  3.14159  -0.000895208  -0.0907969
10.6814  0  3.14159  -0.000521156  -0.0708712
15.708  0  3.14159  -0.000229355  -0.0485808
33.3009  0  3.14159  -4.61242e-05  -0.0228513
-54.6637  3.14159  0  -1.79937e-05  0.0138975
-27.0177  3.14159  0  -7.49812e-05  0.0281955
-13.1947  3.14159  0  -0.000340093  0.0577374
-10.6814  3.14159  0  -0.000529237  0.0708711
-8.16814  3.14159  0  -0.000905731  0.0907968
-6.9115  3.14159  0  -0.00123905  0.104807
-5.65487  3.14159  0  -0.00175833  0.122732
-4.39823  3.14159  0  -0.00261611  0.145773
-3.14159  3.14159  0  -0.00419809  0.175413
-1.88496  3.14159  0  -0.00787136  0.214074
-0.628319  3.14159  0  -0.020434  0.260719
0.628319  3.14159  0  -0.0202878  -0.260733
1.88496  3.14159  0  -0.00782744  -0.214076
3.14159  3.14159  0  -0.00417132  -0.175414
4.39823  3.14159  0  -0.00259685  -0.145774
5.65487  3.14159  0  -0.00174327  -0.122732
6.9115  3.14159  0  -0.00122666  -0.104807
8.16814  3.14159  0  -0.000895208  -0.0907969
10.6814  3.14159  0  -0.000521156  -0.0708712
15.708  3.14159  0  -0.000229355  -0.0485808
33.3009  3.14159  0  -4.61242e-05  -0.0228513
-54.6637  3.14159  3.14159  0.000172993  0.0138914
-27.0177  3.14159  3.14159  0.000753472  0.0281423
-13.1947  3.14159  3.14159  0.00352732  0.0572937
-10.6814  3.14159  3.14159  0.00547035  0.0700975
-8.16814  3.14159  3.14159  0.00917751  0.0893409
-6.9115  3.14159  3.14159  0.0122728  0.102717
-5.65487  3.14159  3.14159  0.0167452  0.119513
-4.39823  3.14159  3.14159  0.0232096  0.139967
-3.14159  3.14159  3.14159  0.0323707  0.161538
-1.88496  3.14159  3.14159  0.0446147  0.169871
-0.628319  3.14159  3.14159  0.05854  0.111232
0.628319  3.14159  3.14159  0.0585689  -0.111233
1.88496  3.14159  3.14159  0.0446446  -0.169872
3.14159  3.14159  3.14159  0.0323931  -0.161539
4.39823  3.14159  3.14159  0.0232267  -0.139967
5.65487  3.14159  3.14159  0.016759  -0.119514
6.9115  3.14159  3.14159  0.0122844  -0.102718
8.16814  3.14159  3.14159  0.00918745  -0.089341
10.6814  3.14159  3.14159  0.00547814  -0.0700975
15.708  3.14159  3.14159  0.00243344  -0.0483095
33.3009  3.14159  3.14159  0.000486435  -0.0228233
