-54.6637  0  0  0.00820105  -0.031101
-27.0177  0  0  -6.9689e-05  0.000967812
-13.1947  0  0  -0.000374339  -0.00237092
-10.6814  0  0  -0.000246337  0.00125784
-8.16814  0  0  -0.0006253  0.000566316
-6.9115  0  0  0.000374384  0.000604562
-5.65487  0  0  -1.05807e-05  -0.0048157
-4.39823  0  0  0.000418034  -0.000129671
-3.14159  0  0  -0.000199031  -0.000527494
-1.88496  0  0  -3.91812e-05  9.95059e-05
-0.628319  0  0  -1.81599e-05  -8.66259e-05
0.628319  0  0  -3.36816e-05  7.26441e-05
1.88496  0  0  -4.93553e-06  -0.000111909
3.14159  0  0  -0.000369116  0.000526847
4.39823  0  0  0.000538885  0.000221936
5.65487  0  0  0.0133336  0.00625864
6.9115  0  0  0.000455421  -0.000465809
8.16814  0  0  -0.000597546  -0.000748998
10.6814  0  0  -0.000269696  -0.00112985
15.708  0  0  0.00550213  0.00262169
33.3009  0  0  -0.000419389  0.00251979
-54.6637  0  3.14159  -0.00478671  0.00412735
-27.0177  0  3.14159  0.00055333  -0.000675838
-13.1947  0  3.14159  -0.000451566  0.00147445
-10.6814  0  3.14159  0.000866377  -0.000629985
-8.16814  0  3.14159  0.000892706  -7.53167e-05
-6.9115  0  3.14159  0.000192816  -0.000992491
-5.65487  0  3.14159  -0.00147809  0.00156305
-4.39823  0  3.14159  -0.000383839  -4.94096e-05
-3.14159  0  3.14159  -9.11992e-05  0.000710905
-1.88496  0  3.14159  6.91635e-05  -3.92614e-05
-0.628319  0  3.14159  -3.55884e-05  5.7975e-05
0.628319  0  3.14159  5.64116e-05  -2.61327e-05
1.88496  0  3.14159  -5.33589e-05  6.48408e-05
3.14159  0  3.14159  0.00036428  -0.00016693
4.39823  0  3.14159  -0.00027711  -0.000447297
5.65487  0  3.14159  0.00155187  -0.000780295
6.9115  0  3.14159  -0.000518257  -4.48847e-05
8.16814  0  3.14159  2.53892e-05  0.000670062
10.6814  0  3.14159  -0.000432355  0.000924214
15.708  0  3.14159  -0.000994469  -0.00339449
33.3009  0  3.14159  0.00126247  -0.00110415
-54.6637  3.14159  0  -0.00478671  0.00412735
-27.0177  3.14159  0  0.00055333  -0.000675838
-13.1947  3.14159  0  -0.000451566  0.00147445
-10.6814  3.14159  0  0.000866377  -0.000629985
-8.16814  3.14159  0  0.000892706  -7.53167e-05
-6.9115  3.14159  0  0.000192816  -0.000992491
-5.65487  3.14159  0  -0.00147809  0.00156305
-4.39823  3.14159  0  -0.000383839  -4.94096e-05
-3.14159  3.14159  0  -9.11992e-05  0.000710905
-1.88496  3.14159  0  6.91635e-05  -3.92614e-05
-0.628319  3.14159  0  -3.55884e-05  5.7975e-05
0.628319  3.14159  0  5.64116e-05  -2.61327e-05
1.88496  3.14159  0  -5.33589e-05  6.48408e-05
3.14159  3.14159  0  0.00036428  -0.00016693
4.39823  3.14159  0  -0.00027711  -0.000447297
5.65487  3.14159  0  0.00155187  -0.000780295
6.9115  3.14159  0  -0.000518257  -4.48847e-05
8.16814  3.14159  0  2.53892e-05  0.000670062
10.6814  3.14159  0  -0.000432355  0.000924214
15.708  3.14159  0  -0.000994469  -0.00339449
33.3009  3.14159  0  0.00126247  -0.00110415
-54.6637  3.14159  3.14159  -0.00159381  -0.0299262
-27.0177  3.14159  3.14159  -7.19151e-05  0.000941767
-13.1947  3.14159  3.14159  -0.00039805  -0.00234262
-10.6814  3.14159  3.14159  -0.000250929  0.0012032
-8.16814  3.14159  3.14159  -0.000612829  0.000546072
-6.9115  3.14159  3.14159  0.000359628  0.000579778
-5.65487  3.14159  3.14159  0.00026518  -0.00473939
-4.39823  3.14159  3.14159  0.000410728  -0.000128175
-3.14159  3.14159  3.14159  -0.000197527  -0.000519826
-1.88496  3.14159  3.14159  -3.75198e-05  9.76331e-05
-0.628319  3.14159  3.14159  -1.86853e-05  -8.38682e-05
0.628319  3.14159  3.14159  -3.27527e-05  7.12154e-05
1.88496  3.14159  3.14159  -5.98494e-06  -0.000109209
3.14159  3.14159  3.14159  -0.000347559  0.000519071
4.39823  3.14159  3.14159  0.00052508  0.00021002
5.65487  3.14159  3.14159  0.0129592  0.00893102
6.9115  3.14159  3.14159  0.000431867  -0.000465753
8.16814  3.14159  3.14159  -0.000590927  -0.000708793
10.6814  3.14159  3.14159  -0.000265829  -0.00109066
15.708  3.14159  3.14159  0.00565436  0.00257579
33.3009  3.14159  3.14159  -0.000430004  0.00244311
