-54.6637  0  0  -8.96627e+16  2.52253e+16
-27.0177  0  0  5.15583e+17  -2.52984e+17
-13.1947  0  0  -7.74855e+16  8.57678e+16
-10.6814  0  0  5.22457e+17  -3.57217e+17
-8.16814  0  0  6.38648e+16  -7.70878e+17
-6.9115  0  0  1.17966e+18  3.9601e+16
-5.65487  0  0  -1.83195e+17  3.12477e+17
-4.39823  0  0  3.11221e+17  1.11847e+18
-3.14159  0  0  -9.00991e+17  4.87045e+17
-1.88496  0  0  4.1943e+18  -3.45992e+18
-0.628319  0  0  -7.46784e+18  8.25613e+17
0.628319  0  0  5.33407e+18  -6.19919e+18
1.88496  0  0  -5.11755e+18  1.67302e+18
3.14159  0  0  8.09047e+17  -2.78505e+17
4.39823  0  0  4.93589e+17  8.32781e+17
5.65487  0  0  2.38024e+17  8.83883e+16
6.9115  0  0  -7.83572e+17  8.01284e+17
8.16814  0  0  -5.48701e+17  -4.67286e+17
10.6814  0  0  -6.22424e+17  1.06041e+17
15.708  0  0  1.65417e+16  4.49214e+16
33.3009  0  0  2.03877e+17  -1.12294e+17
-54.6637  0  3.14159  1.309e+16  1.86805e+15
-27.0177  0  3.14159  -9.42374e+16  -4.90387e+15
-13.1947  0  3.14159  2.54132e+16  1.46843e+16
-10.6814  0  3.14159  -9.09034e+16  2.10553e+16
-8.16814  0  3.14159  -6.30352e+16  7.89334e+16
-6.9115  0  3.14159  -1.32254e+17  -7.36937e+16
-5.65487  0  3.14159  2.32571e+16  -2.34268e+16
-4.39823  0  3.14159  6.50931e+16  -1.51768e+17
-3.14159  0  3.14159  1.18306e+17  3.46676e+16
-1.88496  0  3.14159  -9.19931e+17  6.80339e+16
-0.628319  0  3.14159  1.19733e+18  5.21594e+17
0.628319  0  3.14159  -1.18769e+18  3.27964e+17
1.88496  0  3.14159  8.78226e+17  2.718e+17
3.14159  0  3.14159  -1.87041e+17  7.6345e+15
4.39823  0  3.14159  -2.35396e+16  -1.96495e+17
5.65487  0  3.14159  -4.43814e+16  -1.07119e+16
6.9115  0  3.14159  1.54759e+17  -8.54666e+16
8.16814  0  3.14159  6.93026e+16  1.1118e+17
10.6814  0  3.14159  8.96889e+16  1.96127e+16
15.708  0  3.14159  -1.13943e+14  -1.86341e+16
33.3009  0  3.14159  -4.10089e+16  -6.53955e+15
-54.6637  3.14159  0  1.309e+16  1.86805e+15
-27.0177  3.14159  0  -9.42374e+16  -4.90387e+15
-13.1947  3.14159  0  2.54132e+16  1.46843e+16
-10.6814  3.14159  0  -9.09034e+16  2.10553e+16
-8.16814  3.14159  0  -6.30352e+16  7.89334e+16
-6.9115  3.14159  0  -1.32254e+17  -7.36937e+16
-5.65487  3.14159  0  2.32571e+16  -2.34268e+16
-4.39823  3.14159  0  6.50931e+16  -1.51768e+17
-3.14159  3.14159  0  1.18306e+17  3.46676e+16
-1.88496  3.14159  0  -9.19931e+17  6.80339e+16
-0.628319  3.14159  0  1.19733e+18  5.21594e+17
0.628319  3.14159  0  -1.18769e+18  3.27964e+17
1.88496  3.14159  0  8.78226e+17  2.718e+17
3.14159  3.14159  0  -1.87041e+17  7.6345e+15
4.39823  3.14159  0  -2.35396e+16  -1.96495e+17
5.65487  3.14159  0  -4.43814e+16  -1.07119e+16
6.9115  3.14159  0  1.54759e+17  -8.54666e+16
8.16814  3.14159  0  6.93026e+16  1.1118e+17
10.6814  3.14159  0  8.96889e+16  1.96127e+16
15.708  3.14159  0  -1.13943e+14  -1.86341e+16
33.3009  3.14159  0  -4.10089e+16  -6.53955e+15
-54.6637  3.14159  3.14159  -8.95839e+16  2.52744e+16
-27.0177  3.14159  3.14159  5.148e+17  -2.53085e+17
-13.1947  3.14159  3.14159  -7.72365e+16  8.5925e+16
-10.6814  3.14159  3.14159  5.21722e+17  -3.57195e+17
-8.16814  3.14159  3.14159  6.31015e+16  -7.70205e+17
-6.9115  3.14159  3.14159  1.17877e+18  3.88215e+16
-5.65487  3.14159  3.14159  -1.82982e+17  3.12529e+17
-4.39823  3.14159  3.14159  3.11713e+17  1.11701e+18
-3.14159  3.14159  3.14159  -8.9972e+17  4.8763e+17
-1.88496  3.14159  3.14159  4.1876e+18  -3.46046e+18
-0.628319  3.14159  3.14159  -7.46041e+18  8.3158e+17
0.628319  3.14159  3.14159  5.32507e+18  -6.19841e+18
1.88496  3.14159  3.14159  -5.11146e+18  1.67613e+18
3.14159  3.14159  3.14159  8.07979e+17  -2.7843e+17
4.39823  3.14159  3.14159  4.93475e+17  8.3119e+17
5.65487  3.14159  3.14159  2.37837e+17  8.80381e+16
6.9115  3.14159  3.14159  -7.8247e+17  8.00728e+17
8.16814  3.14159  3.14159  -5.48284e+17  -4.66524e+17
10.6814  3.14159  3.14159  -6.21717e+17  1.06362e+17
15.708  3.14159  3.14159  1.65382e+16  4.48096e+16
33.3009  3.14159  3.14159  2.03588e+17  -1.12379e+17
