-54.6637  0  0  1.03349e-17  2.90758e-18
-27.0177  0  0  -1.56319e-18  -7.6702e-19
-13.1947  0  0  5.79976e-18  6.41969e-18
-10.6814  0  0  -1.3043e-18  -8.91782e-19
-8.16814  0  0  -1.06738e-19  -1.28838e-18
-6.9115  0  0  -8.46746e-19  2.84251e-20
-5.65487  0  0  1.39628e-18  2.38164e-18
-4.39823  0  0  -2.30906e-19  8.2983e-19
-3.14159  0  0  8.58907e-19  4.64296e-19
-1.88496  0  0  -1.41876e-19  -1.17035e-19
-0.628319  0  0  1.32291e-19  1.46255e-20
0.628319  0  0  -7.97532e-20  -9.26882e-20
1.88496  0  0  1.76538e-19  5.77134e-20
3.14159  0  0  -1.10507e-18  -3.80408e-19
4.39823  0  0  -5.26689e-19  8.88627e-19
5.65487  0  0  -3.69213e-18  1.37104e-18
6.9115  0  0  6.23843e-19  6.37944e-19
8.16814  0  0  1.05635e-18  -8.99614e-19
10.6814  0  0  1.56131e-18  2.65996e-19
15.708  0  0  -7.21853e-18  1.9603e-17
33.3009  0  0  -3.76325e-18  -2.07277e-18
-54.6637  0  3.14159  -7.48695e-17  1.06845e-17
-27.0177  0  3.14159  1.05828e-17  -5.50704e-19
-13.1947  0  3.14159  -2.95002e-17  1.70458e-17
-10.6814  0  3.14159  1.04406e-17  2.41827e-18
-8.16814  0  3.14159  6.17755e-18  7.7356e-18
-6.9115  0  3.14159  5.76978e-18  -3.215e-18
-5.65487  0  3.14159  -2.13425e-17  -2.14982e-17
-4.39823  0  3.14159  -2.38693e-18  -5.56526e-18
-3.14159  0  3.14159  -7.78423e-18  2.28103e-18
-1.88496  0  3.14159  1.08112e-18  7.9955e-20
-0.628319  0  3.14159  -7.01975e-19  3.05802e-19
0.628319  0  3.14159  7.82319e-19  2.16027e-19
1.88496  0  3.14159  -1.03913e-18  3.21598e-19
3.14159  0  3.14159  5.33753e-18  2.17863e-19
4.39823  0  3.14159  6.01042e-19  -5.01717e-18
5.65487  0  3.14159  2.12916e-17  -5.13896e-18
6.9115  0  3.14159  -4.95151e-18  -2.7345e-18
8.16814  0  3.14159  -4.0377e-18  6.47757e-18
10.6814  0  3.14159  -1.06408e-17  2.32688e-18
15.708  0  3.14159  3.28135e-19  -5.3663e-17
33.3009  0  3.14159  2.37802e-17  -3.79214e-18
-54.6637  3.14159  0  -7.48695e-17  1.06845e-17
-27.0177  3.14159  0  1.05828e-17  -5.50704e-19
-13.1947  3.14159  0  -2.95002e-17  1.70458e-17
-10.6814  3.14159  0  1.04406e-17  2.41827e-18
-8.16814  3.14159  0  6.17755e-18  7.7356e-18
-6.9115  3.14159  0  5.76978e-18  -3.215e-18
-5.65487  3.14159  0  -2.13425e-17  -2.14982e-17
-4.39823  3.14159  0  -2.38693e-18  -5.56526e-18
-3.14159  3.14159  0  -7.78423e-18  2.28103e-18
-1.88496  3.14159  0  1.08112e-18  7.9955e-20
-0.628319  3.14159  0  -7.01975e-19  3.05802e-19
0.628319  3.14159  0  7.82319e-19  2.16027e-19
1.88496  3.14159  0  -1.03913e-18  3.21598e-19
3.14159  3.14159  0  5.33753e-18  2.17863e-19
4.39823  3.14159  0  6.01042e-19  -5.01717e-18
5.65487  3.14159  0  2.12916e-17  -5.13896e-18
6.9115  3.14159  0  -4.95151e-18  -2.7345e-18
8.16814  3.14159  0  -4.0377e-18  6.47757e-18
10.6814  3.14159  0  -1.06408e-17  2.32688e-18
15.708  3.14159  0  3.28135e-19  -5.3663e-17
33.3009  3.14159  0  2.37802e-17  -3.79214e-18
-54.6637  3.14159  3.14159  1.03397e-17  2.91715e-18
-27.0177  3.14159  3.14159  -1.5644e-18  -7.69089e-19
-13.1947  3.14159  3.14159  5.78612e-18  6.43701e-18
-10.6814  3.14159  3.14159  -1.30502e-18  -8.93474e-19
-8.16814  3.14159  3.14159  -1.05663e-19  -1.2897e-18
-6.9115  3.14159  3.14159  -8.47424e-19  2.7909e-20
-5.65487  3.14159  3.14159  1.39514e-18  2.38286e-18
-4.39823  3.14159  3.14159  -2.31777e-19  8.30564e-19
-3.14159  3.14159  3.14159  8.59102e-19  4.65616e-19
-1.88496  3.14159  3.14159  -1.41901e-19  -1.17261e-19
-0.628319  3.14159  3.14159  1.32396e-19  1.47576e-20
0.628319  3.14159  3.14159  -7.97445e-20  -9.2823e-20
1.88496  3.14159  3.14159  1.76644e-19  5.79247e-20
3.14159  3.14159  3.14159  -1.10628e-18  -3.81227e-19
4.39823  3.14159  3.14159  -5.28123e-19  8.89549e-19
5.65487  3.14159  3.14159  -3.69788e-18  1.36881e-18
6.9115  3.14159  3.14159  6.24266e-19  6.38832e-19
8.16814  3.14159  3.14159  1.05793e-18  -9.00174e-19
10.6814  3.14159  3.14159  1.56271e-18  2.67346e-19
15.708  3.14159  3.14159  -7.24912e-18  1.96412e-17
33.3009  3.14159  3.14159  -3.76477e-18  -2.07813e-18
