-54.6637  0  0  0.000107634  -3.51209e-05
-27.0177  0  0  0.000398565  -0.000202275
-13.1947  0  0  0.00107711  -0.00123623
-10.6814  0  0  0.00119883  -0.00195386
-8.16814  0  0  0.0010195  -0.00316968
-6.9115  0  0  0.000614866  -0.00401487
-5.65487  0  0  -0.000217042  -0.0049684
-4.39823  0  0  -0.00170794  -0.00581554
-3.14159  0  0  -0.00399251  -0.00604352
-1.88496  0  0  -0.00672271  -0.00488057
-0.628319  0  0  -0.0087408  -0.00192562
0.628319  0  0  -0.00873939  0.00191824
1.88496  0  0  -0.0067184  0.00487274
3.14159  0  0  -0.00398377  0.00603359
4.39823  0  0  -0.00169489  0.00579877
5.65487  0  0  -0.000205554  0.00494073
6.9115  0  0  0.000616543  0.00397895
8.16814  0  0  0.00100799  0.00313345
10.6814  0  0  0.00117276  0.00193295
15.708  0  0  0.000884266  0.000814611
33.3009  0  0  0.00026795  0.000120057
-54.6637  0  3.14159  0.000106602  -3.50281e-05
-27.0177  0  3.14159  0.00039153  -0.000197821
-13.1947  0  3.14159  0.00107456  -0.00115118
-10.6814  0  3.14159  0.00125492  -0.00180042
-8.16814  0  3.14159  0.00128578  -0.00294365
-6.9115  0  3.14159  0.0011122  -0.00381814
-5.65487  0  3.14159  0.00062991  -0.00497938
-4.39823  0  3.14159  -0.000487863  -0.00645599
-3.14159  0  3.14159  -0.00288776  -0.00797768
-1.88496  0  3.14159  -0.00727354  -0.0081559
-0.628319  0  3.14159  -0.0121027  -0.00393887
0.628319  0  3.14159  -0.0121021  0.00392939
1.88496  0  3.14159  -0.00727179  0.00814781
3.14159  0  3.14159  -0.00288039  0.00796951
4.39823  0  3.14159  -0.000473404  0.00644152
5.65487  0  3.14159  0.000645328  0.00494892
6.9115  0  3.14159  0.00111163  0.00377831
8.16814  0  3.14159  0.00126992  0.00290751
10.6814  0  3.14159  0.00122897  0.00178201
15.708  0  3.14159  0.000869844  0.000768057
33.3009  0  3.14159  0.000263898  0.00011849
-54.6637  3.14159  0  0.000106602  -3.50281e-05
-27.0177  3.14159  0  0.00039153  -0.000197821
-13.1947  3.14159  0  0.00107456  -0.00115118
-10.6814  3.14159  0  0.00125492  -0.00180042
-8.16814  3.14159  0  0.00128578  -0.00294365
-6.9115  3.14159  0  0.0011122  -0.00381814
-5.65487  3.14159  0  0.00062991  -0.00497938
-4.39823  3.14159  0  -0.000487863  -0.00645599
-3.14159  3.14159  0  -0.00288776  -0.00797768
-1.88496  3.14159  0  -0.00727354  -0.0081559
-0.628319  3.14159  0  -0.0121027  -0.00393887
0.628319  3.14159  0  -0.0121021  0.00392939
1.88496  3.14159  0  -0.00727179  0.00814781
3.14159  3.14159  0  -0.00288039  0.00796951
4.39823  3.14159  0  -0.000473404  0.00644152
5.65487  3.14159  0  0.000645328  0.00494892
6.9115  3.14159  0  0.00111163  0.00377831
8.16814  3.14159  0  0.00126992  0.00290751
10.6814  3.14159  0  0.00122897  0.00178201
15.708  3.14159  0  0.000869844  0.000768057
33.3009  3.14159  0  0.000263898  0.00011849
-54.6637  3.14159  3.14159  0.000105574  -3.48825e-05
-27.0177  3.14159  3.14159  0.000384554  -0.000193292
-13.1947  3.14159  3.14159  0.00105856  -0.00107461
-10.6814  3.14159  3.14159  0.00126422  -0.0016555
-8.16814  3.14159  3.14159  0.00140801  -0.00266282
-6.9115  3.14159  3.14159  0.00139233  -0.00343226
-5.65487  3.14159  3.14159  0.00124628  -0.00448043
-4.39823  3.14159  3.14159  0.000871999  -0.00596795
-3.14159  3.14159  3.14159  6.37926e-05  -0.00834829
-1.88496  3.14159  3.14159  -0.00239029  -0.0134407
-0.628319  3.14159  3.14159  -0.0221178  -0.0224735
0.628319  3.14159  3.14159  -0.022124  0.02246
1.88496  3.14159  3.14159  -0.00239212  0.0134355
3.14159  3.14159  3.14159  7.39417e-05  0.00834181
4.39823  3.14159  3.14159  0.000889117  0.00594857
5.65487  3.14159  3.14159  0.00125549  0.00444795
6.9115  3.14159  3.14159  0.00138828  0.00339574
8.16814  3.14159  3.14159  0.00139255  0.00262965
10.6814  3.14159  3.14159  0.00123933  0.00163738
15.708  3.14159  3.14159  0.000851287  0.000725882
33.3009  3.14159  3.14159  0.000259877  0.000116771
