-54.6637  0  0  0.000121215  -4.5877e-05
-27.0177  0  0  0.00040677  -0.000239272
-13.1947  0  0  0.00094712  -0.00121032
-10.6814  0  0  0.0010998  -0.00192444
-8.16814  0  0  0.000938512  -0.00298785
-6.9115  0  0  0.000592166  -0.00386663
-5.65487  0  0  -0.000183018  -0.00488285
-4.39823  0  0  -0.00175705  -0.00577863
-3.14159  0  0  -0.00400312  -0.00595594
-1.88496  0  0  -0.00670364  -0.00480696
-0.628319  0  0  -0.00849976  -0.00178306
0.628319  0  0  -0.00866555  0.00213176
1.88496  0  0  -0.00663816  0.00486708
3.14159  0  0  -0.00394903  0.00596964
4.39823  0  0  -0.00169345  0.00572204
5.65487  0  0  -0.0002114  0.00493675
6.9115  0  0  0.000661832  0.00395252
8.16814  0  0  0.00109324  0.00309247
10.6814  0  0  0.00115909  0.00192413
15.708  0  0  0.000920814  0.000789186
33.3009  0  0  0.000249675  0.000123061
-54.6637  0  3.14159  0.000114283  -3.89159e-05
-27.0177  0  3.14159  0.000389315  -0.000235479
-13.1947  0  3.14159  0.000972568  -0.00114354
-10.6814  0  3.14159  0.00115476  -0.00174414
-8.16814  0  3.14159  0.00122092  -0.00284279
-6.9115  0  3.14159  0.00107198  -0.00370726
-5.65487  0  3.14159  0.000614206  -0.00486935
-4.39823  0  3.14159  -0.000491146  -0.00634245
-3.14159  0  3.14159  -0.00286742  -0.00785834
-1.88496  0  3.14159  -0.0072171  -0.00803494
-0.628319  0  3.14159  -0.0119963  -0.00385552
0.628319  0  3.14159  -0.0119872  0.00395407
1.88496  0  3.14159  -0.00718995  0.00812875
3.14159  0  3.14159  -0.00282304  0.00794421
4.39823  0  3.14159  -0.000431837  0.00641739
5.65487  0  3.14159  0.000684707  0.0049277
6.9115  0  3.14159  0.00114422  0.00375117
8.16814  0  3.14159  0.00129365  0.00287953
10.6814  0  3.14159  0.00123972  0.00176517
15.708  0  3.14159  0.000882313  0.000751219
33.3009  0  3.14159  0.00025593  0.00011231
-54.6637  3.14159  0  0.000114283  -3.89159e-05
-27.0177  3.14159  0  0.000389315  -0.000235479
-13.1947  3.14159  0  0.000972568  -0.00114354
-10.6814  3.14159  0  0.00115476  -0.00174414
-8.16814  3.14159  0  0.00122092  -0.00284279
-6.9115  3.14159  0  0.00107198  -0.00370726
-5.65487  3.14159  0  0.000614206  -0.00486935
-4.39823  3.14159  0  -0.000491146  -0.00634245
-3.14159  3.14159  0  -0.00286742  -0.00785834
-1.88496  3.14159  0  -0.0072171  -0.00803494
-0.628319  3.14159  0  -0.0119963  -0.00385552
0.628319  3.14159  0  -0.0119872  0.00395407
1.88496  3.14159  0  -0.00718995  0.00812875
3.14159  3.14159  0  -0.00282304  0.00794421
4.39823  3.14159  0  -0.000431837  0.00641739
5.65487  3.14159  0  0.000684707  0.0049277
6.9115  3.14159  0  0.00114422  0.00375117
8.16814  3.14159  0  0.00129365  0.00287953
10.6814  3.14159  0  0.00123972  0.00176517
15.708  3.14159  0  0.000882313  0.000751219
33.3009  3.14159  0  0.00025593  0.00011231
-54.6637  3.14159  3.14159  0.000116414  -3.89004e-05
-27.0177  3.14159  3.14159  0.000386071  -0.000227514
-13.1947  3.14159  3.14159  0.000942009  -0.00107104
-10.6814  3.14159  3.14159  0.00117162  -0.00160826
-8.16814  3.14159  3.14159  0.00131475  -0.00255386
-6.9115  3.14159  3.14159  0.0013398  -0.00331471
-5.65487  3.14159  3.14159  0.00124211  -0.0043662
-4.39823  3.14159  3.14159  0.000865564  -0.00589925
-3.14159  3.14159  3.14159  5.3359e-05  -0.0082417
-1.88496  3.14159  3.14159  -0.00237602  -0.0132797
-0.628319  3.14159  3.14159  -0.021915  -0.0221909
0.628319  3.14159  3.14159  -0.0219885  0.0224114
1.88496  3.14159  3.14159  -0.00233863  0.0133605
3.14159  3.14159  3.14159  9.99525e-05  0.00830756
4.39823  3.14159  3.14159  0.000933851  0.00593255
5.65487  3.14159  3.14159  0.00130413  0.00442414
6.9115  3.14159  3.14159  0.00143088  0.00336175
8.16814  3.14159  3.14159  0.00143403  0.00261091
10.6814  3.14159  3.14159  0.00124356  0.0016134
15.708  3.14159  3.14159  0.000871589  0.000709197
33.3009  3.14159  3.14159  0.000247058  0.000110832
