-54.6637  0  0  5.79152e-06  7.3088e-06
-27.0177  0  0  6.89873e-05  2.06393e-05
-13.1947  0  0  0.000368577  -0.000135684
-10.6814  0  0  1.98792e-05  0.00011355
-8.16814  0  0  5.39308e-06  -0.00025981
-6.9115  0  0  0.000365213  -0.000237096
-5.65487  0  0  0.00138407  -0.00071755
-4.39823  0  0  -0.000735799  0.000932266
-3.14159  0  0  4.74432e-05  -0.00024723
-1.88496  0  0  -0.00454103  0.000285205
-0.628319  0  0  -0.0169389  -0.0347249
0.628319  0  0  -0.0371738  0.0389804
1.88496  0  0  -0.00203833  -0.000311808
3.14159  0  0  -0.00342745  0.00238289
4.39823  0  0  -0.000443402  0.0015327
5.65487  0  0  0.00160484  -0.00081687
6.9115  0  0  -0.00043573  0.000354124
8.16814  0  0  -0.0002372  -0.000198937
10.6814  0  0  -4.39378e-05  0.000298153
15.708  0  0  0.000100953  -5.0087e-05
33.3009  0  0  -3.7628e-06  5.39688e-06
-54.6637  0  3.14159  9.83506e-06  -1.9845e-06
-27.0177  0  3.14159  2.14388e-05  -1.48275e-05
-13.1947  0  3.14159  -4.86738e-05  -9.1125e-05
-10.6814  0  3.14159  0.000162149  -0.000116218
-8.16814  0  3.14159  -1.19724e-06  -4.62036e-05
-6.9115  0  3.14159  -0.000134733  8.24072e-05
-5.65487  0  3.14159  6.85005e-06  -0.0003214
-4.39823  0  3.14159  0.000341531  -0.000553704
-3.14159  0  3.14159  -0.000102302  -0.00010693
-1.88496  0  3.14159  -0.0021697  0.000370457
-0.628319  0  3.14159  -0.0246335  -0.00484852
0.628319  0  3.14159  0.00711054  0.0124279
1.88496  0  3.14159  -0.00134754  -0.000573909
3.14159  0  3.14159  -0.00105335  0.00123287
4.39823  0  3.14159  0.000101766  0.000609708
5.65487  0  3.14159  -0.00031536  -0.000207161
6.9115  0  3.14159  -0.000152676  0.000425277
8.16814  0  3.14159  -2.21315e-05  0.00036816
10.6814  0  3.14159  0.000209736  0.000113273
15.708  0  3.14159  2.46681e-05  4.21963e-05
33.3009  0  3.14159  -7.52812e-07  -1.31711e-05
-54.6637  3.14159  0  9.83506e-06  -1.9845e-06
-27.0177  3.14159  0  2.14388e-05  -1.48275e-05
-13.1947  3.14159  0  -4.86738e-05  -9.1125e-05
-10.6814  3.14159  0  0.000162149  -0.000116218
-8.16814  3.14159  0  -1.19724e-06  -4.62036e-05
-6.9115  3.14159  0  -0.000134733  8.24072e-05
-5.65487  3.14159  0  6.85005e-06  -0.0003214
-4.39823  3.14159  0  0.000341531  -0.000553704
-3.14159  3.14159  0  -0.000102302  -0.00010693
-1.88496  3.14159  0  -0.0021697  0.000370457
-0.628319  3.14159  0  -0.0246335  -0.00484852
0.628319  3.14159  0  0.00711054  0.0124279
1.88496  3.14159  0  -0.00134754  -0.000573909
3.14159  3.14159  0  -0.00105335  0.00123287
4.39823  3.14159  0  0.000101766  0.000609708
5.65487  3.14159  0  -0.00031536  -0.000207161
6.9115  3.14159  0  -0.000152676  0.000425277
8.16814  3.14159  0  -2.21315e-05  0.00036816
10.6814  3.14159  0  0.000209736  0.000113273
15.708  3.14159  0  2.46681e-05  4.21963e-05
33.3009  3.14159  0  -7.52812e-07  -1.31711e-05
-54.6637  3.14159  3.14159  4.23994e-06  3.55712e-07
-27.0177  3.14159  3.14159  3.57874e-05  -1.93923e-06
-13.1947  3.14159  3.14159  0.000106273  -8.60339e-05
-10.6814  3.14159  3.14159  0.00013294  5.63771e-05
-8.16814  3.14159  3.14159  -0.000103018  -5.32059e-05
-6.9115  3.14159  3.14159  0.000282651  -0.000228125
-5.65487  3.14159  3.14159  0.000680666  -0.000176405
-4.39823  3.14159  3.14159  0.000131082  -0.000188142
-3.14159  3.14159  3.14159  0.000399316  -0.000279419
-1.88496  3.14159  3.14159  -0.00191293  -0.000970196
-0.628319  3.14159  3.14159  -0.0111591  -0.00390181
0.628319  3.14159  3.14159  0.00240303  0.00996934
1.88496  3.14159  3.14159  -0.000310002  0.0011523
3.14159  3.14159  3.14159  -0.00124143  0.00134978
4.39823  3.14159  3.14159  -0.000105504  0.00102318
5.65487  3.14159  3.14159  0.000639738  -2.66354e-05
6.9115  3.14159  3.14159  -5.6211e-05  0.000245399
8.16814  3.14159  3.14159  -2.34721e-05  6.15416e-05
10.6814  3.14159  3.14159  6.42877e-05  0.000203612
15.708  3.14159  3.14159  2.68067e-05  -1.64126e-06
33.3009  3.14159  3.14159  2.28717e-05  -2.87528e-06
