-54.6637  0  0  -0.00189208  0.131526
-27.0177  0  0  -0.00850685  0.265542
-13.1947  0  0  -0.0397739  0.538014
-10.6814  0  0  -0.0614242  0.659263
-8.16814  0  0  -0.105007  0.844715
-6.9115  0  0  -0.143419  0.979466
-5.65487  0  0  -0.205642  1.15693
-4.39823  0  0  -0.317969  1.39611
-3.14159  0  0  -0.522481  1.69084
-1.88496  0  0  -0.882581  1.84692
-0.628319  0  0  -1.26217  1.02207
0.628319  0  0  -1.26183  -1.0208
1.88496  0  0  -0.888311  -1.84771
3.14159  0  0  -0.520758  -1.69113
4.39823  0  0  -0.318708  -1.39546
5.65487  0  0  -0.207589  -1.15778
6.9115  0  0  -0.143637  -0.980545
8.16814  0  0  -0.103707  -0.846496
10.6814  0  0  -0.061354  -0.660195
15.708  0  0  -0.0273887  -0.455227
33.3009  0  0  -0.00572342  -0.216044
-54.6637  0  3.14159  -0.000672899  0.131378
-27.0177  0  3.14159  -0.00317817  0.266173
-13.1947  0  3.14159  -0.0153648  0.544824
-10.6814  0  3.14159  -0.0241368  0.669991
-8.16814  0  3.14159  -0.0419663  0.862641
-6.9115  0  3.14159  -0.057991  1.00032
-5.65487  0  3.14159  -0.0829876  1.18008
-4.39823  0  3.14159  -0.122421  1.42012
-3.14159  0  3.14159  -0.193456  1.7623
-1.88496  0  3.14159  -0.398474  2.41618
-0.628319  0  3.14159  -2.42764  5.08824
0.628319  0  3.14159  -2.44265  -5.08246
1.88496  0  3.14159  -0.400719  -2.42067
3.14159  0  3.14159  -0.194885  -1.76329
4.39823  0  3.14159  -0.122604  -1.42043
5.65487  0  3.14159  -0.0822755  -1.18055
6.9115  0  3.14159  -0.0574277  -1.00082
8.16814  0  3.14159  -0.0415483  -0.86301
10.6814  0  3.14159  -0.0238297  -0.67015
15.708  0  3.14159  -0.010467  -0.458205
33.3009  0  3.14159  -0.00223695  -0.215846
-54.6637  3.14159  0  -0.000672899  0.131378
-27.0177  3.14159  0  -0.00317817  0.266173
-13.1947  3.14159  0  -0.0153648  0.544824
-10.6814  3.14159  0  -0.0241368  0.669991
-8.16814  3.14159  0  -0.0419663  0.862641
-6.9115  3.14159  0  -0.057991  1.00032
-5.65487  3.14159  0  -0.0829876  1.18008
-4.39823  3.14159  0  -0.122421  1.42012
-3.14159  3.14159  0  -0.193456  1.7623
-1.88496  3.14159  0  -0.398474  2.41618
-0.628319  3.14159  0  -2.42764  5.08824
0.628319  3.14159  0  -2.44265  -5.08246
1.88496  3.14159  0  -0.400719  -2.42067
3.14159  3.14159  0  -0.194885  -1.76329
4.39823  3.14159  0  -0.122604  -1.42043
5.65487  3.14159  0  -0.0822755  -1.18055
6.9115  3.14159  0  -0.0574277  -1.00082
8.16814  3.14159  0  -0.0415483  -0.86301
10.6814  3.14159  0  -0.0238297  -0.67015
15.708  3.14159  0  -0.010467  -0.458205
33.3009  3.14159  0  -0.00223695  -0.215846
-54.6637  3.14159  3.14159  0.000626823  0.13134
-27.0177  3.14159  3.14159  0.00236183  0.265844
-13.1947  3.14159  3.14159  0.0111816  0.541492
-10.6814  3.14159  3.14159  0.0175188  0.664648
-8.16814  3.14159  3.14159  0.0271592  0.854558
-6.9115  3.14159  3.14159  0.0330504  0.992809
-5.65487  3.14159  3.14159  0.0346899  1.17634
-4.39823  3.14159  3.14159  0.0178585  1.42512
-3.14159  3.14159  3.14159  -0.0453411  1.73293
-1.88496  3.14159  3.14159  -0.195749  1.90688
-0.628319  3.14159  3.14159  -0.34001  1.06767
0.628319  3.14159  3.14159  -0.340496  -1.05895
1.88496  3.14159  3.14159  -0.203146  -1.90263
3.14159  3.14159  3.14159  -0.0431519  -1.72873
4.39823  3.14159  3.14159  0.016978  -1.4222
5.65487  3.14159  3.14159  0.0327833  -1.17513
6.9115  3.14159  3.14159  0.0323893  -0.992302
8.16814  3.14159  3.14159  0.0276985  -0.85478
10.6814  3.14159  3.14159  0.0176193  -0.664251
15.708  3.14159  3.14159  0.00786913  -0.455953
33.3009  3.14159  3.14159  0.00134537  -0.215508
