-54.6637  0  0  1.37359e-06  1.32709e-05
-27.0177  0  0  5.35836e-06  2.60229e-05
-13.1947  0  0  1.98254e-05  4.73397e-05
-10.6814  0  0  2.80983e-05  5.42437e-05
-8.16814  0  0  4.18047e-05  6.16849e-05
-6.9115  0  0  5.19278e-05  6.4841e-05
-5.65487  0  0  6.5071e-05  6.6443e-05
-4.39823  0  0  8.15855e-05  6.47361e-05
-3.14159  0  0  0.000100734  5.69554e-05
-1.88496  0  0  0.000119314  4.03283e-05
-0.628319  0  0  0.000130967  1.45771e-05
0.628319  0  0  0.000131011  -1.52953e-05
1.88496  0  0  0.000118811  -4.08886e-05
3.14159  0  0  0.000100245  -5.74831e-05
4.39823  0  0  8.11523e-05  -6.50406e-05
5.65487  0  0  6.47104e-05  -6.66313e-05
6.9115  0  0  5.16317e-05  -6.49679e-05
8.16814  0  0  4.15322e-05  -6.17933e-05
10.6814  0  0  2.78973e-05  -5.43461e-05
15.708  0  0  1.44792e-05  -4.16791e-05
33.3009  0  0  3.46109e-06  -2.14342e-05
-54.6637  0  3.14159  8.91162e-07  1.33271e-05
-27.0177  0  3.14159  3.49391e-06  2.67038e-05
-13.1947  0  3.14159  1.40394e-05  5.19261e-05
-10.6814  0  3.14159  2.06289e-05  6.18441e-05
-8.16814  0  3.14159  3.28144e-05  7.56546e-05
-6.9115  0  3.14159  4.2995e-05  8.37968e-05
-5.65487  0  3.14159  5.77955e-05  9.30718e-05
-4.39823  0  3.14159  8.03944e-05  0.000101681
-3.14159  0  3.14159  0.000115298  0.000104726
-1.88496  0  3.14159  0.000163309  8.7931e-05
-0.628319  0  3.14159  0.00020595  4.02216e-05
0.628319  0  3.14159  0.000203757  -3.91014e-05
1.88496  0  3.14159  0.00016216  -8.93314e-05
3.14159  0  3.14159  0.00011391  -0.000104287
4.39823  0  3.14159  8.04815e-05  -0.000101837
5.65487  0  3.14159  5.74329e-05  -9.33221e-05
6.9115  0  3.14159  4.25494e-05  -8.41775e-05
8.16814  0  3.14159  3.24793e-05  -7.55872e-05
10.6814  0  3.14159  2.03646e-05  -6.19188e-05
15.708  0  3.14159  9.85571e-06  -4.44862e-05
33.3009  0  3.14159  2.23727e-06  -2.17574e-05
-54.6637  3.14159  0  8.91162e-07  1.33271e-05
-27.0177  3.14159  0  3.49391e-06  2.67038e-05
-13.1947  3.14159  0  1.40394e-05  5.19261e-05
-10.6814  3.14159  0  2.06289e-05  6.18441e-05
-8.16814  3.14159  0  3.28144e-05  7.56546e-05
-6.9115  3.14159  0  4.2995e-05  8.37968e-05
-5.65487  3.14159  0  5.77955e-05  9.30718e-05
-4.39823  3.14159  0  8.03944e-05  0.000101681
-3.14159  3.14159  0  0.000115298  0.000104726
-1.88496  3.14159  0  0.000163309  8.7931e-05
-0.628319  3.14159  0  0.00020595  4.02216e-05
0.628319  3.14159  0  0.000203757  -3.91014e-05
1.88496  3.14159  0  0.00016216  -8.93314e-05
3.14159  3.14159  0  0.00011391  -0.000104287
4.39823  3.14159  0  8.04815e-05  -0.000101837
5.65487  3.14159  0  5.74329e-05  -9.33221e-05
6.9115  3.14159  0  4.25494e-05  -8.41775e-05
8.16814  3.14159  0  3.24793e-05  -7.55872e-05
10.6814  3.14159  0  2.03646e-05  -6.19188e-05
15.708  3.14159  0  9.85571e-06  -4.44862e-05
33.3009  3.14159  0  2.23727e-06  -2.17574e-05
-54.6637  3.14159  3.14159  3.99834e-07  1.33979e-05
-27.0177  3.14159  3.14159  1.55319e-06  2.7019e-05
-13.1947  3.14159  3.14159  6.34555e-06  5.46214e-05
-10.6814  3.14159  3.14159  9.54442e-06  6.67976e-05
-8.16814  3.14159  3.14159  1.56801e-05  8.56421e-05
-6.9115  3.14159  3.14159  2.11132e-05  9.95197e-05
-5.65487  3.14159  3.14159  2.98066e-05  0.000118492
-4.39823  3.14159  3.14159  4.50095e-05  0.000146049
-3.14159  3.14159  3.14159  7.60372e-05  0.000189402
-1.88496  3.14159  3.14159  0.000159752  0.000261651
-0.628319  3.14159  3.14159  0.000464036  0.000272995
0.628319  3.14159  3.14159  0.000463343  -0.000274634
1.88496  3.14159  3.14159  0.000158642  -0.000262329
3.14159  3.14159  3.14159  7.52113e-05  -0.000189896
4.39823  3.14159  3.14159  4.43475e-05  -0.000146302
5.65487  3.14159  3.14159  2.92776e-05  -0.000118625
6.9115  3.14159  3.14159  2.06877e-05  -9.95895e-05
8.16814  3.14159  3.14159  1.53035e-05  -8.56979e-05
10.6814  3.14159  3.14159  9.26949e-06  -6.68506e-05
15.708  3.14159  3.14159  4.34055e-06  -4.61974e-05
33.3009  3.14159  3.14159  9.12424e-07  -2.19684e-05
