-54.6637  0  0  0.181699  -0.324078
-27.0177  0  0  -0.442217  0.421511
-13.1947  0  0  -0.695289  0.232997
-10.6814  0  0  0.0183848  -0.173187
-8.16814  0  0  -1.04469  -0.298631
-6.9115  0  0  -1.349  -0.747697
-5.65487  0  0  0.144866  0.156778
-4.39823  0  0  0.138742  0.972296
-3.14159  0  0  0.612847  3.73319
-1.88496  0  0  -4.2379  -2.37477
-0.628319  0  0  -6.32842  7.7788
0.628319  0  0  0.898516  -10.4463
1.88496  0  0  -4.07879  -1.98275
3.14159  0  0  2.95037  -1.02931
4.39823  0  0  0.841823  -0.951244
5.65487  0  0  1.2164  0.790724
6.9115  0  0  -0.602063  -0.652981
8.16814  0  0  0.21122  -0.180687
10.6814  0  0  0.2056  0.239228
15.708  0  0  1.0054  -0.646867
33.3009  0  0  0.437932  -0.621333
-54.6637  0  3.14159  -0.079785  -0.165453
-27.0177  0  3.14159  0.0335358  0.253691
-13.1947  0  3.14159  -0.107009  0.287231
-10.6814  0  3.14159  -0.148893  -0.24134
-8.16814  0  3.14159  -0.500481  -0.253938
-6.9115  0  3.14159  -0.725609  -0.126175
-5.65487  0  3.14159  -0.396828  -0.385833
-4.39823  0  3.14159  0.654843  0.347465
-3.14159  0  3.14159  1.62993  1.76608
-1.88496  0  3.14159  -1.92193  1.3172
-0.628319  0  3.14159  1.39054  7.47477
0.628319  0  3.14159  -4.71677  -4.84742
1.88496  0  3.14159  -2.65524  2.0481
3.14159  0  3.14159  0.4411  -1.36188
4.39823  0  3.14159  0.0517496  -0.942831
5.65487  0  3.14159  1.20018  0.253058
6.9115  0  3.14159  -0.345777  0.296786
8.16814  0  3.14159  0.0262884  0.488626
10.6814  0  3.14159  0.296019  0.120285
15.708  0  3.14159  0.138305  -0.396358
33.3009  0  3.14159  -0.148697  -0.422528
-54.6637  3.14159  0  -0.079785  -0.165453
-27.0177  3.14159  0  0.0335358  0.253691
-13.1947  3.14159  0  -0.107009  0.287231
-10.6814  3.14159  0  -0.148893  -0.24134
-8.16814  3.14159  0  -0.500481  -0.253938
-6.9115  3.14159  0  -0.725609  -0.126175
-5.65487  3.14159  0  -0.396828  -0.385833
-4.39823  3.14159  0  0.654843  0.347465
-3.14159  3.14159  0  1.62993  1.76608
-1.88496  3.14159  0  -1.92193  1.3172
-0.628319  3.14159  0  1.39054  7.47477
0.628319  3.14159  0  -4.71677  -4.84742
1.88496  3.14159  0  -2.65524  2.0481
3.14159  3.14159  0  0.4411  -1.36188
4.39823  3.14159  0  0.0517496  -0.942831
5.65487  3.14159  0  1.20018  0.253058
6.9115  3.14159  0  -0.345777  0.296786
8.16814  3.14159  0  0.0262884  0.488626
10.6814  3.14159  0  0.296019  0.120285
15.708  3.14159  0  0.138305  -0.396358
33.3009  3.14159  0  -0.148697  -0.422528
-54.6637  3.14159  3.14159  -0.110711  -0.107081
-27.0177  3.14159  3.14159  0.0688088  0.171572
-13.1947  3.14159  3.14159  -0.129329  0.297277
-10.6814  3.14159  3.14159  0.0343336  -0.319016
-8.16814  3.14159  3.14159  0.038123  -0.638997
-6.9115  3.14159  3.14159  -0.154759  -0.468154
-5.65487  3.14159  3.14159  0.0778191  -0.679247
-4.39823  3.14159  3.14159  0.463358  0.558112
-3.14159  3.14159  3.14159  0.553372  1.80732
-1.88496  3.14159  3.14159  -1.12375  0.332839
-0.628319  3.14159  3.14159  -0.884137  7.92883
0.628319  3.14159  3.14159  -1.87972  -5.91167
1.88496  3.14159  3.14159  -2.9635  1.73358
3.14159  3.14159  3.14159  0.74393  -1.34299
4.39823  3.14159  3.14159  0.436224  -0.564598
5.65487  3.14159  3.14159  0.544758  0.638498
6.9115  3.14159  3.14159  -0.562594  0.500683
8.16814  3.14159  3.14159  -0.445558  0.788987
10.6814  3.14159  3.14159  0.1253  0.282727
15.708  3.14159  3.14159  0.0359561  -0.198994
33.3009  3.14159  3.14159  -0.0368529  -0.37932
