-54.6637  0  0  -4.78007  17.56
-27.0177  0  0  20.8743  -29.5075
-13.1947  0  0  25.1794  -10.294
-10.6814  0  0  24.9154  10.7057
-8.16814  0  0  126.081  -14.8374
-6.9115  0  0  115.318  8.33062
-5.65487  0  0  65.8493  -10.9322
-4.39823  0  0  -43.8944  6.15982
-3.14159  0  0  -115.681  -170.567
-1.88496  0  0  272.649  -34.2838
-0.628319  0  0  -61.2025  -485.839
0.628319  0  0  403.219  450.508
1.88496  0  0  192.587  -3.7526
3.14159  0  0  -54.5522  75.915
4.39823  0  0  20.6658  84.816
5.65487  0  0  -144.056  -13.5803
6.9115  0  0  -15.4021  30.7471
8.16814  0  0  -79.6443  16.8428
10.6814  0  0  -36.4092  -0.959862
15.708  0  0  -56.7965  43.9817
33.3009  0  0  -0.64203  35.4401
-54.6637  0  3.14159  -31.5545  19.0366
-27.0177  0  3.14159  43.0784  -10.593
-13.1947  0  3.14159  62.0058  15.3012
-10.6814  0  3.14159  -76.6036  -0.898684
-8.16814  0  3.14159  -100.516  93.7555
-6.9115  0  3.14159  -44.6049  84.4676
-5.65487  0  3.14159  -212.1  4.49538
-4.39823  0  3.14159  97.0786  -158.695
-3.14159  0  3.14159  251.805  -193.06
-1.88496  0  3.14159  235.618  514.397
-0.628319  0  3.14159  1543.71  -55.0691
0.628319  0  3.14159  -1213.55  901.434
1.88496  0  3.14159  231.556  601.431
3.14159  0  3.14159  -329.918  16.8079
4.39823  0  3.14159  -184.823  -53.3865
5.65487  0  3.14159  166.71  -124.35
6.9115  0  3.14159  111.552  59.6297
8.16814  0  3.14159  142.439  6.44226
10.6814  0  3.14159  60.6954  -40.3809
15.708  0  3.14159  -45.7388  -14.0695
33.3009  0  3.14159  -87.0565  23.8098
-54.6637  3.14159  0  -31.5545  19.0366
-27.0177  3.14159  0  43.0784  -10.593
-13.1947  3.14159  0  62.0058  15.3012
-10.6814  3.14159  0  -76.6036  -0.898684
-8.16814  3.14159  0  -100.516  93.7555
-6.9115  3.14159  0  -44.6049  84.4676
-5.65487  3.14159  0  -212.1  4.49538
-4.39823  3.14159  0  97.0786  -158.695
-3.14159  3.14159  0  251.805  -193.06
-1.88496  3.14159  0  235.618  514.397
-0.628319  3.14159  0  1543.71  -55.0691
0.628319  3.14159  0  -1213.55  901.434
1.88496  3.14159  0  231.556  601.431
3.14159  3.14159  0  -329.918  16.8079
4.39823  3.14159  0  -184.823  -53.3865
5.65487  3.14159  0  166.71  -124.35
6.9115  3.14159  0  111.552  59.6297
8.16814  3.14159  0  142.439  6.44226
10.6814  3.14159  0  60.6954  -40.3809
15.708  3.14159  0  -45.7388  -14.0695
33.3009  3.14159  0  -87.0565  23.8098
-54.6637  3.14159  3.14159  13.7008  3.88761
-27.0177  3.14159  3.14159  -13.2  -15.6607
-13.1947  3.14159  3.14159  -11.3205  -18.4792
-10.6814  3.14159  3.14159  21.3496  -8.90729
-8.16814  3.14159  3.14159  28.7821  -57.1252
-6.9115  3.14159  3.14159  40.5104  -55.6818
-5.65487  3.14159  3.14159  40.8807  -32.2771
-4.39823  3.14159  3.14159  -30.9102  32.984
-3.14159  3.14159  3.14159  -148.155  11.2025
-1.88496  3.14159  3.14159  7.77339  -189.773
-0.628319  3.14159  3.14159  -424.571  -181.128
0.628319  3.14159  3.14159  444.769  -157.754
1.88496  3.14159  3.14159  41.3727  -201.588
3.14159  3.14159  3.14159  32.8726  67.4705
4.39823  3.14159  3.14159  66.4674  30.1196
5.65487  3.14159  3.14159  -74.5382  75.8056
6.9115  3.14159  3.14159  8.2591  -2.72699
8.16814  3.14159  3.14159  -19.375  21.979
10.6814  3.14159  3.14159  -19.3262  20.3037
15.708  3.14159  3.14159  17.4681  37.6356
33.3009  3.14159  3.14159  26.6005  9.87991
