-54.6637  0  0  0.000194558  0.00100424
-27.0177  0  0  0.000545622  0.00189335
-13.1947  0  0  0.0016338  0.00337639
-10.6814  0  0  0.00225031  0.00384925
-8.16814  0  0  0.0032647  0.00432585
-6.9115  0  0  0.00399601  0.00449546
-5.65487  0  0  0.00491507  0.00453511
-4.39823  0  0  0.00602572  0.0043321
-3.14159  0  0  0.00726089  0.00372738
-1.88496  0  0  0.00841309  0.00257499
-0.628319  0  0  0.00913888  0.000889158
0.628319  0  0  0.0091379  -0.00102818
1.88496  0  0  0.00841003  -0.00271284
3.14159  0  0  0.00725676  -0.00386272
4.39823  0  0  0.00602269  -0.00446473
5.65487  0  0  0.00491404  -0.00466457
6.9115  0  0  0.0040007  -0.00462244
8.16814  0  0  0.00327787  -0.00445404
10.6814  0  0  0.00227637  -0.00399436
15.708  0  0  0.00125239  -0.00316279
33.3009  0  0  0.000298592  -0.00172524
-54.6637  0  3.14159  0.000194216  0.00100228
-27.0177  0  3.14159  0.00053644  0.0018799
-13.1947  0  3.14159  0.00153237  0.00334505
-10.6814  0  3.14159  0.00207674  0.00383721
-8.16814  0  3.14159  0.0029638  0.00440706
-6.9115  0  3.14159  0.00361694  0.0046992
-5.65487  0  3.14159  0.00448636  0.00495794
-4.39823  0  3.14159  0.00566511  0.00509907
-3.14159  0  3.14159  0.00725924  0.00490958
-1.88496  0  3.14159  0.00922134  0.00391945
-0.628319  0  3.14159  0.010846  0.00155355
0.628319  0  3.14159  0.0108449  -0.00169403
1.88496  0  3.14159  0.00921811  -0.00405877
3.14159  0  3.14159  0.00725472  -0.00504672
4.39823  0  3.14159  0.00566056  -0.0052331
5.65487  0  3.14159  0.00448403  -0.00508835
6.9115  0  3.14159  0.00362015  -0.0048271
8.16814  0  3.14159  0.00297498  -0.00453596
10.6814  0  3.14159  0.00210103  -0.00398163
15.708  0  3.14159  0.00119069  -0.0031303
33.3009  0  3.14159  0.000294767  -0.00171711
-54.6637  3.14159  0  0.000194216  0.00100228
-27.0177  3.14159  0  0.00053644  0.0018799
-13.1947  3.14159  0  0.00153237  0.00334505
-10.6814  3.14159  0  0.00207674  0.00383721
-8.16814  3.14159  0  0.0029638  0.00440706
-6.9115  3.14159  0  0.00361694  0.0046992
-5.65487  3.14159  0  0.00448636  0.00495794
-4.39823  3.14159  0  0.00566511  0.00509907
-3.14159  3.14159  0  0.00725924  0.00490958
-1.88496  3.14159  0  0.00922134  0.00391945
-0.628319  3.14159  0  0.010846  0.00155355
0.628319  3.14159  0  0.0108449  -0.00169403
1.88496  3.14159  0  0.00921811  -0.00405877
3.14159  3.14159  0  0.00725472  -0.00504672
4.39823  3.14159  0  0.00566056  -0.0052331
5.65487  3.14159  0  0.00448403  -0.00508835
6.9115  3.14159  0  0.00362015  -0.0048271
8.16814  3.14159  0  0.00297498  -0.00453596
10.6814  3.14159  0  0.00210103  -0.00398163
15.708  3.14159  0  0.00119069  -0.0031303
33.3009  3.14159  0  0.000294767  -0.00171711
-54.6637  3.14159  3.14159  0.00019389  0.00100035
-27.0177  3.14159  3.14159  0.00052793  0.00186694
-13.1947  3.14159  3.14159  0.00144746  0.0033049
-10.6814  3.14159  3.14159  0.00193062  0.00379524
-8.16814  3.14159  3.14159  0.00269168  0.00438799
-6.9115  3.14159  3.14159  0.00323057  0.00472429
-5.65487  3.14159  3.14159  0.00392188  0.00509444
-4.39823  3.14159  3.14159  0.00483161  0.00552566
-3.14159  3.14159  3.14159  0.00612687  0.00610922
-1.88496  3.14159  3.14159  0.00852457  0.00708803
-0.628319  3.14159  3.14159  0.0156305  0.00649839
0.628319  3.14159  3.14159  0.0156292  -0.00664068
1.88496  3.14159  3.14159  0.00852145  -0.00722946
3.14159  3.14159  3.14159  0.00612181  -0.00624942
4.39823  3.14159  3.14159  0.00482455  -0.005663
5.65487  3.14159  3.14159  0.00391398  -0.00522626
6.9115  3.14159  3.14159  0.00322954  -0.00485018
8.16814  3.14159  3.14159  0.00270142  -0.00451373
10.6814  3.14159  3.14159  0.00195588  -0.00393873
15.708  3.14159  3.14159  0.00113802  -0.00309685
33.3009  3.14159  3.14159  0.000291167  -0.00170915
