-54.6637  0  0  0.000107288  -3.73101e-05
-27.0177  0  0  0.000394796  -0.000208142
-13.1947  0  0  0.00105805  -0.00123482
-10.6814  0  0  0.00118132  -0.00194258
-8.16814  0  0  0.00101466  -0.0031522
-6.9115  0  0  0.000618262  -0.00400099
-5.65487  0  0  -0.000209217  -0.00496308
-4.39823  0  0  -0.00170253  -0.00581998
-3.14159  0  0  -0.00399539  -0.00605407
-1.88496  0  0  -0.00673633  -0.00489044
-0.628319  0  0  -0.00876269  -0.00192715
0.628319  0  0  -0.00876224  0.00192876
1.88496  0  0  -0.00673514  0.00489139
3.14159  0  0  -0.00399422  0.00605383
4.39823  0  0  -0.0017025  0.00581902
5.65487  0  0  -0.000210424  0.00496261
6.9115  0  0  0.000616675  0.00400136
8.16814  0  0  0.00101296  0.00315336
10.6814  0  0  0.00118034  0.00194518
15.708  0  0  0.000889059  0.000822857
33.3009  0  0  0.000273697  0.000121766
-54.6637  0  3.14159  0.000106248  -3.72154e-05
-27.0177  0  3.14159  0.000387751  -0.000203604
-13.1947  0  3.14159  0.00105576  -0.00115056
-10.6814  0  3.14159  0.00123633  -0.00179009
-8.16814  0  3.14159  0.00127912  -0.00292419
-6.9115  0  3.14159  0.00111663  -0.00380079
-5.65487  0  3.14159  0.000642773  -0.00497258
-4.39823  0  3.14159  -0.000477289  -0.00646265
-3.14159  0  3.14159  -0.00288587  -0.0079966
-1.88496  0  3.14159  -0.00728946  -0.00817978
-0.628319  0  3.14159  -0.0121383  -0.00394833
0.628319  0  3.14159  -0.0121378  0.00395095
1.88496  0  3.14159  -0.00728738  0.00818185
3.14159  0  3.14159  -0.0028827  0.00799607
4.39823  0  3.14159  -0.000476715  0.00646034
5.65487  0  3.14159  0.000640859  0.00497141
6.9115  0  3.14159  0.00111423  0.00380137
8.16814  0  3.14159  0.00127721  0.00292603
10.6814  0  3.14159  0.00123595  0.00179282
15.708  0  3.14159  0.000874454  0.00077658
33.3009  0  3.14159  0.000269623  0.000120173
-54.6637  3.14159  0  0.000106248  -3.72154e-05
-27.0177  3.14159  0  0.000387751  -0.000203604
-13.1947  3.14159  0  0.00105576  -0.00115056
-10.6814  3.14159  0  0.00123633  -0.00179009
-8.16814  3.14159  0  0.00127912  -0.00292419
-6.9115  3.14159  0  0.00111663  -0.00380079
-5.65487  3.14159  0  0.000642773  -0.00497258
-4.39823  3.14159  0  -0.000477289  -0.00646265
-3.14159  3.14159  0  -0.00288587  -0.0079966
-1.88496  3.14159  0  -0.00728946  -0.00817978
-0.628319  3.14159  0  -0.0121383  -0.00394833
0.628319  3.14159  0  -0.0121378  0.00395095
1.88496  3.14159  0  -0.00728738  0.00818185
3.14159  3.14159  0  -0.0028827  0.00799607
4.39823  3.14159  0  -0.000476715  0.00646034
5.65487  3.14159  0  0.000640859  0.00497141
6.9115  3.14159  0  0.00111423  0.00380137
8.16814  3.14159  0  0.00127721  0.00292603
10.6814  3.14159  0  0.00123595  0.00179282
15.708  3.14159  0  0.000874454  0.00077658
33.3009  3.14159  0  0.000269623  0.000120173
-54.6637  3.14159  3.14159  0.000105211  -3.70693e-05
-27.0177  3.14159  3.14159  0.000380765  -0.000198992
-13.1947  3.14159  3.14159  0.00104004  -0.00107432
-10.6814  3.14159  3.14159  0.00124552  -0.00164576
-8.16814  3.14159  3.14159  0.00139972  -0.00264359
-6.9115  3.14159  3.14159  0.00139383  -0.00341303
-5.65487  3.14159  3.14159  0.00125827  -0.00446761
-4.39823  3.14159  3.14159  0.00089081  -0.00596922
-3.14159  3.14159  3.14159  7.92881e-05  -0.00836857
-1.88496  3.14159  3.14159  -0.00238483  -0.0134851
-0.628319  3.14159  3.14159  -0.0222003  -0.0225846
0.628319  3.14159  3.14159  -0.0221964  0.0225907
1.88496  3.14159  3.14159  -0.00237856  0.0134855
3.14159  3.14159  3.14159  8.13458e-05  0.00836607
4.39823  3.14159  3.14159  0.000890046  0.0059677
5.65487  3.14159  3.14159  0.001257  0.00446734
6.9115  3.14159  3.14159  0.00139234  0.00341363
8.16814  3.14159  3.14159  0.00139832  0.00264506
10.6814  3.14159  3.14159  0.00124521  0.00164821
15.708  3.14159  3.14159  0.000855863  0.000734534
33.3009  3.14159  3.14159  0.000265586  0.000118437
