-54.6637  0  0  0.000102673  0.0010215
-27.0177  0  0  0.000438297  0.00197858
-13.1947  0  0  0.00158339  0.00348327
-10.6814  0  0  0.0022066  0.00394173
-8.16814  0  0  0.0032127  0.00440286
-6.9115  0  0  0.00393447  0.00457042
-5.65487  0  0  0.00484502  0.00461346
-4.39823  0  0  0.00595058  0.00441604
-3.14159  0  0  0.0071823  0.00381738
-1.88496  0  0  0.00833245  0.00267141
-0.628319  0  0  0.00905709  0.000992984
0.628319  0  0  0.00905698  -0.000915719
1.88496  0  0  0.00833319  -0.0025923
3.14159  0  0  0.00718598  -0.00373627
4.39823  0  0  0.0059583  -0.00433414
5.65487  0  0  0.00485664  -0.00453188
6.9115  0  0  0.00394964  -0.00448968
8.16814  0  0  0.00323137  -0.00432338
10.6814  0  0  0.00223128  -0.0038661
15.708  0  0  0.00121395  -0.00301955
33.3009  0  0  0.000333631  -0.00159617
-54.6637  0  3.14159  0.000102225  0.00101955
-27.0177  0  3.14159  0.000429444  0.00196584
-13.1947  0  3.14159  0.00148248  0.00344864
-10.6814  0  3.14159  0.00203047  0.00392709
-8.16814  0  3.14159  0.0029096  0.00448513
-6.9115  0  3.14159  0.0035554  0.00477482
-5.65487  0  3.14159  0.0044164  0.00503499
-4.39823  0  3.14159  0.00558904  0.00518244
-3.14159  0  3.14159  0.00718111  0.00499877
-1.88496  0  3.14159  0.00913996  0.0040115
-0.628319  0  3.14159  0.0107588  0.00165418
0.628319  0  3.14159  0.0107569  -0.00157907
1.88496  0  3.14159  0.00913784  -0.00393241
3.14159  0  3.14159  0.00718432  -0.00491545
4.39823  0  3.14159  0.00559818  -0.00510012
5.65487  0  3.14159  0.00442822  -0.00495362
6.9115  0  3.14159  0.00357051  -0.00469408
8.16814  0  3.14159  0.00292851  -0.00440575
10.6814  0  3.14159  0.00205508  -0.00385182
15.708  0  3.14159  0.00115416  -0.00298573
33.3009  0  3.14159  0.000329781  -0.00158861
-54.6637  3.14159  0  0.000102225  0.00101955
-27.0177  3.14159  0  0.000429444  0.00196584
-13.1947  3.14159  0  0.00148248  0.00344864
-10.6814  3.14159  0  0.00203047  0.00392709
-8.16814  3.14159  0  0.0029096  0.00448513
-6.9115  3.14159  0  0.0035554  0.00477482
-5.65487  3.14159  0  0.0044164  0.00503499
-4.39823  3.14159  0  0.00558904  0.00518244
-3.14159  3.14159  0  0.00718111  0.00499877
-1.88496  3.14159  0  0.00913996  0.0040115
-0.628319  3.14159  0  0.0107588  0.00165418
0.628319  3.14159  0  0.0107569  -0.00157907
1.88496  3.14159  0  0.00913784  -0.00393241
3.14159  3.14159  0  0.00718432  -0.00491545
4.39823  3.14159  0  0.00559818  -0.00510012
5.65487  3.14159  0  0.00442822  -0.00495362
6.9115  3.14159  0  0.00357051  -0.00469408
8.16814  3.14159  0  0.00292851  -0.00440575
10.6814  3.14159  0  0.00205508  -0.00385182
15.708  3.14159  0  0.00115416  -0.00298573
33.3009  3.14159  0  0.000329781  -0.00158861
-54.6637  3.14159  3.14159  0.000101792  0.00101764
-27.0177  3.14159  3.14159  0.000421309  0.00195351
-13.1947  3.14159  3.14159  0.00139815  0.00340622
-10.6814  3.14159  3.14159  0.00188325  0.00388266
-8.16814  3.14159  3.14159  0.00263464  0.00446574
-6.9115  3.14159  3.14159  0.00316692  0.00480216
-5.65487  3.14159  3.14159  0.00385314  0.00517475
-4.39823  3.14159  3.14159  0.00475979  0.00560719
-3.14159  3.14159  3.14159  0.00605173  0.00619319
-1.88496  3.14159  3.14159  0.00844531  0.0071707
-0.628319  3.14159  3.14159  0.0155236  0.00657747
0.628319  3.14159  3.14159  0.0155232  -0.00650074
1.88496  3.14159  3.14159  0.00844546  -0.0070917
3.14159  3.14159  3.14159  0.00605518  -0.00611186
4.39823  3.14159  3.14159  0.00476746  -0.00552508
5.65487  3.14159  3.14159  0.00386486  -0.00509301
6.9115  3.14159  3.14159  0.00318236  -0.00472143
8.16814  3.14159  3.14159  0.00265353  -0.00438652
10.6814  3.14159  3.14159  0.00190765  -0.00380734
15.708  3.14159  3.14159  0.00110327  -0.00295053
33.3009  3.14159  3.14159  0.000326168  -0.00158125
