-54.6637  0  0  3.71672e-08  -1.81369e-06
-27.0177  0  0  9.58787e-07  -2.89929e-06
-13.1947  0  0  7.61076e-06  -4.0275e-06
-10.6814  0  0  1.25403e-05  -6.75239e-06
-8.16814  0  0  2.12683e-05  -1.60496e-05
-6.9115  0  0  2.67708e-05  -2.12857e-05
-5.65487  0  0  2.46106e-05  -3.34362e-05
-4.39823  0  0  1.88482e-05  -4.82205e-05
-3.14159  0  0  6.21657e-06  -5.85399e-05
-1.88496  0  0  -2.0008e-05  -5.59671e-05
-0.628319  0  0  -5.78242e-05  -3.50628e-05
0.628319  0  0  -2.9061e-05  1.94534e-05
1.88496  0  0  -2.01924e-05  5.80322e-05
3.14159  0  0  4.79565e-06  5.67872e-05
4.39823  0  0  2.18596e-05  4.80993e-05
5.65487  0  0  2.56973e-05  3.58577e-05
6.9115  0  0  2.47527e-05  1.81427e-05
8.16814  0  0  2.03892e-05  1.44406e-05
10.6814  0  0  1.06619e-05  8.13026e-06
15.708  0  0  4.81447e-06  3.94879e-06
33.3009  0  0  9.91638e-07  2.63162e-06
-54.6637  0  3.14159  1.03044e-07  -1.6646e-06
-27.0177  0  3.14159  6.53663e-07  -3.02277e-06
-13.1947  0  3.14159  5.71504e-06  -5.10681e-06
-10.6814  0  3.14159  1.0012e-05  -7.44335e-06
-8.16814  0  3.14159  1.71857e-05  -1.40561e-05
-6.9115  0  3.14159  2.2099e-05  -2.07425e-05
-5.65487  0  3.14159  2.76595e-05  -3.181e-05
-4.39823  0  3.14159  3.25188e-05  -5.09121e-05
-3.14159  0  3.14159  2.94003e-05  -8.27072e-05
-1.88496  0  3.14159  -3.9966e-06  -0.000116258
-0.628319  0  3.14159  -7.04022e-05  -7.14398e-05
0.628319  0  3.14159  -7.02687e-05  7.10971e-05
1.88496  0  3.14159  -3.97688e-06  0.000115998
3.14159  0  3.14159  2.92642e-05  8.24325e-05
4.39823  0  3.14159  3.22991e-05  5.06175e-05
5.65487  0  3.14159  2.72984e-05  3.16073e-05
6.9115  0  3.14159  2.14886e-05  2.06291e-05
8.16814  0  3.14159  1.66334e-05  1.42031e-05
10.6814  0  3.14159  9.68967e-06  8.03191e-06
15.708  0  3.14159  3.68066e-06  4.59756e-06
33.3009  0  3.14159  4.23805e-07  2.46619e-06
-54.6637  3.14159  0  1.03044e-07  -1.6646e-06
-27.0177  3.14159  0  6.53663e-07  -3.02277e-06
-13.1947  3.14159  0  5.71504e-06  -5.10681e-06
-10.6814  3.14159  0  1.0012e-05  -7.44335e-06
-8.16814  3.14159  0  1.71857e-05  -1.40561e-05
-6.9115  3.14159  0  2.2099e-05  -2.07425e-05
-5.65487  3.14159  0  2.76595e-05  -3.181e-05
-4.39823  3.14159  0  3.25188e-05  -5.09121e-05
-3.14159  3.14159  0  2.94003e-05  -8.27072e-05
-1.88496  3.14159  0  -3.9966e-06  -0.000116258
-0.628319  3.14159  0  -7.04022e-05  -7.14398e-05
0.628319  3.14159  0  -7.02687e-05  7.10971e-05
1.88496  3.14159  0  -3.97688e-06  0.000115998
3.14159  3.14159  0  2.92642e-05  8.24325e-05
4.39823  3.14159  0  3.22991e-05  5.06175e-05
5.65487  3.14159  0  2.72984e-05  3.16073e-05
6.9115  3.14159  0  2.14886e-05  2.06291e-05
8.16814  3.14159  0  1.66334e-05  1.42031e-05
10.6814  3.14159  0  9.68967e-06  8.03191e-06
15.708  3.14159  0  3.68066e-06  4.59756e-06
33.3009  3.14159  0  4.23805e-07  2.46619e-06
-54.6637  3.14159  3.14159  3.08147e-08  -1.66275e-06
-27.0177  3.14159  3.14159  3.01285e-07  -3.03472e-06
-13.1947  3.14159  3.14159  3.96707e-06  -5.16225e-06
-10.6814  3.14159  3.14159  7.13505e-06  -7.36797e-06
-8.16814  3.14159  3.14159  1.22581e-05  -1.27692e-05
-6.9115  3.14159  3.14159  1.54775e-05  -1.78884e-05
-5.65487  3.14159  3.14159  1.92926e-05  -2.62012e-05
-4.39823  3.14159  3.14159  2.37638e-05  -3.79083e-05
-3.14159  3.14159  3.14159  3.33664e-05  -5.6657e-05
-1.88496  3.14159  3.14159  9.09116e-05  -0.00010971
-0.628319  3.14159  3.14159  -0.000116719  -0.000842102
0.628319  3.14159  3.14159  -0.000117386  0.000842654
1.88496  3.14159  3.14159  9.06188e-05  0.000109062
3.14159  3.14159  3.14159  3.37071e-05  5.61998e-05
4.39823  3.14159  3.14159  2.36177e-05  3.77177e-05
5.65487  3.14159  3.14159  1.88909e-05  2.58611e-05
6.9115  3.14159  3.14159  1.49711e-05  1.79617e-05
8.16814  3.14159  3.14159  1.17461e-05  1.30434e-05
10.6814  3.14159  3.14159  6.92629e-06  7.84842e-06
15.708  3.14159  3.14159  2.52941e-06  4.67439e-06
33.3009  3.14159  3.14159  2.07366e-07  2.48486e-06
