-54.6637  0  0  0.00011393  -4.14167e-05
-27.0177  0  0  0.000389769  -0.000234402
-13.1947  0  0  0.00100731  -0.00122925
-10.6814  0  0  0.0011323  -0.00192459
-8.16814  0  0  0.000958655  -0.00312459
-6.9115  0  0  0.000552767  -0.00395843
-5.65487  0  0  -0.000276397  -0.00489076
-4.39823  0  0  -0.00174783  -0.00571331
-3.14159  0  0  -0.00400096  -0.00592808
-1.88496  0  0  -0.00669547  -0.00476739
-0.628319  0  0  -0.00868118  -0.0018301
0.628319  0  0  -0.00865535  0.0019849
1.88496  0  0  -0.00663051  0.00490438
3.14159  0  0  -0.00390695  0.00604264
4.39823  0  0  -0.00162593  0.00579991
5.65487  0  0  -0.000135691  0.00493303
6.9115  0  0  0.000684394  0.00395757
8.16814  0  0  0.00106889  0.00309725
10.6814  0  0  0.00120645  0.00187704
15.708  0  0  0.000869037  0.000770656
33.3009  0  0  0.000255025  0.000127257
-54.6637  0  3.14159  0.000112878  -4.12254e-05
-27.0177  0  3.14159  0.000384189  -0.000229642
-13.1947  0  3.14159  0.000999128  -0.00115197
-10.6814  0  3.14159  0.00117591  -0.00177351
-8.16814  0  3.14159  0.00121422  -0.00288891
-6.9115  0  3.14159  0.00104698  -0.00374942
-5.65487  0  3.14159  0.000573207  -0.00489446
-4.39823  0  3.14159  -0.000530901  -0.00635009
-3.14159  0  3.14159  -0.00290568  -0.00785298
-1.88496  0  3.14159  -0.00725246  -0.00801925
-0.628319  0  3.14159  -0.0120262  -0.00381746
0.628319  0  3.14159  -0.0119886  0.00399549
1.88496  0  3.14159  -0.007164  0.00816039
3.14159  0  3.14159  -0.00279982  0.00795721
4.39823  0  3.14159  -0.000412411  0.00642903
5.65487  0  3.14159  0.000706397  0.0049407
6.9115  0  3.14159  0.00117856  0.00375928
8.16814  0  3.14159  0.00133272  0.00287067
10.6814  0  3.14159  0.0012621  0.00172345
15.708  0  3.14159  0.000853398  0.00072423
33.3009  0  3.14159  0.000251148  0.000125858
-54.6637  3.14159  0  0.000112878  -4.12254e-05
-27.0177  3.14159  0  0.000384189  -0.000229642
-13.1947  3.14159  0  0.000999128  -0.00115197
-10.6814  3.14159  0  0.00117591  -0.00177351
-8.16814  3.14159  0  0.00121422  -0.00288891
-6.9115  3.14159  0  0.00104698  -0.00374942
-5.65487  3.14159  0  0.000573207  -0.00489446
-4.39823  3.14159  0  -0.000530901  -0.00635009
-3.14159  3.14159  0  -0.00290568  -0.00785298
-1.88496  3.14159  0  -0.00725246  -0.00801925
-0.628319  3.14159  0  -0.0120262  -0.00381746
0.628319  3.14159  0  -0.0119886  0.00399549
1.88496  3.14159  0  -0.007164  0.00816039
3.14159  3.14159  0  -0.00279982  0.00795721
4.39823  3.14159  0  -0.000412411  0.00642903
5.65487  3.14159  0  0.000706397  0.0049407
6.9115  3.14159  0  0.00117856  0.00375928
8.16814  3.14159  0  0.00133272  0.00287067
10.6814  3.14159  0  0.0012621  0.00172345
15.708  3.14159  0  0.000853398  0.00072423
33.3009  3.14159  0  0.000251148  0.000125858
-54.6637  3.14159  3.14159  0.00011182  -4.09996e-05
-27.0177  3.14159  3.14159  0.000378625  -0.000224763
-13.1947  3.14159  3.14159  0.000977251  -0.00108468
-10.6814  3.14159  3.14159  0.00117057  -0.00163096
-8.16814  3.14159  3.14159  0.00132608  -0.00259519
-6.9115  3.14159  3.14159  0.00132594  -0.00334834
-5.65487  3.14159  3.14159  0.00119737  -0.00438599
-4.39823  3.14159  3.14159  0.000841174  -0.00587032
-3.14159  3.14159  3.14159  2.69624e-05  -0.00824477
-1.88496  3.14159  3.14159  -0.00243672  -0.0132721
-0.628319  3.14159  3.14159  -0.0220092  -0.0221967
0.628319  3.14159  3.14159  -0.0219144  0.0224371
1.88496  3.14159  3.14159  -0.00227515  0.0133944
3.14159  3.14159  3.14159  0.000133838  0.00831144
4.39823  3.14159  3.14159  0.000937523  0.00594207
5.65487  3.14159  3.14159  0.00131952  0.00444189
6.9115  3.14159  3.14159  0.0014564  0.00337238
8.16814  3.14159  3.14159  0.0014533  0.00258926
10.6814  3.14159  3.14159  0.0012712  0.001578
15.708  3.14159  3.14159  0.000833852  0.000682239
33.3009  3.14159  3.14159  0.000247305  0.000124324
