-54.6637  0  0  0.000306691  0.00291937
-27.0177  0  0  0.00121106  0.00571177
-13.1947  0  0  0.00445095  0.0102705
-10.6814  0  0  0.0062621  0.0117031
-8.16814  0  0  0.00922738  0.0131964
-6.9115  0  0  0.011384  0.0137827
-5.65487  0  0  0.0141376  0.0140136
-4.39823  0  0  0.0175291  0.0135263
-3.14159  0  0  0.0213735  0.0117946
-1.88496  0  0  0.0250311  0.008299
-0.628319  0  0  0.0273717  0.00302746
0.628319  0  0  0.0273717  -0.00303063
1.88496  0  0  0.0250312  -0.0083022
3.14159  0  0  0.0213737  -0.0117979
4.39823  0  0  0.0175294  -0.0135297
5.65487  0  0  0.0141378  -0.0140171
6.9115  0  0  0.0113842  -0.0137865
8.16814  0  0  0.00922738  -0.0132004
10.6814  0  0  0.00626161  -0.0117073
15.708  0  0  0.00329563  -0.0090574
33.3009  0  0  0.000807392  -0.00470622
-54.6637  0  3.14159  0.000306622  0.00291354
-27.0177  0  3.14159  0.00119043  0.00567268
-13.1947  0  3.14159  0.00416754  0.0101489
-10.6814  0  3.14159  0.00575208  0.0116258
-8.16814  0  3.14159  0.00831371  0.0133858
-6.9115  0  3.14159  0.0102099  0.0143317
-5.65487  0  3.14159  0.0127585  0.015228
-4.39823  0  3.14159  0.0162682  0.0158472
-3.14159  0  3.14159  0.0211392  0.0155626
-1.88496  0  3.14159  0.0273823  0.0128234
-0.628319  0  3.14159  0.0327846  0.00536461
0.628319  0  3.14159  0.0327846  -0.00536777
1.88496  0  3.14159  0.0273824  -0.0128266
3.14159  0  3.14159  0.0211394  -0.0155659
4.39823  0  3.14159  0.0162683  -0.0158505
5.65487  0  3.14159  0.0127588  -0.0152316
6.9115  0  3.14159  0.01021  -0.0143355
8.16814  0  3.14159  0.00831371  -0.0133897
10.6814  0  3.14159  0.00575161  -0.01163
15.708  0  3.14159  0.00313289  -0.0089469
33.3009  0  3.14159  0.000799462  -0.00468323
-54.6637  3.14159  0  0.000306622  0.00291354
-27.0177  3.14159  0  0.00119043  0.00567268
-13.1947  3.14159  0  0.00416754  0.0101489
-10.6814  3.14159  0  0.00575208  0.0116258
-8.16814  3.14159  0  0.00831371  0.0133858
-6.9115  3.14159  0  0.0102099  0.0143317
-5.65487  3.14159  0  0.0127585  0.015228
-4.39823  3.14159  0  0.0162682  0.0158472
-3.14159  3.14159  0  0.0211392  0.0155626
-1.88496  3.14159  0  0.0273823  0.0128234
-0.628319  3.14159  0  0.0327846  0.00536461
0.628319  3.14159  0  0.0327846  -0.00536777
1.88496  3.14159  0  0.0273824  -0.0128266
3.14159  3.14159  0  0.0211394  -0.0155659
4.39823  3.14159  0  0.0162683  -0.0158505
5.65487  3.14159  0  0.0127588  -0.0152316
6.9115  3.14159  0  0.01021  -0.0143355
8.16814  3.14159  0  0.00831371  -0.0133897
10.6814  3.14159  0  0.00575161  -0.01163
15.708  3.14159  0  0.00313289  -0.0089469
33.3009  3.14159  0  0.000799462  -0.00468323
-54.6637  3.14159  3.14159  0.000306614  0.00290782
-27.0177  3.14159  3.14159  0.0011721  0.0056351
-13.1947  3.14159  3.14159  0.00393992  0.0100088
-10.6814  3.14159  3.14159  0.0053461  0.0114665
-8.16814  3.14159  3.14159  0.00753803  0.0132667
-6.9115  3.14159  3.14159  0.00909457  0.0143141
-5.65487  3.14159  3.14159  0.0110963  0.0154832
-4.39823  3.14159  3.14159  0.0137127  0.0168616
-3.14159  3.14159  3.14159  0.0173477  0.0188194
-1.88496  3.14159  3.14159  0.0239567  0.0226832
-0.628319  3.14159  3.14159  0.0484214  0.0258994
0.628319  3.14159  3.14159  0.0484214  -0.0259026
1.88496  3.14159  3.14159  0.0239568  -0.0226864
3.14159  3.14159  3.14159  0.0173478  -0.0188227
4.39823  3.14159  3.14159  0.0137129  -0.016865
5.65487  3.14159  3.14159  0.0110965  -0.0154867
6.9115  3.14159  3.14159  0.0090947  -0.0143178
8.16814  3.14159  3.14159  0.00753803  -0.0132706
10.6814  3.14159  3.14159  0.00534566  -0.0114707
15.708  3.14159  3.14159  0.00299896  -0.00883466
33.3009  3.14159  3.14159  0.000792318  -0.004661
