-54.6637  0  0  0.00293835  -0.00280523
-27.0177  0  0  0.00412495  -0.00166006
-13.1947  0  0  -0.00708474  0.0081093
-10.6814  0  0  0.00207785  -0.012051
-8.16814  0  0  -0.00540953  0.0247956
-6.9115  0  0  0.00148816  0.00591606
-5.65487  0  0  0.0116392  -0.020036
-4.39823  0  0  -0.0232168  -0.0270519
-3.14159  0  0  -0.019223  -0.0200423
-1.88496  0  0  -0.0130284  -0.00806565
-0.628319  0  0  0.0562668  0.00309373
0.628319  0  0  0.0214203  0.0612154
1.88496  0  0  -0.0151137  -0.00851017
3.14159  0  0  -0.0125705  -0.00732105
4.39823  0  0  -0.0287835  -0.0188056
5.65487  0  0  -0.0101695  0.0208059
6.9115  0  0  0.0135076  0.00609185
8.16814  0  0  0.0298958  -0.00344972
10.6814  0  0  -0.0105801  0.00381589
15.708  0  0  0.00422084  -0.00867564
33.3009  0  0  -0.00436404  0.00375425
-54.6637  0  3.14159  -0.000345766  -0.000385905
-27.0177  0  3.14159  -0.000100018  -0.000855359
-13.1947  0  3.14159  0.00188005  -0.000287508
-10.6814  0  3.14159  -0.000425237  -0.00129192
-8.16814  0  3.14159  0.00473012  -0.00305656
-6.9115  0  3.14159  0.00221001  -0.00424109
-5.65487  0  3.14159  -0.00120044  -0.00572498
-4.39823  0  3.14159  -0.0027026  -0.00284434
-3.14159  0  3.14159  -0.00361291  -0.00559105
-1.88496  0  3.14159  -0.00817137  -0.00672568
-0.628319  0  3.14159  -0.0121326  -0.0110627
0.628319  0  3.14159  -0.00588515  0.000184533
1.88496  0  3.14159  -0.00779693  0.00863883
3.14159  0  3.14159  -0.00471537  0.00963654
4.39823  0  3.14159  -0.00232759  0.00983445
5.65487  0  3.14159  0.00216521  0.00598512
6.9115  0  3.14159  0.000279593  0.00242011
8.16814  0  3.14159  -0.00125239  -1.94686e-05
10.6814  0  3.14159  0.00142227  0.00311017
15.708  0  3.14159  -0.00033898  0.000815138
33.3009  0  3.14159  0.00105993  0.000804762
-54.6637  3.14159  0  -0.000345766  -0.000385905
-27.0177  3.14159  0  -0.000100018  -0.000855359
-13.1947  3.14159  0  0.00188005  -0.000287508
-10.6814  3.14159  0  -0.000425237  -0.00129192
-8.16814  3.14159  0  0.00473012  -0.00305656
-6.9115  3.14159  0  0.00221001  -0.00424109
-5.65487  3.14159  0  -0.00120044  -0.00572498
-4.39823  3.14159  0  -0.0027026  -0.00284434
-3.14159  3.14159  0  -0.00361291  -0.00559105
-1.88496  3.14159  0  -0.00817137  -0.00672568
-0.628319  3.14159  0  -0.0121326  -0.0110627
0.628319  3.14159  0  -0.00588515  0.000184533
1.88496  3.14159  0  -0.00779693  0.00863883
3.14159  3.14159  0  -0.00471537  0.00963654
4.39823  3.14159  0  -0.00232759  0.00983445
5.65487  3.14159  0  0.00216521  0.00598512
6.9115  3.14159  0  0.000279593  0.00242011
8.16814  3.14159  0  -0.00125239  -1.94686e-05
10.6814  3.14159  0  0.00142227  0.00311017
15.708  3.14159  0  -0.00033898  0.000815138
33.3009  3.14159  0  0.00105993  0.000804762
-54.6637  3.14159  3.14159  0.000837213  -0.000419851
-27.0177  3.14159  3.14159  0.00108969  -0.000157017
-13.1947  3.14159  3.14159  -0.00218586  6.594e-06
-10.6814  3.14159  3.14159  0.00210907  -0.00349788
-8.16814  3.14159  3.14159  -0.00281547  0.00266264
-6.9115  3.14159  3.14159  0.000736308  -0.00072687
-5.65487  3.14159  3.14159  0.00568736  -0.00568116
-4.39823  3.14159  3.14159  -0.00201012  -0.0122464
-3.14159  3.14159  3.14159  -0.00142431  -0.011777
-1.88496  3.14159  3.14159  -0.00446991  -0.0145405
-0.628319  3.14159  3.14159  -0.00889922  -0.0119283
0.628319  3.14159  3.14159  -0.0248792  0.0388968
1.88496  3.14159  3.14159  -0.00192054  0.0103837
3.14159  3.14159  3.14159  -0.00108196  0.00458163
4.39823  3.14159  3.14159  -0.0012754  -0.00126741
5.65487  3.14159  3.14159  -0.00345451  0.00626208
6.9115  3.14159  3.14159  0.0029497  0.00508445
8.16814  3.14159  3.14159  0.00719219  0.00424026
10.6814  3.14159  3.14159  -0.00150976  0.000921703
15.708  3.14159  3.14159  0.0029249  -9.35969e-05
33.3009  3.14159  3.14159  -0.000751455  0.000607891
