-54.6637  0  0  4.20687e-06  -9.77812e-07
-27.0177  0  0  1.6035e-05  -7.2179e-06
-13.1947  0  0  4.46397e-05  -4.89955e-05
-10.6814  0  0  4.69489e-05  -7.78123e-05
-8.16814  0  0  3.40271e-05  -0.000128995
-6.9115  0  0  2.64001e-05  -0.000158158
-5.65487  0  0  6.02972e-06  -0.000217037
-4.39823  0  0  -5.14468e-05  -0.000257953
-3.14159  0  0  -0.000120509  -0.000242514
-1.88496  0  0  -0.000198777  -0.000328333
-0.628319  0  0  -1.70231e-05  -0.000280521
0.628319  0  0  -0.000212353  -5.42263e-05
1.88496  0  0  -0.000207714  0.0002769
3.14159  0  0  -0.000124711  0.000263263
4.39823  0  0  -5.54874e-05  0.000281406
5.65487  0  0  6.65944e-06  0.000188722
6.9115  0  0  2.02419e-05  0.000165405
8.16814  0  0  4.48644e-05  0.0001151
10.6814  0  0  4.74602e-05  8.02705e-05
15.708  0  0  3.76411e-05  2.94583e-05
33.3009  0  0  1.09218e-05  4.39197e-06
-54.6637  0  3.14159  4.36563e-06  -7.93106e-07
-27.0177  0  3.14159  1.64118e-05  -6.1732e-06
-13.1947  0  3.14159  5.05176e-05  -4.17542e-05
-10.6814  0  3.14159  6.3219e-05  -6.89834e-05
-8.16814  0  3.14159  7.46258e-05  -0.000118015
-6.9115  0  3.14159  7.18919e-05  -0.000163405
-5.65487  0  3.14159  5.66577e-05  -0.000232602
-4.39823  0  3.14159  1.05399e-05  -0.000319382
-3.14159  0  3.14159  -0.000125929  -0.000411053
-1.88496  0  3.14159  -0.000394719  -0.000529699
-0.628319  0  3.14159  -0.000618038  -0.000510716
0.628319  0  3.14159  -0.000601045  0.000241675
1.88496  0  3.14159  -0.000333233  0.000406801
3.14159  0  3.14159  -0.000105462  0.000431366
4.39823  0  3.14159  1.83412e-05  0.000315785
5.65487  0  3.14159  5.67251e-05  0.000227148
6.9115  0  3.14159  7.93893e-05  0.000167394
8.16814  0  3.14159  7.46539e-05  0.00012377
10.6814  0  3.14159  6.46104e-05  6.93236e-05
15.708  0  3.14159  3.97613e-05  2.68293e-05
33.3009  0  3.14159  1.12036e-05  3.20459e-06
-54.6637  3.14159  0  4.36563e-06  -7.93106e-07
-27.0177  3.14159  0  1.64118e-05  -6.1732e-06
-13.1947  3.14159  0  5.05176e-05  -4.17542e-05
-10.6814  3.14159  0  6.3219e-05  -6.89834e-05
-8.16814  3.14159  0  7.46258e-05  -0.000118015
-6.9115  3.14159  0  7.18919e-05  -0.000163405
-5.65487  3.14159  0  5.66577e-05  -0.000232602
-4.39823  3.14159  0  1.05399e-05  -0.000319382
-3.14159  3.14159  0  -0.000125929  -0.000411053
-1.88496  3.14159  0  -0.000394719  -0.000529699
-0.628319  3.14159  0  -0.000618038  -0.000510716
0.628319  3.14159  0  -0.000601045  0.000241675
1.88496  3.14159  0  -0.000333233  0.000406801
3.14159  3.14159  0  -0.000105462  0.000431366
4.39823  3.14159  0  1.83412e-05  0.000315785
5.65487  3.14159  0  5.67251e-05  0.000227148
6.9115  3.14159  0  7.93893e-05  0.000167394
8.16814  3.14159  0  7.46539e-05  0.00012377
10.6814  3.14159  0  6.46104e-05  6.93236e-05
15.708  3.14159  0  3.97613e-05  2.68293e-05
33.3009  3.14159  0  1.12036e-05  3.20459e-06
-54.6637  3.14159  3.14159  4.38794e-06  -6.29424e-07
-27.0177  3.14159  3.14159  1.70378e-05  -4.81954e-06
-13.1947  3.14159  3.14159  5.75713e-05  -3.33507e-05
-10.6814  3.14159  3.14159  7.74607e-05  -5.47367e-05
-8.16814  3.14159  3.14159  0.000107191  -9.92648e-05
-6.9115  3.14159  3.14159  0.000129862  -0.000138476
-5.65487  3.14159  3.14159  0.00015315  -0.000201979
-4.39823  3.14159  3.14159  0.000183053  -0.000300132
-3.14159  3.14159  3.14159  0.000201955  -0.000525571
-1.88496  3.14159  3.14159  7.17771e-05  -0.00108856
-0.628319  3.14159  3.14159  -0.00182455  -0.00200194
0.628319  3.14159  3.14159  -0.00179132  0.0019152
1.88496  3.14159  3.14159  0.000120271  0.00104721
3.14159  3.14159  3.14159  0.000213609  0.00051952
4.39823  3.14159  3.14159  0.000186626  0.000313913
5.65487  3.14159  3.14159  0.000156186  0.00020135
6.9115  3.14159  3.14159  0.000129445  0.000137616
8.16814  3.14159  3.14159  0.000106451  9.72847e-05
10.6814  3.14159  3.14159  7.76965e-05  5.41313e-05
15.708  3.14159  3.14159  4.33954e-05  2.04434e-05
33.3009  3.14159  3.14159  1.1452e-05  2.77284e-06
