-54.6637  0  0  -27.7544  -0.825364
-27.0177  0  0  47.8217  0.265796
-13.1947  0  0  -64.0945  -162.768
-10.6814  0  0  157.426  -35.8546
-8.16814  0  0  26.2723  -18.4581
-6.9115  0  0  63.8667  -589.387
-5.65487  0  0  589.471  805.007
-4.39823  0  0  -1626.43  377.716
-3.14159  0  0  -498.653  248.849
-1.88496  0  0  2490.44  1173.26
-0.628319  0  0  -2622.96  -7786.96
0.628319  0  0  -2190.72  -4706.24
1.88496  0  0  241.828  2499.67
3.14159  0  0  157.859  -705.623
4.39823  0  0  1461.23  -786.838
5.65487  0  0  43.0728  950.452
6.9115  0  0  -180.484  -283.712
8.16814  0  0  171.633  135.168
10.6814  0  0  -172.844  64.9968
15.708  0  0  17.5332  112.729
33.3009  0  0  -34.8611  -35.3632
-54.6637  0  3.14159  -1.69519  2.30705
-27.0177  0  3.14159  2.14755  -4.78698
-13.1947  0  3.14159  -12.8118  -1.37642
-10.6814  0  3.14159  5.62469  -15.7735
-8.16814  0  3.14159  3.97208  1.60277
-6.9115  0  3.14159  -39.7388  -14.1432
-5.65487  0  3.14159  72.02  -20.6257
-4.39823  0  3.14159  -16.7053  125.286
-3.14159  0  3.14159  -8.39415  34.3602
-1.88496  0  3.14159  189.454  -119.571
-0.628319  0  3.14159  -601.964  -80.129
0.628319  0  3.14159  -473.368  -6.57705
1.88496  0  3.14159  138.658  49.6547
3.14159  0  3.14159  -33.3626  -31.0654
4.39823  0  3.14159  -21.3287  -127.929
5.65487  0  3.14159  71.6596  25.7147
6.9115  0  3.14159  -30.3812  4.24044
8.16814  0  3.14159  17.7979  -6.93204
10.6814  0  3.14159  -2.99598  17.6766
15.708  0  3.14159  8.42117  3.3137
33.3009  0  3.14159  -3.36761  1.89055
-54.6637  3.14159  0  -1.69519  2.30705
-27.0177  3.14159  0  2.14755  -4.78698
-13.1947  3.14159  0  -12.8118  -1.37642
-10.6814  3.14159  0  5.62469  -15.7735
-8.16814  3.14159  0  3.97208  1.60277
-6.9115  3.14159  0  -39.7388  -14.1432
-5.65487  3.14159  0  72.02  -20.6257
-4.39823  3.14159  0  -16.7053  125.286
-3.14159  3.14159  0  -8.39415  34.3602
-1.88496  3.14159  0  189.454  -119.571
-0.628319  3.14159  0  -601.964  -80.129
0.628319  3.14159  0  -473.368  -6.57705
1.88496  3.14159  0  138.658  49.6547
3.14159  3.14159  0  -33.3626  -31.0654
4.39823  3.14159  0  -21.3287  -127.929
5.65487  3.14159  0  71.6596  25.7147
6.9115  3.14159  0  -30.3812  4.24044
8.16814  3.14159  0  17.7979  -6.93204
10.6814  3.14159  0  -2.99598  17.6766
15.708  3.14159  0  8.42117  3.3137
33.3009  3.14159  0  -3.36761  1.89055
-54.6637  3.14159  3.14159  -1.97838  -1.11055
-27.0177  3.14159  3.14159  2.19012  3.2532
-13.1947  3.14159  3.14159  4.92084  -12.97
-10.6814  3.14159  3.14159  12.2354  5.11716
-8.16814  3.14159  3.14159  -6.26429  9.03892
-6.9115  3.14159  3.14159  25.0086  -27.4612
-5.65487  3.14159  3.14159  17.4807  54.722
-4.39823  3.14159  3.14159  -98.9824  -27.0354
-3.14159  3.14159  3.14159  -38.4125  -2.65088
-1.88496  3.14159  3.14159  87.6333  162.265
-0.628319  3.14159  3.14159  254.547  -439.437
0.628319  3.14159  3.14159  30.3317  -382.739
1.88496  3.14159  3.14159  -55.8137  145.277
3.14159  3.14159  3.14159  35.9187  -39.2365
4.39823  3.14159  3.14159  111.926  0.294236
5.65487  3.14159  3.14159  -42.6618  48.32
6.9115  3.14159  3.14159  -6.91549  -17.4657
8.16814  3.14159  3.14159  2.29148  16.0093
10.6814  3.14159  3.14159  -13.4418  -0.477363
15.708  3.14159  3.14159  -4.4271  6.35655
33.3009  3.14159  3.14159  -0.778907  -3.84916
