-54.6637  0  0  0.00582192  -0.00118283
-27.0177  0  0  0.0221048  -0.00924566
-13.1947  0  0  0.0688827  -0.0640264
-10.6814  0  0  0.0865987  -0.105896
-8.16814  0  0  0.100531  -0.186232
-6.9115  0  0  0.0969965  -0.250988
-5.65487  0  0  0.0723975  -0.336847
-4.39823  0  0  0.00426711  -0.436685
-3.14159  0  0  -0.137431  -0.511257
-1.88496  0  0  -0.355331  -0.464234
-0.628319  0  0  -0.548885  -0.197915
0.628319  0  0  -0.548877  0.197927
1.88496  0  0  -0.355311  0.464238
3.14159  0  0  -0.137408  0.511255
4.39823  0  0  0.00428836  0.436679
5.65487  0  0  0.0724154  0.33684
6.9115  0  0  0.0970116  0.250981
8.16814  0  0  0.100545  0.186224
10.6814  0  0  0.0866077  0.105888
15.708  0  0  0.0543521  0.0410514
33.3009  0  0  0.0150495  0.00506471
-54.6637  0  3.14159  0.00583566  -0.00101569
-27.0177  0  3.14159  0.0223309  -0.00793944
-13.1947  0  3.14159  0.0727856  -0.0553488
-10.6814  0  3.14159  0.0954595  -0.0924643
-8.16814  0  3.14159  0.124179  -0.167643
-6.9115  0  3.14159  0.138026  -0.234333
-5.65487  0  3.14159  0.145094  -0.337207
-4.39823  0  3.14159  0.129315  -0.49981
-3.14159  0  3.14159  0.0440357  -0.748902
-1.88496  0  3.14159  -0.228625  -1.00435
-0.628319  0  3.14159  -0.72311  -0.630339
0.628319  0  3.14159  -0.723088  0.630347
1.88496  0  3.14159  -0.228588  1.00434
3.14159  0  3.14159  0.0440655  0.748895
4.39823  0  3.14159  0.12934  0.499803
5.65487  0  3.14159  0.145115  0.337199
6.9115  0  3.14159  0.138043  0.234325
8.16814  0  3.14159  0.124192  0.167636
10.6814  0  3.14159  0.0954683  0.0924582
15.708  0  3.14159  0.0563117  0.0353542
33.3009  0  3.14159  0.0151483  0.00434814
-54.6637  3.14159  0  0.00583566  -0.00101569
-27.0177  3.14159  0  0.0223309  -0.00793944
-13.1947  3.14159  0  0.0727856  -0.0553488
-10.6814  3.14159  0  0.0954595  -0.0924643
-8.16814  3.14159  0  0.124179  -0.167643
-6.9115  3.14159  0  0.138026  -0.234333
-5.65487  3.14159  0  0.145094  -0.337207
-4.39823  3.14159  0  0.129315  -0.49981
-3.14159  3.14159  0  0.0440357  -0.748902
-1.88496  3.14159  0  -0.228625  -1.00435
-0.628319  3.14159  0  -0.72311  -0.630339
0.628319  3.14159  0  -0.723088  0.630347
1.88496  3.14159  0  -0.228588  1.00434
3.14159  3.14159  0  0.0440655  0.748895
4.39823  3.14159  0  0.12934  0.499803
5.65487  3.14159  0  0.145115  0.337199
6.9115  3.14159  0  0.138043  0.234325
8.16814  3.14159  0  0.124192  0.167636
10.6814  3.14159  0  0.0954683  0.0924582
15.708  3.14159  0  0.0563117  0.0353542
33.3009  3.14159  0  0.0151483  0.00434814
-54.6637  3.14159  3.14159  0.00584723  -0.000846029
-27.0177  3.14159  3.14159  0.0225284  -0.0065623
-13.1947  3.14159  3.14159  0.0762597  -0.0448436
-10.6814  3.14159  3.14159  0.103106  -0.0744681
-8.16814  3.14159  3.14159  0.143218  -0.134455
-6.9115  3.14159  3.14159  0.169726  -0.187895
-5.65487  3.14159  3.14159  0.200596  -0.270953
-4.39823  3.14159  3.14159  0.235214  -0.405737
-3.14159  3.14159  3.14159  0.279476  -0.644081
-1.88496  3.14159  3.14159  0.403292  -1.21082
-0.628319  3.14159  3.14159  0.476908  -6.45688
0.628319  3.14159  3.14159  0.477053  6.4569
1.88496  3.14159  3.14159  0.403346  1.21083
3.14159  3.14159  3.14159  0.279512  0.644083
4.39823  3.14159  3.14159  0.235241  0.405736
5.65487  3.14159  3.14159  0.200617  0.270949
6.9115  3.14159  3.14159  0.169742  0.187891
8.16814  3.14159  3.14159  0.143231  0.13445
10.6814  3.14159  3.14159  0.103115  0.0744636
15.708  3.14159  3.14159  0.0580684  0.0288067
33.3009  3.14159  3.14159  0.0152333  0.00360582
