-54.6637  0  0  1.37849e-06  1.36566e-05
-27.0177  0  0  5.46274e-06  2.68099e-05
-13.1947  0  0  2.03313e-05  4.87448e-05
-10.6814  0  0  2.88022e-05  5.58754e-05
-8.16814  0  0  4.29094e-05  6.35956e-05
-6.9115  0  0  5.33601e-05  6.68472e-05
-5.65487  0  0  6.69122e-05  6.84919e-05
-4.39823  0  0  8.38914e-05  6.66951e-05
-3.14159  0  0  0.000103531  5.8695e-05
-1.88496  0  0  0.000122538  4.1622e-05
-0.628319  0  0  0.000134838  1.52195e-05
0.628319  0  0  0.000134847  -1.54156e-05
1.88496  0  0  0.000122461  -4.18001e-05
3.14159  0  0  0.00010341  -5.88493e-05
4.39823  0  0  8.37719e-05  -6.68312e-05
5.65487  0  0  6.67876e-05  -6.85805e-05
6.9115  0  0  5.32596e-05  -6.69085e-05
8.16814  0  0  4.28265e-05  -6.36489e-05
10.6814  0  0  2.87246e-05  -5.59202e-05
15.708  0  0  1.4926e-05  -4.28365e-05
33.3009  0  0  3.60884e-06  -2.20562e-05
-54.6637  0  3.14159  8.9131e-07  1.37401e-05
-27.0177  0  3.14159  3.60241e-06  2.74611e-05
-13.1947  0  3.14159  1.43815e-05  5.33294e-05
-10.6814  0  3.14159  2.11803e-05  6.3569e-05
-8.16814  0  3.14159  3.37171e-05  7.75456e-05
-6.9115  0  3.14159  4.41586e-05  8.61784e-05
-5.65487  0  3.14159  5.95722e-05  9.55645e-05
-4.39823  0  3.14159  8.29058e-05  0.000104135
-3.14159  0  3.14159  0.000118117  0.000106844
-1.88496  0  3.14159  0.000166016  9.08859e-05
-0.628319  0  3.14159  0.000208857  3.84534e-05
0.628319  0  3.14159  0.000208804  -3.87514e-05
1.88496  0  3.14159  0.000165888  -9.11274e-05
3.14159  0  3.14159  0.000117964  -0.000107019
4.39823  0  3.14159  8.27533e-05  -0.000104258
5.65487  0  3.14159  5.94301e-05  -9.56521e-05
6.9115  0  3.14159  4.40321e-05  -8.62419e-05
8.16814  0  3.14159  3.36062e-05  -7.75937e-05
10.6814  0  3.14159  2.1092e-05  -6.36025e-05
15.708  0  3.14159  1.02809e-05  -4.5742e-05
33.3009  0  3.14159  2.34736e-06  -2.24088e-05
-54.6637  3.14159  0  8.9131e-07  1.37401e-05
-27.0177  3.14159  0  3.60241e-06  2.74611e-05
-13.1947  3.14159  0  1.43815e-05  5.33294e-05
-10.6814  3.14159  0  2.11803e-05  6.3569e-05
-8.16814  3.14159  0  3.37171e-05  7.75456e-05
-6.9115  3.14159  0  4.41586e-05  8.61784e-05
-5.65487  3.14159  0  5.95722e-05  9.55645e-05
-4.39823  3.14159  0  8.29058e-05  0.000104135
-3.14159  3.14159  0  0.000118117  0.000106844
-1.88496  3.14159  0  0.000166016  9.08859e-05
-0.628319  3.14159  0  0.000208857  3.84534e-05
0.628319  3.14159  0  0.000208804  -3.87514e-05
1.88496  3.14159  0  0.000165888  -9.11274e-05
3.14159  3.14159  0  0.000117964  -0.000107019
4.39823  3.14159  0  8.27533e-05  -0.000104258
5.65487  3.14159  0  5.94301e-05  -9.56521e-05
6.9115  3.14159  0  4.40321e-05  -8.62419e-05
8.16814  3.14159  0  3.36062e-05  -7.75937e-05
10.6814  3.14159  0  2.1092e-05  -6.36025e-05
15.708  3.14159  0  1.02809e-05  -4.5742e-05
33.3009  3.14159  0  2.34736e-06  -2.24088e-05
-54.6637  3.14159  3.14159  3.95985e-07  1.37843e-05
-27.0177  3.14159  3.14159  1.61827e-06  2.78056e-05
-13.1947  3.14159  3.14159  6.67888e-06  5.6062e-05
-10.6814  3.14159  3.14159  9.99997e-06  6.85064e-05
-8.16814  3.14159  3.14159  1.63874e-05  8.77269e-05
-6.9115  3.14159  3.14159  2.2019e-05  0.000101822
-5.65487  3.14159  3.14159  3.09669e-05  0.000121086
-4.39823  3.14159  3.14159  4.65009e-05  0.000149047
-3.14159  3.14159  3.14159  7.80867e-05  0.000193018
-1.88496  3.14159  3.14159  0.000163057  0.000266348
-0.628319  3.14159  3.14159  0.000472627  0.000278178
0.628319  3.14159  3.14159  0.000472373  -0.000278697
1.88496  3.14159  3.14159  0.000162779  -0.000266564
3.14159  3.14159  3.14159  7.78544e-05  -0.000193147
4.39823  3.14159  3.14159  4.63147e-05  -0.000149135
5.65487  3.14159  3.14159  3.07895e-05  -0.000121162
6.9115  3.14159  3.14159  2.18712e-05  -0.000101879
8.16814  3.14159  3.14159  1.62609e-05  -8.77702e-05
10.6814  3.14159  3.14159  9.89352e-06  -6.85323e-05
15.708  3.14159  3.14159  4.67772e-06  -4.73997e-05
33.3009  3.14159  3.14159  1.02942e-06  -2.2596e-05
