-54.6637  0  0  -0.0212867  2.06858
-27.0177  0  0  -0.088024  4.12139
-13.1947  0  0  -0.343766  7.92118
-10.6814  0  0  -0.499499  9.3594
-8.16814  0  0  -0.785163  11.2804
-6.9115  0  0  -1.00874  12.4593
-5.65487  0  0  -1.29506  13.6389
-4.39823  0  0  -1.8026  14.5749
-3.14159  0  0  -2.42077  14.5033
-1.88496  0  0  -3.28582  11.6782
-0.628319  0  0  -3.86325  4.8591
0.628319  0  0  -3.80591  -4.87588
1.88496  0  0  -3.28735  -11.7009
3.14159  0  0  -2.40744  -14.4985
4.39823  0  0  -1.79538  -14.57
5.65487  0  0  -1.3033  -13.6363
6.9115  0  0  -1.01253  -12.4628
8.16814  0  0  -0.791086  -11.2824
10.6814  0  0  -0.502349  -9.35848
15.708  0  0  -0.238047  -6.78412
33.3009  0  0  -0.0540637  -3.36955
-54.6637  0  3.14159  -3.06501e-06  2.07233
-27.0177  0  3.14159  -3.60432e-06  4.1895
-13.1947  0  3.14159  -2.55446e-06  8.58421
-10.6814  0  3.14159  -5.13959e-06  10.5985
-8.16814  0  3.14159  9.33595e-06  13.897
-6.9115  0  3.14159  -1.94357e-05  16.2954
-5.65487  0  3.14159  -1.80562e-05  19.8255
-4.39823  0  3.14159  1.76995e-05  25.4557
-3.14159  0  3.14159  3.1617e-05  35.4825
-1.88496  0  3.14159  0.000114452  59.1546
-0.628319  0  3.14159  0.00021205  175.82
0.628319  0  3.14159  0.000275996  -175.82
1.88496  0  3.14159  -6.4917e-06  -59.1546
3.14159  0  3.14159  3.91498e-05  -35.4825
4.39823  0  3.14159  3.82549e-05  -25.4557
5.65487  0  3.14159  4.21538e-05  -19.8255
6.9115  0  3.14159  1.50348e-05  -16.2954
8.16814  0  3.14159  3.19082e-06  -13.897
10.6814  0  3.14159  1.31847e-05  -10.5985
15.708  0  3.14159  1.24452e-05  -7.19861
33.3009  0  3.14159  -2.37189e-06  -3.41767
-54.6637  3.14159  0  -3.06501e-06  2.07233
-27.0177  3.14159  0  -3.60432e-06  4.1895
-13.1947  3.14159  0  -2.55446e-06  8.58421
-10.6814  3.14159  0  -5.13959e-06  10.5985
-8.16814  3.14159  0  9.33595e-06  13.897
-6.9115  3.14159  0  -1.94357e-05  16.2954
-5.65487  3.14159  0  -1.80562e-05  19.8255
-4.39823  3.14159  0  1.76995e-05  25.4557
-3.14159  3.14159  0  3.1617e-05  35.4825
-1.88496  3.14159  0  0.000114452  59.1546
-0.628319  3.14159  0  0.00021205  175.82
0.628319  3.14159  0  0.000275996  -175.82
1.88496  3.14159  0  -6.4917e-06  -59.1546
3.14159  3.14159  0  3.91498e-05  -35.4825
4.39823  3.14159  0  3.82549e-05  -25.4557
5.65487  3.14159  0  4.21538e-05  -19.8255
6.9115  3.14159  0  1.50348e-05  -16.2954
8.16814  3.14159  0  3.19082e-06  -13.897
10.6814  3.14159  0  1.31847e-05  -10.5985
15.708  3.14159  0  1.24452e-05  -7.19861
33.3009  3.14159  0  -2.37189e-06  -3.41767
-54.6637  3.14159  3.14159  0.0213952  2.06858
-27.0177  3.14159  3.14159  0.0842327  4.12139
-13.1947  3.14159  3.14159  0.336224  7.92117
-10.6814  3.14159  3.14159  0.495077  9.35941
-8.16814  3.14159  3.14159  0.777836  11.2804
-6.9115  3.14159  3.14159  1.01559  12.4593
-5.65487  3.14159  3.14159  1.38884  13.6389
-4.39823  3.14159  3.14159  1.82853  14.5748
-3.14159  3.14159  3.14159  2.52187  14.5033
-1.88496  3.14159  3.14159  3.232  11.6783
-0.628319  3.14159  3.14159  3.89494  4.8591
0.628319  3.14159  3.14159  3.95223  -4.87586
1.88496  3.14159  3.14159  3.23048  -11.7009
3.14159  3.14159  3.14159  2.53518  -14.4985
4.39823  3.14159  3.14159  1.83572  -14.57
5.65487  3.14159  3.14159  1.38065  -13.6363
6.9115  3.14159  3.14159  1.01182  -12.4628
8.16814  3.14159  3.14159  0.771924  -11.2824
10.6814  3.14159  3.14159  0.492253  -9.35849
15.708  3.14159  3.14159  0.25323  -6.78412
33.3009  3.14159  3.14159  0.0600401  -3.36955
