-54.6637  0  0  4.01479e-08  -1.09188e-06
-27.0177  0  0  1.76463e-06  -2.06589e-06
-13.1947  0  0  8.70589e-06  -5.00301e-06
-10.6814  0  0  1.5348e-05  -1.37832e-05
-8.16814  0  0  1.52926e-05  -1.01325e-05
-6.9115  0  0  1.59383e-05  -1.43634e-05
-5.65487  0  0  2.76485e-05  -3.06107e-05
-4.39823  0  0  2.68174e-05  -2.79991e-05
-3.14159  0  0  -4.40153e-06  -5.92316e-05
-1.88496  0  0  -1.23128e-05  -6.24231e-05
-0.628319  0  0  -8.35805e-05  5.79276e-05
0.628319  0  0  -5.75557e-05  -5.73073e-05
1.88496  0  0  1.92843e-05  6.5067e-05
3.14159  0  0  -2.65039e-05  5.82842e-05
4.39823  0  0  1.76934e-05  3.12909e-05
5.65487  0  0  2.9504e-05  2.27361e-05
6.9115  0  0  2.51834e-05  2.21998e-05
8.16814  0  0  1.53784e-05  1.06262e-05
10.6814  0  0  1.22542e-05  1.30554e-05
15.708  0  0  5.54308e-06  2.84658e-06
33.3009  0  0  -1.84696e-07  1.87218e-06
-54.6637  0  3.14159  1.23999e-07  -1.53755e-06
-27.0177  0  3.14159  4.05576e-07  -2.93698e-06
-13.1947  0  3.14159  5.16795e-06  -4.48852e-06
-10.6814  0  3.14159  7.58928e-06  -5.56037e-06
-8.16814  0  3.14159  1.68275e-05  -1.30152e-05
-6.9115  0  3.14159  2.19898e-05  -1.97987e-05
-5.65487  0  3.14159  2.55685e-05  -2.97141e-05
-4.39823  0  3.14159  3.14017e-05  -5.01239e-05
-3.14159  0  3.14159  2.83305e-05  -7.48085e-05
-1.88496  0  3.14159  -4.84575e-06  -0.000108768
-0.628319  0  3.14159  -5.36279e-05  -8.58885e-05
0.628319  0  3.14159  -7.79849e-05  8.59469e-05
1.88496  0  3.14159  -8.55302e-06  0.000102157
3.14159  0  3.14159  3.19929e-05  7.83555e-05
4.39823  0  3.14159  3.00107e-05  5.01765e-05
5.65487  0  3.14159  2.28534e-05  2.94142e-05
6.9115  0  3.14159  1.97421e-05  1.88456e-05
8.16814  0  3.14159  1.56163e-05  1.37514e-05
10.6814  0  3.14159  9.59735e-06  6.14709e-06
15.708  0  3.14159  3.2105e-06  4.10524e-06
33.3009  0  3.14159  6.71217e-07  2.25672e-06
-54.6637  3.14159  0  1.23999e-07  -1.53755e-06
-27.0177  3.14159  0  4.05576e-07  -2.93698e-06
-13.1947  3.14159  0  5.16795e-06  -4.48852e-06
-10.6814  3.14159  0  7.58928e-06  -5.56037e-06
-8.16814  3.14159  0  1.68275e-05  -1.30152e-05
-6.9115  3.14159  0  2.19898e-05  -1.97987e-05
-5.65487  3.14159  0  2.55685e-05  -2.97141e-05
-4.39823  3.14159  0  3.14017e-05  -5.01239e-05
-3.14159  3.14159  0  2.83305e-05  -7.48085e-05
-1.88496  3.14159  0  -4.84575e-06  -0.000108768
-0.628319  3.14159  0  -5.36279e-05  -8.58885e-05
0.628319  3.14159  0  -7.79849e-05  8.59469e-05
1.88496  3.14159  0  -8.55302e-06  0.000102157
3.14159  3.14159  0  3.19929e-05  7.83555e-05
4.39823  3.14159  0  3.00107e-05  5.01765e-05
5.65487  3.14159  0  2.28534e-05  2.94142e-05
6.9115  3.14159  0  1.97421e-05  1.88456e-05
8.16814  3.14159  0  1.56163e-05  1.37514e-05
10.6814  3.14159  0  9.59735e-06  6.14709e-06
15.708  3.14159  0  3.2105e-06  4.10524e-06
33.3009  3.14159  0  6.71217e-07  2.25672e-06
-54.6637  3.14159  3.14159  5.32051e-08  -1.55066e-06
-27.0177  3.14159  3.14159  2.83018e-07  -2.78293e-06
-13.1947  3.14159  3.14159  3.91539e-06  -4.34686e-06
-10.6814  3.14159  3.14159  6.37202e-06  -6.0251e-06
-8.16814  3.14159  3.14159  1.18313e-05  -1.14074e-05
-6.9115  3.14159  3.14159  1.43448e-05  -1.66456e-05
-5.65487  3.14159  3.14159  1.81024e-05  -2.4051e-05
-4.39823  3.14159  3.14159  2.11373e-05  -3.44631e-05
-3.14159  3.14159  3.14159  3.05354e-05  -4.91822e-05
-1.88496  3.14159  3.14159  8.46217e-05  -0.000103571
-0.628319  3.14159  3.14159  -0.000112887  -0.000779987
0.628319  3.14159  3.14159  -0.000107576  0.000773422
1.88496  3.14159  3.14159  8.03801e-05  0.000102771
3.14159  3.14159  3.14159  3.08839e-05  4.84572e-05
4.39823  3.14159  3.14159  2.32483e-05  3.46721e-05
5.65487  3.14159  3.14159  1.73358e-05  2.34194e-05
6.9115  3.14159  3.14159  1.40895e-05  1.70852e-05
8.16814  3.14159  3.14159  1.16256e-05  1.18112e-05
10.6814  3.14159  3.14159  6.36033e-06  7.03558e-06
15.708  3.14159  3.14159  2.2675e-06  4.17487e-06
33.3009  3.14159  3.14159  2.03933e-07  2.12966e-06
