-54.6637  0  0  0.000120486  0.000997759
-27.0177  0  0  0.000442555  0.00193948
-13.1947  0  0  0.0015721  0.0034663
-10.6814  0  0  0.00220092  0.00393505
-8.16814  0  0  0.00322009  0.00440483
-6.9115  0  0  0.00395151  0.00457414
-5.65487  0  0  0.00487305  0.00461574
-4.39823  0  0  0.00598956  0.0044133
-3.14159  0  0  0.00723133  0.00380652
-1.88496  0  0  0.00839032  0.00264902
-0.628319  0  0  0.00912084  0.000954746
0.628319  0  0  0.00912056  -0.000972611
1.88496  0  0  0.00838954  -0.00266653
3.14159  0  0  0.00723034  -0.00382341
4.39823  0  0  0.00598878  -0.00442946
5.65487  0  0  0.00487283  -0.0046313
6.9115  0  0  0.00395211  -0.00458926
8.16814  0  0  0.00322184  -0.0044198
10.6814  0  0  0.00220534  -0.0039514
15.708  0  0  0.0011748  -0.003085
33.3009  0  0  0.000289049  -0.00162326
-54.6637  0  3.14159  0.000120033  0.000995796
-27.0177  0  3.14159  0.000433647  0.00192665
-13.1947  0  3.14159  0.00147024  0.00343115
-10.6814  0  3.14159  0.00202297  0.00392015
-8.16814  0  3.14159  0.00291382  0.00448832
-6.9115  0  3.14159  0.00356898  0.00478164
-5.65487  0  3.14159  0.00444205  0.00504241
-4.39823  0  3.14159  0.00562685  0.00518516
-3.14159  0  3.14159  0.00722969  0.00499566
-1.88496  0  3.14159  0.00920264  0.00400131
-0.628319  0  3.14159  0.0108369  0.00162334
0.628319  0  3.14159  0.0108366  -0.00164191
1.88496  0  3.14159  0.00920141  -0.00401946
3.14159  0  3.14159  0.00722784  -0.00501274
4.39823  0  3.14159  0.00562564  -0.00520119
5.65487  0  3.14159  0.00444162  -0.00505794
6.9115  0  3.14159  0.00356919  -0.00479677
8.16814  0  3.14159  0.00291515  -0.00450302
10.6814  0  3.14159  0.00202736  -0.00393613
15.708  0  3.14159  0.00111477  -0.00305085
33.3009  0  3.14159  0.000285167  -0.00161565
-54.6637  3.14159  0  0.000120033  0.000995796
-27.0177  3.14159  0  0.000433647  0.00192665
-13.1947  3.14159  0  0.00147024  0.00343115
-10.6814  3.14159  0  0.00202297  0.00392015
-8.16814  3.14159  0  0.00291382  0.00448832
-6.9115  3.14159  0  0.00356898  0.00478164
-5.65487  3.14159  0  0.00444205  0.00504241
-4.39823  3.14159  0  0.00562685  0.00518516
-3.14159  3.14159  0  0.00722969  0.00499566
-1.88496  3.14159  0  0.00920264  0.00400131
-0.628319  3.14159  0  0.0108369  0.00162334
0.628319  3.14159  0  0.0108366  -0.00164191
1.88496  3.14159  0  0.00920141  -0.00401946
3.14159  3.14159  0  0.00722784  -0.00501274
4.39823  3.14159  0  0.00562564  -0.00520119
5.65487  3.14159  0  0.00444162  -0.00505794
6.9115  3.14159  0  0.00356919  -0.00479677
8.16814  3.14159  0  0.00291515  -0.00450302
10.6814  3.14159  0  0.00202736  -0.00393613
15.708  3.14159  0  0.00111477  -0.00305085
33.3009  3.14159  0  0.000285167  -0.00161565
-54.6637  3.14159  3.14159  0.000119597  0.000993861
-27.0177  3.14159  3.14159  0.000425442  0.0019142
-13.1947  3.14159  3.14159  0.00138526  0.0033886
-10.6814  3.14159  3.14159  0.00187486  0.00387555
-8.16814  3.14159  3.14159  0.00263734  0.00446823
-6.9115  3.14159  3.14159  0.00317767  0.00480765
-5.65487  3.14159  3.14159  0.00387276  0.00518136
-4.39823  3.14159  3.14159  0.00478804  0.00561413
-3.14159  3.14159  3.14159  0.00608982  0.00620268
-1.88496  3.14159  3.14159  0.00850183  0.00718901
-0.628319  3.14159  3.14159  0.0156479  0.00659842
0.628319  3.14159  3.14159  0.0156463  -0.00661877
1.88496  3.14159  3.14159  0.00849874  -0.00720722
3.14159  3.14159  3.14159  0.00608779  -0.00621916
4.39823  3.14159  3.14159  0.00478685  -0.00563015
5.65487  3.14159  3.14159  0.00387189  -0.00519695
6.9115  3.14159  3.14159  0.00317759  -0.0048226
8.16814  3.14159  3.14159  0.00263853  -0.00448285
10.6814  3.14159  3.14159  0.001879  -0.00389144
15.708  3.14159  3.14159  0.00106354  -0.00301526
33.3009  3.14159  3.14159  0.000281521  -0.00160824
