-54.6637  0  0  4.40769e-06  -9.56257e-07
-27.0177  0  0  1.60379e-05  -7.59852e-06
-13.1947  0  0  4.24338e-05  -4.94741e-05
-10.6814  0  0  4.90865e-05  -7.72699e-05
-8.16814  0  0  4.11973e-05  -0.000127394
-6.9115  0  0  2.58719e-05  -0.000165257
-5.65487  0  0  -1.30222e-05  -0.000203391
-4.39823  0  0  -6.85984e-05  -0.000241769
-3.14159  0  0  -0.000174829  -0.000261744
-1.88496  0  0  -0.000302205  -0.000211394
-0.628319  0  0  -0.000397769  -8.93221e-05
0.628319  0  0  -0.000320001  6.04113e-05
1.88496  0  0  -0.000294592  0.000218948
3.14159  0  0  -0.000170962  0.000258752
4.39823  0  0  -6.54241e-05  0.00024547
5.65487  0  0  -1.16585e-05  0.000204607
6.9115  0  0  2.75672e-05  0.000162483
8.16814  0  0  4.24089e-05  0.000126552
10.6814  0  0  4.97534e-05  7.72323e-05
15.708  0  0  3.59043e-05  3.13153e-05
33.3009  0  0  1.12725e-05  4.06293e-06
-54.6637  0  3.14159  4.43124e-06  -8.26174e-07
-27.0177  0  3.14159  1.67253e-05  -6.29478e-06
-13.1947  0  3.14159  5.15286e-05  -4.25481e-05
-10.6814  0  3.14159  6.4909e-05  -6.99716e-05
-8.16814  0  3.14159  7.67977e-05  -0.000123353
-6.9115  0  3.14159  7.68901e-05  -0.000168136
-5.65487  0  3.14159  6.24064e-05  -0.000232673
-4.39823  0  3.14159  1.49223e-05  -0.000321544
-3.14159  0  3.14159  -0.000113474  -0.000427098
-1.88496  0  3.14159  -0.000373643  -0.000461193
-0.628319  0  3.14159  -0.000676318  -0.000230701
0.628319  0  3.14159  -0.000691616  0.000233867
1.88496  0  3.14159  -0.000368815  0.000462126
3.14159  0  3.14159  -0.000110313  0.000427063
4.39823  0  3.14159  1.70827e-05  0.00032364
5.65487  0  3.14159  6.38655e-05  0.000232321
6.9115  0  3.14159  7.78431e-05  0.000167597
8.16814  0  3.14159  7.76061e-05  0.000122456
10.6814  0  3.14159  6.53327e-05  6.9457e-05
15.708  0  3.14159  4.09004e-05  2.71525e-05
33.3009  0  3.14159  1.1441e-05  3.4418e-06
-54.6637  3.14159  0  4.43124e-06  -8.26174e-07
-27.0177  3.14159  0  1.67253e-05  -6.29478e-06
-13.1947  3.14159  0  5.15286e-05  -4.25481e-05
-10.6814  3.14159  0  6.4909e-05  -6.99716e-05
-8.16814  3.14159  0  7.67977e-05  -0.000123353
-6.9115  3.14159  0  7.68901e-05  -0.000168136
-5.65487  3.14159  0  6.24064e-05  -0.000232673
-4.39823  3.14159  0  1.49223e-05  -0.000321544
-3.14159  3.14159  0  -0.000113474  -0.000427098
-1.88496  3.14159  0  -0.000373643  -0.000461193
-0.628319  3.14159  0  -0.000676318  -0.000230701
0.628319  3.14159  0  -0.000691616  0.000233867
1.88496  3.14159  0  -0.000368815  0.000462126
3.14159  3.14159  0  -0.000110313  0.000427063
4.39823  3.14159  0  1.70827e-05  0.00032364
5.65487  3.14159  0  6.38655e-05  0.000232321
6.9115  3.14159  0  7.78431e-05  0.000167597
8.16814  3.14159  0  7.76061e-05  0.000122456
10.6814  3.14159  0  6.53327e-05  6.9457e-05
15.708  3.14159  0  4.09004e-05  2.71525e-05
33.3009  3.14159  0  1.1441e-05  3.4418e-06
-54.6637  3.14159  3.14159  4.45829e-06  -6.65349e-07
-27.0177  3.14159  3.14159  1.70874e-05  -4.96417e-06
-13.1947  3.14159  3.14159  5.78456e-05  -3.35187e-05
-10.6814  3.14159  3.14159  7.81898e-05  -5.55281e-05
-8.16814  3.14159  3.14159  0.000109928  -0.000100763
-6.9115  3.14159  3.14159  0.000130774  -0.000140842
-5.65487  3.14159  3.14159  0.00015621  -0.00020469
-4.39823  3.14159  3.14159  0.000187384  -0.000315124
-3.14159  3.14159  3.14159  0.000212854  -0.00053638
-1.88496  3.14159  3.14159  0.00011333  -0.00109833
-0.628319  3.14159  3.14159  -0.00179961  -0.00207391
0.628319  3.14159  3.14159  -0.00177942  0.00205054
1.88496  3.14159  3.14159  0.000116599  0.00109017
3.14159  3.14159  3.14159  0.000217257  0.000534547
4.39823  3.14159  3.14159  0.000188796  0.000314709
5.65487  3.14159  3.14159  0.000158073  0.000205183
6.9115  3.14159  3.14159  0.000132111  0.000140009
8.16814  3.14159  3.14159  0.000110455  9.96147e-05
10.6814  3.14159  3.14159  7.83547e-05  5.51993e-05
15.708  3.14159  3.14159  4.42434e-05  2.15194e-05
33.3009  3.14159  3.14159  1.16201e-05  2.73195e-06
