-54.6637  0  0  0.000107794  -3.63272e-05
-27.0177  0  0  0.000397233  -0.000203898
-13.1947  0  0  0.00106046  -0.00124173
-10.6814  0  0  0.00116984  -0.00194991
-8.16814  0  0  0.000984388  -0.00313936
-6.9115  0  0  0.000586479  -0.00396587
-5.65487  0  0  -0.000227105  -0.00490209
-4.39823  0  0  -0.00168966  -0.00574341
-3.14159  0  0  -0.00394529  -0.00598037
-1.88496  0  0  -0.00665447  -0.00483888
-0.628319  0  0  -0.00866177  -0.00191263
0.628319  0  0  -0.0086645  0.00189939
1.88496  0  0  -0.00666255  0.00483152
3.14159  0  0  -0.00394864  0.00598637
4.39823  0  0  -0.00167175  0.00575279
5.65487  0  0  -0.000190133  0.00489512
6.9115  0  0  0.000625629  0.00393392
8.16814  0  0  0.00101085  0.0030876
10.6814  0  0  0.00115755  0.0018891
15.708  0  0  0.000850817  0.000799411
33.3009  0  0  0.00026339  0.000129614
-54.6637  0  3.14159  0.000106761  -3.62029e-05
-27.0177  0  3.14159  0.000390378  -0.000199506
-13.1947  0  3.14159  0.00105697  -0.00115911
-10.6814  0  3.14159  0.00122176  -0.00179849
-8.16814  0  3.14159  0.00124354  -0.00290957
-6.9115  0  3.14159  0.00107967  -0.00376118
-5.65487  0  3.14159  0.000620479  -0.00490522
-4.39823  0  3.14159  -0.000469253  -0.00637725
-3.14159  0  3.14159  -0.00284067  -0.00790328
-1.88496  0  3.14159  -0.00719665  -0.00809497
-0.628319  0  3.14159  -0.0119988  -0.00391825
0.628319  0  3.14159  -0.012008  0.00388955
1.88496  0  3.14159  -0.0072186  0.00808151
3.14159  0  3.14159  -0.00285684  0.00791189
4.39823  0  3.14159  -0.000458943  0.00639318
5.65487  0  3.14159  0.000655388  0.00490412
6.9115  0  3.14159  0.00111868  0.00373356
8.16814  0  3.14159  0.00127052  0.00286115
10.6814  0  3.14159  0.00121165  0.00173973
15.708  0  3.14159  0.000837169  0.00075389
33.3009  0  3.14159  0.000259385  0.000127948
-54.6637  3.14159  0  0.000106761  -3.62029e-05
-27.0177  3.14159  0  0.000390378  -0.000199506
-13.1947  3.14159  0  0.00105697  -0.00115911
-10.6814  3.14159  0  0.00122176  -0.00179849
-8.16814  3.14159  0  0.00124354  -0.00290957
-6.9115  3.14159  0  0.00107967  -0.00376118
-5.65487  3.14159  0  0.000620479  -0.00490522
-4.39823  3.14159  0  -0.000469253  -0.00637725
-3.14159  3.14159  0  -0.00284067  -0.00790328
-1.88496  3.14159  0  -0.00719665  -0.00809497
-0.628319  3.14159  0  -0.0119988  -0.00391825
0.628319  3.14159  0  -0.012008  0.00388955
1.88496  3.14159  0  -0.0072186  0.00808151
3.14159  3.14159  0  -0.00285684  0.00791189
4.39823  3.14159  0  -0.000458943  0.00639318
5.65487  3.14159  0  0.000655388  0.00490412
6.9115  3.14159  0  0.00111868  0.00373356
8.16814  3.14159  0  0.00127052  0.00286115
10.6814  3.14159  0  0.00121165  0.00173973
15.708  3.14159  0  0.000837169  0.00075389
33.3009  3.14159  0  0.000259385  0.000127948
-54.6637  3.14159  3.14159  0.000105748  -3.60767e-05
-27.0177  3.14159  3.14159  0.000383653  -0.000195038
-13.1947  3.14159  3.14159  0.00103858  -0.00108438
-10.6814  3.14159  3.14159  0.00122698  -0.0016527
-8.16814  3.14159  3.14159  0.00136586  -0.00262441
-6.9115  3.14159  3.14159  0.00136279  -0.00337386
-5.65487  3.14159  3.14159  0.00123706  -0.00441139
-4.39823  3.14159  3.14159  0.000876699  -0.0058965
-3.14159  3.14159  3.14159  8.60092e-05  -0.00825523
-1.88496  3.14159  3.14159  -0.00231144  -0.0133313
-0.628319  3.14159  3.14159  -0.0219358  -0.0223596
0.628319  3.14159  3.14159  -0.0219869  0.0222845
1.88496  3.14159  3.14159  -0.0023896  0.0133366
3.14159  3.14159  3.14159  7.78419e-05  0.00829055
4.39823  3.14159  3.14159  0.000902694  0.00590737
5.65487  3.14159  3.14159  0.00126515  0.00440105
6.9115  3.14159  3.14159  0.00139004  0.00334954
8.16814  3.14159  3.14159  0.00138846  0.00258552
10.6814  3.14159  3.14159  0.00122181  0.00159801
15.708  3.14159  3.14159  0.000819334  0.000712083
33.3009  3.14159  3.14159  0.000255382  0.000126215
