-54.6637  0  0  3.67986e-05  -7.85222e-06
-27.0177  0  0  0.000136174  -6.05052e-05
-13.1947  0  0  0.000377622  -0.000400706
-10.6814  0  0  0.000434161  -0.000644263
-8.16814  0  0  0.000403647  -0.00107741
-6.9115  0  0  0.000283689  -0.00139627
-5.65487  0  0  7.49141e-06  -0.0017779
-4.39823  0  0  -0.000527919  -0.00215152
-3.14159  0  0  -0.00140457  -0.00231983
-1.88496  0  0  -0.00251708  -0.00193621
-0.628319  0  0  -0.00337283  -0.000791362
0.628319  0  0  -0.00336324  0.000773595
1.88496  0  0  -0.00251407  0.00194159
3.14159  0  0  -0.00139928  0.0023215
4.39823  0  0  -0.000523837  0.00215255
5.65487  0  0  1.08587e-05  0.00177746
6.9115  0  0  0.000286267  0.00139536
8.16814  0  0  0.00040554  0.00107625
10.6814  0  0  0.000435037  0.000643149
15.708  0  0  0.000312369  0.000260693
33.3009  0  0  9.38587e-05  3.32057e-05
-54.6637  0  3.14159  3.70952e-05  -6.52365e-06
-27.0177  0  3.14159  0.000140788  -5.05059e-05
-13.1947  0  3.14159  0.000443519  -0.000345852
-10.6814  0  3.14159  0.000567135  -0.000572313
-8.16814  0  3.14159  0.000694661  -0.00102066
-6.9115  0  3.14159  0.000719104  -0.00140678
-5.65487  0  3.14159  0.00063905  -0.00197772
-4.39823  0  3.14159  0.000280858  -0.00280594
-3.14159  0  3.14159  -0.000763821  -0.00385277
-1.88496  0  3.14159  -0.00312983  -0.00441271
-0.628319  0  3.14159  -0.00614821  -0.00232855
0.628319  0  3.14159  -0.00614407  0.0023363
1.88496  0  3.14159  -0.00312362  0.00441708
3.14159  0  3.14159  -0.000758079  0.00385377
4.39823  0  3.14159  0.000285282  0.00280574
5.65487  0  3.14159  0.000642348  0.00197666
6.9115  0  3.14159  0.00072147  0.00140545
8.16814  0  3.14159  0.000696318  0.00101931
10.6814  0  3.14159  0.000567883  0.000571197
15.708  0  3.14159  0.000347914  0.000221764
33.3009  0  3.14159  9.59224e-05  2.76532e-05
-54.6637  3.14159  0  3.70952e-05  -6.52365e-06
-27.0177  3.14159  0  0.000140788  -5.05059e-05
-13.1947  3.14159  0  0.000443519  -0.000345852
-10.6814  3.14159  0  0.000567135  -0.000572313
-8.16814  3.14159  0  0.000694661  -0.00102066
-6.9115  3.14159  0  0.000719104  -0.00140678
-5.65487  3.14159  0  0.00063905  -0.00197772
-4.39823  3.14159  0  0.000280858  -0.00280594
-3.14159  3.14159  0  -0.000763821  -0.00385277
-1.88496  3.14159  0  -0.00312983  -0.00441271
-0.628319  3.14159  0  -0.00614821  -0.00232855
0.628319  3.14159  0  -0.00614407  0.0023363
1.88496  3.14159  0  -0.00312362  0.00441708
3.14159  3.14159  0  -0.000758079  0.00385377
4.39823  3.14159  0  0.000285282  0.00280574
5.65487  3.14159  0  0.000642348  0.00197666
6.9115  3.14159  0  0.00072147  0.00140545
8.16814  3.14159  0  0.000696318  0.00101931
10.6814  3.14159  0  0.000567883  0.000571197
15.708  3.14159  0  0.000347914  0.000221764
33.3009  3.14159  0  9.59224e-05  2.76532e-05
-54.6637  3.14159  3.14159  3.72777e-05  -5.16844e-06
-27.0177  3.14159  3.14159  0.000143835  -3.9689e-05
-13.1947  3.14159  3.14159  0.000492766  -0.0002693
-10.6814  3.14159  3.14159  0.000672698  -0.000446958
-8.16814  3.14159  3.14159  0.000954632  -0.000809256
-6.9115  3.14159  3.14159  0.00115536  -0.00113727
-5.65487  3.14159  3.14159  0.00141438  -0.00166241
-4.39823  3.14159  3.14159  0.00175571  -0.00257115
-3.14159  3.14159  3.14159  0.00220888  -0.00439703
-1.88496  3.14159  3.14159  0.00231764  -0.00943272
-0.628319  3.14159  3.14159  -0.0152745  -0.0248307
0.628319  3.14159  3.14159  -0.0152515  0.0248425
1.88496  3.14159  3.14159  0.00232664  0.00943293
3.14159  3.14159  3.14159  0.00221463  0.00439621
4.39823  3.14159  3.14159  0.00175963  0.00257002
5.65487  3.14159  3.14159  0.00141727  0.00166109
6.9115  3.14159  3.14159  0.00115743  0.00113586
8.16814  3.14159  3.14159  0.000956082  0.000807887
10.6814  3.14159  3.14159  0.000673357  0.000445884
15.708  3.14159  3.14159  0.000373442  0.000172744
33.3009  3.14159  3.14159  9.72496e-05  2.17826e-05
