-54.6637  0  0  -0.585664  -0.487605
-27.0177  0  0  -0.456082  1.32825
-13.1947  0  0  1.32461  1.5769
-10.6814  0  0  0.483443  -1.92344
-8.16814  0  0  -9.10272  -3.79411
-6.9115  0  0  -12.1063  -11.5726
-5.65487  0  0  19.6166  23.1419
-4.39823  0  0  -34.0574  21.9274
-3.14159  0  0  1.3805  -3.08276
-1.88496  0  0  45.3544  13.1183
-0.628319  0  0  -165.457  -123.614
0.628319  0  0  -74.0907  -289.421
1.88496  0  0  -25.953  21.1298
3.14159  0  0  -11.3602  -6.77971
4.39823  0  0  27.2301  -32.9808
5.65487  0  0  19.0705  23.1643
6.9115  0  0  -11.6492  -12.7828
8.16814  0  0  -6.51649  -4.04551
10.6814  0  0  -1.14104  -3.23652
15.708  0  0  2.07588  0.461252
33.3009  0  0  -1.09048  -0.929897
-54.6637  0  3.14159  2.30312  0.116272
-27.0177  0  3.14159  -4.28737  -1.29214
-13.1947  0  3.14159  -7.12301  4.56934
-10.6814  0  3.14159  -6.88041  -0.0433758
-8.16814  0  3.14159  14.1627  -10.836
-6.9115  0  3.14159  1.14868  13.933
-5.65487  0  3.14159  -1.04479  -39.4224
-4.39823  0  3.14159  33.1801  26.8626
-3.14159  0  3.14159  -30.7485  23.4432
-1.88496  0  3.14159  -26.4687  -31.6608
-0.628319  0  3.14159  -47.8543  260.08
0.628319  0  3.14159  -104.824  409.474
1.88496  0  3.14159  104.335  -24.1554
3.14159  0  3.14159  10.7236  5.66485
4.39823  0  3.14159  -44.4054  -3.88587
5.65487  0  3.14159  15.6308  -30.9572
6.9115  0  3.14159  -3.74686  19.606
8.16814  0  3.14159  -3.75525  -2.67324
10.6814  0  3.14159  8.17571  1.03078
15.708  0  3.14159  0.0449684  -1.45268
33.3009  0  3.14159  1.59668  1.71908
-54.6637  3.14159  0  2.30312  0.116272
-27.0177  3.14159  0  -4.28737  -1.29214
-13.1947  3.14159  0  -7.12301  4.56934
-10.6814  3.14159  0  -6.88041  -0.0433758
-8.16814  3.14159  0  14.1627  -10.836
-6.9115  3.14159  0  1.14868  13.933
-5.65487  3.14159  0  -1.04479  -39.4224
-4.39823  3.14159  0  33.1801  26.8626
-3.14159  3.14159  0  -30.7485  23.4432
-1.88496  3.14159  0  -26.4687  -31.6608
-0.628319  3.14159  0  -47.8543  260.08
0.628319  3.14159  0  -104.824  409.474
1.88496  3.14159  0  104.335  -24.1554
3.14159  3.14159  0  10.7236  5.66485
4.39823  3.14159  0  -44.4054  -3.88587
5.65487  3.14159  0  15.6308  -30.9572
6.9115  3.14159  0  -3.74686  19.606
8.16814  3.14159  0  -3.75525  -2.67324
10.6814  3.14159  0  8.17571  1.03078
15.708  3.14159  0  0.0449684  -1.45268
33.3009  3.14159  0  1.59668  1.71908
-54.6637  3.14159  3.14159  1.02312  0.747462
-27.0177  3.14159  3.14159  -1.29858  -1.92244
-13.1947  3.14159  3.14159  -3.82271  1.28346
-10.6814  3.14159  3.14159  -3.41188  0.00636026
-8.16814  3.14159  3.14159  10.6755  -0.119374
-6.9115  3.14159  3.14159  0.595208  13.731
-5.65487  3.14159  3.14159  6.42281  -24.4325
-4.39823  3.14159  3.14159  23.592  15.0902
-3.14159  3.14159  3.14159  -21.4343  -5.89247
-1.88496  3.14159  3.14159  10.5638  -50.3441
-0.628319  3.14159  3.14159  -85.2897  176.191
0.628319  3.14159  3.14159  -120.632  314.756
1.88496  3.14159  3.14159  56.4798  13.8027
3.14159  3.14159  3.14159  -9.5381  -6.02534
4.39823  3.14159  3.14159  -34.8848  -4.20351
5.65487  3.14159  3.14159  8.11743  -19.1011
6.9115  3.14159  3.14159  4.01642  17.7054
8.16814  3.14159  3.14159  1.86014  0.675484
10.6814  3.14159  3.14159  4.70405  2.8118
15.708  3.14159  3.14159  -0.505875  -2.26415
33.3009  3.14159  3.14159  0.94232  1.14144
