-54.6637  0  0  0.00028337  9.2985e-05
-27.0177  0  0  -0.000468713  -0.000270496
-13.1947  0  0  -0.00026558  -0.000456527
-10.6814  0  0  -0.000127085  -0.000191319
-8.16814  0  0  -0.000873136  -0.00109462
-6.9115  0  0  -0.000201766  -0.00142303
-5.65487  0  0  -0.000859564  -0.00017641
-4.39823  0  0  -0.000151741  0.000177192
-3.14159  0  0  -0.00231052  0.00158977
-1.88496  0  0  0.000542431  -0.00304475
-0.628319  0  0  -0.00308342  -0.00172772
0.628319  0  0  0.00526619  -0.00189494
1.88496  0  0  0.00133622  -0.00267921
3.14159  0  0  0.000704168  0.00165765
4.39823  0  0  0.000536868  -0.000183576
5.65487  0  0  0.000551093  0.00128533
6.9115  0  0  0.000945329  -0.000465751
8.16814  0  0  0.000999388  0.000486041
10.6814  0  0  0.000157559  0.000280175
15.708  0  0  0.000918178  0.000687919
33.3009  0  0  0.00043328  0.000164634
-54.6637  0  3.14159  1.92423e-05  1.91146e-05
-27.0177  0  3.14159  -6.7535e-06  -2.29645e-05
-13.1947  0  3.14159  6.85045e-05  -4.65619e-05
-10.6814  0  3.14159  -6.8394e-05  -3.23446e-05
-8.16814  0  3.14159  1.43272e-05  4.73445e-05
-6.9115  0  3.14159  -7.71396e-06  -7.2971e-05
-5.65487  0  3.14159  -0.000388514  -8.1499e-05
-4.39823  0  3.14159  7.103e-05  -9.94913e-05
-3.14159  0  3.14159  -0.000219803  0.000262966
-1.88496  0  3.14159  0.000202544  0.000516466
-0.628319  0  3.14159  0.000143646  4.94677e-05
0.628319  0  3.14159  -0.00016157  0.000649705
1.88496  0  3.14159  -0.000242096  0.000295118
3.14159  0  3.14159  -0.00016325  0.00039459
4.39823  0  3.14159  -8.99983e-06  -7.73116e-05
5.65487  0  3.14159  0.000308971  0.00017577
6.9115  0  3.14159  0.000127048  -4.5833e-05
8.16814  0  3.14159  1.58471e-05  -2.84699e-05
10.6814  0  3.14159  8.07666e-05  -2.78607e-06
15.708  0  3.14159  2.09609e-05  3.95735e-05
33.3009  0  3.14159  -2.05781e-05  1.21386e-05
-54.6637  3.14159  0  1.92423e-05  1.91146e-05
-27.0177  3.14159  0  -6.7535e-06  -2.29645e-05
-13.1947  3.14159  0  6.85045e-05  -4.65619e-05
-10.6814  3.14159  0  -6.8394e-05  -3.23446e-05
-8.16814  3.14159  0  1.43272e-05  4.73445e-05
-6.9115  3.14159  0  -7.71396e-06  -7.2971e-05
-5.65487  3.14159  0  -0.000388514  -8.1499e-05
-4.39823  3.14159  0  7.103e-05  -9.94913e-05
-3.14159  3.14159  0  -0.000219803  0.000262966
-1.88496  3.14159  0  0.000202544  0.000516466
-0.628319  3.14159  0  0.000143646  4.94677e-05
0.628319  3.14159  0  -0.00016157  0.000649705
1.88496  3.14159  0  -0.000242096  0.000295118
3.14159  3.14159  0  -0.00016325  0.00039459
4.39823  3.14159  0  -8.99983e-06  -7.73116e-05
5.65487  3.14159  0  0.000308971  0.00017577
6.9115  3.14159  0  0.000127048  -4.5833e-05
8.16814  3.14159  0  1.58471e-05  -2.84699e-05
10.6814  3.14159  0  8.07666e-05  -2.78607e-06
15.708  3.14159  0  2.09609e-05  3.95735e-05
33.3009  3.14159  0  -2.05781e-05  1.21386e-05
-54.6637  3.14159  3.14159  -4.97252e-05  -2.08763e-05
-27.0177  3.14159  3.14159  1.68777e-05  1.18035e-05
-13.1947  3.14159  3.14159  4.09033e-05  3.91763e-05
-10.6814  3.14159  3.14159  -1.1464e-05  -2.90081e-06
-8.16814  3.14159  3.14159  0.000199476  0.000134082
-6.9115  3.14159  3.14159  0.000120376  7.89641e-05
-5.65487  3.14159  3.14159  -0.000127705  -2.30414e-05
-4.39823  3.14159  3.14159  0.000124396  3.70222e-07
-3.14159  3.14159  3.14159  -0.000321092  -2.20607e-05
-1.88496  3.14159  3.14159  0.000425904  0.000681532
-0.628319  3.14159  3.14159  -0.000625973  0.000114285
0.628319  3.14159  3.14159  0.000496366  0.000645346
1.88496  3.14159  3.14159  -0.00065565  3.61094e-05
3.14159  3.14159  3.14159  0.000192037  0.000204576
4.39823  3.14159  3.14159  -5.95028e-05  -0.000106361
5.65487  3.14159  3.14159  0.000100167  5.57348e-05
6.9115  3.14159  3.14159  -0.00011842  -5.06922e-05
8.16814  3.14159  3.14159  -0.000215909  -8.67837e-05
10.6814  3.14159  3.14159  1.34499e-05  -5.95719e-06
15.708  3.14159  3.14159  -6.66794e-05  -4.06208e-05
33.3009  3.14159  3.14159  -6.88969e-06  -2.91299e-06
