-54.6637  0  0  0.000253215  0.000971935
-27.0177  0  0  0.000611027  0.00186245
-13.1947  0  0  0.00181832  0.00333574
-10.6814  0  0  0.00247637  0.00375311
-8.16814  0  0  0.00349639  0.00413677
-6.9115  0  0  0.00420595  0.00425821
-5.65487  0  0  0.00509002  0.00425682
-4.39823  0  0  0.00615191  0.00402131
-3.14159  0  0  0.00732709  0.00339897
-1.88496  0  0  0.00841847  0.00224846
-0.628319  0  0  0.00908616  0.000582369
0.628319  0  0  0.00903297  -0.00130028
1.88496  0  0  0.00826957  -0.00293495
3.14159  0  0  0.00709735  -0.0040313
4.39823  0  0  0.00585553  -0.00457894
5.65487  0  0  0.00475377  -0.0047205
6.9115  0  0  0.00387382  -0.00462074
8.16814  0  0  0.00320616  -0.0044154
10.6814  0  0  0.0023151  -0.00395938
15.708  0  0  0.0013669  -0.0032496
33.3009  0  0  0.000256609  -0.00189583
-54.6637  0  3.14159  0.000251601  0.000969921
-27.0177  0  3.14159  0.000600357  0.00185698
-13.1947  0  3.14159  0.0017373  0.00329781
-10.6814  0  3.14159  0.00231599  0.00372571
-8.16814  0  3.14159  0.00320029  0.00420375
-6.9115  0  3.14159  0.00383103  0.00444914
-5.65487  0  3.14159  0.00466527  0.00466649
-4.39823  0  3.14159  0.00579504  0.00477291
-3.14159  0  3.14159  0.00733024  0.00456097
-1.88496  0  3.14159  0.00922638  0.00356577
-0.628319  0  3.14159  0.0107769  0.00121679
0.628319  0  3.14159  0.0107076  -0.00198414
1.88496  0  3.14159  0.00904192  -0.00427987
3.14159  0  3.14159  0.00707073  -0.00519988
4.39823  0  3.14159  0.00548262  -0.00533225
5.65487  0  3.14159  0.00431703  -0.00513574
6.9115  0  3.14159  0.00348217  -0.00481884
8.16814  0  3.14159  0.00288893  -0.00448561
10.6814  0  3.14159  0.00213526  -0.00392486
15.708  0  3.14159  0.00131934  -0.0032107
33.3009  0  3.14159  0.000251636  -0.00189152
-54.6637  3.14159  0  0.000251601  0.000969921
-27.0177  3.14159  0  0.000600357  0.00185698
-13.1947  3.14159  0  0.0017373  0.00329781
-10.6814  3.14159  0  0.00231599  0.00372571
-8.16814  3.14159  0  0.00320029  0.00420375
-6.9115  3.14159  0  0.00383103  0.00444914
-5.65487  3.14159  0  0.00466527  0.00466649
-4.39823  3.14159  0  0.00579504  0.00477291
-3.14159  3.14159  0  0.00733024  0.00456097
-1.88496  3.14159  0  0.00922638  0.00356577
-0.628319  3.14159  0  0.0107769  0.00121679
0.628319  3.14159  0  0.0107076  -0.00198414
1.88496  3.14159  0  0.00904192  -0.00427987
3.14159  3.14159  0  0.00707073  -0.00519988
4.39823  3.14159  0  0.00548262  -0.00533225
5.65487  3.14159  0  0.00431703  -0.00513574
6.9115  3.14159  0  0.00348217  -0.00481884
8.16814  3.14159  0  0.00288893  -0.00448561
10.6814  3.14159  0  0.00213526  -0.00392486
15.708  3.14159  0  0.00131934  -0.0032107
33.3009  3.14159  0  0.000251636  -0.00189152
-54.6637  3.14159  3.14159  0.000250031  0.000967931
-27.0177  3.14159  3.14159  0.000590026  0.00185177
-13.1947  3.14159  3.14159  0.00167595  0.00325409
-10.6814  3.14159  3.14159  0.00218905  0.00366688
-8.16814  3.14159  3.14159  0.0029335  0.00416225
-6.9115  3.14159  3.14159  0.00344367  0.00445342
-5.65487  3.14159  3.14159  0.00409378  0.00478782
-4.39823  3.14159  3.14159  0.00495257  0.00520008
-3.14159  3.14159  3.14159  0.00621675  0.0057692
-1.88496  3.14159  3.14159  0.00858102  0.00669121
-0.628319  3.14159  3.14159  0.0155467  0.00606434
0.628319  3.14159  3.14159  0.0154046  -0.00694432
1.88496  3.14159  3.14159  0.00828409  -0.00741931
3.14159  3.14159  3.14159  0.00592755  -0.00637342
4.39823  3.14159  3.14159  0.00464447  -0.00575236
5.65487  3.14159  3.14159  0.00373363  -0.0052666
6.9115  3.14159  3.14159  0.00307771  -0.00482599
8.16814  3.14159  3.14159  0.00260463  -0.00444154
10.6814  3.14159  3.14159  0.00199113  -0.0038599
15.708  3.14159  3.14159  0.00128039  -0.00317369
33.3009  3.14159  3.14159  0.0002469  -0.00188725
