-54.6637  0  0  1.35242e-06  1.35662e-05
-27.0177  0  0  5.38695e-06  2.66339e-05
-13.1947  0  0  2.01174e-05  4.84538e-05
-10.6814  0  0  2.85265e-05  5.5555e-05
-8.16814  0  0  4.2543e-05  6.32456e-05
-6.9115  0  0  5.29187e-05  6.64908e-05
-5.65487  0  0  6.63749e-05  6.81452e-05
-4.39823  0  0  8.32533e-05  6.63877e-05
-3.14159  0  0  0.000102764  5.84623e-05
-1.88496  0  0  0.00012168  4.15123e-05
-0.628319  0  0  0.000133959  1.52719e-05
0.628319  0  0  0.000133974  -1.51323e-05
1.88496  0  0  0.000121719  -4.13843e-05
3.14159  0  0  0.000102821  -5.83512e-05
4.39823  0  0  8.33182e-05  -6.62947e-05
5.65487  0  0  6.64424e-05  -6.80678e-05
6.9115  0  0  5.29848e-05  -6.64254e-05
8.16814  0  0  4.26097e-05  -6.31902e-05
10.6814  0  0  2.8593e-05  -5.5517e-05
15.708  0  0  1.48779e-05  -4.25223e-05
33.3009  0  0  3.61612e-06  -2.18993e-05
-54.6637  0  3.14159  8.67458e-07  1.36479e-05
-27.0177  0  3.14159  3.53582e-06  2.72802e-05
-13.1947  0  3.14159  1.42004e-05  5.30127e-05
-10.6814  0  3.14159  2.09442e-05  6.32046e-05
-8.16814  0  3.14159  3.33896e-05  7.71197e-05
-6.9115  0  3.14159  4.37605e-05  8.57167e-05
-5.65487  0  3.14159  5.90738e-05  9.5065e-05
-4.39823  0  3.14159  8.2254e-05  0.000103608
-3.14159  0  3.14159  0.000117253  0.000106342
-1.88496  0  3.14159  0.00016489  9.05349e-05
-0.628319  0  3.14159  0.000207529  3.84624e-05
0.628319  0  3.14159  0.000207557  -3.82797e-05
1.88496  0  3.14159  0.00016496  -9.03821e-05
3.14159  0  3.14159  0.000117341  -0.000106224
4.39823  0  3.14159  8.23441e-05  -0.000103518
5.65487  0  3.14159  5.91547e-05  -9.49977e-05
6.9115  0  3.14159  4.38379e-05  -8.56626e-05
8.16814  0  3.14159  3.34638e-05  -7.70742e-05
10.6814  0  3.14159  2.10109e-05  -6.31723e-05
15.708  0  3.14159  1.02543e-05  -4.54246e-05
33.3009  0  3.14159  2.35864e-06  -2.2252e-05
-54.6637  3.14159  0  8.67458e-07  1.36479e-05
-27.0177  3.14159  0  3.53582e-06  2.72802e-05
-13.1947  3.14159  0  1.42004e-05  5.30127e-05
-10.6814  3.14159  0  2.09442e-05  6.32046e-05
-8.16814  3.14159  0  3.33896e-05  7.71197e-05
-6.9115  3.14159  0  4.37605e-05  8.57167e-05
-5.65487  3.14159  0  5.90738e-05  9.5065e-05
-4.39823  3.14159  0  8.2254e-05  0.000103608
-3.14159  3.14159  0  0.000117253  0.000106342
-1.88496  3.14159  0  0.00016489  9.05349e-05
-0.628319  3.14159  0  0.000207529  3.84624e-05
0.628319  3.14159  0  0.000207557  -3.82797e-05
1.88496  3.14159  0  0.00016496  -9.03821e-05
3.14159  3.14159  0  0.000117341  -0.000106224
4.39823  3.14159  0  8.23441e-05  -0.000103518
5.65487  3.14159  0  5.91547e-05  -9.49977e-05
6.9115  3.14159  0  4.38379e-05  -8.56626e-05
8.16814  3.14159  0  3.34638e-05  -7.70742e-05
10.6814  3.14159  0  2.10109e-05  -6.31723e-05
15.708  3.14159  0  1.02543e-05  -4.54246e-05
33.3009  3.14159  0  2.35864e-06  -2.2252e-05
-54.6637  3.14159  3.14159  3.75133e-07  1.36907e-05
-27.0177  3.14159  3.14159  1.56142e-06  2.76229e-05
-13.1947  3.14159  3.14159  6.53582e-06  5.57319e-05
-10.6814  3.14159  3.14159  9.81838e-06  6.8114e-05
-8.16814  3.14159  3.14159  1.61472e-05  8.72418e-05
-6.9115  3.14159  3.14159  2.17263e-05  0.000101274
-5.65487  3.14159  3.14159  3.05971e-05  0.000120453
-4.39823  3.14159  3.14159  4.60371e-05  0.000148253
-3.14159  3.14159  3.14159  7.74167e-05  0.000192018
-1.88496  3.14159  3.14159  0.000161885  0.000265
-0.628319  3.14159  3.14159  0.000469609  0.000276835
0.628319  3.14159  3.14159  0.000469772  -0.000276517
1.88496  3.14159  3.14159  0.000162052  -0.000264857
3.14159  3.14159  3.14159  7.7543e-05  -0.000191927
4.39823  3.14159  3.14159  4.61432e-05  -0.000148185
5.65487  3.14159  3.14159  3.06915e-05  -0.000120398
6.9115  3.14159  3.14159  2.18125e-05  -0.00010123
8.16814  3.14159  3.14159  1.62263e-05  -8.72049e-05
10.6814  3.14159  3.14159  9.88599e-06  -6.80877e-05
15.708  3.14159  3.14159  4.68842e-06  -4.70825e-05
33.3009  3.14159  3.14159  1.04712e-06  -2.24383e-05
