-54.6637  0  0  0.000105086  -3.38645e-05
-27.0177  0  0  0.000397535  -0.000197988
-13.1947  0  0  0.00105444  -0.00123446
-10.6814  0  0  0.0011654  -0.00193302
-8.16814  0  0  0.000996867  -0.00311654
-6.9115  0  0  0.000610734  -0.00395094
-5.65487  0  0  -0.00019981  -0.00490456
-4.39823  0  0  -0.00167461  -0.00576017
-3.14159  0  0  -0.00394866  -0.00599746
-1.88496  0  0  -0.00666784  -0.00484396
-0.628319  0  0  -0.00867431  -0.0019052
0.628319  0  0  -0.00866929  0.00191505
1.88496  0  0  -0.00665667  0.00484753
3.14159  0  0  -0.00393746  0.00599496
4.39823  0  0  -0.0016648  0.00575504
5.65487  0  0  -0.000189273  0.00489753
6.9115  0  0  0.000622448  0.00393911
8.16814  0  0  0.00100597  0.00309829
10.6814  0  0  0.00116056  0.00191
15.708  0  0  0.000873788  0.00081241
33.3009  0  0  0.000270688  0.000118318
-54.6637  0  3.14159  0.000104063  -3.37685e-05
-27.0177  0  3.14159  0.000390557  -0.000193497
-13.1947  0  3.14159  0.00105288  -0.00115079
-10.6814  0  3.14159  0.00122061  -0.001783
-8.16814  0  3.14159  0.00125637  -0.00289104
-6.9115  0  3.14159  0.00110194  -0.00374905
-5.65487  0  3.14159  0.000647462  -0.00490838
-4.39823  0  3.14159  -0.000453707  -0.00639954
-3.14159  0  3.14159  -0.00284899  -0.00792831
-1.88496  0  3.14159  -0.0072229  -0.0081032
-0.628319  0  3.14159  -0.012022  -0.003903
0.628319  0  3.14159  -0.0120123  0.00391786
1.88496  0  3.14159  -0.00720514  0.00810372
3.14159  0  3.14159  -0.00283965  0.00792196
4.39823  0  3.14159  -0.000447509  0.00639434
5.65487  0  3.14159  0.000657131  0.00490397
6.9115  0  3.14159  0.00111547  0.00373832
8.16814  0  3.14159  0.00126671  0.00287214
10.6814  0  3.14159  0.00121543  0.00175961
15.708  0  3.14159  0.000859546  0.000766569
33.3009  0  3.14159  0.000266661  0.000116729
-54.6637  3.14159  0  0.000104063  -3.37685e-05
-27.0177  3.14159  0  0.000390557  -0.000193497
-13.1947  3.14159  0  0.00105288  -0.00115079
-10.6814  3.14159  0  0.00122061  -0.001783
-8.16814  3.14159  0  0.00125637  -0.00289104
-6.9115  3.14159  0  0.00110194  -0.00374905
-5.65487  3.14159  0  0.000647462  -0.00490838
-4.39823  3.14159  0  -0.000453707  -0.00639954
-3.14159  3.14159  0  -0.00284899  -0.00792831
-1.88496  3.14159  0  -0.0072229  -0.0081032
-0.628319  3.14159  0  -0.012022  -0.003903
0.628319  3.14159  0  -0.0120123  0.00391786
1.88496  3.14159  0  -0.00720514  0.00810372
3.14159  3.14159  0  -0.00283965  0.00792196
4.39823  3.14159  0  -0.000447509  0.00639434
5.65487  3.14159  0  0.000657131  0.00490397
6.9115  3.14159  0  0.00111547  0.00373832
8.16814  3.14159  0  0.00126671  0.00287214
10.6814  3.14159  0  0.00121543  0.00175961
15.708  3.14159  0  0.000859546  0.000766569
33.3009  3.14159  0  0.000266661  0.000116729
-54.6637  3.14159  3.14159  0.000103038  -3.36255e-05
-27.0177  3.14159  3.14159  0.000383649  -0.000188926
-13.1947  3.14159  3.14159  0.00103674  -0.00107512
-10.6814  3.14159  3.14159  0.00122946  -0.00163844
-8.16814  3.14159  3.14159  0.00137952  -0.00261204
-6.9115  3.14159  3.14159  0.00138087  -0.00336807
-5.65487  3.14159  3.14159  0.00125633  -0.00441398
-4.39823  3.14159  3.14159  0.000896919  -0.00590932
-3.14159  3.14159  3.14159  9.01007e-05  -0.00829299
-1.88496  3.14159  3.14159  -0.0023601  -0.013363
-0.628319  3.14159  3.14159  -0.0219916  -0.0223349
0.628319  3.14159  3.14159  -0.021986  0.0223456
1.88496  3.14159  3.14159  -0.00234784  0.0133663
3.14159  3.14159  3.14159  0.000101317  0.00828994
4.39823  3.14159  3.14159  0.000906565  0.00590388
5.65487  3.14159  3.14159  0.00126651  0.00440671
6.9115  3.14159  3.14159  0.00139193  0.00335645
8.16814  3.14159  3.14159  0.00138832  0.00259447
10.6814  3.14159  3.14159  0.00122517  0.00161574
15.708  3.14159  3.14159  0.0008411  0.000724867
33.3009  3.14159  3.14159  0.000262676  0.000115001
