-54.6637  0  0  0.0100699  -0.00829264
-27.0177  0  0  -0.024024  0.000506861
-13.1947  0  0  -0.000949577  0.0299454
-10.6814  0  0  -0.00657096  0.0287444
-8.16814  0  0  0.069867  -0.121528
-6.9115  0  0  0.239941  -0.0439956
-5.65487  0  0  -0.348726  -0.0415262
-4.39823  0  0  0.0709724  -0.34288
-3.14159  0  0  -0.162029  0.179352
-1.88496  0  0  -0.38545  0.0860277
-0.628319  0  0  2.18759  -0.158245
0.628319  0  0  2.78994  1.40076
1.88496  0  0  -0.0619142  -0.554645
3.14159  0  0  0.056283  0.155787
4.39823  0  0  0.0114494  0.494647
5.65487  0  0  -0.233721  -0.078478
6.9115  0  0  0.150398  -0.0671908
8.16814  0  0  0.0551864  -0.0471907
10.6814  0  0  0.0453559  -0.0535603
15.708  0  0  -0.0271547  0.0101204
33.3009  0  0  0.0172478  -0.0086614
-54.6637  0  3.14159  -0.00200964  0.00209449
-27.0177  0  3.14159  0.00634073  0.000872007
-13.1947  0  3.14159  -0.00460714  -0.00541949
-10.6814  0  3.14159  -0.0060313  -0.00962004
-8.16814  0  3.14159  -0.0148822  0.0489897
-6.9115  0  3.14159  -0.0836671  0.0504915
-5.65487  0  3.14159  0.151104  -0.0539605
-4.39823  0  3.14159  0.023105  0.178823
-3.14159  0  3.14159  0.0291148  -0.0873098
-1.88496  0  3.14159  0.220877  -0.0345671
-0.628319  0  3.14159  -0.830876  0.415794
0.628319  0  3.14159  -1.40519  -0.0748189
1.88496  0  3.14159  0.12834  0.166621
3.14159  0  3.14159  -0.0555233  -0.0765622
4.39823  0  3.14159  -0.0830503  -0.220346
5.65487  0  3.14159  0.118701  0.00366445
6.9115  0  3.14159  -0.0661849  0.0650171
8.16814  0  3.14159  -0.0249621  0.0340733
10.6814  0  3.14159  -0.00809283  0.0207954
15.708  0  3.14159  0.00945291  -0.0071406
33.3009  0  3.14159  -0.00631159  0.00438761
-54.6637  3.14159  0  -0.00200964  0.00209449
-27.0177  3.14159  0  0.00634073  0.000872007
-13.1947  3.14159  0  -0.00460714  -0.00541949
-10.6814  3.14159  0  -0.0060313  -0.00962004
-8.16814  3.14159  0  -0.0148822  0.0489897
-6.9115  3.14159  0  -0.0836671  0.0504915
-5.65487  3.14159  0  0.151104  -0.0539605
-4.39823  3.14159  0  0.023105  0.178823
-3.14159  3.14159  0  0.0291148  -0.0873098
-1.88496  3.14159  0  0.220877  -0.0345671
-0.628319  3.14159  0  -0.830876  0.415794
0.628319  3.14159  0  -1.40519  -0.0748189
1.88496  3.14159  0  0.12834  0.166621
3.14159  3.14159  0  -0.0555233  -0.0765622
4.39823  3.14159  0  -0.0830503  -0.220346
5.65487  3.14159  0  0.118701  0.00366445
6.9115  3.14159  0  -0.0661849  0.0650171
8.16814  3.14159  0  -0.0249621  0.0340733
10.6814  3.14159  0  -0.00809283  0.0207954
15.708  3.14159  0  0.00945291  -0.0071406
33.3009  3.14159  0  -0.00631159  0.00438761
-54.6637  3.14159  3.14159  0.00992663  -0.00793574
-27.0177  3.14159  3.14159  -0.0234522  5.3233e-05
-13.1947  3.14159  3.14159  -0.000810802  0.0290805
-10.6814  3.14159  3.14159  -0.00308501  0.0261738
-8.16814  3.14159  3.14159  0.068435  -0.121189
-6.9115  3.14159  3.14159  0.231029  -0.0481678
-5.65487  3.14159  3.14159  -0.345139  -0.038573
-4.39823  3.14159  3.14159  0.0657803  -0.32874
-3.14159  3.14159  3.14159  -0.155015  0.176018
-1.88496  3.14159  3.14159  -0.373478  0.0848666
-0.628319  3.14159  3.14159  2.11593  -0.176946
0.628319  3.14159  3.14159  2.70133  1.35221
1.88496  3.14159  3.14159  -0.0504764  -0.542431
3.14159  3.14159  3.14159  0.041171  0.165844
4.39823  3.14159  3.14159  0.0120847  0.474117
5.65487  3.14159  3.14159  -0.229025  -0.0834725
6.9115  3.14159  3.14159  0.145148  -0.062394
8.16814  3.14159  3.14159  0.0544384  -0.0482136
10.6814  3.14159  3.14159  0.0467831  -0.0490967
15.708  3.14159  3.14159  -0.0249527  0.0106818
33.3009  3.14159  3.14159  0.016157  -0.00870982
