-54.6637  0  0  -0.00462659  0.162559
-27.0177  0  0  -0.017773  0.321676
-13.1947  0  0  -0.0587382  0.608975
-10.6814  0  0  -0.0781184  0.71941
-8.16814  0  0  -0.105197  0.871021
-6.9115  0  0  -0.121458  0.968412
-5.65487  0  0  -0.13792  1.08384
-4.39823  0  0  -0.150662  1.21671
-3.14159  0  0  -0.151683  1.34634
-1.88496  0  0  -0.130966  1.35322
-0.628319  0  0  -0.105696  0.741629
0.628319  0  0  -0.105102  -0.741359
1.88496  0  0  -0.130959  -1.3529
3.14159  0  0  -0.151751  -1.34616
4.39823  0  0  -0.150668  -1.21656
5.65487  0  0  -0.137918  -1.08373
6.9115  0  0  -0.121458  -0.968325
8.16814  0  0  -0.105198  -0.870957
10.6814  0  0  -0.0781134  -0.719387
15.708  0  0  -0.0451502  -0.526069
33.3009  0  0  -0.0120814  -0.263578
-54.6637  0  3.14159  0.000789605  0.16254
-27.0177  0  3.14159  0.0030852  0.321415
-13.1947  0  3.14159  0.0112202  0.604765
-10.6814  0  3.14159  0.0157673  0.710448
-8.16814  0  3.14159  0.0232999  0.849581
-6.9115  0  3.14159  0.0288982  0.9337
-5.65487  0  3.14159  0.0362736  1.02666
-4.39823  0  3.14159  0.0459125  1.12546
-3.14159  0  3.14159  0.0580843  1.2285
-1.88496  0  3.14159  0.0774767  1.4316
-0.628319  0  3.14159  0.361273  3.45376
0.628319  0  3.14159  0.361322  -3.45375
1.88496  0  3.14159  0.0775223  -1.43158
3.14159  0  3.14159  0.0580979  -1.22849
4.39823  0  3.14159  0.0459131  -1.12545
5.65487  0  3.14159  0.0362728  -1.02666
6.9115  0  3.14159  0.028892  -0.933696
8.16814  0  3.14159  0.023298  -0.849582
10.6814  0  3.14159  0.0157729  -0.710474
15.708  0  3.14159  0.00832661  -0.523918
33.3009  0  3.14159  0.00204567  -0.263469
-54.6637  3.14159  0  0.000789605  0.16254
-27.0177  3.14159  0  0.0030852  0.321415
-13.1947  3.14159  0  0.0112202  0.604765
-10.6814  3.14159  0  0.0157673  0.710448
-8.16814  3.14159  0  0.0232999  0.849581
-6.9115  3.14159  0  0.0288982  0.9337
-5.65487  3.14159  0  0.0362736  1.02666
-4.39823  3.14159  0  0.0459125  1.12546
-3.14159  3.14159  0  0.0580843  1.2285
-1.88496  3.14159  0  0.0774767  1.4316
-0.628319  3.14159  0  0.361273  3.45376
0.628319  3.14159  0  0.361322  -3.45375
1.88496  3.14159  0  0.0775223  -1.43158
3.14159  3.14159  0  0.0580979  -1.22849
4.39823  3.14159  0  0.0459131  -1.12545
5.65487  3.14159  0  0.0362728  -1.02666
6.9115  3.14159  0  0.028892  -0.933696
8.16814  3.14159  0  0.023298  -0.849582
10.6814  3.14159  0  0.0157729  -0.710474
15.708  3.14159  0  0.00832661  -0.523918
33.3009  3.14159  0  0.00204567  -0.263469
-54.6637  3.14159  3.14159  0.00621187  0.162535
-27.0177  3.14159  3.14159  0.0240444  0.321489
-13.1947  3.14159  3.14159  0.0827756  0.607941
-10.6814  3.14159  3.14159  0.113053  0.717875
-8.16814  3.14159  3.14159  0.160137  0.868734
-6.9115  3.14159  3.14159  0.193236  0.965664
-5.65487  3.14159  3.14159  0.235177  1.08064
-4.39823  3.14159  3.14159  0.288413  1.21319
-3.14159  3.14159  3.14159  0.35563  1.34289
-1.88496  3.14159  3.14159  0.435961  1.35051
-0.628319  3.14159  3.14159  0.497066  0.740418
0.628319  3.14159  3.14159  0.497658  -0.740695
1.88496  3.14159  3.14159  0.435964  -1.35067
3.14159  3.14159  3.14159  0.355558  -1.3431
4.39823  3.14159  3.14159  0.288402  -1.21334
5.65487  3.14159  3.14159  0.235175  -1.08076
6.9115  3.14159  3.14159  0.193232  -0.96576
8.16814  3.14159  3.14159  0.160131  -0.868816
10.6814  3.14159  3.14159  0.11305  -0.717949
15.708  3.14159  3.14159  0.0626372  -0.525408
33.3009  3.14159  3.14159  0.016218  -0.263491
