-54.6637  0  0  1.3709e-06  1.3601e-05
-27.0177  0  0  5.43545e-06  2.67032e-05
-13.1947  0  0  2.02497e-05  4.8544e-05
-10.6814  0  0  2.86867e-05  5.56365e-05
-8.16814  0  0  4.27332e-05  6.33107e-05
-6.9115  0  0  5.31253e-05  6.65454e-05
-5.65487  0  0  6.66003e-05  6.81864e-05
-4.39823  0  0  8.35031e-05  6.64059e-05
-3.14159  0  0  0.000103036  5.84497e-05
-1.88496  0  0  0.00012196  4.14564e-05
-0.628319  0  0  0.000134235  1.51631e-05
0.628319  0  0  0.000134227  -1.52845e-05
1.88496  0  0  0.000121935  -4.15706e-05
3.14159  0  0  0.000102997  -5.85579e-05
4.39823  0  0  8.34579e-05  -6.65061e-05
5.65487  0  0  6.65484e-05  -6.82726e-05
6.9115  0  0  5.30632e-05  -6.66223e-05
8.16814  0  0  4.2666e-05  -6.33795e-05
10.6814  0  0  2.86183e-05  -5.56869e-05
15.708  0  0  1.48756e-05  -4.2653e-05
33.3009  0  0  3.59961e-06  -2.19643e-05
-54.6637  0  3.14159  8.86239e-07  1.36828e-05
-27.0177  0  3.14159  3.58616e-06  2.73476e-05
-13.1947  0  3.14159  1.43319e-05  5.30957e-05
-10.6814  0  3.14159  2.11019e-05  6.32786e-05
-8.16814  0  3.14159  3.35749e-05  7.71769e-05
-6.9115  0  3.14159  4.39602e-05  8.57636e-05
-5.65487  0  3.14159  5.92923e-05  9.51017e-05
-4.39823  0  3.14159  8.25105e-05  0.000103626
-3.14159  0  3.14159  0.00011754  0.000106323
-1.88496  0  3.14159  0.000165175  9.04486e-05
-0.628319  0  3.14159  0.000207794  3.8315e-05
0.628319  0  3.14159  0.000207782  -3.84543e-05
1.88496  0  3.14159  0.000165138  -9.05764e-05
3.14159  0  3.14159  0.000117483  -0.000106435
4.39823  0  3.14159  8.24492e-05  -0.000103722
5.65487  0  3.14159  5.92351e-05  -9.51761e-05
6.9115  0  3.14159  4.39016e-05  -8.58287e-05
8.16814  0  3.14159  3.35132e-05  -7.72359e-05
10.6814  0  3.14159  2.10378e-05  -6.33246e-05
15.708  0  3.14159  1.02572e-05  -4.55496e-05
33.3009  0  3.14159  2.34471e-06  -2.23171e-05
-54.6637  3.14159  0  8.86239e-07  1.36828e-05
-27.0177  3.14159  0  3.58616e-06  2.73476e-05
-13.1947  3.14159  0  1.43319e-05  5.30957e-05
-10.6814  3.14159  0  2.11019e-05  6.32786e-05
-8.16814  3.14159  0  3.35749e-05  7.71769e-05
-6.9115  3.14159  0  4.39602e-05  8.57636e-05
-5.65487  3.14159  0  5.92923e-05  9.51017e-05
-4.39823  3.14159  0  8.25105e-05  0.000103626
-3.14159  3.14159  0  0.00011754  0.000106323
-1.88496  3.14159  0  0.000165175  9.04486e-05
-0.628319  3.14159  0  0.000207794  3.8315e-05
0.628319  3.14159  0  0.000207782  -3.84543e-05
1.88496  3.14159  0  0.000165138  -9.05764e-05
3.14159  3.14159  0  0.000117483  -0.000106435
4.39823  3.14159  0  8.24492e-05  -0.000103722
5.65487  3.14159  0  5.92351e-05  -9.51761e-05
6.9115  3.14159  0  4.39016e-05  -8.58287e-05
8.16814  3.14159  0  3.35132e-05  -7.72359e-05
10.6814  3.14159  0  2.10378e-05  -6.33246e-05
15.708  3.14159  0  1.02572e-05  -4.55496e-05
33.3009  3.14159  0  2.34471e-06  -2.23171e-05
-54.6637  3.14159  3.14159  3.94561e-07  1.37254e-05
-27.0177  3.14159  3.14159  1.61394e-06  2.76886e-05
-13.1947  3.14159  3.14159  6.6698e-06  5.58081e-05
-10.6814  3.14159  3.14159  9.97991e-06  6.81814e-05
-8.16814  3.14159  3.14159  1.63418e-05  8.72925e-05
-6.9115  3.14159  3.14159  2.19402e-05  0.000101312
-5.65487  3.14159  3.14159  3.08335e-05  0.000120474
-4.39823  3.14159  3.14159  4.63045e-05  0.000148258
-3.14159  3.14159  3.14159  7.7718e-05  0.000191978
-1.88496  3.14159  3.14159  0.000162217  0.000264856
-0.628319  3.14159  3.14159  0.000469889  0.000276528
0.628319  3.14159  3.14159  0.000469818  -0.000276725
1.88496  3.14159  3.14159  0.000162139  -0.000264976
3.14159  3.14159  3.14159  7.7647e-05  -0.000192072
4.39823  3.14159  3.14159  4.62383e-05  -0.000148338
5.65487  3.14159  3.14159  3.07719e-05  -0.000120545
6.9115  3.14159  3.14159  2.18786e-05  -0.000101374
8.16814  3.14159  3.14159  1.62795e-05  -8.73484e-05
10.6814  3.14159  3.14159  9.91742e-06  -6.82248e-05
15.708  3.14159  3.14159  4.69377e-06  -4.71976e-05
33.3009  3.14159  3.14159  1.03378e-06  -2.25009e-05
