-54.6637  0  0  0.0103216  -0.0644887
-27.0177  0  0  0.0406003  -0.129972
-13.1947  0  0  0.146934  -0.26157
-10.6814  0  0  0.20478  -0.319509
-8.16814  0  0  0.295909  -0.409609
-6.9115  0  0  0.35764  -0.476628
-5.65487  0  0  0.426156  -0.569555
-4.39823  0  0  0.478939  -0.703228
-3.14159  0  0  0.440379  -0.884202
-1.88496  0  0  0.146329  -1.00453
-0.628319  0  0  -0.381594  -0.568405
0.628319  0  0  -0.381413  0.569794
1.88496  0  0  0.146308  1.00569
3.14159  0  0  0.440012  0.884978
4.39823  0  0  0.478528  0.703608
5.65487  0  0  0.425804  0.569674
6.9115  0  0  0.357313  0.476642
8.16814  0  0  0.295599  0.409594
10.6814  0  0  0.204511  0.319487
15.708  0  0  0.109257  0.221161
33.3009  0  0  0.0270914  0.10563
-54.6637  0  3.14159  0.00767455  -0.0652487
-27.0177  0  3.14159  0.0293492  -0.135738
-13.1947  0  3.14159  0.0969419  -0.297252
-10.6814  0  3.14159  0.129043  -0.374329
-8.16814  0  3.14159  0.174681  -0.492503
-6.9115  0  3.14159  0.203694  -0.572779
-5.65487  0  3.14159  0.237716  -0.666099
-4.39823  0  3.14159  0.280159  -0.758092
-3.14159  0  3.14159  0.346748  -0.802147
-1.88496  0  3.14159  0.489731  -0.73408
-0.628319  0  3.14159  0.32458  -1.02755
0.628319  0  3.14159  0.324466  1.02738
1.88496  0  3.14159  0.489773  0.73237
3.14159  0  3.14159  0.344244  0.802185
4.39823  0  3.14159  0.279185  0.758724
5.65487  0  3.14159  0.2374  0.666369
6.9115  0  3.14159  0.203441  0.572806
8.16814  0  3.14159  0.174406  0.492469
10.6814  0  3.14159  0.128786  0.374299
15.708  0  3.14159  0.0743129  0.245031
33.3009  0  3.14159  0.0197997  0.108829
-54.6637  3.14159  0  0.00767455  -0.0652487
-27.0177  3.14159  0  0.0293492  -0.135738
-13.1947  3.14159  0  0.0969419  -0.297252
-10.6814  3.14159  0  0.129043  -0.374329
-8.16814  3.14159  0  0.174681  -0.492503
-6.9115  3.14159  0  0.203694  -0.572779
-5.65487  3.14159  0  0.237716  -0.666099
-4.39823  3.14159  0  0.280159  -0.758092
-3.14159  3.14159  0  0.346748  -0.802147
-1.88496  3.14159  0  0.489731  -0.73408
-0.628319  3.14159  0  0.32458  -1.02755
0.628319  3.14159  0  0.324466  1.02738
1.88496  3.14159  0  0.489773  0.73237
3.14159  3.14159  0  0.344244  0.802185
4.39823  3.14159  0  0.279185  0.758724
5.65487  3.14159  0  0.2374  0.666369
6.9115  3.14159  0  0.203441  0.572806
8.16814  3.14159  0  0.174406  0.492469
10.6814  3.14159  0  0.128786  0.374299
15.708  3.14159  0  0.0743129  0.245031
33.3009  3.14159  0  0.0197997  0.108829
-54.6637  3.14159  3.14159  0.00500278  -0.0657905
-27.0177  3.14159  3.14159  0.0177499  -0.139854
-13.1947  3.14159  3.14159  0.0422014  -0.32467
-10.6814  3.14159  3.14159  0.0428753  -0.420369
-8.16814  3.14159  3.14159  0.0236646  -0.579912
-6.9115  3.14159  3.14159  -0.00858618  -0.701998
-5.65487  3.14159  3.14159  -0.0794366  -0.869216
-4.39823  3.14159  3.14159  -0.236254  -1.09632
-3.14159  3.14159  3.14159  -0.58744  -1.36846
-1.88496  3.14159  3.14159  -1.30901  -1.49115
-0.628319  3.14159  3.14159  -2.23759  -0.798992
0.628319  3.14159  3.14159  -2.23763  0.799064
1.88496  3.14159  3.14159  -1.30939  1.49161
3.14159  3.14159  3.14159  -0.587948  1.36897
4.39823  3.14159  3.14159  -0.236661  1.09659
5.65487  3.14159  3.14159  -0.0797338  0.869266
6.9115  3.14159  3.14159  -0.00885339  0.701958
8.16814  3.14159  3.14159  0.023406  0.579855
10.6814  3.14159  3.14159  0.0426411  0.420324
15.708  3.14159  3.14159  0.0368456  0.262667
33.3009  3.14159  3.14159  0.012351  0.111106
