-54.6637  0  0  0.0113181  0.0102681
-27.0177  0  0  -0.015662  -0.0228191
-13.1947  0  0  -0.00135756  -0.0284866
-10.6814  0  0  -0.00209111  -0.00933953
-8.16814  0  0  -0.0150524  -0.0658679
-6.9115  0  0  0.0195773  -0.0686838
-5.65487  0  0  -0.0375206  -0.0219299
-4.39823  0  0  -0.0114546  -0.00234779
-3.14159  0  0  -0.131829  0.02108
-1.88496  0  0  0.0907774  -0.142946
-0.628319  0  0  -0.13199  -0.186102
0.628319  0  0  0.272763  0.0208924
1.88496  0  0  0.110514  -0.107767
3.14159  0  0  -0.00766472  0.107776
4.39823  0  0  0.0317812  0.0112936
5.65487  0  0  -0.00859917  0.0678691
6.9115  0  0  0.0520588  -0.000746756
8.16814  0  0  0.0373219  0.0398993
10.6814  0  0  0.00173322  0.0137823
15.708  0  0  0.0273743  0.051304
33.3009  0  0  0.0169233  0.0177121
-54.6637  0  3.14159  -0.00268725  0.00267399
-27.0177  0  3.14159  0.00463176  -0.00214504
-13.1947  0  3.14159  0.00914713  0.00186838
-10.6814  0  3.14159  -0.00843303  -0.00367448
-8.16814  0  3.14159  -0.0064239  0.00726966
-6.9115  0  3.14159  -0.00258233  0.00216276
-5.65487  0  3.14159  -0.0318057  -0.0128172
-4.39823  0  3.14159  0.0140447  -0.0126922
-3.14159  0  3.14159  0.0112091  -0.00625568
-1.88496  0  3.14159  0.0167844  0.0706315
-0.628319  0  3.14159  0.13771  0.0179872
0.628319  0  3.14159  -0.131306  0.0917361
1.88496  0  3.14159  -0.00165838  0.068325
3.14159  0  3.14159  -0.0419943  0.0115836
4.39823  0  3.14159  -0.0111943  -0.010538
5.65487  0  3.14159  0.0239111  0.0041766
6.9115  0  3.14159  0.0122282  0.00855779
8.16814  0  3.14159  0.00967399  0.00332417
10.6814  0  3.14159  0.0085494  -0.00123199
15.708  0  3.14159  -0.00495197  0.000780081
33.3009  0  3.14159  -0.00893603  0.00136757
-54.6637  3.14159  0  -0.00268725  0.00267399
-27.0177  3.14159  0  0.00463176  -0.00214504
-13.1947  3.14159  0  0.00914713  0.00186838
-10.6814  3.14159  0  -0.00843303  -0.00367448
-8.16814  3.14159  0  -0.0064239  0.00726966
-6.9115  3.14159  0  -0.00258233  0.00216276
-5.65487  3.14159  0  -0.0318057  -0.0128172
-4.39823  3.14159  0  0.0140447  -0.0126922
-3.14159  3.14159  0  0.0112091  -0.00625568
-1.88496  3.14159  0  0.0167844  0.0706315
-0.628319  3.14159  0  0.13771  0.0179872
0.628319  3.14159  0  -0.131306  0.0917361
1.88496  3.14159  0  -0.00165838  0.068325
3.14159  3.14159  0  -0.0419943  0.0115836
4.39823  3.14159  0  -0.0111943  -0.010538
5.65487  3.14159  0  0.0239111  0.0041766
6.9115  3.14159  0  0.0122282  0.00855779
8.16814  3.14159  0  0.00967399  0.00332417
10.6814  3.14159  0  0.0085494  -0.00123199
15.708  3.14159  0  -0.00495197  0.000780081
33.3009  3.14159  0  -0.00893603  0.00136757
-54.6637  3.14159  3.14159  -0.00200576  -0.00137619
-27.0177  3.14159  3.14159  0.000884373  1.28549e-05
-13.1947  3.14159  3.14159  0.00358726  0.00107492
-10.6814  3.14159  3.14159  -0.00248132  0.000978193
-8.16814  3.14159  3.14159  0.00256959  0.0143188
-6.9115  3.14159  3.14159  0.00145624  0.0106541
-5.65487  3.14159  3.14159  -0.0105281  -0.000499087
-4.39823  3.14159  3.14159  0.00778889  -0.00466238
-3.14159  3.14159  3.14159  -0.00559894  -0.0229459
-1.88496  3.14159  3.14159  0.0108281  0.0484943
-0.628319  3.14159  3.14159  0.00830978  -0.0404516
0.628319  3.14159  3.14159  -0.0221264  0.0843012
1.88496  3.14159  3.14159  -0.0130782  -0.00304819
3.14159  3.14159  3.14159  -0.00523229  0.0157706
4.39823  3.14159  3.14159  -0.00982059  -0.00645199
5.65487  3.14159  3.14159  0.0065038  -0.00183858
6.9115  3.14159  3.14159  0.000975989  -0.00421206
8.16814  3.14159  3.14159  -0.00218368  -0.0105229
10.6814  3.14159  3.14159  0.00166374  -0.00212434
15.708  3.14159  3.14159  -0.00382242  -0.00282607
33.3009  3.14159  3.14159  -0.00237552  0.0015641
