-54.6637  0  0  1.40112e-06  1.40095e-05
-27.0177  0  0  5.5716e-06  2.75055e-05
-13.1947  0  0  2.0794e-05  5.00366e-05
-10.6814  0  0  2.94798e-05  5.73672e-05
-8.16814  0  0  4.39547e-05  6.53077e-05
-6.9115  0  0  5.46699e-05  6.866e-05
-5.65487  0  0  6.85684e-05  7.03712e-05
-4.39823  0  0  8.60045e-05  6.85588e-05
-3.14159  0  0  0.000106166  6.03729e-05
-1.88496  0  0  0.000125714  4.2857e-05
-0.628319  0  0  0.000138402  1.57338e-05
0.628319  0  0  0.000138406  -1.56933e-05
1.88496  0  0  0.000125726  -4.28199e-05
3.14159  0  0  0.000106182  -6.03407e-05
4.39823  0  0  8.60231e-05  -6.85318e-05
5.65487  0  0  6.85876e-05  -7.03486e-05
6.9115  0  0  5.46879e-05  -6.86407e-05
8.16814  0  0  4.39734e-05  -6.52911e-05
10.6814  0  0  2.95e-05  -5.73558e-05
15.708  0  0  1.53413e-05  -4.3925e-05
33.3009  0  0  3.72265e-06  -2.26179e-05
-54.6637  0  3.14159  9.00794e-07  1.40944e-05
-27.0177  0  3.14159  3.66167e-06  2.81727e-05
-13.1947  0  3.14159  1.4684e-05  5.47392e-05
-10.6814  0  3.14159  2.1648e-05  6.52589e-05
-8.16814  0  3.14159  3.4495e-05  7.96239e-05
-6.9115  0  3.14159  4.51994e-05  8.85028e-05
-5.65487  0  3.14159  6.10079e-05  9.81642e-05
-4.39823  0  3.14159  8.49509e-05  0.000107003
-3.14159  0  3.14159  0.000121109  0.000109848
-1.88496  0  3.14159  0.000170344  9.35336e-05
-0.628319  0  3.14159  0.000214438  3.97066e-05
0.628319  0  3.14159  0.000214446  -3.96533e-05
1.88496  0  3.14159  0.000170364  -9.34891e-05
3.14159  0  3.14159  0.000121134  -0.000109813
4.39823  0  3.14159  8.49771e-05  -0.000106977
5.65487  0  3.14159  6.10312e-05  -9.81445e-05
6.9115  0  3.14159  4.52219e-05  -8.84868e-05
8.16814  0  3.14159  3.45167e-05  -7.96103e-05
10.6814  0  3.14159  2.16678e-05  -6.52493e-05
15.708  0  3.14159  1.05699e-05  -4.69183e-05
33.3009  0  3.14159  2.42595e-06  -2.29828e-05
-54.6637  3.14159  0  9.00794e-07  1.40944e-05
-27.0177  3.14159  0  3.66167e-06  2.81727e-05
-13.1947  3.14159  0  1.4684e-05  5.47392e-05
-10.6814  3.14159  0  2.1648e-05  6.52589e-05
-8.16814  3.14159  0  3.4495e-05  7.96239e-05
-6.9115  3.14159  0  4.51994e-05  8.85028e-05
-5.65487  3.14159  0  6.10079e-05  9.81642e-05
-4.39823  3.14159  0  8.49509e-05  0.000107003
-3.14159  3.14159  0  0.000121109  0.000109848
-1.88496  3.14159  0  0.000170344  9.35336e-05
-0.628319  3.14159  0  0.000214438  3.97066e-05
0.628319  3.14159  0  0.000214446  -3.96533e-05
1.88496  3.14159  0  0.000170364  -9.34891e-05
3.14159  3.14159  0  0.000121134  -0.000109813
4.39823  3.14159  0  8.49771e-05  -0.000106977
5.65487  3.14159  0  6.10312e-05  -9.81445e-05
6.9115  3.14159  0  4.52219e-05  -8.84868e-05
8.16814  3.14159  0  3.45167e-05  -7.96103e-05
10.6814  3.14159  0  2.16678e-05  -6.52493e-05
15.708  3.14159  0  1.05699e-05  -4.69183e-05
33.3009  3.14159  0  2.42595e-06  -2.29828e-05
-54.6637  3.14159  3.14159  3.92664e-07  1.41383e-05
-27.0177  3.14159  3.14159  1.62409e-06  2.85254e-05
-13.1947  3.14159  3.14159  6.77198e-06  5.75413e-05
-10.6814  3.14159  3.14159  1.01619e-05  7.03202e-05
-8.16814  3.14159  3.14159  1.66916e-05  9.00622e-05
-6.9115  3.14159  3.14159  2.24449e-05  0.000104547
-5.65487  3.14159  3.14159  3.15903e-05  0.000124348
-4.39823  3.14159  3.14159  4.75055e-05  0.000153062
-3.14159  3.14159  3.14159  7.98477e-05  0.000198286
-1.88496  3.14159  3.14159  0.000166958  0.000273841
-0.628319  3.14159  3.14159  0.00048545  0.000286891
0.628319  3.14159  3.14159  0.000485498  -0.000286797
1.88496  3.14159  3.14159  0.000167008  -0.000273799
3.14159  3.14159  3.14159  7.98849e-05  -0.000198259
4.39823  3.14159  3.14159  4.75366e-05  -0.000153042
5.65487  3.14159  3.14159  3.1618e-05  -0.000124333
6.9115  3.14159  3.14159  2.24703e-05  -0.000104534
8.16814  3.14159  3.14159  1.67149e-05  -9.00514e-05
10.6814  3.14159  3.14159  1.01818e-05  -7.03125e-05
15.708  3.14159  3.14159  4.82466e-06  -4.86239e-05
33.3009  3.14159  3.14159  1.07253e-06  -2.31737e-05
