-54.6637  0  0  0.000643598  -0.00661722
-27.0177  0  0  -0.00219999  0.00508777
-13.1947  0  0  0.00276591  0.0203205
-10.6814  0  0  0.0226874  0.000127196
-8.16814  0  0  0.0059914  -0.052894
-6.9115  0  0  0.108252  -0.0523498
-5.65487  0  0  -0.159524  0.0815348
-4.39823  0  0  -0.0693444  -0.191502
-3.14159  0  0  -0.043995  0.0342596
-1.88496  0  0  0.0967141  0.223004
-0.628319  0  0  1.43755  -0.740106
0.628319  0  0  2.18542  -0.691469
1.88496  0  0  -0.118525  -0.31269
3.14159  0  0  -0.101591  0.0166314
4.39823  0  0  0.141484  0.159902
5.65487  0  0  -0.142849  0.125545
6.9115  0  0  0.122247  -0.0750161
8.16814  0  0  0.0264465  -0.023104
10.6814  0  0  0.0225588  -0.0207465
15.708  0  0  -0.00727623  0.00757802
33.3009  0  0  0.00353628  -0.0132078
-54.6637  0  3.14159  0.000583413  0.00122666
-27.0177  0  3.14159  0.000181571  -0.00161468
-13.1947  0  3.14159  -0.00259797  -0.00381765
-10.6814  0  3.14159  -0.000562504  0.00125665
-8.16814  0  3.14159  0.00713558  0.0080722
-6.9115  0  3.14159  -0.00855464  0.0295159
-5.65487  0  3.14159  0.00818093  -0.0429659
-4.39823  0  3.14159  0.0407876  0.0146374
-3.14159  0  3.14159  0.0134488  -0.017846
-1.88496  0  3.14159  -0.0697862  0.0115657
-0.628319  0  3.14159  -0.0183546  0.415698
0.628319  0  3.14159  -0.150198  0.419792
1.88496  0  3.14159  0.0581427  -0.0075857
3.14159  0  3.14159  0.00660128  -0.021773
4.39823  0  3.14159  -0.0552509  0.00211338
5.65487  0  3.14159  0.00236489  -0.0442279
6.9115  0  3.14159  -0.00624068  0.0266912
8.16814  0  3.14159  0.00130882  0.0106581
10.6814  0  3.14159  -0.000477956  0.0115976
15.708  0  3.14159  -0.00071754  -0.00181103
33.3009  0  3.14159  0.000697918  0.00309472
-54.6637  3.14159  0  0.000583413  0.00122666
-27.0177  3.14159  0  0.000181571  -0.00161468
-13.1947  3.14159  0  -0.00259797  -0.00381765
-10.6814  3.14159  0  -0.000562504  0.00125665
-8.16814  3.14159  0  0.00713558  0.0080722
-6.9115  3.14159  0  -0.00855464  0.0295159
-5.65487  3.14159  0  0.00818093  -0.0429659
-4.39823  3.14159  0  0.0407876  0.0146374
-3.14159  3.14159  0  0.0134488  -0.017846
-1.88496  3.14159  0  -0.0697862  0.0115657
-0.628319  3.14159  0  -0.0183546  0.415698
0.628319  3.14159  0  -0.150198  0.419792
1.88496  3.14159  0  0.0581427  -0.0075857
3.14159  3.14159  0  0.00660128  -0.021773
4.39823  3.14159  0  -0.0552509  0.00211338
5.65487  3.14159  0  0.00236489  -0.0442279
6.9115  3.14159  0  -0.00624068  0.0266912
8.16814  3.14159  0  0.00130882  0.0106581
10.6814  3.14159  0  -0.000477956  0.0115976
15.708  3.14159  0  -0.00071754  -0.00181103
33.3009  3.14159  0  0.000697918  0.00309472
-54.6637  3.14159  3.14159  0.000680793  -0.00704792
-27.0177  3.14159  3.14159  -0.00224278  0.00520154
-13.1947  3.14159  3.14159  0.00238299  0.0221471
-10.6814  3.14159  3.14159  0.0178839  0.00193022
-8.16814  3.14159  3.14159  0.00859155  -0.0529259
-6.9115  3.14159  3.14159  0.117537  -0.0467997
-5.65487  3.14159  3.14159  -0.163934  0.0811939
-4.39823  3.14159  3.14159  -0.057655  -0.203153
-3.14159  3.14159  3.14159  -0.0531317  0.0453309
-1.88496  3.14159  3.14159  0.0966478  0.229561
-0.628319  3.14159  3.14159  1.50373  -0.708207
0.628319  3.14159  3.14159  2.2401  -0.647891
1.88496  3.14159  3.14159  -0.143291  -0.323851
3.14159  3.14159  3.14159  -0.0804921  0.00187098
4.39823  3.14159  3.14159  0.132752  0.180173
5.65487  3.14159  3.14159  -0.142883  0.126456
6.9115  3.14159  3.14159  0.12232  -0.0743075
8.16814  3.14159  3.14159  0.0267193  -0.0208067
10.6814  3.14159  3.14159  0.0222912  -0.024865
15.708  3.14159  3.14159  -0.00890264  0.00631934
33.3009  3.14159  3.14159  0.00477584  -0.0128443
