-54.6637  0  0  0.0059335  -0.132309
-27.0177  0  0  -0.00908747  -0.264716
-13.1947  0  0  -0.0548153  -0.581139
-10.6814  0  0  -0.0187851  -0.73225
-8.16814  0  0  -0.103879  -0.921701
-6.9115  0  0  -0.0572311  -1.10363
-5.65487  0  0  0.0268575  -1.35509
-4.39823  0  0  0.109814  -1.76803
-3.14159  0  0  0.291228  -2.14396
-1.88496  0  0  0.823165  -2.36592
-0.628319  0  0  1.51514  -1.19242
0.628319  0  0  1.44759  1.32328
1.88496  0  0  0.789002  2.31619
3.14159  0  0  0.322443  2.04918
4.39823  0  0  0.0728759  1.63092
5.65487  0  0  -0.016156  1.34944
6.9115  0  0  -0.00234855  1.13889
8.16814  0  0  0.0194516  0.986845
10.6814  0  0  -0.060984  0.705701
15.708  0  0  -0.026527  0.484013
33.3009  0  0  -0.0234241  0.217112
-54.6637  0  3.14159  -0.0064781  -0.131838
-27.0177  0  3.14159  -0.0226272  -0.268473
-13.1947  0  3.14159  -0.0799273  -0.556291
-10.6814  0  3.14159  -0.112251  -0.692303
-8.16814  0  3.14159  -0.152323  -0.89875
-6.9115  0  3.14159  -0.18544  -1.05049
-5.65487  0  3.14159  -0.230789  -1.2497
-4.39823  0  3.14159  -0.293415  -1.50598
-3.14159  0  3.14159  -0.380849  -1.88815
-1.88496  0  3.14159  -0.615222  -2.70225
-0.628319  0  3.14159  -1.23778  -9.22121
0.628319  0  3.14159  -1.19761  9.23415
1.88496  0  3.14159  -0.614849  2.70444
3.14159  0  3.14159  -0.379729  1.89522
4.39823  0  3.14159  -0.287521  1.51568
5.65487  0  3.14159  -0.232168  1.24881
6.9115  0  3.14159  -0.191263  1.04821
8.16814  0  3.14159  -0.158107  0.894376
10.6814  0  3.14159  -0.109862  0.69253
15.708  0  3.14159  -0.0595016  0.465475
33.3009  0  3.14159  -0.0143521  0.21749
-54.6637  3.14159  0  -0.0064781  -0.131838
-27.0177  3.14159  0  -0.0226272  -0.268473
-13.1947  3.14159  0  -0.0799273  -0.556291
-10.6814  3.14159  0  -0.112251  -0.692303
-8.16814  3.14159  0  -0.152323  -0.89875
-6.9115  3.14159  0  -0.18544  -1.05049
-5.65487  3.14159  0  -0.230789  -1.2497
-4.39823  3.14159  0  -0.293415  -1.50598
-3.14159  3.14159  0  -0.380849  -1.88815
-1.88496  3.14159  0  -0.615222  -2.70225
-0.628319  3.14159  0  -1.23778  -9.22121
0.628319  3.14159  0  -1.19761  9.23415
1.88496  3.14159  0  -0.614849  2.70444
3.14159  3.14159  0  -0.379729  1.89522
4.39823  3.14159  0  -0.287521  1.51568
5.65487  3.14159  0  -0.232168  1.24881
6.9115  3.14159  0  -0.191263  1.04821
8.16814  3.14159  0  -0.158107  0.894376
10.6814  3.14159  0  -0.109862  0.69253
15.708  3.14159  0  -0.0595016  0.465475
33.3009  3.14159  0  -0.0143521  0.21749
-54.6637  3.14159  3.14159  -0.00144761  -0.129815
-27.0177  3.14159  3.14159  -0.0305961  -0.260555
-13.1947  3.14159  3.14159  -0.131985  -0.528976
-10.6814  3.14159  3.14159  -0.155647  -0.64311
-8.16814  3.14159  3.14159  -0.309072  -0.79903
-6.9115  3.14159  3.14159  -0.342006  -0.928517
-5.65487  3.14159  3.14159  -0.388844  -1.10492
-4.39823  3.14159  3.14159  -0.461638  -1.39097
-3.14159  3.14159  3.14159  -0.546385  -1.7141
-1.88496  3.14159  3.14159  -0.404508  -1.8993
-0.628319  3.14159  3.14159  -0.114096  -1.02753
0.628319  3.14159  3.14159  -0.159845  1.09152
1.88496  3.14159  3.14159  -0.435788  1.85661
3.14159  3.14159  3.14159  -0.512216  1.63155
4.39823  3.14159  3.14159  -0.493702  1.29258
5.65487  3.14159  3.14159  -0.408895  1.09598
6.9115  3.14159  3.14159  -0.303614  0.950719
8.16814  3.14159  3.14159  -0.217862  0.840945
10.6814  3.14159  3.14159  -0.185007  0.622143
15.708  3.14159  3.14159  -0.0902003  0.441591
33.3009  3.14159  3.14159  -0.0312185  0.210794
