-54.6637  0  0  0.000826874  0.00834723
-27.0177  0  0  0.00327955  0.0163764
-13.1947  0  0  0.0121755  0.0297212
-10.6814  0  0  0.0172161  0.0340413
-8.16814  0  0  0.0255731  0.0387104
-6.9115  0  0  0.0317335  0.0406817
-5.65487  0  0  0.0397019  0.0416954
-4.39823  0  0  0.0496782  0.0406497
-3.14159  0  0  0.0612065  0.0358565
-1.88496  0  0  0.0723968  0.025514
-0.628319  0  0  0.0796734  0.00937807
0.628319  0  0  0.0796734  -0.00938049
1.88496  0  0  0.0723968  -0.0255164
3.14159  0  0  0.0612065  -0.0358589
4.39823  0  0  0.0496781  -0.0406522
5.65487  0  0  0.0397018  -0.0416978
6.9115  0  0  0.0317334  -0.0406841
8.16814  0  0  0.0255731  -0.0387127
10.6814  0  0  0.0172163  -0.0340437
15.708  0  0  0.00898925  -0.0261166
33.3009  0  0  0.00218758  -0.0134738
-54.6637  0  3.14159  0.000836573  0.00832972
-27.0177  0  3.14159  0.00326015  0.0162566
-13.1947  0  3.14159  0.0114884  0.0292938
-10.6814  0  3.14159  0.0158937  0.0336811
-8.16814  0  3.14159  0.023041  0.03902
-6.9115  0  3.14159  0.0283504  0.0419848
-5.65487  0  3.14159  0.0355196  0.0449425
-4.39823  0  3.14159  0.0454867  0.0473322
-3.14159  0  3.14159  0.0596103  0.0474305
-1.88496  0  3.14159  0.0784108  0.0403476
-0.628319  0  3.14159  0.095433  0.0174493
0.628319  0  3.14159  0.095433  -0.0174517
1.88496  0  3.14159  0.0784108  -0.04035
3.14159  0  3.14159  0.0596103  -0.0474329
4.39823  0  3.14159  0.0454867  -0.0473347
5.65487  0  3.14159  0.0355195  -0.0449449
6.9115  0  3.14159  0.0283503  -0.0419872
8.16814  0  3.14159  0.023041  -0.0390223
10.6814  0  3.14159  0.0158939  -0.0336834
15.708  0  3.14159  0.00862429  -0.0257534
33.3009  0  3.14159  0.00219132  -0.013404
-54.6637  3.14159  0  0.000836573  0.00832972
-27.0177  3.14159  0  0.00326015  0.0162566
-13.1947  3.14159  0  0.0114884  0.0292938
-10.6814  3.14159  0  0.0158937  0.0336811
-8.16814  3.14159  0  0.023041  0.03902
-6.9115  3.14159  0  0.0283504  0.0419848
-5.65487  3.14159  0  0.0355196  0.0449425
-4.39823  3.14159  0  0.0454867  0.0473322
-3.14159  3.14159  0  0.0596103  0.0474305
-1.88496  3.14159  0  0.0784108  0.0403476
-0.628319  3.14159  0  0.095433  0.0174493
0.628319  3.14159  0  0.095433  -0.0174517
1.88496  3.14159  0  0.0784108  -0.04035
3.14159  3.14159  0  0.0596103  -0.0474329
4.39823  3.14159  0  0.0454867  -0.0473347
5.65487  3.14159  0  0.0355195  -0.0449449
6.9115  3.14159  0  0.0283503  -0.0419872
8.16814  3.14159  0  0.023041  -0.0390223
10.6814  3.14159  0  0.0158939  -0.0336834
15.708  3.14159  0  0.00862429  -0.0257534
33.3009  3.14159  0  0.00219132  -0.013404
-54.6637  3.14159  3.14159  0.000846569  0.00831284
-27.0177  3.14159  3.14159  0.00324934  0.0161436
-13.1947  3.14159  3.14159  0.0110012  0.0288345
-10.6814  3.14159  3.14159  0.0149668  0.0331156
-8.16814  3.14159  3.14159  0.0211722  0.0384467
-6.9115  3.14159  3.14159  0.0255873  0.0415711
-5.65487  3.14159  3.14159  0.0312544  0.0450717
-4.39823  3.14159  3.14159  0.0385797  0.049211
-3.14159  3.14159  3.14159  0.0483917  0.0551963
-1.88496  3.14159  3.14159  0.0650636  0.068411
-0.628319  3.14159  3.14159  0.140505  0.100362
0.628319  3.14159  3.14159  0.140505  -0.100364
1.88496  3.14159  3.14159  0.0650638  -0.0684134
3.14159  3.14159  3.14159  0.0483917  -0.0551988
4.39823  3.14159  3.14159  0.0385796  -0.0492134
5.65487  3.14159  3.14159  0.0312544  -0.0450742
6.9115  3.14159  3.14159  0.0255872  -0.0415734
8.16814  3.14159  3.14159  0.0211722  -0.038449
10.6814  3.14159  3.14159  0.0149671  -0.033118
15.708  3.14159  3.14159  0.00836084  -0.0253984
33.3009  3.14159  3.14159  0.00219819  -0.0133377
