-54.6637  0  0  0.000140111  -5.37263e-05
-27.0177  0  0  0.000516139  -0.000280212
-13.1947  0  0  0.00139161  -0.00162137
-10.6814  0  0  0.00156327  -0.00254495
-8.16814  0  0  0.00136985  -0.00413048
-6.9115  0  0  0.000870574  -0.00525135
-5.65487  0  0  -0.00019198  -0.00653293
-4.39823  0  0  -0.00213609  -0.00769155
-3.14159  0  0  -0.00515512  -0.00803844
-1.88496  0  0  -0.00879787  -0.00652235
-0.628319  0  0  -0.0115085  -0.002578
0.628319  0  0  -0.0115084  0.00257857
1.88496  0  0  -0.00879744  0.00652272
3.14159  0  0  -0.00515461  0.00803864
4.39823  0  0  -0.00213548  0.00769167
5.65487  0  0  -0.000191027  0.00653288
6.9115  0  0  0.000871889  0.00525049
8.16814  0  0  0.00137059  0.0041287
10.6814  0  0  0.00156196  0.0025432
15.708  0  0  0.00116254  0.00108184
33.3009  0  0  0.000356942  0.0001674
-54.6637  0  3.14159  0.000138516  -5.36465e-05
-27.0177  0  3.14159  0.00050588  -0.000274686
-13.1947  0  3.14159  0.00138321  -0.00151288
-10.6814  0  3.14159  0.00162665  -0.00234732
-8.16814  0  3.14159  0.00170263  -0.00383067
-6.9115  0  3.14159  0.0015102  -0.00498275
-5.65487  0  3.14159  0.000920958  -0.00653349
-4.39823  0  3.14159  -0.000505302  -0.00852895
-3.14159  0  3.14159  -0.00363158  -0.0106311
-1.88496  0  3.14159  -0.00945699  -0.0109933
-0.628319  0  3.14159  -0.0159832  -0.00536293
0.628319  0  3.14159  -0.0159829  0.00536366
1.88496  0  3.14159  -0.00945631  0.0109936
3.14159  0  3.14159  -0.00363108  0.0106312
4.39823  0  3.14159  -0.000504743  0.00852893
5.65487  0  3.14159  0.000921761  0.00653324
6.9115  0  3.14159  0.00151108  0.00498193
8.16814  0  3.14159  0.0017031  0.00382923
10.6814  0  3.14159  0.00162558  0.00234578
15.708  0  3.14159  0.00113984  0.00102296
33.3009  0  3.14159  0.000350968  0.000165502
-54.6637  3.14159  0  0.000138516  -5.36465e-05
-27.0177  3.14159  0  0.00050588  -0.000274686
-13.1947  3.14159  0  0.00138321  -0.00151288
-10.6814  3.14159  0  0.00162665  -0.00234732
-8.16814  3.14159  0  0.00170263  -0.00383067
-6.9115  3.14159  0  0.0015102  -0.00498275
-5.65487  3.14159  0  0.000920958  -0.00653349
-4.39823  3.14159  0  -0.000505302  -0.00852895
-3.14159  3.14159  0  -0.00363158  -0.0106311
-1.88496  3.14159  0  -0.00945699  -0.0109933
-0.628319  3.14159  0  -0.0159832  -0.00536293
0.628319  3.14159  0  -0.0159829  0.00536366
1.88496  3.14159  0  -0.00945631  0.0109936
3.14159  3.14159  0  -0.00363108  0.0106312
4.39823  3.14159  0  -0.000504743  0.00852893
5.65487  3.14159  0  0.000921761  0.00653324
6.9115  3.14159  0  0.00151108  0.00498193
8.16814  3.14159  0  0.0017031  0.00382923
10.6814  3.14159  0  0.00162558  0.00234578
15.708  3.14159  0  0.00113984  0.00102296
33.3009  3.14159  0  0.000350968  0.000165502
-54.6637  3.14159  3.14159  0.000136921  -5.34768e-05
-27.0177  3.14159  3.14159  0.000495685  -0.000268891
-13.1947  3.14159  3.14159  0.00135673  -0.00141411
-10.6814  3.14159  3.14159  0.00162888  -0.00215925
-8.16814  3.14159  3.14159  0.0018424  -0.00346251
-6.9115  3.14159  3.14159  0.00184673  -0.00447084
-5.65487  3.14159  3.14159  0.00168752  -0.00585685
-4.39823  3.14159  3.14159  0.00123632  -0.00783406
-3.14159  3.14159  3.14159  0.000245182  -0.011
-1.88496  3.14159  3.14159  -0.00271503  -0.0178678
-0.628319  3.14159  3.14159  -0.0292624  -0.0320903
0.628319  3.14159  3.14159  -0.0292622  0.0320908
1.88496  3.14159  3.14159  -0.00271453  0.0178681
3.14159  3.14159  3.14159  0.000245733  0.0110001
4.39823  3.14159  3.14159  0.00123691  0.00783395
5.65487  3.14159  3.14159  0.0016882  0.0058565
6.9115  3.14159  3.14159  0.00184741  0.00447006
8.16814  3.14159  3.14159  0.00184272  0.00346124
10.6814  3.14159  3.14159  0.00162791  0.00215789
15.708  3.14159  3.14159  0.00111183  0.000968885
33.3009  3.14159  3.14159  0.000345035  0.000163326
