-54.6637  0  0  0.00469779  -0.10346
-27.0177  0  0  0.0284706  -0.195142
-13.1947  0  0  0.137157  -0.307771
-10.6814  0  0  0.218487  -0.33345
-8.16814  0  0  0.355747  -0.340358
-6.9115  0  0  0.462495  -0.369619
-5.65487  0  0  0.676951  -0.385624
-4.39823  0  0  0.768981  -0.375132
-3.14159  0  0  0.917843  -0.488786
-1.88496  0  0  1.02819  -0.439164
-0.628319  0  0  0.759035  -0.145916
0.628319  0  0  0.623874  -0.0339381
1.88496  0  0  1.00609  0.516147
3.14159  0  0  0.942798  0.472186
4.39823  0  0  0.813077  0.363237
5.65487  0  0  0.663062  0.399804
6.9115  0  0  0.458776  0.357653
8.16814  0  0  0.357808  0.353919
10.6814  0  0  0.215162  0.331919
15.708  0  0  0.0967086  0.27948
33.3009  0  0  0.0147864  0.164797
-54.6637  0  3.14159  0.00173341  -0.106005
-27.0177  0  3.14159  0.010997  -0.200232
-13.1947  0  3.14159  0.0819087  -0.352148
-10.6814  0  3.14159  0.132002  -0.411529
-8.16814  0  3.14159  0.218293  -0.488772
-6.9115  0  3.14159  0.293819  -0.551163
-5.65487  0  3.14159  0.457828  -0.551126
-4.39823  0  3.14159  0.515026  -0.601028
-3.14159  0  3.14159  0.820382  -0.623085
-1.88496  0  3.14159  1.25229  -0.370066
-0.628319  0  3.14159  1.4469  -0.350962
0.628319  0  3.14159  1.69217  -0.290545
1.88496  0  3.14159  1.17324  0.48349
3.14159  0  3.14159  0.803279  0.582742
4.39823  0  3.14159  0.645385  0.56564
5.65487  0  3.14159  0.443299  0.631292
6.9115  0  3.14159  0.300121  0.502765
8.16814  0  3.14159  0.221301  0.471457
10.6814  0  3.14159  0.129789  0.408581
15.708  0  3.14159  0.0541274  0.314307
33.3009  0  3.14159  0.00571175  0.165223
-54.6637  3.14159  0  0.00173341  -0.106005
-27.0177  3.14159  0  0.010997  -0.200232
-13.1947  3.14159  0  0.0819087  -0.352148
-10.6814  3.14159  0  0.132002  -0.411529
-8.16814  3.14159  0  0.218293  -0.488772
-6.9115  3.14159  0  0.293819  -0.551163
-5.65487  3.14159  0  0.457828  -0.551126
-4.39823  3.14159  0  0.515026  -0.601028
-3.14159  3.14159  0  0.820382  -0.623085
-1.88496  3.14159  0  1.25229  -0.370066
-0.628319  3.14159  0  1.4469  -0.350962
0.628319  3.14159  0  1.69217  -0.290545
1.88496  3.14159  0  1.17324  0.48349
3.14159  3.14159  0  0.803279  0.582742
4.39823  3.14159  0  0.645385  0.56564
5.65487  3.14159  0  0.443299  0.631292
6.9115  3.14159  0  0.300121  0.502765
8.16814  3.14159  0  0.221301  0.471457
10.6814  3.14159  0  0.129789  0.408581
15.708  3.14159  0  0.0541274  0.314307
33.3009  3.14159  0  0.00571175  0.165223
-54.6637  3.14159  3.14159  -0.00174173  -0.104596
-27.0177  3.14159  3.14159  -0.00214869  -0.207828
-13.1947  3.14159  3.14159  0.00980168  -0.396051
-10.6814  3.14159  3.14159  0.0241171  -0.476136
-8.16814  3.14159  3.14159  0.0413297  -0.597332
-6.9115  3.14159  3.14159  0.0430617  -0.702119
-5.65487  3.14159  3.14159  0.0762315  -0.838731
-4.39823  3.14159  3.14159  0.0137687  -0.989214
-3.14159  3.14159  3.14159  -0.0491765  -1.2848
-1.88496  3.14159  3.14159  -0.0943188  -1.67569
-0.628319  3.14159  3.14159  -1.63322  -2.54303
0.628319  3.14159  3.14159  -1.74881  2.60075
1.88496  3.14159  3.14159  -0.0669098  1.73292
3.14159  3.14159  3.14159  -0.0130853  1.29287
4.39823  3.14159  3.14159  0.0368436  0.994742
5.65487  3.14159  3.14159  0.069871  0.830176
6.9115  3.14159  3.14159  0.0391411  0.699035
8.16814  3.14159  3.14159  0.0395451  0.605855
10.6814  3.14159  3.14159  0.0243346  0.476146
15.708  3.14159  3.14159  0.00625166  0.334808
33.3009  3.14159  3.14159  -0.00376541  0.171333
