-54.6637  0  0  9.94655e-05  -3.29519e-05
-27.0177  0  0  0.000384062  -0.000185366
-13.1947  0  0  0.00105877  -0.00118212
-10.6814  0  0  0.00119696  -0.00187399
-8.16814  0  0  0.00106818  -0.00308136
-6.9115  0  0  0.000689848  -0.00394795
-5.65487  0  0  -0.000136875  -0.00493355
-4.39823  0  0  -0.00164289  -0.00579823
-3.14159  0  0  -0.0039392  -0.00602456
-1.88496  0  0  -0.00666204  -0.00485759
-0.628319  0  0  -0.00866708  -0.00191375
0.628319  0  0  -0.00866322  0.00191079
1.88496  0  0  -0.00664944  0.00484332
3.14159  0  0  -0.003934  0.00598829
4.39823  0  0  -0.00167092  0.00575711
5.65487  0  0  -0.000190008  0.00491589
6.9115  0  0  0.000636463  0.00396046
8.16814  0  0  0.00102981  0.00311324
10.6814  0  0  0.00118708  0.00191066
15.708  0  0  0.000892517  0.000802941
33.3009  0  0  0.000273919  0.000107706
-54.6637  0  3.14159  9.84214e-05  -3.28696e-05
-27.0177  0  3.14159  0.000376478  -0.000180653
-13.1947  0  3.14159  0.0010621  -0.00109793
-10.6814  0  3.14159  0.00125694  -0.00172877
-8.16814  0  3.14159  0.00132511  -0.00286357
-6.9115  0  3.14159  0.00117546  -0.00375106
-5.65487  0  3.14159  0.000703327  -0.00494087
-4.39823  0  3.14159  -0.00043607  -0.00643505
-3.14159  0  3.14159  -0.00285132  -0.007942
-1.88496  0  3.14159  -0.00721547  -0.0081005
-0.628319  0  3.14159  -0.0120039  -0.00390582
0.628319  0  3.14159  -0.0120012  0.00392194
1.88496  0  3.14159  -0.00717978  0.00810149
3.14159  0  3.14159  -0.00282094  0.00790013
4.39823  0  3.14159  -0.000454014  0.00637865
5.65487  0  3.14159  0.000647964  0.0049155
6.9115  0  3.14159  0.00112323  0.00375764
8.16814  0  3.14159  0.00128608  0.00288642
10.6814  0  3.14159  0.0012395  0.00176143
15.708  0  3.14159  0.00087821  0.000758223
33.3009  0  3.14159  0.000269945  0.000106124
-54.6637  3.14159  0  9.84214e-05  -3.28696e-05
-27.0177  3.14159  0  0.000376478  -0.000180653
-13.1947  3.14159  0  0.0010621  -0.00109793
-10.6814  3.14159  0  0.00125694  -0.00172877
-8.16814  3.14159  0  0.00132511  -0.00286357
-6.9115  3.14159  0  0.00117546  -0.00375106
-5.65487  3.14159  0  0.000703327  -0.00494087
-4.39823  3.14159  0  -0.00043607  -0.00643505
-3.14159  3.14159  0  -0.00285132  -0.007942
-1.88496  3.14159  0  -0.00721547  -0.0081005
-0.628319  3.14159  0  -0.0120039  -0.00390582
0.628319  3.14159  0  -0.0120012  0.00392194
1.88496  3.14159  0  -0.00717978  0.00810149
3.14159  3.14159  0  -0.00282094  0.00790013
4.39823  3.14159  0  -0.000454014  0.00637865
5.65487  3.14159  0  0.000647964  0.0049155
6.9115  3.14159  0  0.00112323  0.00375764
8.16814  3.14159  0  0.00128608  0.00288642
10.6814  3.14159  0  0.0012395  0.00176143
15.708  3.14159  0  0.00087821  0.000758223
33.3009  3.14159  0  0.000269945  0.000106124
-54.6637  3.14159  3.14159  9.73795e-05  -3.27673e-05
-27.0177  3.14159  3.14159  0.000368964  -0.000175826
-13.1947  3.14159  3.14159  0.00105155  -0.00102208
-10.6814  3.14159  3.14159  0.00127124  -0.0015908
-8.16814  3.14159  3.14159  0.00144175  -0.00259461
-6.9115  3.14159  3.14159  0.00144134  -0.00337197
-5.65487  3.14159  3.14159  0.00130379  -0.00443855
-4.39823  3.14159  3.14159  0.000915473  -0.00594634
-3.14159  3.14159  3.14159  7.63448e-05  -0.00831191
-1.88496  3.14159  3.14159  -0.00238452  -0.0133302
-0.628319  3.14159  3.14159  -0.0219552  -0.0222824
0.628319  3.14159  3.14159  -0.0219222  0.0223352
1.88496  3.14159  3.14159  -0.0023096  0.0133177
3.14159  3.14159  3.14159  9.88744e-05  0.00826139
4.39823  3.14159  3.14159  0.000903162  0.0058967
5.65487  3.14159  3.14159  0.00126488  0.00440709
6.9115  3.14159  3.14159  0.00139469  0.00336422
8.16814  3.14159  3.14159  0.00139854  0.00260528
10.6814  3.14159  3.14159  0.00124554  0.00162086
15.708  3.14159  3.14159  0.000860084  0.000717755
33.3009  3.14159  3.14159  0.000265992  0.000104434
