-54.6637  0  0  0.000193567  0.000532263
-27.0177  0  0  -0.000134154  -0.00101835
-13.1947  0  0  0.00041301  -0.000957706
-10.6814  0  0  0.000106051  -0.000378292
-8.16814  0  0  0.000619853  -0.00247335
-6.9115  0  0  0.00184756  -0.00195198
-5.65487  0  0  -0.00087626  -0.00143228
-4.39823  0  0  -0.000358981  -0.000221711
-3.14159  0  0  -0.00483725  -0.00163425
-1.88496  0  0  0.00524918  -0.00284815
-0.628319  0  0  -0.000976383  -0.00739122
0.628319  0  0  0.00848153  0.00568563
1.88496  0  0  0.00541692  -0.00132011
3.14159  0  0  -0.0018615  0.00329305
4.39823  0  0  0.000839653  0.00074562
5.65487  0  0  -0.00131283  0.00219551
6.9115  0  0  0.00178474  0.000858365
8.16814  0  0  0.000535062  0.0019827
10.6814  0  0  -0.000192933  0.000506355
15.708  0  0  3.82036e-05  0.00216085
33.3009  0  0  0.000243769  0.00085725
-54.6637  0  3.14159  -3.76309e-05  3.96006e-05
-27.0177  0  3.14159  7.02305e-05  -1.72379e-05
-13.1947  0  3.14159  0.000189367  9.71415e-05
-10.6814  0  3.14159  -6.26221e-05  -0.000203958
-8.16814  0  3.14159  -0.000132409  4.64481e-05
-6.9115  0  3.14159  4.87656e-05  -0.000105398
-5.65487  0  3.14159  -0.000456672  -0.00086911
-4.39823  0  3.14159  0.000422664  -1.37034e-05
-3.14159  0  3.14159  -0.000354311  4.23425e-05
-1.88496  0  3.14159  -0.000737281  0.00137515
-0.628319  0  3.14159  0.000896225  0.00130243
0.628319  0  3.14159  -0.00254733  7.55703e-05
1.88496  0  3.14159  -0.00112145  0.000492512
3.14159  0  3.14159  -0.00104803  1.70719e-05
4.39823  0  3.14159  6.92468e-05  -0.000263361
5.65487  0  3.14159  0.000260934  0.000727628
6.9115  0  3.14159  0.000201697  0.000250876
8.16814  0  3.14159  8.92837e-05  0.000106752
10.6814  0  3.14159  0.000155053  0.000142109
15.708  0  3.14159  -7.12904e-05  4.68026e-05
33.3009  0  3.14159  -0.000113818  -6.52832e-05
-54.6637  3.14159  0  -3.76309e-05  3.96006e-05
-27.0177  3.14159  0  7.02305e-05  -1.72379e-05
-13.1947  3.14159  0  0.000189367  9.71415e-05
-10.6814  3.14159  0  -6.26221e-05  -0.000203958
-8.16814  3.14159  0  -0.000132409  4.64481e-05
-6.9115  3.14159  0  4.87656e-05  -0.000105398
-5.65487  3.14159  0  -0.000456672  -0.00086911
-4.39823  3.14159  0  0.000422664  -1.37034e-05
-3.14159  3.14159  0  -0.000354311  4.23425e-05
-1.88496  3.14159  0  -0.000737281  0.00137515
-0.628319  3.14159  0  0.000896225  0.00130243
0.628319  3.14159  0  -0.00254733  7.55703e-05
1.88496  3.14159  0  -0.00112145  0.000492512
3.14159  3.14159  0  -0.00104803  1.70719e-05
4.39823  3.14159  0  6.92468e-05  -0.000263361
5.65487  3.14159  0  0.000260934  0.000727628
6.9115  3.14159  0  0.000201697  0.000250876
8.16814  3.14159  0  8.92837e-05  0.000106752
10.6814  3.14159  0  0.000155053  0.000142109
15.708  3.14159  0  -7.12904e-05  4.68026e-05
33.3009  3.14159  0  -0.000113818  -6.52832e-05
-54.6637  3.14159  3.14159  -2.12586e-05  -7.91225e-05
-27.0177  3.14159  3.14159  4.26313e-06  4.77731e-06
-13.1947  3.14159  3.14159  3.49706e-05  6.98489e-05
-10.6814  3.14159  3.14159  -2.55216e-05  -2.36396e-05
-8.16814  3.14159  3.14159  -1.0834e-05  0.000423632
-6.9115  3.14159  3.14159  2.93775e-05  0.000248923
-5.65487  3.14159  3.14159  -0.000201543  -0.000247352
-4.39823  3.14159  3.14159  0.000211424  0.000116263
-3.14159  3.14159  3.14159  -0.00029248  -0.000664741
-1.88496  3.14159  3.14159  -0.000354578  0.00143846
-0.628319  3.14159  3.14159  -0.000391034  -0.00122945
0.628319  3.14159  3.14159  -0.000734058  0.00188041
1.88496  3.14159  3.14159  -0.000606222  -0.000855262
3.14159  3.14159  3.14159  -0.000248723  0.000601896
4.39823  3.14159  3.14159  -1.17221e-06  -0.000258599
5.65487  3.14159  3.14159  5.67376e-05  0.000224737
6.9115  3.14159  3.14159  3.16547e-05  -0.000197546
8.16814  3.14159  3.14159  -3.58952e-05  -0.000380435
10.6814  3.14159  3.14159  3.4387e-05  5.71998e-06
15.708  3.14159  3.14159  -3.04497e-05  -9.41938e-05
33.3009  3.14159  3.14159  -2.57066e-05  1.57539e-05
