-54.6637  0  0  -0.00860364  0.146772
-27.0177  0  0  -0.0341637  0.289919
-13.1947  0  0  -0.123725  0.549324
-10.6814  0  0  -0.172883  0.650127
-8.16814  0  0  -0.254984  0.789583
-6.9115  0  0  -0.317994  0.879127
-5.65487  0  0  -0.405651  0.984125
-4.39823  0  0  -0.532556  1.10244
-3.14159  0  0  -0.718144  1.19677
-1.88496  0  0  -0.956172  1.12652
-0.628319  0  0  -1.14667  0.538823
0.628319  0  0  -1.1497  -0.541142
1.88496  0  0  -0.958091  -1.13085
3.14159  0  0  -0.713565  -1.20056
4.39823  0  0  -0.532379  -1.10379
5.65487  0  0  -0.405537  -0.986162
6.9115  0  0  -0.317588  -0.881535
8.16814  0  0  -0.253816  -0.792333
10.6814  0  0  -0.170464  -0.652698
15.708  0  0  -0.0900108  -0.475631
33.3009  0  0  -0.0223902  -0.238293
-54.6637  0  3.14159  -0.00290903  0.146925
-27.0177  0  3.14159  -0.0126137  0.290348
-13.1947  0  3.14159  -0.0467024  0.545733
-10.6814  0  3.14159  -0.0649659  0.640148
-8.16814  0  3.14159  -0.0944507  0.76098
-6.9115  0  3.14159  -0.115867  0.830401
-5.65487  0  3.14159  -0.143193  0.901918
-4.39823  0  3.14159  -0.176918  0.968951
-3.14159  0  3.14159  -0.221188  1.02765
-1.88496  0  3.14159  -0.309272  1.13455
-0.628319  0  3.14159  -1.03346  1.89755
0.628319  0  3.14159  -1.03825  -1.89759
1.88496  0  3.14159  -0.308182  -1.13765
3.14159  0  3.14159  -0.221081  -1.02918
4.39823  0  3.14159  -0.175942  -0.970391
5.65487  0  3.14159  -0.141349  -0.903112
6.9115  0  3.14159  -0.114182  -0.831253
8.16814  0  3.14159  -0.0928377  -0.761652
10.6814  0  3.14159  -0.0629773  -0.640625
15.708  0  3.14159  -0.0328656  -0.47283
33.3009  0  3.14159  -0.00842102  -0.237571
-54.6637  3.14159  0  -0.00290903  0.146925
-27.0177  3.14159  0  -0.0126137  0.290348
-13.1947  3.14159  0  -0.0467024  0.545733
-10.6814  3.14159  0  -0.0649659  0.640148
-8.16814  3.14159  0  -0.0944507  0.76098
-6.9115  3.14159  0  -0.115867  0.830401
-5.65487  3.14159  0  -0.143193  0.901918
-4.39823  3.14159  0  -0.176918  0.968951
-3.14159  3.14159  0  -0.221188  1.02765
-1.88496  3.14159  0  -0.309272  1.13455
-0.628319  3.14159  0  -1.03346  1.89755
0.628319  3.14159  0  -1.03825  -1.89759
1.88496  3.14159  0  -0.308182  -1.13765
3.14159  3.14159  0  -0.221081  -1.02918
4.39823  3.14159  0  -0.175942  -0.970391
5.65487  3.14159  0  -0.141349  -0.903112
6.9115  3.14159  0  -0.114182  -0.831253
8.16814  3.14159  0  -0.0928377  -0.761652
10.6814  3.14159  0  -0.0629773  -0.640625
15.708  3.14159  0  -0.0328656  -0.47283
33.3009  3.14159  0  -0.00842102  -0.237571
-54.6637  3.14159  3.14159  0.00291522  0.147113
-27.0177  3.14159  3.14159  0.008666  0.291879
-13.1947  3.14159  3.14159  0.0219319  0.556012
-10.6814  3.14159  3.14159  0.0244366  0.659237
-8.16814  3.14159  3.14159  0.0191462  0.802304
-6.9115  3.14159  3.14159  0.00673435  0.894028
-5.65487  3.14159  3.14159  -0.0218928  1.00108
-4.39823  3.14159  3.14159  -0.0835324  1.12061
-3.14159  3.14159  3.14159  -0.203546  1.21419
-1.88496  3.14159  3.14159  -0.386131  1.14019
-0.628319  3.14159  3.14159  -0.544223  0.545711
0.628319  3.14159  3.14159  -0.547333  -0.542412
1.88496  3.14159  3.14159  -0.388256  -1.1391
3.14159  3.14159  3.14159  -0.199229  -1.21296
4.39823  3.14159  3.14159  -0.0836241  -1.11746
5.65487  3.14159  3.14159  -0.0220256  -0.999123
6.9115  3.14159  3.14159  0.00694296  -0.892771
8.16814  3.14159  3.14159  0.0202074  -0.80152
10.6814  3.14159  3.14159  0.0269846  -0.658131
15.708  3.14159  3.14159  0.0207591  -0.476578
33.3009  3.14159  3.14159  0.0053834  -0.236861
