-54.6637  0  0  -0.000867438  -0.000949279
-27.0177  0  0  0.00220329  0.00339366
-13.1947  0  0  0.00199381  -0.00559484
-10.6814  0  0  0.00734175  0.0032933
-8.16814  0  0  -0.0136832  0.00941877
-6.9115  0  0  -0.000758972  -0.0113802
-5.65487  0  0  0.00899936  0.0160102
-4.39823  0  0  -0.0161019  0.0101006
-3.14159  0  0  0.0376186  0.0260025
-1.88496  0  0  -0.0074699  0.0878534
-0.628319  0  0  0.0791288  -0.0947502
0.628319  0  0  -0.123877  -0.0101449
1.88496  0  0  -0.0029378  0.0481689
3.14159  0  0  0.0489975  -0.0291468
4.39823  0  0  0.0321474  -0.00768601
5.65487  0  0  -0.0280151  -0.00404025
6.9115  0  0  -0.0133908  0.00728056
8.16814  0  0  -0.0050542  0.0125944
10.6814  0  0  -0.0111207  0.00146668
15.708  0  0  -0.000972698  0.00241721
33.3009  0  0  -0.00104392  -0.00014386
-54.6637  0  3.14159  0.000112144  -7.01171e-05
-27.0177  0  3.14159  -4.87426e-05  0.000920004
-13.1947  0  3.14159  -0.0013088  -0.00143878
-10.6814  0  3.14159  0.00164076  8.36774e-05
-8.16814  0  3.14159  -0.00196647  -0.000542606
-6.9115  0  3.14159  -0.000820119  0.00399525
-5.65487  0  3.14159  0.0015975  -0.00231715
-4.39823  0  3.14159  -0.00322471  0.0105864
-3.14159  0  3.14159  0.00277472  0.00697451
-1.88496  0  3.14159  -0.0130717  0.016818
-0.628319  0  3.14159  0.0315601  0.0406898
0.628319  0  3.14159  -0.00273352  -0.0437637
1.88496  0  3.14159  0.00278967  0.00698316
3.14159  0  3.14159  0.00295419  9.63642e-05
4.39823  0  3.14159  -0.000519849  -0.00616552
5.65487  0  3.14159  0.00308876  0.000245613
6.9115  0  3.14159  -0.0043686  -0.00318355
8.16814  0  3.14159  -0.00233805  -0.000769011
10.6814  0  3.14159  -0.000886005  -0.000509964
15.708  0  3.14159  0.000501777  0.000264453
33.3009  0  3.14159  -0.000445932  6.8509e-05
-54.6637  3.14159  0  0.000112144  -7.01171e-05
-27.0177  3.14159  0  -4.87426e-05  0.000920004
-13.1947  3.14159  0  -0.0013088  -0.00143878
-10.6814  3.14159  0  0.00164076  8.36774e-05
-8.16814  3.14159  0  -0.00196647  -0.000542606
-6.9115  3.14159  0  -0.000820119  0.00399525
-5.65487  3.14159  0  0.0015975  -0.00231715
-4.39823  3.14159  0  -0.00322471  0.0105864
-3.14159  3.14159  0  0.00277472  0.00697451
-1.88496  3.14159  0  -0.0130717  0.016818
-0.628319  3.14159  0  0.0315601  0.0406898
0.628319  3.14159  0  -0.00273352  -0.0437637
1.88496  3.14159  0  0.00278967  0.00698316
3.14159  3.14159  0  0.00295419  9.63642e-05
4.39823  3.14159  0  -0.000519849  -0.00616552
5.65487  3.14159  0  0.00308876  0.000245613
6.9115  3.14159  0  -0.0043686  -0.00318355
8.16814  3.14159  0  -0.00233805  -0.000769011
10.6814  3.14159  0  -0.000886005  -0.000509964
15.708  3.14159  0  0.000501777  0.000264453
33.3009  3.14159  0  -0.000445932  6.8509e-05
-54.6637  3.14159  3.14159  -0.000862201  -0.00102649
-27.0177  3.14159  3.14159  0.00202941  0.0034026
-13.1947  3.14159  3.14159  0.00279243  -0.00491509
-10.6814  3.14159  3.14159  0.00540092  0.00384459
-8.16814  3.14159  3.14159  -0.0123237  0.00994499
-6.9115  3.14159  3.14159  0.000263729  -0.0108992
-5.65487  3.14159  3.14159  0.00869728  0.0160315
-4.39823  3.14159  3.14159  -0.0128146  0.00383526
-3.14159  3.14159  3.14159  0.0347613  0.025913
-1.88496  3.14159  3.14159  -0.0143848  0.0878228
-0.628319  3.14159  3.14159  0.0965669  -0.0902153
0.628319  3.14159  3.14159  -0.103194  -0.00268946
1.88496  3.14159  3.14159  -0.0103639  0.0424418
3.14159  3.14159  3.14159  0.0489104  -0.0307677
4.39823  3.14159  3.14159  0.0302855  -0.00105199
5.65487  3.14159  3.14159  -0.0282738  -0.00325046
6.9115  3.14159  3.14159  -0.012617  0.00611764
8.16814  3.14159  3.14159  -0.00417012  0.0139403
10.6814  3.14159  3.14159  -0.0116838  -0.000616078
15.708  3.14159  3.14159  -0.00196506  0.00212148
33.3009  3.14159  3.14159  -0.000685093  -6.61833e-05
