-54.6637  0  0  1.16974e-05  -1.42265e-06
-27.0177  0  0  2.16049e-05  -1.99578e-05
-13.1947  0  0  -2.91837e-05  -3.96825e-05
-10.6814  0  0  0.00018159  -4.58455e-05
-8.16814  0  0  0.000205508  -8.64472e-05
-6.9115  0  0  -4.0265e-05  -3.50109e-05
-5.65487  0  0  -0.000946243  0.000145995
-4.39823  0  0  2.35563e-05  8.01627e-05
-3.14159  0  0  -0.00164501  -7.67126e-05
-1.88496  0  0  -0.00140089  0.00335436
-0.628319  0  0  -0.0214219  0.00352178
0.628319  0  0  0.000692062  0.022788
1.88496  0  0  -0.00503976  -0.000284557
3.14159  0  0  -0.00118686  0.00103957
4.39823  0  0  -0.000417039  -0.000592765
5.65487  0  0  -0.00112387  0.000546555
6.9115  0  0  3.50117e-05  7.80578e-05
8.16814  0  0  0.00012368  0.000358213
10.6814  0  0  0.000175135  -4.45344e-05
15.708  0  0  3.97861e-06  4.61932e-05
33.3009  0  0  3.15451e-06  3.05951e-06
-54.6637  0  3.14159  2.06334e-06  -5.81302e-07
-27.0177  0  3.14159  1.79468e-05  -6.27583e-06
-13.1947  0  3.14159  7.85926e-05  -4.07876e-05
-10.6814  0  3.14159  4.79461e-05  -3.97788e-05
-8.16814  0  3.14159  -6.93739e-07  -1.8577e-05
-6.9115  0  3.14159  0.000182189  -0.00026792
-5.65487  0  3.14159  0.000388308  -0.000349656
-4.39823  0  3.14159  -0.000101991  -0.000434233
-3.14159  0  3.14159  0.000812615  -0.00105227
-1.88496  0  3.14159  0.000284493  -0.00115687
-0.628319  0  3.14159  -0.00273752  0.00458255
0.628319  0  3.14159  0.00366601  -0.00318381
1.88496  0  3.14159  -6.62626e-05  0.000503678
3.14159  0  3.14159  -0.000387082  8.43154e-06
4.39823  0  3.14159  0.000293195  0.000336283
5.65487  0  3.14159  0.000343445  0.000209728
6.9115  0  3.14159  5.23006e-05  0.00022996
8.16814  0  3.14159  0.000117331  7.3385e-05
10.6814  0  3.14159  2.3591e-05  9.51058e-05
15.708  0  3.14159  1.68425e-05  2.65507e-05
33.3009  0  3.14159  2.11825e-05  3.57226e-06
-54.6637  3.14159  0  2.06334e-06  -5.81302e-07
-27.0177  3.14159  0  1.79468e-05  -6.27583e-06
-13.1947  3.14159  0  7.85926e-05  -4.07876e-05
-10.6814  3.14159  0  4.79461e-05  -3.97788e-05
-8.16814  3.14159  0  -6.93739e-07  -1.8577e-05
-6.9115  3.14159  0  0.000182189  -0.00026792
-5.65487  3.14159  0  0.000388308  -0.000349656
-4.39823  3.14159  0  -0.000101991  -0.000434233
-3.14159  3.14159  0  0.000812615  -0.00105227
-1.88496  3.14159  0  0.000284493  -0.00115687
-0.628319  3.14159  0  -0.00273752  0.00458255
0.628319  3.14159  0  0.00366601  -0.00318381
1.88496  3.14159  0  -6.62626e-05  0.000503678
3.14159  3.14159  0  -0.000387082  8.43154e-06
4.39823  3.14159  0  0.000293195  0.000336283
5.65487  3.14159  0  0.000343445  0.000209728
6.9115  3.14159  0  5.23006e-05  0.00022996
8.16814  3.14159  0  0.000117331  7.3385e-05
10.6814  3.14159  0  2.3591e-05  9.51058e-05
15.708  3.14159  0  1.68425e-05  2.65507e-05
33.3009  3.14159  0  2.11825e-05  3.57226e-06
-54.6637  3.14159  3.14159  2.95196e-06  -2.03427e-06
-27.0177  3.14159  3.14159  1.04799e-05  1.36827e-06
-13.1947  3.14159  3.14159  6.56379e-05  -3.16679e-06
-10.6814  3.14159  3.14159  6.44162e-05  -8.58155e-05
-8.16814  3.14159  3.14159  0.000207044  -0.000141027
-6.9115  3.14159  3.14159  0.000125477  -5.63814e-05
-5.65487  3.14159  3.14159  0.000175095  -4.75296e-05
-4.39823  3.14159  3.14159  -8.36906e-05  -0.00044658
-3.14159  3.14159  3.14159  0.000155998  -0.000645407
-1.88496  3.14159  3.14159  0.000879228  -0.00133473
-0.628319  3.14159  3.14159  0.00436457  0.00218395
0.628319  3.14159  3.14159  0.00389509  -0.00581941
1.88496  3.14159  3.14159  0.000600998  0.00192422
3.14159  3.14159  3.14159  -4.01502e-05  0.000574364
4.39823  3.14159  3.14159  -0.000139154  0.000394764
5.65487  3.14159  3.14159  0.000240225  0.00041874
6.9115  3.14159  3.14159  0.000101531  0.000124184
8.16814  3.14159  3.14159  0.000250155  9.18179e-05
10.6814  3.14159  3.14159  4.86184e-05  5.88657e-05
15.708  3.14159  3.14159  6.38254e-05  4.97387e-05
33.3009  3.14159  3.14159  2.82013e-06  3.1625e-06
