-54.6637  0  0  0.000106617  -1.21635e-05
-27.0177  0  0  0.000438213  -0.000151076
-13.1947  0  0  0.00120171  -0.00120007
-10.6814  0  0  0.00136105  -0.00194602
-8.16814  0  0  0.00121758  -0.00322609
-6.9115  0  0  0.000805898  -0.00412851
-5.65487  0  0  -5.80089e-05  -0.00512962
-4.39823  0  0  -0.00159427  -0.0059991
-3.14159  0  0  -0.00391682  -0.00624249
-1.88496  0  0  -0.00668895  -0.00509036
-0.628319  0  0  -0.00875297  -0.0021399
0.628319  0  0  -0.00879262  0.0017598
1.88496  0  0  -0.00680936  0.00472384
3.14159  0  0  -0.00410676  0.00591728
4.39823  0  0  -0.00184385  0.00572849
5.65487  0  0  -0.00035051  0.0049435
6.9115  0  0  0.000512196  0.0040287
8.16814  0  0  0.000952619  0.00320085
10.6814  0  0  0.00119092  0.00198812
15.708  0  0  0.000935415  0.000787111
33.3009  0  0  0.000245167  8.40582e-05
-54.6637  0  3.14159  9.80348e-05  -1.01249e-05
-27.0177  0  3.14159  0.000425292  -0.000150203
-13.1947  0  3.14159  0.00121844  -0.00111566
-10.6814  0  3.14159  0.00140245  -0.00177708
-8.16814  0  3.14159  0.00153277  -0.00303736
-6.9115  0  3.14159  0.00132863  -0.00396365
-5.65487  0  3.14159  0.000759012  -0.00516441
-4.39823  0  3.14159  -0.000396091  -0.00656979
-3.14159  0  3.14159  -0.00279099  -0.00811607
-1.88496  0  3.14159  -0.00721488  -0.00834837
-0.628319  0  3.14159  -0.0121699  -0.00424462
0.628319  0  3.14159  -0.0121137  0.00371176
1.88496  0  3.14159  -0.00732619  0.00802792
3.14159  0  3.14159  -0.00299249  0.00786903
4.39823  0  3.14159  -0.000614646  0.00640383
5.65487  0  3.14159  0.000512498  0.00496543
6.9115  0  3.14159  0.000989176  0.00383243
8.16814  0  3.14159  0.00116776  0.00296375
10.6814  0  3.14159  0.00126891  0.001843
15.708  0  3.14159  0.000909934  0.000737133
33.3009  0  3.14159  0.000252723  8.14154e-05
-54.6637  3.14159  0  9.80348e-05  -1.01249e-05
-27.0177  3.14159  0  0.000425292  -0.000150203
-13.1947  3.14159  0  0.00121844  -0.00111566
-10.6814  3.14159  0  0.00140245  -0.00177708
-8.16814  3.14159  0  0.00153277  -0.00303736
-6.9115  3.14159  0  0.00132863  -0.00396365
-5.65487  3.14159  0  0.000759012  -0.00516441
-4.39823  3.14159  0  -0.000396091  -0.00656979
-3.14159  3.14159  0  -0.00279099  -0.00811607
-1.88496  3.14159  0  -0.00721488  -0.00834837
-0.628319  3.14159  0  -0.0121699  -0.00424462
0.628319  3.14159  0  -0.0121137  0.00371176
1.88496  3.14159  0  -0.00732619  0.00802792
3.14159  3.14159  0  -0.00299249  0.00786903
4.39823  3.14159  0  -0.000614646  0.00640383
5.65487  3.14159  0  0.000512498  0.00496543
6.9115  3.14159  0  0.000989176  0.00383243
8.16814  3.14159  0  0.00116776  0.00296375
10.6814  3.14159  0  0.00126891  0.001843
15.708  3.14159  0  0.000909934  0.000737133
33.3009  3.14159  0  0.000252723  8.14154e-05
-54.6637  3.14159  3.14159  0.00010451  -1.19711e-05
-27.0177  3.14159  3.14159  0.000423975  -0.000141888
-13.1947  3.14159  3.14159  0.0011869  -0.00103686
-10.6814  3.14159  3.14159  0.0014327  -0.00164971
-8.16814  3.14159  3.14159  0.00161012  -0.00272978
-6.9115  3.14159  3.14159  0.0015804  -0.00355959
-5.65487  3.14159  3.14159  0.00139375  -0.00465169
-4.39823  3.14159  3.14159  0.000972628  -0.00615139
-3.14159  3.14159  3.14159  0.000126248  -0.00855048
-1.88496  3.14159  3.14159  -0.00239944  -0.0136415
-0.628319  3.14159  3.14159  -0.0221088  -0.0225735
0.628319  3.14159  3.14159  -0.0221328  0.0222257
1.88496  3.14159  3.14159  -0.00248229  0.0132778
3.14159  3.14159  3.14159  -5.0293e-05  0.00821403
4.39823  3.14159  3.14159  0.000729802  0.00587212
5.65487  3.14159  3.14159  0.0011042  0.00445684
6.9115  3.14159  3.14159  0.00128566  0.00345167
8.16814  3.14159  3.14159  0.00134107  0.00269864
10.6814  3.14159  3.14159  0.0012585  0.00169113
15.708  3.14159  3.14159  0.000901825  0.000698437
33.3009  3.14159  3.14159  0.000237175  8.08666e-05
