-54.6637  0  0  0.0041983  0.102134
-27.0177  0  0  0.0171735  0.202012
-13.1947  0  0  0.0671292  0.376974
-10.6814  0  0  0.0973724  0.438541
-8.16814  0  0  0.150871  0.511833
-6.9115  0  0  0.193183  0.548503
-5.65487  0  0  0.251868  0.576921
-4.39823  0  0  0.332379  0.581704
-3.14159  0  0  0.436597  0.534538
-1.88496  0  0  0.551313  0.396696
-0.628319  0  0  0.634224  0.150159
0.628319  0  0  0.634271  -0.150223
1.88496  0  0  0.551392  -0.396764
3.14159  0  0  0.43662  -0.534632
4.39823  0  0  0.332374  -0.581764
5.65487  0  0  0.251942  -0.576923
6.9115  0  0  0.193308  -0.548453
8.16814  0  0  0.150992  -0.511739
10.6814  0  0  0.097405  -0.43839
15.708  0  0  0.0487702  -0.32778
33.3009  0  0  0.011595  -0.165508
-54.6637  0  3.14159  0.00757013  0.101767
-27.0177  0  3.14159  0.0293412  0.19924
-13.1947  0  3.14159  0.100349  0.360909
-10.6814  0  3.14159  0.135477  0.415132
-8.16814  0  3.14159  0.186328  0.480249
-6.9115  0  3.14159  0.21832  0.515764
-5.65487  0  3.14159  0.253167  0.550853
-4.39823  0  3.14159  0.28659  0.580451
-3.14159  0  3.14159  0.310651  0.589664
-1.88496  0  3.14159  0.320626  0.524131
-0.628319  0  3.14159  0.331945  0.241964
0.628319  0  3.14159  0.332013  -0.242014
1.88496  0  3.14159  0.320744  -0.524111
3.14159  0  3.14159  0.31061  -0.589649
4.39823  0  3.14159  0.286501  -0.580428
5.65487  0  3.14159  0.253201  -0.550812
6.9115  0  3.14159  0.218418  -0.515732
8.16814  0  3.14159  0.186463  -0.48022
10.6814  0  3.14159  0.135653  -0.415012
15.708  0  3.14159  0.0764486  -0.316665
33.3009  0  3.14159  0.0198174  -0.163921
-54.6637  3.14159  0  0.00757013  0.101767
-27.0177  3.14159  0  0.0293412  0.19924
-13.1947  3.14159  0  0.100349  0.360909
-10.6814  3.14159  0  0.135477  0.415132
-8.16814  3.14159  0  0.186328  0.480249
-6.9115  3.14159  0  0.21832  0.515764
-5.65487  3.14159  0  0.253167  0.550853
-4.39823  3.14159  0  0.28659  0.580451
-3.14159  3.14159  0  0.310651  0.589664
-1.88496  3.14159  0  0.320626  0.524131
-0.628319  3.14159  0  0.331945  0.241964
0.628319  3.14159  0  0.332013  -0.242014
1.88496  3.14159  0  0.320744  -0.524111
3.14159  3.14159  0  0.31061  -0.589649
4.39823  3.14159  0  0.286501  -0.580428
5.65487  3.14159  0  0.253201  -0.550812
6.9115  3.14159  0  0.218418  -0.515732
8.16814  3.14159  0  0.186463  -0.48022
10.6814  3.14159  0  0.135653  -0.415012
15.708  3.14159  0  0.0764486  -0.316665
33.3009  3.14159  0  0.0198174  -0.163921
-54.6637  3.14159  3.14159  0.0108314  0.1015
-27.0177  3.14159  3.14159  0.042147  0.197322
-13.1947  3.14159  3.14159  0.14649  0.351195
-10.6814  3.14159  3.14159  0.201489  0.401071
-8.16814  3.14159  3.14159  0.289513  0.458738
-6.9115  3.14159  3.14159  0.353369  0.487952
-5.65487  3.14159  3.14159  0.43616  0.513093
-4.39823  3.14159  3.14159  0.54185  0.526803
-3.14159  3.14159  3.14159  0.668068  0.518805
-1.88496  3.14159  3.14159  0.787659  0.492713
-0.628319  3.14159  3.14159  0.697272  0.64151
0.628319  3.14159  3.14159  0.697324  -0.641561
1.88496  3.14159  3.14159  0.787617  -0.492708
3.14159  3.14159  3.14159  0.66809  -0.51888
4.39823  3.14159  3.14159  0.541842  -0.526838
5.65487  3.14159  3.14159  0.436241  -0.51308
6.9115  3.14159  3.14159  0.353532  -0.48791
8.16814  3.14159  3.14159  0.289682  -0.458649
10.6814  3.14159  3.14159  0.201566  -0.400881
15.708  3.14159  3.14159  0.110485  -0.309753
33.3009  3.14159  3.14159  0.0285651  -0.162831
