-54.6637  0  0  4.2152e-06  -8.00134e-07
-27.0177  0  0  1.5949e-05  -7.31616e-06
-13.1947  0  0  4.52465e-05  -4.74768e-05
-10.6814  0  0  4.6407e-05  -7.54678e-05
-8.16814  0  0  4.50366e-05  -0.00012252
-6.9115  0  0  2.49463e-05  -0.000170734
-5.65487  0  0  1.17085e-05  -0.000188947
-4.39823  0  0  -8.3447e-05  -0.000224688
-3.14159  0  0  -0.000185949  -0.00027636
-1.88496  0  0  -0.000329579  -0.000188728
-0.628319  0  0  -0.00027295  0.000128237
0.628319  0  0  -0.000597654  -0.000341862
1.88496  0  0  -0.000270244  0.000243751
3.14159  0  0  -0.000189704  0.000269607
4.39823  0  0  -8.04314e-05  0.000240803
5.65487  0  0  1.23905e-05  0.000212416
6.9115  0  0  2.54177e-05  0.000150087
8.16814  0  0  4.19701e-05  0.000119019
10.6814  0  0  4.73947e-05  7.7511e-05
15.708  0  0  3.65669e-05  3.08304e-05
33.3009  0  0  1.12034e-05  3.92541e-06
-54.6637  0  3.14159  4.38401e-06  -7.91232e-07
-27.0177  0  3.14159  1.65241e-05  -6.22434e-06
-13.1947  0  3.14159  5.00798e-05  -4.22222e-05
-10.6814  0  3.14159  6.37986e-05  -6.93386e-05
-8.16814  0  3.14159  7.55402e-05  -0.000124036
-6.9115  0  3.14159  7.62811e-05  -0.000165105
-5.65487  0  3.14159  6.02123e-05  -0.000229498
-4.39823  0  3.14159  1.90776e-05  -0.000305803
-3.14159  0  3.14159  -0.000117194  -0.000420877
-1.88496  0  3.14159  -0.000389089  -0.000435241
-0.628319  0  3.14159  -0.000680955  -0.000233352
0.628319  0  3.14159  -0.000825397  0.000206844
1.88496  0  3.14159  -0.000360457  0.000424995
3.14159  0  3.14159  -0.000114845  0.000426392
4.39823  0  3.14159  2.11197e-05  0.000328351
5.65487  0  3.14159  6.02728e-05  0.000227092
6.9115  0  3.14159  7.52529e-05  0.000165147
8.16814  0  3.14159  7.57411e-05  0.000119669
10.6814  0  3.14159  6.51429e-05  6.84638e-05
15.708  0  3.14159  4.08655e-05  2.60391e-05
33.3009  0  3.14159  1.11623e-05  3.56653e-06
-54.6637  3.14159  0  4.38401e-06  -7.91232e-07
-27.0177  3.14159  0  1.65241e-05  -6.22434e-06
-13.1947  3.14159  0  5.00798e-05  -4.22222e-05
-10.6814  3.14159  0  6.37986e-05  -6.93386e-05
-8.16814  3.14159  0  7.55402e-05  -0.000124036
-6.9115  3.14159  0  7.62811e-05  -0.000165105
-5.65487  3.14159  0  6.02123e-05  -0.000229498
-4.39823  3.14159  0  1.90776e-05  -0.000305803
-3.14159  3.14159  0  -0.000117194  -0.000420877
-1.88496  3.14159  0  -0.000389089  -0.000435241
-0.628319  3.14159  0  -0.000680955  -0.000233352
0.628319  3.14159  0  -0.000825397  0.000206844
1.88496  3.14159  0  -0.000360457  0.000424995
3.14159  3.14159  0  -0.000114845  0.000426392
4.39823  3.14159  0  2.11197e-05  0.000328351
5.65487  3.14159  0  6.02728e-05  0.000227092
6.9115  3.14159  0  7.52529e-05  0.000165147
8.16814  3.14159  0  7.57411e-05  0.000119669
10.6814  3.14159  0  6.51429e-05  6.84638e-05
15.708  3.14159  0  4.08655e-05  2.60391e-05
33.3009  3.14159  0  1.11623e-05  3.56653e-06
-54.6637  3.14159  3.14159  4.38068e-06  -6.65832e-07
-27.0177  3.14159  3.14159  1.68891e-05  -4.62835e-06
-13.1947  3.14159  3.14159  5.78398e-05  -3.17198e-05
-10.6814  3.14159  3.14159  7.67524e-05  -5.36924e-05
-8.16814  3.14159  3.14159  0.000109147  -0.000101891
-6.9115  3.14159  3.14159  0.000131035  -0.000140024
-5.65487  3.14159  3.14159  0.000153707  -0.00019506
-4.39823  3.14159  3.14159  0.00018266  -0.000307956
-3.14159  3.14159  3.14159  0.000200802  -0.000534131
-1.88496  3.14159  3.14159  7.70305e-05  -0.00109091
-0.628319  3.14159  3.14159  -0.00172409  -0.00201008
0.628319  3.14159  3.14159  -0.00185237  0.00193049
1.88496  3.14159  3.14159  9.81193e-05  0.00107818
3.14159  3.14159  3.14159  0.000205597  0.000526097
4.39823  3.14159  3.14159  0.000180671  0.000314245
5.65487  3.14159  3.14159  0.000158605  0.000209947
6.9115  3.14159  3.14159  0.000130364  0.000134834
8.16814  3.14159  3.14159  0.000109295  9.60336e-05
10.6814  3.14159  3.14159  7.56784e-05  5.46801e-05
15.708  3.14159  3.14159  4.40512e-05  2.12005e-05
33.3009  3.14159  3.14159  1.14424e-05  2.86087e-06
