-54.6637  0  0  7.47258e-06  -1.62487e-06
-27.0177  0  0  2.31613e-06  -2.61271e-06
-13.1947  0  0  -1.95607e-05  2.5736e-06
-10.6814  0  0  9.47072e-05  -2.95917e-05
-8.16814  0  0  -5.76073e-05  -4.46642e-05
-6.9115  0  0  -0.000110909  -5.41578e-05
-5.65487  0  0  2.52638e-05  -3.249e-05
-4.39823  0  0  -0.000102251  0.000223807
-3.14159  0  0  -0.000145772  -0.000136593
-1.88496  0  0  1.06951e-05  2.18484e-05
-0.628319  0  0  -0.000871506  0.00224311
0.628319  0  0  -0.000166499  -0.00225356
1.88496  0  0  0.000380094  -4.00678e-05
3.14159  0  0  -0.000367904  6.40621e-05
4.39823  0  0  9.14375e-05  -0.000323411
5.65487  0  0  -5.24525e-05  -0.000122548
6.9115  0  0  -8.17968e-05  2.3448e-06
8.16814  0  0  3.74751e-05  -8.532e-05
10.6814  0  0  3.16635e-05  9.82737e-05
15.708  0  0  3.22861e-05  3.4934e-06
33.3009  0  0  -1.49676e-05  -1.36414e-06
-54.6637  0  3.14159  -2.00339e-07  -4.45039e-06
-27.0177  0  3.14159  -1.33992e-05  2.26914e-06
-13.1947  0  3.14159  2.05517e-05  1.77817e-05
-10.6814  0  3.14159  1.96711e-05  8.57353e-05
-8.16814  0  3.14159  4.39677e-05  -4.91572e-05
-6.9115  0  3.14159  0.000109767  -7.64451e-05
-5.65487  0  3.14159  -8.28668e-06  -5.41644e-05
-4.39823  0  3.14159  -9.67184e-05  -0.000225225
-3.14159  0  3.14159  6.61468e-06  -9.67882e-05
-1.88496  0  3.14159  0.000142446  -0.000155524
-0.628319  0  3.14159  -5.04115e-05  -0.00105525
0.628319  0  3.14159  0.000230373  0.00118651
1.88496  0  3.14159  -0.000369441  -4.94183e-05
3.14159  0  3.14159  0.000328235  4.32447e-05
4.39823  0  3.14159  0.000227435  0.000144132
5.65487  0  3.14159  -5.17871e-05  0.000214553
6.9115  0  3.14159  5.79692e-05  -4.74294e-05
8.16814  0  3.14159  4.45003e-05  2.81667e-05
10.6814  0  3.14159  -3.74999e-05  -5.0319e-05
15.708  0  3.14159  -3.68965e-06  1.56046e-05
33.3009  0  3.14159  1.01868e-05  -1.13607e-05
-54.6637  3.14159  0  -2.00339e-07  -4.45039e-06
-27.0177  3.14159  0  -1.33992e-05  2.26914e-06
-13.1947  3.14159  0  2.05517e-05  1.77817e-05
-10.6814  3.14159  0  1.96711e-05  8.57353e-05
-8.16814  3.14159  0  4.39677e-05  -4.91572e-05
-6.9115  3.14159  0  0.000109767  -7.64451e-05
-5.65487  3.14159  0  -8.28668e-06  -5.41644e-05
-4.39823  3.14159  0  -9.67184e-05  -0.000225225
-3.14159  3.14159  0  6.61468e-06  -9.67882e-05
-1.88496  3.14159  0  0.000142446  -0.000155524
-0.628319  3.14159  0  -5.04115e-05  -0.00105525
0.628319  3.14159  0  0.000230373  0.00118651
1.88496  3.14159  0  -0.000369441  -4.94183e-05
3.14159  3.14159  0  0.000328235  4.32447e-05
4.39823  3.14159  0  0.000227435  0.000144132
5.65487  3.14159  0  -5.17871e-05  0.000214553
6.9115  3.14159  0  5.79692e-05  -4.74294e-05
8.16814  3.14159  0  4.45003e-05  2.81667e-05
10.6814  3.14159  0  -3.74999e-05  -5.0319e-05
15.708  3.14159  0  -3.68965e-06  1.56046e-05
33.3009  3.14159  0  1.01868e-05  -1.13607e-05
-54.6637  3.14159  3.14159  4.73198e-06  -4.33655e-06
-27.0177  3.14159  3.14159  -4.13167e-06  -2.33744e-06
-13.1947  3.14159  3.14159  -2.3887e-05  1.1352e-05
-10.6814  3.14159  3.14159  9.43962e-05  2.54871e-05
-8.16814  3.14159  3.14159  -4.277e-05  -6.47023e-05
-6.9115  3.14159  3.14159  -4.29711e-05  -4.47483e-05
-5.65487  3.14159  3.14159  5.9817e-06  -3.87205e-05
-4.39823  3.14159  3.14159  -0.000168437  0.000164239
-3.14159  3.14159  3.14159  -6.52499e-05  -0.000115899
-1.88496  3.14159  3.14159  8.70936e-05  9.24262e-05
-0.628319  3.14159  3.14159  -0.00074796  0.00111775
0.628319  3.14159  3.14159  9.56348e-05  -0.00136818
1.88496  3.14159  3.14159  0.000243025  4.63718e-05
3.14159  3.14159  3.14159  -0.000202959  -2.77297e-05
4.39823  3.14159  3.14159  0.000101918  -0.00026247
5.65487  3.14159  3.14159  -5.25339e-05  -7.08621e-05
6.9115  3.14159  3.14159  -8.5381e-05  -5.62622e-05
8.16814  3.14159  3.14159  6.26206e-05  -7.35533e-05
10.6814  3.14159  3.14159  -1.53673e-05  7.62647e-05
15.708  3.14159  3.14159  1.99889e-05  9.18029e-06
33.3009  3.14159  3.14159  -7.09702e-06  -1.5315e-07
