-54.6637  0  0  2.7615e-07  -3.46678e-06
-27.0177  0  0  1.80513e-06  -6.07136e-06
-13.1947  0  0  1.28877e-05  -1.01496e-05
-10.6814  0  0  2.11302e-05  -1.45341e-05
-8.16814  0  0  3.51242e-05  -2.82015e-05
-6.9115  0  0  4.27828e-05  -3.97426e-05
-5.65487  0  0  4.41855e-05  -5.87396e-05
-4.39823  0  0  3.81533e-05  -8.23727e-05
-3.14159  0  0  1.70846e-05  -0.000100021
-1.88496  0  0  -2.65666e-05  -9.41921e-05
-0.628319  0  0  -7.06171e-05  -4.72317e-05
0.628319  0  0  -5.76177e-05  4.13661e-05
1.88496  0  0  -2.63153e-05  9.47246e-05
3.14159  0  0  1.65337e-05  9.92352e-05
4.39823  0  0  3.91273e-05  8.20132e-05
5.65487  0  0  4.43382e-05  5.95833e-05
6.9115  0  0  4.1109e-05  3.80689e-05
8.16814  0  0  3.39987e-05  2.76356e-05
10.6814  0  0  2.02541e-05  1.56131e-05
15.708  0  0  8.37538e-06  8.99263e-06
33.3009  0  0  1.3516e-06  5.19601e-06
-54.6637  0  3.14159  1.80329e-07  -3.40362e-06
-27.0177  0  3.14159  1.18592e-06  -6.26191e-06
-13.1947  0  3.14159  9.73566e-06  -1.13184e-05
-10.6814  0  3.14159  1.67135e-05  -1.57258e-05
-8.16814  0  3.14159  2.86286e-05  -2.70653e-05
-6.9115  0  3.14159  3.70091e-05  -3.82932e-05
-5.65487  0  3.14159  4.70027e-05  -5.68286e-05
-4.39823  0  3.14159  5.68257e-05  -8.86577e-05
-3.14159  0  3.14159  5.5299e-05  -0.000142032
-1.88496  0  3.14159  6.04453e-06  -0.000199483
-0.628319  0  3.14159  -9.98533e-05  -0.000123543
0.628319  0  3.14159  -9.97345e-05  0.000123195
1.88496  0  3.14159  6.02204e-06  0.00019919
3.14159  0  3.14159  5.51363e-05  0.000141712
4.39823  0  3.14159  5.65716e-05  8.83145e-05
5.65487  0  3.14159  4.65679e-05  5.65579e-05
6.9115  0  3.14159  3.63402e-05  3.8162e-05
8.16814  0  3.14159  2.79363e-05  2.72449e-05
10.6814  0  3.14159  1.63323e-05  1.64108e-05
15.708  0  3.14159  6.25822e-06  9.80719e-06
33.3009  0  3.14159  7.28329e-07  5.16455e-06
-54.6637  3.14159  0  1.80329e-07  -3.40362e-06
-27.0177  3.14159  0  1.18592e-06  -6.26191e-06
-13.1947  3.14159  0  9.73566e-06  -1.13184e-05
-10.6814  3.14159  0  1.67135e-05  -1.57258e-05
-8.16814  3.14159  0  2.86286e-05  -2.70653e-05
-6.9115  3.14159  0  3.70091e-05  -3.82932e-05
-5.65487  3.14159  0  4.70027e-05  -5.68286e-05
-4.39823  3.14159  0  5.68257e-05  -8.86577e-05
-3.14159  3.14159  0  5.5299e-05  -0.000142032
-1.88496  3.14159  0  6.04453e-06  -0.000199483
-0.628319  3.14159  0  -9.98533e-05  -0.000123543
0.628319  3.14159  0  -9.97345e-05  0.000123195
1.88496  3.14159  0  6.02204e-06  0.00019919
3.14159  3.14159  0  5.51363e-05  0.000141712
4.39823  3.14159  0  5.65716e-05  8.83145e-05
5.65487  3.14159  0  4.65679e-05  5.65579e-05
6.9115  3.14159  0  3.63402e-05  3.8162e-05
8.16814  3.14159  0  2.79363e-05  2.72449e-05
10.6814  3.14159  0  1.63323e-05  1.64108e-05
15.708  3.14159  0  6.25822e-06  9.80719e-06
33.3009  3.14159  0  7.28329e-07  5.16455e-06
-54.6637  3.14159  3.14159  2.22623e-08  -3.40712e-06
-27.0177  3.14159  3.14159  4.88113e-07  -6.31544e-06
-13.1947  3.14159  3.14159  6.36805e-06  -1.15331e-05
-10.6814  3.14159  3.14159  1.12482e-05  -1.57552e-05
-8.16814  3.14159  3.14159  1.90941e-05  -2.54954e-05
-6.9115  3.14159  3.14159  2.41652e-05  -3.45411e-05
-5.65487  3.14159  3.14159  3.00988e-05  -4.86425e-05
-4.39823  3.14159  3.14159  3.68852e-05  -6.94123e-05
-3.14159  3.14159  3.14159  5.12679e-05  -0.0001009
-1.88496  3.14159  3.14159  0.000144972  -0.000184283
-0.628319  3.14159  3.14159  -0.000129425  -0.00149618
0.628319  3.14159  3.14159  -0.000129929  0.00149633
1.88496  3.14159  3.14159  0.000144853  0.000183823
3.14159  3.14159  3.14159  5.12584e-05  0.000100534
4.39823  3.14159  3.14159  3.65056e-05  6.91494e-05
5.65487  3.14159  3.14159  2.96466e-05  4.83306e-05
6.9115  3.14159  3.14159  2.36136e-05  3.45912e-05
8.16814  3.14159  3.14159  1.84901e-05  2.57337e-05
10.6814  3.14159  3.14159  1.09508e-05  1.63172e-05
15.708  3.14159  3.14159  3.97056e-06  1.00055e-05
33.3009  3.14159  3.14159  2.84506e-07  5.20775e-06
