-54.6637  0  0  -0.00141731  0.219542
-27.0177  0  0  -0.0060977  0.442749
-13.1947  0  0  -0.0277375  0.891133
-10.6814  0  0  -0.0425674  1.08636
-8.16814  0  0  -0.0704723  1.38183
-6.9115  0  0  -0.0934839  1.5915
-5.65487  0  0  -0.126385  1.8645
-4.39823  0  0  -0.173548  2.22284
-3.14159  0  0  -0.241352  2.66826
-1.88496  0  0  -0.340111  3.00265
-0.628319  0  0  -0.503896  1.87838
0.628319  0  0  -0.502083  -1.87753
1.88496  0  0  -0.34008  -3.0019
3.14159  0  0  -0.241493  -2.66806
4.39823  0  0  -0.17358  -2.22269
5.65487  0  0  -0.126404  -1.86439
6.9115  0  0  -0.0935164  -1.59142
8.16814  0  0  -0.0705026  -1.38177
10.6814  0  0  -0.0425821  -1.08632
15.708  0  0  -0.0192586  -0.753853
33.3009  0  0  -0.00394633  -0.359761
-54.6637  0  3.14159  0.000257244  0.219804
-27.0177  0  3.14159  0.00107462  0.444794
-13.1947  0  3.14159  0.00488072  0.907829
-10.6814  0  3.14159  0.00765134  1.11634
-8.16814  0  3.14159  0.0133391  1.44197
-6.9115  0  3.14159  0.0185541  1.68147
-5.65487  0  3.14159  0.0269514  2.00663
-4.39823  0  3.14159  0.0413191  2.47086
-3.14159  0  3.14159  0.0689793  3.19919
-1.88496  0  3.14159  0.152261  4.75904
-0.628319  0  3.14159  1.31829  13.5897
0.628319  0  3.14159  1.31843  -13.5897
1.88496  0  3.14159  0.152262  -4.75902
3.14159  0  3.14159  0.0689297  -3.19918
4.39823  0  3.14159  0.041268  -2.47086
5.65487  0  3.14159  0.0269106  -2.00663
6.9115  0  3.14159  0.0185124  -1.68145
8.16814  0  3.14159  0.0133032  -1.44195
10.6814  0  3.14159  0.00762783  -1.11634
15.708  0  3.14159  0.00334448  -0.76402
33.3009  0  3.14159  0.000682434  -0.360883
-54.6637  3.14159  0  0.000257244  0.219804
-27.0177  3.14159  0  0.00107462  0.444794
-13.1947  3.14159  0  0.00488072  0.907829
-10.6814  3.14159  0  0.00765134  1.11634
-8.16814  3.14159  0  0.0133391  1.44197
-6.9115  3.14159  0  0.0185541  1.68147
-5.65487  3.14159  0  0.0269514  2.00663
-4.39823  3.14159  0  0.0413191  2.47086
-3.14159  3.14159  0  0.0689793  3.19919
-1.88496  3.14159  0  0.152261  4.75904
-0.628319  3.14159  0  1.31829  13.5897
0.628319  3.14159  0  1.31843  -13.5897
1.88496  3.14159  0  0.152262  -4.75902
3.14159  3.14159  0  0.0689297  -3.19918
4.39823  3.14159  0  0.041268  -2.47086
5.65487  3.14159  0  0.0269106  -2.00663
6.9115  3.14159  0  0.0185124  -1.68145
8.16814  3.14159  0  0.0133032  -1.44195
10.6814  3.14159  0  0.00762783  -1.11634
15.708  3.14159  0  0.00334448  -0.76402
33.3009  3.14159  0  0.000682434  -0.360883
-54.6637  3.14159  3.14159  0.00192471  0.219535
-27.0177  3.14159  3.14159  0.00817839  0.442675
-13.1947  3.14159  3.14159  0.0365794  0.890485
-10.6814  3.14159  3.14159  0.056083  1.08519
-8.16814  3.14159  3.14159  0.0935019  1.37953
-6.9115  3.14159  3.14159  0.125426  1.58816
-5.65487  3.14159  3.14159  0.173361  1.85953
-4.39823  3.14159  3.14159  0.248174  2.21528
-3.14159  3.14159  3.14159  0.370419  2.65626
-1.88496  3.14159  3.14159  0.574915  2.98384
-0.628319  3.14159  3.14159  0.814712  1.86197
0.628319  3.14159  3.14159  0.816336  -1.86288
1.88496  3.14159  3.14159  0.574921  -2.98384
3.14159  3.14159  3.14159  0.370275  -2.65653
4.39823  3.14159  3.14159  0.248137  -2.21545
5.65487  3.14159  3.14159  0.173342  -1.85963
6.9115  3.14159  3.14159  0.125408  -1.58823
8.16814  3.14159  3.14159  0.0934804  -1.37958
10.6814  3.14159  3.14159  0.0560582  -1.08522
15.708  3.14159  3.14159  0.0254504  -0.753496
33.3009  3.14159  3.14159  0.0052937  -0.359732
