-54.6637  0  0  0.000318119  -0.000181897
-27.0177  0  0  0.00117891  -0.000740236
-13.1947  0  0  0.00327487  -0.00381524
-10.6814  0  0  0.00376871  -0.00593155
-8.16814  0  0  0.00352793  -0.00961359
-6.9115  0  0  0.0025353  -0.0122638
-5.65487  0  0  0.000267663  -0.0153577
-4.39823  0  0  -0.00406847  -0.0182629
-3.14159  0  0  -0.0110443  -0.019331
-1.88496  0  0  -0.0197162  -0.0158886
-0.628319  0  0  -0.0263091  -0.00633452
0.628319  0  0  -0.026309  0.00633501
1.88496  0  0  -0.0197159  0.015889
3.14159  0  0  -0.0110439  0.0193311
4.39823  0  0  -0.00406812  0.018263
5.65487  0  0  0.000268003  0.0153577
6.9115  0  0  0.0025358  0.0122635
8.16814  0  0  0.0035281  0.00961295
10.6814  0  0  0.003768  0.00593114
15.708  0  0  0.00270596  0.00258336
33.3009  0  0  0.00081208  0.000469315
-54.6637  0  3.14159  0.000311623  -0.000182213
-27.0177  0  3.14159  0.00114354  -0.000731861
-13.1947  0  3.14159  0.00319689  -0.00359292
-10.6814  0  3.14159  0.00382123  -0.00551168
-8.16814  0  3.14159  0.0041508  -0.00894835
-6.9115  0  3.14159  0.00385522  -0.0116473
-5.65487  0  3.14159  0.00272915  -0.0153342
-4.39823  0  3.14159  -0.000213728  -0.0202138
-3.14159  0  3.14159  -0.00704135  -0.0256976
-1.88496  0  3.14159  -0.0205619  -0.0274651
-0.628319  0  3.14159  -0.0366289  -0.0138573
0.628319  0  3.14159  -0.0366289  0.0138579
1.88496  0  3.14159  -0.0205615  0.0274657
3.14159  0  3.14159  -0.00704058  0.0256978
4.39823  0  3.14159  -0.000213221  0.0202136
5.65487  0  3.14159  0.00272939  0.015334
6.9115  0  3.14159  0.00385539  0.011647
8.16814  0  3.14159  0.00415083  0.00894792
10.6814  0  3.14159  0.00382069  0.00551132
15.708  0  3.14159  0.00261449  0.00246723
33.3009  0  3.14159  0.000790706  0.000467232
-54.6637  3.14159  0  0.000311623  -0.000182213
-27.0177  3.14159  0  0.00114354  -0.000731861
-13.1947  3.14159  0  0.00319689  -0.00359292
-10.6814  3.14159  0  0.00382123  -0.00551168
-8.16814  3.14159  0  0.0041508  -0.00894835
-6.9115  3.14159  0  0.00385522  -0.0116473
-5.65487  3.14159  0  0.00272915  -0.0153342
-4.39823  3.14159  0  -0.000213728  -0.0202138
-3.14159  3.14159  0  -0.00704135  -0.0256976
-1.88496  3.14159  0  -0.0205619  -0.0274651
-0.628319  3.14159  0  -0.0366289  -0.0138573
0.628319  3.14159  0  -0.0366289  0.0138579
1.88496  3.14159  0  -0.0205615  0.0274657
3.14159  3.14159  0  -0.00704058  0.0256978
4.39823  3.14159  0  -0.000213221  0.0202136
5.65487  3.14159  0  0.00272939  0.015334
6.9115  3.14159  0  0.00385539  0.011647
8.16814  3.14159  0  0.00415083  0.00894792
10.6814  3.14159  0  0.00382069  0.00551132
15.708  3.14159  0  0.00261449  0.00246723
33.3009  3.14159  0  0.000790706  0.000467232
-54.6637  3.14159  3.14159  0.000305115  -0.000182069
-27.0177  3.14159  3.14159  0.00110806  -0.00072087
-13.1947  3.14159  3.14159  0.00307419  -0.00338226
-10.6814  3.14159  3.14159  0.00372225  -0.0051026
-8.16814  3.14159  3.14159  0.00427345  -0.00812387
-6.9115  3.14159  3.14159  0.0043405  -0.0104725
-5.65487  3.14159  3.14159  0.00406511  -0.0137122
-4.39823  3.14159  3.14159  0.00319234  -0.0183444
-3.14159  3.14159  3.14159  0.00134681  -0.0257729
-1.88496  3.14159  3.14159  -0.00353634  -0.0424758
-0.628319  3.14159  3.14159  -0.0659699  -0.0950796
0.628319  3.14159  3.14159  -0.0659692  0.0950807
1.88496  3.14159  3.14159  -0.00353517  0.0424761
3.14159  3.14159  3.14159  0.00134734  0.0257727
4.39823  3.14159  3.14159  0.00319256  0.0183443
5.65487  3.14159  3.14159  0.00406541  0.0137122
6.9115  3.14159  3.14159  0.00434086  0.0104722
8.16814  3.14159  3.14159  0.00427357  0.00812337
10.6814  3.14159  3.14159  0.00372169  0.00510223
15.708  3.14159  3.14159  0.00250932  0.00235408
33.3009  3.14159  3.14159  0.000769316  0.00046342
