-54.6637  0  0  -0.0188108  2.00156
-27.0177  0  0  -0.0729407  4.01501
-13.1947  0  0  -0.30409  8.016
-10.6814  0  0  -0.459788  9.73481
-8.16814  0  0  -0.757804  12.3127
-6.9115  0  0  -1.02314  14.1187
-5.65487  0  0  -1.46212  16.447
-4.39823  0  0  -2.18461  19.396
-3.14159  0  0  -3.50578  22.8818
-1.88496  0  0  -5.91591  25.1494
-0.628319  0  0  -9.80395  15.5555
0.628319  0  0  -9.8147  -15.5373
1.88496  0  0  -5.93226  -25.1136
3.14159  0  0  -3.51398  -22.8744
4.39823  0  0  -2.19455  -19.3937
5.65487  0  0  -1.4641  -16.449
6.9115  0  0  -1.02812  -14.1154
8.16814  0  0  -0.759772  -12.3108
10.6814  0  0  -0.463852  -9.73472
15.708  0  0  -0.219521  -6.80003
33.3009  0  0  -0.0519251  -3.26415
-54.6637  0  3.14159  0.00737569  1.99314
-27.0177  0  3.14159  0.00275454  4.05385
-13.1947  0  3.14159  0.0202753  8.26559
-10.6814  0  3.14159  0.082466  10.144
-8.16814  0  3.14159  0.119672  13.1694
-6.9115  0  3.14159  0.143386  15.4943
-5.65487  0  3.14159  0.269282  18.7619
-4.39823  0  3.14159  0.33128  23.8746
-3.14159  0  3.14159  0.554812  32.4498
-1.88496  0  3.14159  1.40591  51.6928
-0.628319  0  3.14159  14.7851  157.524
0.628319  0  3.14159  15.397  -157.656
1.88496  0  3.14159  1.40379  -51.899
3.14159  0  3.14159  0.678771  -32.4144
4.39823  0  3.14159  0.386917  -23.8215
5.65487  0  3.14159  0.166026  -18.7389
6.9115  0  3.14159  0.0939687  -15.5221
8.16814  0  3.14159  0.0517366  -13.1873
10.6814  0  3.14159  0.0465959  -10.1357
15.708  0  3.14159  0.0390095  -6.9473
33.3009  0  3.14159  0.0257896  -3.30836
-54.6637  3.14159  0  0.00737569  1.99314
-27.0177  3.14159  0  0.00275454  4.05385
-13.1947  3.14159  0  0.0202753  8.26559
-10.6814  3.14159  0  0.082466  10.144
-8.16814  3.14159  0  0.119672  13.1694
-6.9115  3.14159  0  0.143386  15.4943
-5.65487  3.14159  0  0.269282  18.7619
-4.39823  3.14159  0  0.33128  23.8746
-3.14159  3.14159  0  0.554812  32.4498
-1.88496  3.14159  0  1.40591  51.6928
-0.628319  3.14159  0  14.7851  157.524
0.628319  3.14159  0  15.397  -157.656
1.88496  3.14159  0  1.40379  -51.899
3.14159  3.14159  0  0.678771  -32.4144
4.39823  3.14159  0  0.386917  -23.8215
5.65487  3.14159  0  0.166026  -18.7389
6.9115  3.14159  0  0.0939687  -15.5221
8.16814  3.14159  0  0.0517366  -13.1873
10.6814  3.14159  0  0.0465959  -10.1357
15.708  3.14159  0  0.0390095  -6.9473
33.3009  3.14159  0  0.0257896  -3.30836
-54.6637  3.14159  3.14159  0.0210492  2.00198
-27.0177  3.14159  3.14159  0.0970789  4.01525
-13.1947  3.14159  3.14159  0.386035  8.00304
-10.6814  3.14159  3.14159  0.555715  9.7285
-8.16814  3.14159  3.14159  0.911561  12.3164
-6.9115  3.14159  3.14159  1.23519  14.1075
-5.65487  3.14159  3.14159  1.69868  16.4047
-4.39823  3.14159  3.14159  2.54027  19.2653
-3.14159  3.14159  3.14159  3.96349  22.6604
-1.88496  3.14159  3.14159  6.49929  24.8939
-0.628319  3.14159  3.14159  9.7702  15.198
0.628319  3.14159  3.14159  9.54986  -15.1493
1.88496  3.14159  3.14159  6.50359  -24.7904
3.14159  3.14159  3.14159  3.90142  -22.6848
4.39823  3.14159  3.14159  2.49802  -19.2904
5.65487  3.14159  3.14159  1.73483  -16.4187
6.9115  3.14159  3.14159  1.2544  -14.0926
8.16814  3.14159  3.14159  0.942679  -12.3082
10.6814  3.14159  3.14159  0.564812  -9.73289
15.708  3.14159  3.14159  0.264542  -6.79802
33.3009  3.14159  3.14159  0.0517205  -3.25819
