-54.6637  0  0  0.000101043  -2.68617e-05
-27.0177  0  0  0.000409093  -0.000176827
-13.1947  0  0  0.00107121  -0.0012515
-10.6814  0  0  0.00116067  -0.00194555
-8.16814  0  0  0.000986418  -0.00309996
-6.9115  0  0  0.000614148  -0.00392214
-5.65487  0  0  -0.000177706  -0.00487765
-4.39823  0  0  -0.00164366  -0.00574694
-3.14159  0  0  -0.00392245  -0.00599402
-1.88496  0  0  -0.00664727  -0.00483809
-0.628319  0  0  -0.00864904  -0.00189306
0.628319  0  0  -0.00863238  0.00192618
1.88496  0  0  -0.00661057  0.00485
3.14159  0  0  -0.00388645  0.00598552
4.39823  0  0  -0.00161355  0.00572985
5.65487  0  0  -0.000146797  0.00485534
6.9115  0  0  0.000647851  0.00388659
8.16814  0  0  0.00101281  0.00304607
10.6814  0  0  0.00114601  0.00187695
15.708  0  0  0.000865288  0.000806553
33.3009  0  0  0.000270813  0.000110223
-54.6637  0  3.14159  0.000100019  -2.67535e-05
-27.0177  0  3.14159  0.00040212  -0.000172324
-13.1947  0  3.14159  0.00107091  -0.00116807
-10.6814  0  3.14159  0.00121649  -0.00179845
-8.16814  0  3.14159  0.00123909  -0.00287548
-6.9115  0  3.14159  0.00109857  -0.00371245
-5.65487  0  3.14159  0.000675257  -0.00486945
-4.39823  0  3.14159  -0.000409701  -0.00639168
-3.14159  0  3.14159  -0.00282277  -0.00793647
-1.88496  0  3.14159  -0.00721438  -0.00809812
-0.628319  0  3.14159  -0.0120003  -0.00388214
0.628319  0  3.14159  -0.0119683  0.00393209
1.88496  0  3.14159  -0.00715553  0.00809994
3.14159  0  3.14159  -0.00279308  0.00791524
4.39823  0  3.14159  -0.00039168  0.00637469
5.65487  0  3.14159  0.000703473  0.00485662
6.9115  0  3.14159  0.00113965  0.00368063
8.16814  0  3.14159  0.00127049  0.00281828
10.6814  0  3.14159  0.00119995  0.00172795
15.708  0  3.14159  0.000851332  0.000760789
33.3009  0  3.14159  0.000266792  0.000108629
-54.6637  3.14159  0  0.000100019  -2.67535e-05
-27.0177  3.14159  0  0.00040212  -0.000172324
-13.1947  3.14159  0  0.00107091  -0.00116807
-10.6814  3.14159  0  0.00121649  -0.00179845
-8.16814  3.14159  0  0.00123909  -0.00287548
-6.9115  3.14159  0  0.00109857  -0.00371245
-5.65487  3.14159  0  0.000675257  -0.00486945
-4.39823  3.14159  0  -0.000409701  -0.00639168
-3.14159  3.14159  0  -0.00282277  -0.00793647
-1.88496  3.14159  0  -0.00721438  -0.00809812
-0.628319  3.14159  0  -0.0120003  -0.00388214
0.628319  3.14159  0  -0.0119683  0.00393209
1.88496  3.14159  0  -0.00715553  0.00809994
3.14159  3.14159  0  -0.00279308  0.00791524
4.39823  3.14159  0  -0.00039168  0.00637469
5.65487  3.14159  0  0.000703473  0.00485662
6.9115  3.14159  0  0.00113965  0.00368063
8.16814  3.14159  0  0.00127049  0.00281828
10.6814  3.14159  0  0.00119995  0.00172795
15.708  3.14159  0  0.000851332  0.000760789
33.3009  3.14159  0  0.000266792  0.000108629
-54.6637  3.14159  3.14159  9.89975e-05  -2.66216e-05
-27.0177  3.14159  3.14159  0.000395245  -0.000167709
-13.1947  3.14159  3.14159  0.00105359  -0.0010928
-10.6814  3.14159  3.14159  0.00122412  -0.00165173
-8.16814  3.14159  3.14159  0.00136772  -0.00259526
-6.9115  3.14159  3.14159  0.00138323  -0.00333833
-5.65487  3.14159  3.14159  0.00127811  -0.00438603
-4.39823  3.14159  3.14159  0.000927591  -0.00589578
-3.14159  3.14159  3.14159  0.000114871  -0.00828869
-1.88496  3.14159  3.14159  -0.00234157  -0.0133531
-0.628319  3.14159  3.14159  -0.0219616  -0.0223146
0.628319  3.14159  3.14159  -0.0219431  0.0223505
1.88496  3.14159  3.14159  -0.00230134  0.0133641
3.14159  3.14159  3.14159  0.000150852  0.0082787
4.39823  3.14159  3.14159  0.000957223  0.00587831
5.65487  3.14159  3.14159  0.00130868  0.00436376
6.9115  3.14159  3.14159  0.00141663  0.00330332
8.16814  3.14159  3.14159  0.0013944  0.0025421
10.6814  3.14159  3.14159  0.00121028  0.00158297
15.708  3.14159  3.14159  0.000832618  0.000719126
33.3009  3.14159  3.14159  0.000262804  0.000106916
