-54.6637  0  0  0.000126454  0.0011397
-27.0177  0  0  0.000494708  0.00222103
-13.1947  0  0  0.00178835  0.00395529
-10.6814  0  0  0.00250158  0.00448646
-8.16814  0  0  0.00365656  0.00502234
-6.9115  0  0  0.00448683  0.00521812
-5.65487  0  0  0.0055351  0.00527028
-4.39823  0  0  0.00680835  0.0050455
-3.14159  0  0  0.00822832  0.00435881
-1.88496  0  0  0.009557  0.0030397
-0.628319  0  0  0.0103962  0.00110187
0.628319  0  0  0.0103963  -0.0011053
1.88496  0  0  0.00955728  -0.00304323
3.14159  0  0  0.00822876  -0.00436252
4.39823  0  0  0.00680896  -0.00504952
5.65487  0  0  0.00553571  -0.00527478
6.9115  0  0  0.00448716  -0.00522318
8.16814  0  0  0.00365636  -0.00502787
10.6814  0  0  0.00249997  -0.00449217
15.708  0  0  0.00132721  -0.00350156
33.3009  0  0  0.000329231  -0.00183288
-54.6637  0  3.14159  0.000125982  0.00113747
-27.0177  0  3.14159  0.000484808  0.00220636
-13.1947  0  3.14159  0.00167293  0.00391463
-10.6814  0  3.14159  0.00229957  0.00446818
-8.16814  0  3.14159  0.00330738  0.00511479
-6.9115  0  3.14159  0.00404918  0.00545136
-5.65487  0  3.14159  0.0050395  0.00575376
-4.39823  0  3.14159  0.00638703  0.0059258
-3.14159  0  3.14159  0.00821687  0.00572307
-1.88496  0  3.14159  0.0104808  0.00460038
-0.628319  0  3.14159  0.0123657  0.00187734
0.628319  0  3.14159  0.0123659  -0.00188076
1.88496  0  3.14159  0.0104811  -0.00460393
3.14159  0  3.14159  0.00821728  -0.0057268
4.39823  0  3.14159  0.00638758  -0.00592982
5.65487  0  3.14159  0.00504008  -0.00575822
6.9115  0  3.14159  0.00404949  -0.00545634
8.16814  0  3.14159  0.00330719  -0.00512018
10.6814  0  3.14159  0.00229807  -0.00447381
15.708  0  3.14159  0.00125928  -0.00346243
33.3009  0  3.14159  0.000324904  -0.00182419
-54.6637  3.14159  0  0.000125982  0.00113747
-27.0177  3.14159  0  0.000484808  0.00220636
-13.1947  3.14159  0  0.00167293  0.00391463
-10.6814  3.14159  0  0.00229957  0.00446818
-8.16814  3.14159  0  0.00330738  0.00511479
-6.9115  3.14159  0  0.00404918  0.00545136
-5.65487  3.14159  0  0.0050395  0.00575376
-4.39823  3.14159  0  0.00638703  0.0059258
-3.14159  3.14159  0  0.00821687  0.00572307
-1.88496  3.14159  0  0.0104808  0.00460038
-0.628319  3.14159  0  0.0123657  0.00187734
0.628319  3.14159  0  0.0123659  -0.00188076
1.88496  3.14159  0  0.0104811  -0.00460393
3.14159  3.14159  0  0.00821728  -0.0057268
4.39823  3.14159  0  0.00638758  -0.00592982
5.65487  3.14159  0  0.00504008  -0.00575822
6.9115  3.14159  0  0.00404949  -0.00545634
8.16814  3.14159  0  0.00330719  -0.00512018
10.6814  3.14159  0  0.00229807  -0.00447381
15.708  3.14159  0  0.00125928  -0.00346243
33.3009  3.14159  0  0.000324904  -0.00182419
-54.6637  3.14159  3.14159  0.000125528  0.00113528
-27.0177  3.14159  3.14159  0.000475715  0.00219215
-13.1947  3.14159  3.14159  0.00157684  0.00386541
-10.6814  3.14159  3.14159  0.0021317  0.00441623
-8.16814  3.14159  3.14159  0.00299365  0.00508969
-6.9115  3.14159  3.14159  0.00360467  0.00547736
-5.65487  3.14159  3.14159  0.00439132  0.00590579
-4.39823  3.14159  3.14159  0.00542743  0.00640366
-3.14159  3.14159  3.14159  0.00689836  0.00708495
-1.88496  3.14159  3.14159  0.00962339  0.00825308
-0.628319  3.14159  3.14159  0.0179129  0.00775988
0.628319  3.14159  3.14159  0.017913  -0.0077633
1.88496  3.14159  3.14159  0.00962368  -0.00825662
3.14159  3.14159  3.14159  0.00689877  -0.00708869
4.39823  3.14159  3.14159  0.00542792  -0.00640768
5.65487  3.14159  3.14159  0.00439181  -0.0059102
6.9115  3.14159  3.14159  0.00360496  -0.00548223
8.16814  3.14159  3.14159  0.00299351  -0.00509498
10.6814  3.14159  3.14159  0.00213028  -0.00442181
15.708  3.14159  3.14159  0.00120155  -0.00342178
33.3009  3.14159  3.14159  0.000320845  -0.00181573
