-54.6637  0  0  1.14174e-06  1.34979e-05
-27.0177  0  0  4.92529e-06  2.65523e-05
-13.1947  0  0  1.92049e-05  4.84353e-05
-10.6814  0  0  2.76258e-05  5.56592e-05
-8.16814  0  0  4.09129e-05  6.31612e-05
-6.9115  0  0  5.17959e-05  6.69192e-05
-5.65487  0  0  6.56532e-05  6.86741e-05
-4.39823  0  0  8.18468e-05  6.68779e-05
-3.14159  0  0  0.00010342  6.13214e-05
-1.88496  0  0  0.00012123  4.62577e-05
-0.628319  0  0  0.000128755  2.08389e-05
0.628319  0  0  0.00013917  -1.22585e-05
1.88496  0  0  0.000121034  -3.66351e-05
3.14159  0  0  0.000101434  -5.37684e-05
4.39823  0  0  8.30849e-05  -6.43992e-05
5.65487  0  0  6.65539e-05  -6.61763e-05
6.9115  0  0  5.34723e-05  -6.47367e-05
8.16814  0  0  4.35777e-05  -6.238e-05
10.6814  0  0  2.91217e-05  -5.44916e-05
15.708  0  0  1.5458e-05  -4.21551e-05
33.3009  0  0  4.01864e-06  -2.17168e-05
-54.6637  0  3.14159  6.32404e-07  1.35873e-05
-27.0177  0  3.14159  3.03112e-06  2.71798e-05
-13.1947  0  3.14159  1.33346e-05  5.29042e-05
-10.6814  0  3.14159  1.98777e-05  6.3262e-05
-8.16814  0  3.14159  3.22941e-05  7.65209e-05
-6.9115  0  3.14159  4.21614e-05  8.59102e-05
-5.65487  0  3.14159  5.75547e-05  9.57508e-05
-4.39823  0  3.14159  8.0227e-05  0.00010412
-3.14159  0  3.14159  0.000113467  0.000110201
-1.88496  0  3.14159  0.000159319  9.45988e-05
-0.628319  0  3.14159  0.000202175  3.77937e-05
0.628319  0  3.14159  0.000206454  -3.01886e-05
1.88496  0  3.14159  0.000161765  -8.76291e-05
3.14159  0  3.14159  0.000114812  -0.000104582
4.39823  0  3.14159  8.28486e-05  -0.00010179
5.65487  0  3.14159  5.97656e-05  -9.37409e-05
6.9115  0  3.14159  4.44859e-05  -8.41726e-05
8.16814  0  3.14159  3.47344e-05  -7.55849e-05
10.6814  0  3.14159  2.16787e-05  -6.23837e-05
15.708  0  3.14159  1.11921e-05  -4.49579e-05
33.3009  0  3.14159  2.74498e-06  -2.19916e-05
-54.6637  3.14159  0  6.32404e-07  1.35873e-05
-27.0177  3.14159  0  3.03112e-06  2.71798e-05
-13.1947  3.14159  0  1.33346e-05  5.29042e-05
-10.6814  3.14159  0  1.98777e-05  6.3262e-05
-8.16814  3.14159  0  3.22941e-05  7.65209e-05
-6.9115  3.14159  0  4.21614e-05  8.59102e-05
-5.65487  3.14159  0  5.75547e-05  9.57508e-05
-4.39823  3.14159  0  8.0227e-05  0.00010412
-3.14159  3.14159  0  0.000113467  0.000110201
-1.88496  3.14159  0  0.000159319  9.45988e-05
-0.628319  3.14159  0  0.000202175  3.77937e-05
0.628319  3.14159  0  0.000206454  -3.01886e-05
1.88496  3.14159  0  0.000161765  -8.76291e-05
3.14159  3.14159  0  0.000114812  -0.000104582
4.39823  3.14159  0  8.28486e-05  -0.00010179
5.65487  3.14159  0  5.97656e-05  -9.37409e-05
6.9115  3.14159  0  4.44859e-05  -8.41726e-05
8.16814  3.14159  0  3.47344e-05  -7.55849e-05
10.6814  3.14159  0  2.16787e-05  -6.23837e-05
15.708  3.14159  0  1.11921e-05  -4.49579e-05
33.3009  3.14159  0  2.74498e-06  -2.19916e-05
-54.6637  3.14159  3.14159  1.74729e-07  1.36065e-05
-27.0177  3.14159  3.14159  1.12465e-06  2.74875e-05
-13.1947  3.14159  3.14159  5.69134e-06  5.54905e-05
-10.6814  3.14159  3.14159  8.92514e-06  6.78617e-05
-8.16814  3.14159  3.14159  1.45753e-05  8.66529e-05
-6.9115  3.14159  3.14159  2.04386e-05  0.00010097
-5.65487  3.14159  3.14159  2.94228e-05  0.000120086
-4.39823  3.14159  3.14159  4.40073e-05  0.000147706
-3.14159  3.14159  3.14159  7.63234e-05  0.000193039
-1.88496  3.14159  3.14159  0.000158305  0.000267435
-0.628319  3.14159  3.14159  0.000459675  0.000282878
0.628319  3.14159  3.14159  0.000473704  -0.00026818
1.88496  3.14159  3.14159  0.000163624  -0.000258466
3.14159  3.14159  3.14159  7.79924e-05  -0.000187161
4.39823  3.14159  3.14159  4.7155e-05  -0.000146055
5.65487  3.14159  3.14159  3.17659e-05  -0.000118502
6.9115  3.14159  3.14159  2.2907e-05  -9.95921e-05
8.16814  3.14159  3.14159  1.75291e-05  -8.6334e-05
10.6814  3.14159  3.14159  1.07043e-05  -6.71657e-05
15.708  3.14159  3.14159  5.39117e-06  -4.67445e-05
33.3009  3.14159  3.14159  1.45135e-06  -2.22756e-05
