-54.6637  0  0  0.000112174  0.00102733
-27.0177  0  0  0.000443021  0.00200445
-13.1947  0  0  0.00161385  0.00357081
-10.6814  0  0  0.00225931  0.00404857
-8.16814  0  0  0.00330284  0.00452839
-6.9115  0  0  0.00405177  0.00470219
-5.65487  0  0  0.00499611  0.00474593
-4.39823  0  0  0.00614147  0.00453991
-3.14159  0  0  0.00741667  0.00391877
-1.88496  0  0  0.00860782  0.00273128
-0.628319  0  0  0.00935905  0.000991363
0.628319  0  0  0.00935903  -0.000988549
1.88496  0  0  0.00860785  -0.0027283
3.14159  0  0  0.00741693  -0.00391562
4.39823  0  0  0.00614207  -0.0045367
5.65487  0  0  0.00499704  -0.00474277
6.9115  0  0  0.00405299  -0.00469913
8.16814  0  0  0.00330438  -0.0045255
10.6814  0  0  0.00226135  -0.00404625
15.708  0  0  0.00120137  -0.00315671
33.3009  0  0  0.000297501  -0.00165255
-54.6637  0  3.14159  0.00011172  0.00102532
-27.0177  0  3.14159  0.000433948  0.00199126
-13.1947  0  3.14159  0.00150939  0.00353468
-10.6814  0  3.14159  0.00207688  0.00403304
-8.16814  0  3.14159  0.00298848  0.00461336
-6.9115  0  3.14159  0.00365867  0.00491427
-5.65487  0  3.14159  0.00455252  0.0051831
-4.39823  0  3.14159  0.0057672  0.00533251
-3.14159  0  3.14159  0.00741299  0.00514158
-1.88496  0  3.14159  0.00944148  0.00412322
-0.628319  0  3.14159  0.0111232  0.00168021
0.628319  0  3.14159  0.0111231  -0.0016776
1.88496  0  3.14159  0.00944124  -0.00412025
3.14159  0  3.14159  0.0074132  -0.00513823
4.39823  0  3.14159  0.00576793  -0.00532928
5.65487  0  3.14159  0.00455345  -0.00517997
6.9115  0  3.14159  0.00365989  -0.00491122
8.16814  0  3.14159  0.00299004  -0.00461048
10.6814  0  3.14159  0.0020789  -0.00403075
15.708  0  3.14159  0.00113969  -0.00312164
33.3009  0  3.14159  0.000293531  -0.00164473
-54.6637  3.14159  0  0.00011172  0.00102532
-27.0177  3.14159  0  0.000433948  0.00199126
-13.1947  3.14159  0  0.00150939  0.00353468
-10.6814  3.14159  0  0.00207688  0.00403304
-8.16814  3.14159  0  0.00298848  0.00461336
-6.9115  3.14159  0  0.00365867  0.00491427
-5.65487  3.14159  0  0.00455252  0.0051831
-4.39823  3.14159  0  0.0057672  0.00533251
-3.14159  3.14159  0  0.00741299  0.00514158
-1.88496  3.14159  0  0.00944148  0.00412322
-0.628319  3.14159  0  0.0111232  0.00168021
0.628319  3.14159  0  0.0111231  -0.0016776
1.88496  3.14159  0  0.00944124  -0.00412025
3.14159  3.14159  0  0.0074132  -0.00513823
4.39823  3.14159  0  0.00576793  -0.00532928
5.65487  3.14159  0  0.00455345  -0.00517997
6.9115  3.14159  0  0.00365989  -0.00491122
8.16814  3.14159  0  0.00299004  -0.00461048
10.6814  3.14159  0  0.0020789  -0.00403075
15.708  3.14159  0  0.00113969  -0.00312164
33.3009  3.14159  0  0.000293531  -0.00164473
-54.6637  3.14159  3.14159  0.000111282  0.00102334
-27.0177  3.14159  3.14159  0.0004256  0.00197847
-13.1947  3.14159  3.14159  0.00142222  0.00349067
-10.6814  3.14159  3.14159  0.00192474  0.00398694
-8.16814  3.14159  3.14159  0.00270462  0.00459256
-6.9115  3.14159  3.14159  0.00325711  0.0049407
-5.65487  3.14159  3.14159  0.00396841  0.00532501
-4.39823  3.14159  3.14159  0.0049059  0.00577071
-3.14159  3.14159  3.14159  0.00623931  0.00637753
-1.88496  3.14159  3.14159  0.0087106  0.00739909
-0.628319  3.14159  3.14159  0.0160729  0.00682566
0.628319  3.14159  3.14159  0.0160728  -0.0068229
1.88496  3.14159  3.14159  0.00871056  -0.00739613
3.14159  3.14159  3.14159  0.00623955  -0.00637437
4.39823  3.14159  3.14159  0.0049065  -0.00576749
5.65487  3.14159  3.14159  0.00396935  -0.00532185
6.9115  3.14159  3.14159  0.00325838  -0.00493767
8.16814  3.14159  3.14159  0.00270618  -0.00458974
10.6814  3.14159  3.14159  0.0019267  -0.00398467
15.708  3.14159  3.14159  0.00108718  -0.00308512
33.3009  3.14159  3.14159  0.0002898  -0.00163711
