-54.6637  0  0  0.00185897  -0.00126841
-27.0177  0  0  -0.00164417  0.00136011
-13.1947  0  0  -0.0200319  0.0121559
-10.6814  0  0  0.011566  0.00928124
-8.16814  0  0  0.0631099  -0.00466345
-6.9115  0  0  0.0186643  0.0910849
-5.65487  0  0  -0.215785  0.128689
-4.39823  0  0  -0.0506837  0.0030601
-3.14159  0  0  -0.406018  0.278718
-1.88496  0  0  0.0986081  0.79236
-0.628319  0  0  -8.36104  2.84072
0.628319  0  0  4.84552  7.22464
1.88496  0  0  -1.25129  0.53704
3.14159  0  0  -0.179096  0.35068
4.39823  0  0  -0.0954747  -0.104816
5.65487  0  0  -0.258658  0.16493
6.9115  0  0  0.00544558  -0.0285075
8.16814  0  0  0.107386  0.0661774
10.6814  0  0  0.0129821  -0.0168058
15.708  0  0  0.00980188  -0.00131986
33.3009  0  0  -0.00886397  0.00410286
-54.6637  0  3.14159  -0.00142775  0.00067554
-27.0177  0  3.14159  -0.000253661  -0.0059413
-13.1947  0  3.14159  0.0168671  -0.0364352
-10.6814  0  3.14159  -0.0375107  0.0248858
-8.16814  0  3.14159  -0.0578404  0.119779
-6.9115  0  3.14159  -0.0444822  -0.0502063
-5.65487  0  3.14159  0.221365  -0.216678
-4.39823  0  3.14159  -0.0606236  -0.183382
-3.14159  0  3.14159  0.0280617  0.22905
-1.88496  0  3.14159  0.749674  0.13605
-0.628319  0  3.14159  -5.99047  -0.324368
0.628319  0  3.14159  3.25807  4.58961
1.88496  0  3.14159  0.0483581  0.554735
3.14159  0  3.14159  0.152309  -0.152335
4.39823  0  3.14159  0.260305  0.020136
5.65487  0  3.14159  0.194119  -0.257264
6.9115  0  3.14159  0.0712322  0.0278847
8.16814  0  3.14159  -0.0591247  0.0780732
10.6814  0  3.14159  -0.0324255  0.0385918
15.708  0  3.14159  -0.0163718  -0.00882905
33.3009  0  3.14159  0.00682667  -0.00670638
-54.6637  3.14159  0  -0.00142775  0.00067554
-27.0177  3.14159  0  -0.000253661  -0.0059413
-13.1947  3.14159  0  0.0168671  -0.0364352
-10.6814  3.14159  0  -0.0375107  0.0248858
-8.16814  3.14159  0  -0.0578404  0.119779
-6.9115  3.14159  0  -0.0444822  -0.0502063
-5.65487  3.14159  0  0.221365  -0.216678
-4.39823  3.14159  0  -0.0606236  -0.183382
-3.14159  3.14159  0  0.0280617  0.22905
-1.88496  3.14159  0  0.749674  0.13605
-0.628319  3.14159  0  -5.99047  -0.324368
0.628319  3.14159  0  3.25807  4.58961
1.88496  3.14159  0  0.0483581  0.554735
3.14159  3.14159  0  0.152309  -0.152335
4.39823  3.14159  0  0.260305  0.020136
5.65487  3.14159  0  0.194119  -0.257264
6.9115  3.14159  0  0.0712322  0.0278847
8.16814  3.14159  0  -0.0591247  0.0780732
10.6814  3.14159  0  -0.0324255  0.0385918
15.708  3.14159  0  -0.0163718  -0.00882905
33.3009  3.14159  0  0.00682667  -0.00670638
-54.6637  3.14159  3.14159  -0.00131609  -0.00138727
-27.0177  3.14159  3.14159  -0.00423314  0.00703874
-13.1947  3.14159  3.14159  0.0223124  0.0275738
-10.6814  3.14159  3.14159  -0.0194885  -0.00193219
-8.16814  3.14159  3.14159  0.111068  -0.0509668
-6.9115  3.14159  3.14159  0.0660885  0.0832951
-5.65487  3.14159  3.14159  -0.0290001  0.138
-4.39823  3.14159  3.14159  -0.244677  0.0539167
-3.14159  3.14159  3.14159  -0.1722  0.200009
-1.88496  3.14159  3.14159  0.479334  0.245212
-0.628319  3.14159  3.14159  1.23394  8.50477
0.628319  3.14159  3.14159  5.28511  -4.49752
1.88496  3.14159  3.14159  -0.15463  1.10481
3.14159  3.14159  3.14159  0.0564692  0.232327
4.39823  3.14159  3.14159  -0.290272  0.0534333
5.65487  3.14159  3.14159  0.0402235  0.269354
6.9115  3.14159  3.14159  -0.0123977  -0.0508875
8.16814  3.14159  3.14159  0.169201  -0.044608
10.6814  3.14159  3.14159  -0.0313789  -0.0025933
15.708  3.14159  3.14159  0.0338918  0.00255147
33.3009  3.14159  3.14159  -0.010138  0.0073426
