-54.6637  0  0  -14.5939  45.0404
-27.0177  0  0  65.0869  -42.3373
-13.1947  0  0  139.047  38.3155
-10.6814  0  0  -1087.28  503.415
-8.16814  0  0  1327.63  1029.22
-6.9115  0  0  -156.303  2955.12
-5.65487  0  0  817.224  -4030.64
-4.39823  0  0  5646.74  535.152
-3.14159  0  0  893.434  1300.3
-1.88496  0  0  2827.67  -7025.29
-0.628319  0  0  890.775  12979.7
0.628319  0  0  -38512  26532.7
1.88496  0  0  1250.22  2416.74
3.14159  0  0  1772.04  -803.308
4.39823  0  0  -6529.67  127.776
5.65487  0  0  3002.52  -4280.94
6.9115  0  0  735.133  2698.32
8.16814  0  0  42.7895  2159.8
10.6814  0  0  173.925  -384.811
15.708  0  0  -64.4668  -350.077
33.3009  0  0  19.8978  166.163
-54.6637  0  3.14159  -5.0268  1.42485
-27.0177  0  3.14159  4.37185  -2.38119
-13.1947  0  3.14159  1.43556  -6.84745
-10.6814  0  3.14159  -41.9381  -83.5288
-8.16814  0  3.14159  -93.4082  126.315
-6.9115  0  3.14159  -240.655  111.219
-5.65487  0  3.14159  265.379  -47.784
-4.39823  0  3.14159  159.156  454.65
-3.14159  0  3.14159  -136.476  122.305
-1.88496  0  3.14159  547.849  187.672
-0.628319  0  3.14159  -631.999  1830.86
0.628319  0  3.14159  -2256.53  -1478.07
1.88496  0  3.14159  -277.689  86.7564
3.14159  0  3.14159  240.479  241.221
4.39823  0  3.14159  -124.672  -395.94
5.65487  0  3.14159  341.16  79.8995
6.9115  0  3.14159  -218.853  162.865
8.16814  0  3.14159  -206.431  18.0011
10.6814  0  3.14159  39.2727  14.5919
15.708  0  3.14159  20.2018  -16.0333
33.3009  0  3.14159  -9.10974  9.98437
-54.6637  3.14159  0  -5.0268  1.42485
-27.0177  3.14159  0  4.37185  -2.38119
-13.1947  3.14159  0  1.43556  -6.84745
-10.6814  3.14159  0  -41.9381  -83.5288
-8.16814  3.14159  0  -93.4082  126.315
-6.9115  3.14159  0  -240.655  111.219
-5.65487  3.14159  0  265.379  -47.784
-4.39823  3.14159  0  159.156  454.65
-3.14159  3.14159  0  -136.476  122.305
-1.88496  3.14159  0  547.849  187.672
-0.628319  3.14159  0  -631.999  1830.86
0.628319  3.14159  0  -2256.53  -1478.07
1.88496  3.14159  0  -277.689  86.7564
3.14159  3.14159  0  240.479  241.221
4.39823  3.14159  0  -124.672  -395.94
5.65487  3.14159  0  341.16  79.8995
6.9115  3.14159  0  -218.853  162.865
8.16814  3.14159  0  -206.431  18.0011
10.6814  3.14159  0  39.2727  14.5919
15.708  3.14159  0  20.2018  -16.0333
33.3009  3.14159  0  -9.10974  9.98437
-54.6637  3.14159  3.14159  40.8149  -17.501
-27.0177  3.14159  3.14159  -53.4373  -32.6563
-13.1947  3.14159  3.14159  -203.495  55.321
-10.6814  3.14159  3.14159  612.292  -139.078
-8.16814  3.14159  3.14159  -461.358  -738.696
-6.9115  3.14159  3.14159  938.568  -1684.95
-5.65487  3.14159  3.14159  -1365.02  2886.84
-4.39823  3.14159  3.14159  -3372.51  -2134.18
-3.14159  3.14159  3.14159  -182.305  -633.903
-1.88496  3.14159  3.14159  -2251.05  3392.25
-0.628319  3.14159  3.14159  10148.4  -12511.9
0.628319  3.14159  3.14159  33011.3  -12545.8
1.88496  3.14159  3.14159  -664.816  -38.8844
3.14159  3.14159  3.14159  -393.772  -911.101
4.39823  3.14159  3.14159  4632  1159.58
5.65487  3.14159  3.14159  -3078.53  2185.75
6.9115  3.14159  3.14159  533.942  -1822.4
8.16814  3.14159  3.14159  238.34  -1000.25
10.6814  3.14159  3.14159  -62.5626  106.857
15.708  3.14159  3.14159  4.91076  236.057
33.3009  3.14159  3.14159  62.9778  -93.189
