-54.6637  0  0  0.00983479  -0.00234817
-27.0177  0  0  0.0383637  -0.0180999
-13.1947  0  0  0.13951  -0.121881
-10.6814  0  0  0.19829  -0.201082
-8.16814  0  0  0.299577  -0.358733
-6.9115  0  0  0.37495  -0.495404
-5.65487  0  0  0.464726  -0.697774
-4.39823  0  0  0.535981  -0.986717
-3.14159  0  0  0.470198  -1.32554
-1.88496  0  0  0.0537476  -1.43143
-0.628319  0  0  -0.58266  -0.700803
0.628319  0  0  -0.58266  0.7008
1.88496  0  0  0.0537487  1.43143
3.14159  0  0  0.4702  1.32554
4.39823  0  0  0.535983  0.986713
5.65487  0  0  0.464727  0.697771
6.9115  0  0  0.374951  0.495401
8.16814  0  0  0.299577  0.358731
10.6814  0  0  0.19829  0.20108
15.708  0  0  0.103176  0.0786492
33.3009  0  0  0.0257818  0.00997566
-54.6637  0  3.14159  0.00977112  -0.0024454
-27.0177  0  3.14159  0.0372304  -0.0190568
-13.1947  0  3.14159  0.118966  -0.131299
-10.6814  0  3.14159  0.15357  -0.217198
-8.16814  0  3.14159  0.194126  -0.38415
-6.9115  0  3.14159  0.213265  -0.523173
-5.65487  0  3.14159  0.231596  -0.72045
-4.39823  0  3.14159  0.267668  -0.993724
-3.14159  0  3.14159  0.413087  -1.3359
-1.88496  0  3.14159  0.922188  -1.55706
-0.628319  0  3.14159  1.80084  -0.868113
0.628319  0  3.14159  1.80084  0.86811
1.88496  0  3.14159  0.92219  1.55706
3.14159  0  3.14159  0.41309  1.3359
4.39823  0  3.14159  0.26767  0.993722
5.65487  0  3.14159  0.231598  0.720448
6.9115  0  3.14159  0.213266  0.523171
8.16814  0  3.14159  0.194127  0.384149
10.6814  0  3.14159  0.153571  0.217197
15.708  0  3.14159  0.0927979  0.0842738
33.3009  0  3.14159  0.0253018  0.010455
-54.6637  3.14159  0  0.00977112  -0.0024454
-27.0177  3.14159  0  0.0372304  -0.0190568
-13.1947  3.14159  0  0.118966  -0.131299
-10.6814  3.14159  0  0.15357  -0.217198
-8.16814  3.14159  0  0.194126  -0.38415
-6.9115  3.14159  0  0.213265  -0.523173
-5.65487  3.14159  0  0.231596  -0.72045
-4.39823  3.14159  0  0.267668  -0.993724
-3.14159  3.14159  0  0.413087  -1.3359
-1.88496  3.14159  0  0.922188  -1.55706
-0.628319  3.14159  0  1.80084  -0.868113
0.628319  3.14159  0  1.80084  0.86811
1.88496  3.14159  0  0.92219  1.55706
3.14159  3.14159  0  0.41309  1.3359
4.39823  3.14159  0  0.26767  0.993722
5.65487  3.14159  0  0.231598  0.720448
6.9115  3.14159  0  0.213266  0.523171
8.16814  3.14159  0  0.194127  0.384149
10.6814  3.14159  0  0.153571  0.217197
15.708  3.14159  0  0.0927979  0.0842738
33.3009  3.14159  0  0.0253018  0.010455
-54.6637  3.14159  3.14159  0.00974036  -0.00253884
-27.0177  3.14159  3.14159  0.0366725  -0.0198873
-13.1947  3.14159  3.14159  0.109718  -0.138439
-10.6814  3.14159  3.14159  0.134045  -0.23072
-8.16814  3.14159  3.14159  0.144677  -0.416264
-6.9115  3.14159  3.14159  0.123818  -0.578419
-5.65487  3.14159  3.14159  0.0475136  -0.820158
-4.39823  3.14159  3.14159  -0.165702  -1.16771
-3.14159  3.14159  3.14159  -0.690474  -1.57806
-1.88496  3.14159  3.14159  -1.72459  -1.71785
-0.628319  3.14159  3.14159  -2.83248  -0.897266
0.628319  3.14159  3.14159  -2.83247  0.89727
1.88496  3.14159  3.14159  -1.72458  1.71785
3.14159  3.14159  3.14159  -0.690471  1.57807
4.39823  3.14159  3.14159  -0.165699  1.16771
5.65487  3.14159  3.14159  0.0475161  0.820158
6.9115  3.14159  3.14159  0.12382  0.578419
8.16814  3.14159  3.14159  0.144678  0.416264
10.6814  3.14159  3.14159  0.134047  0.230719
15.708  3.14159  3.14159  0.0879519  0.0885496
33.3009  3.14159  3.14159  0.0250661  0.0108888
