-54.6637  0  0  0.000108165  -3.8259e-05
-27.0177  0  0  0.000394821  -0.00021245
-13.1947  0  0  0.00104806  -0.00123808
-10.6814  0  0  0.00116926  -0.00194061
-8.16814  0  0  0.00100551  -0.00314264
-6.9115  0  0  0.000613644  -0.00398891
-5.65487  0  0  -0.000208341  -0.00495142
-4.39823  0  0  -0.0016978  -0.00581163
-3.14159  0  0  -0.00398948  -0.00604946
-1.88496  0  0  -0.00673037  -0.00488842
-0.628319  0  0  -0.00875686  -0.00192753
0.628319  0  0  -0.00875759  0.00192589
1.88496  0  0  -0.00673205  0.00488731
3.14159  0  0  -0.0039921  0.00604881
4.39823  0  0  -0.0017019  0.00581247
5.65487  0  0  -0.000212391  0.00495519
6.9115  0  0  0.000612109  0.00399436
8.16814  0  0  0.00100629  0.00314777
10.6814  0  0  0.00117186  0.0019436
15.708  0  0  0.000882939  0.000826698
33.3009  0  0  0.000274301  0.000124752
-54.6637  0  3.14159  0.000107128  -3.81652e-05
-27.0177  0  3.14159  0.000387763  -0.000207964
-13.1947  0  3.14159  0.0010457  -0.00115348
-10.6814  0  3.14159  0.00122452  -0.00178781
-8.16814  0  3.14159  0.00127023  -0.00291467
-6.9115  0  3.14159  0.00111207  -0.0037887
-5.65487  0  3.14159  0.000643725  -0.00496071
-4.39823  0  3.14159  -0.000472255  -0.00645437
-3.14159  0  3.14159  -0.00287971  -0.00799211
-1.88496  0  3.14159  -0.00728342  -0.00817724
-0.628319  0  3.14159  -0.0121316  -0.0039485
0.628319  0  3.14159  -0.0121324  0.00394679
1.88496  0  3.14159  -0.0072852  0.00817629
3.14159  0  3.14159  -0.00288195  0.00799157
4.39823  0  3.14159  -0.00047589  0.00645466
5.65487  0  3.14159  0.000639282  0.0049637
6.9115  0  3.14159  0.00110951  0.00379406
8.16814  0  3.14159  0.00127031  0.00292042
10.6814  0  3.14159  0.00122746  0.00179131
15.708  0  3.14159  0.000868316  0.000780428
33.3009  0  3.14159  0.000270232  0.000123159
-54.6637  3.14159  0  0.000107128  -3.81652e-05
-27.0177  3.14159  0  0.000387763  -0.000207964
-13.1947  3.14159  0  0.0010457  -0.00115348
-10.6814  3.14159  0  0.00122452  -0.00178781
-8.16814  3.14159  0  0.00127023  -0.00291467
-6.9115  3.14159  0  0.00111207  -0.0037887
-5.65487  3.14159  0  0.000643725  -0.00496071
-4.39823  3.14159  0  -0.000472255  -0.00645437
-3.14159  3.14159  0  -0.00287971  -0.00799211
-1.88496  3.14159  0  -0.00728342  -0.00817724
-0.628319  3.14159  0  -0.0121316  -0.0039485
0.628319  3.14159  0  -0.0121324  0.00394679
1.88496  3.14159  0  -0.0072852  0.00817629
3.14159  3.14159  0  -0.00288195  0.00799157
4.39823  3.14159  0  -0.00047589  0.00645466
5.65487  3.14159  0  0.000639282  0.0049637
6.9115  3.14159  0  0.00110951  0.00379406
8.16814  3.14159  0  0.00127031  0.00292042
10.6814  3.14159  0  0.00122746  0.00179131
15.708  3.14159  0  0.000868316  0.000780428
33.3009  3.14159  0  0.000270232  0.000123159
-54.6637  3.14159  3.14159  0.000106093  -3.80192e-05
-27.0177  3.14159  3.14159  0.000380766  -0.000203403
-13.1947  3.14159  3.14159  0.00102969  -0.00107683
-10.6814  3.14159  3.14159  0.00123392  -0.00164272
-8.16814  3.14159  3.14159  0.00139199  -0.00263397
-6.9115  3.14159  3.14159  0.00139033  -0.00340186
-5.65487  3.14159  3.14159  0.00125909  -0.00445735
-4.39823  3.14159  3.14159  0.000894071  -0.00596148
-3.14159  3.14159  3.14159  8.40298e-05  -0.00836215
-1.88496  3.14159  3.14159  -0.00237665  -0.01348
-0.628319  3.14159  3.14159  -0.0221905  -0.0225856
0.628319  3.14159  3.14159  -0.0221912  0.0225838
1.88496  3.14159  3.14159  -0.00237843  0.0134789
3.14159  3.14159  3.14159  8.13661e-05  0.00836165
4.39823  3.14159  3.14159  0.000890467  0.00596219
5.65487  3.14159  3.14159  0.00125518  0.00446014
6.9115  3.14159  3.14159  0.00138768  0.00340671
8.16814  3.14159  3.14159  0.00139157  0.0026396
10.6814  3.14159  3.14159  0.00123677  0.00164666
15.708  3.14159  3.14159  0.000849693  0.000738366
33.3009  3.14159  3.14159  0.0002662  0.000121423
