-54.6637  0  0  1.31331e-07  -1.88247e-06
-27.0177  0  0  8.52002e-07  -3.00523e-06
-13.1947  0  0  7.08234e-06  -3.69882e-06
-10.6814  0  0  1.04917e-05  -5.61754e-06
-8.16814  0  0  2.13202e-05  -1.5986e-05
-6.9115  0  0  2.64738e-05  -2.18342e-05
-5.65487  0  0  2.28298e-05  -3.18917e-05
-4.39823  0  0  1.85228e-05  -4.94626e-05
-3.14159  0  0  9.78661e-06  -5.35397e-05
-1.88496  0  0  -2.48656e-05  -5.45473e-05
-0.628319  0  0  -4.97652e-05  -4.76206e-05
0.628319  0  0  -3.1312e-05  3.51526e-05
1.88496  0  0  -2.44032e-05  4.99244e-05
3.14159  0  0  9.18717e-06  5.65829e-05
4.39823  0  0  1.8987e-05  4.81192e-05
5.65487  0  0  2.29743e-05  3.49177e-05
6.9115  0  0  2.24081e-05  1.70992e-05
8.16814  0  0  1.94443e-05  1.40134e-05
10.6814  0  0  1.07154e-05  6.57599e-06
15.708  0  0  4.38467e-06  3.56729e-06
33.3009  0  0  1.05428e-06  2.76131e-06
-54.6637  0  3.14159  1.00401e-07  -1.58634e-06
-27.0177  0  3.14159  6.38341e-07  -2.88974e-06
-13.1947  0  3.14159  5.51705e-06  -4.7878e-06
-10.6814  0  3.14159  9.67729e-06  -7.10926e-06
-8.16814  0  3.14159  1.66223e-05  -1.34963e-05
-6.9115  0  3.14159  2.13203e-05  -1.98661e-05
-5.65487  0  3.14159  2.65777e-05  -3.05636e-05
-4.39823  0  3.14159  3.11979e-05  -4.89874e-05
-3.14159  0  3.14159  2.80644e-05  -7.94342e-05
-1.88496  0  3.14159  -4.25853e-06  -0.00011178
-0.628319  0  3.14159  -6.79269e-05  -6.88801e-05
0.628319  0  3.14159  -6.84115e-05  6.83974e-05
1.88496  0  3.14159  -4.2849e-06  0.000111458
3.14159  0  3.14159  2.80031e-05  7.93352e-05
4.39823  0  3.14159  3.09735e-05  4.86677e-05
5.65487  0  3.14159  2.63021e-05  3.03513e-05
6.9115  0  3.14159  2.07559e-05  1.97506e-05
8.16814  0  3.14159  1.602e-05  1.36266e-05
10.6814  0  3.14159  9.35108e-06  7.62878e-06
15.708  0  3.14159  3.54051e-06  4.3299e-06
33.3009  0  3.14159  3.9257e-07  2.34833e-06
-54.6637  3.14159  0  1.00401e-07  -1.58634e-06
-27.0177  3.14159  0  6.38341e-07  -2.88974e-06
-13.1947  3.14159  0  5.51705e-06  -4.7878e-06
-10.6814  3.14159  0  9.67729e-06  -7.10926e-06
-8.16814  3.14159  0  1.66223e-05  -1.34963e-05
-6.9115  3.14159  0  2.13203e-05  -1.98661e-05
-5.65487  3.14159  0  2.65777e-05  -3.05636e-05
-4.39823  3.14159  0  3.11979e-05  -4.89874e-05
-3.14159  3.14159  0  2.80644e-05  -7.94342e-05
-1.88496  3.14159  0  -4.25853e-06  -0.00011178
-0.628319  3.14159  0  -6.79269e-05  -6.88801e-05
0.628319  3.14159  0  -6.84115e-05  6.83974e-05
1.88496  3.14159  0  -4.2849e-06  0.000111458
3.14159  3.14159  0  2.80031e-05  7.93352e-05
4.39823  3.14159  0  3.09735e-05  4.86677e-05
5.65487  3.14159  0  2.63021e-05  3.03513e-05
6.9115  3.14159  0  2.07559e-05  1.97506e-05
8.16814  3.14159  0  1.602e-05  1.36266e-05
10.6814  3.14159  0  9.35108e-06  7.62878e-06
15.708  3.14159  0  3.54051e-06  4.3299e-06
33.3009  3.14159  0  3.9257e-07  2.34833e-06
-54.6637  3.14159  3.14159  2.46718e-08  -1.57425e-06
-27.0177  3.14159  3.14159  2.84563e-07  -2.86204e-06
-13.1947  3.14159  3.14159  3.86185e-06  -4.92045e-06
-10.6814  3.14159  3.14159  6.96936e-06  -7.03524e-06
-8.16814  3.14159  3.14159  1.18672e-05  -1.22749e-05
-6.9115  3.14159  3.14159  1.50354e-05  -1.69974e-05
-5.65487  3.14159  3.14159  1.86209e-05  -2.50321e-05
-4.39823  3.14159  3.14159  2.3363e-05  -3.64267e-05
-3.14159  3.14159  3.14159  3.26275e-05  -5.46395e-05
-1.88496  3.14159  3.14159  8.78808e-05  -0.000105201
-0.628319  3.14159  3.14159  -0.000115902  -0.000807716
0.628319  3.14159  3.14159  -0.00011446  0.000808709
1.88496  3.14159  3.14159  8.83496e-05  0.000105239
3.14159  3.14159  3.14159  3.23114e-05  5.43238e-05
4.39823  3.14159  3.14159  2.24934e-05  3.6059e-05
5.65487  3.14159  3.14159  1.83142e-05  2.47654e-05
6.9115  3.14159  3.14159  1.45373e-05  1.70641e-05
8.16814  3.14159  3.14159  1.13513e-05  1.23539e-05
10.6814  3.14159  3.14159  6.70668e-06  7.46256e-06
15.708  3.14159  3.14159  2.43918e-06  4.40491e-06
33.3009  3.14159  3.14159  1.7602e-07  2.38119e-06
