-54.6637  0  0  0.000180788  -1.9901
-27.0177  0  0  0.000351161  -3.94834
-13.1947  0  0  0.0012294  -7.52298
-10.6814  0  0  0.00536057  -8.90107
-8.16814  0  0  0.0248979  -10.7609
-6.9115  0  0  0.0555102  -11.9007
-5.65487  0  0  0.127205  -13.1285
-4.39823  0  0  0.301719  -14.2132
-3.14159  0  0  0.7303  -14.413
-1.88496  0  0  1.66561  -12.0021
-0.628319  0  0  2.75299  -5.35399
0.628319  0  0  2.75118  5.35247
1.88496  0  0  1.66386  12.0026
3.14159  0  0  0.729899  14.4129
4.39823  0  0  0.302139  14.2131
5.65487  0  0  0.127205  13.1286
6.9115  0  0  0.0555511  11.9006
8.16814  0  0  0.0249983  10.7609
10.6814  0  0  0.00538883  8.90105
15.708  0  0  0.000418762  6.48695
33.3009  0  0  0.000260546  3.23136
-54.6637  0  3.14159  -0.00116509  -1.99286
-27.0177  0  3.14159  -0.00398193  -3.97206
-13.1947  0  3.14159  -0.00887508  -7.73672
-10.6814  0  3.14159  -0.00925323  -9.30914
-8.16814  0  3.14159  -0.00826621  -11.677
-6.9115  0  3.14159  -0.0080929  -13.3965
-5.65487  0  3.14159  -0.0123673  -15.7668
-4.39823  0  3.14159  -0.0373396  -19.3379
-3.14159  0  3.14159  -0.185231  -25.6553
-1.88496  0  3.14159  -1.02895  -40.5718
-0.628319  0  3.14159  17.9398  -35.7063
0.628319  0  3.14159  17.9406  35.705
1.88496  0  3.14159  -1.0292  40.5718
3.14159  0  3.14159  -0.185488  25.6552
4.39823  0  3.14159  -0.0372186  19.3378
5.65487  0  3.14159  -0.0122513  15.767
6.9115  0  3.14159  -0.0079803  13.3965
8.16814  0  3.14159  -0.00826741  11.677
10.6814  0  3.14159  -0.00913797  9.30916
15.708  0  3.14159  -0.00775882  6.61209
33.3009  0  3.14159  -0.00272391  3.24389
-54.6637  3.14159  0  -0.00116509  -1.99286
-27.0177  3.14159  0  -0.00398193  -3.97206
-13.1947  3.14159  0  -0.00887508  -7.73672
-10.6814  3.14159  0  -0.00925323  -9.30914
-8.16814  3.14159  0  -0.00826621  -11.677
-6.9115  3.14159  0  -0.0080929  -13.3965
-5.65487  3.14159  0  -0.0123673  -15.7668
-4.39823  3.14159  0  -0.0373396  -19.3379
-3.14159  3.14159  0  -0.185231  -25.6553
-1.88496  3.14159  0  -1.02895  -40.5718
-0.628319  3.14159  0  17.9398  -35.7063
0.628319  3.14159  0  17.9406  35.705
1.88496  3.14159  0  -1.0292  40.5718
3.14159  3.14159  0  -0.185488  25.6552
4.39823  3.14159  0  -0.0372186  19.3378
5.65487  3.14159  0  -0.0122513  15.767
6.9115  3.14159  0  -0.0079803  13.3965
8.16814  3.14159  0  -0.00826741  11.677
10.6814  3.14159  0  -0.00913797  9.30916
15.708  3.14159  0  -0.00775882  6.61209
33.3009  3.14159  0  -0.00272391  3.24389
-54.6637  3.14159  3.14159  -0.00231776  -1.99042
-27.0177  3.14159  3.14159  -0.0075673  -3.9509
-13.1947  3.14159  3.14159  -0.0109603  -7.5427
-10.6814  3.14159  3.14159  -0.00521021  -8.93521
-8.16814  3.14159  3.14159  0.0127895  -10.8252
-6.9115  3.14159  3.14159  0.0326552  -11.9916
-5.65487  3.14159  3.14159  0.0688684  -13.2591
-4.39823  3.14159  3.14159  0.143272  -14.4006
-3.14159  3.14159  3.14159  0.313384  -14.6713
-1.88496  3.14159  3.14159  0.651141  -12.3033
-0.628319  3.14159  3.14159  0.761226  -5.51796
0.628319  3.14159  3.14159  0.759019  5.51971
1.88496  3.14159  3.14159  0.649666  12.3046
3.14159  3.14159  3.14159  0.31315  14.6714
4.39823  3.14159  3.14159  0.143743  14.4007
5.65487  3.14159  3.14159  0.0689114  13.2594
6.9115  3.14159  3.14159  0.0326996  11.9916
8.16814  3.14159  3.14159  0.0128794  10.8252
10.6814  3.14159  3.14159  -0.00517227  8.93526
15.708  3.14159  3.14159  -0.01202  6.49921
33.3009  3.14159  3.14159  -0.00556207  3.23274
