-54.6637  0  0  3.67982e-05  -7.8513e-06
-27.0177  0  0  0.000136174  -6.05022e-05
-13.1947  0  0  0.000377615  -0.000400705
-10.6814  0  0  0.000434161  -0.000644268
-8.16814  0  0  0.000403652  -0.0010774
-6.9115  0  0  0.000283695  -0.0013963
-5.65487  0  0  7.51253e-06  -0.00177783
-4.39823  0  0  -0.000527884  -0.00215155
-3.14159  0  0  -0.00140468  -0.00231992
-1.88496  0  0  -0.00251624  -0.00193599
-0.628319  0  0  -0.00337048  -0.000790601
0.628319  0  0  -0.00336154  0.000774807
1.88496  0  0  -0.00251449  0.00194232
3.14159  0  0  -0.00139923  0.00232137
4.39823  0  0  -0.000523896  0.00215262
5.65487  0  0  1.08886e-05  0.00177757
6.9115  0  0  0.000286242  0.00139537
8.16814  0  0  0.000405548  0.00107629
10.6814  0  0  0.000435045  0.000643155
15.708  0  0  0.000312373  0.000260695
33.3009  0  0  9.38584e-05  3.3205e-05
-54.6637  0  3.14159  3.70948e-05  -6.52271e-06
-27.0177  0  3.14159  0.000140789  -5.0503e-05
-13.1947  0  3.14159  0.000443524  -0.000345852
-10.6814  0  3.14159  0.00056714  -0.000572318
-8.16814  0  3.14159  0.000694668  -0.00102068
-6.9115  0  3.14159  0.000719099  -0.0014068
-5.65487  0  3.14159  0.000639039  -0.00197774
-4.39823  0  3.14159  0.000280838  -0.00280598
-3.14159  0  3.14159  -0.000763782  -0.00385271
-1.88496  0  3.14159  -0.00312981  -0.00441277
-0.628319  0  3.14159  -0.00614829  -0.00232861
0.628319  0  3.14159  -0.00614399  0.00233644
1.88496  0  3.14159  -0.00312368  0.00441713
3.14159  0  3.14159  -0.000758052  0.00385384
4.39823  0  3.14159  0.000285286  0.00280571
5.65487  0  3.14159  0.000642353  0.00197666
6.9115  0  3.14159  0.000721481  0.00140546
8.16814  0  3.14159  0.000696325  0.00101932
10.6814  0  3.14159  0.000567892  0.000571198
15.708  0  3.14159  0.000347919  0.000221761
33.3009  0  3.14159  9.5922e-05  2.7652e-05
-54.6637  3.14159  0  3.70948e-05  -6.52271e-06
-27.0177  3.14159  0  0.000140789  -5.0503e-05
-13.1947  3.14159  0  0.000443524  -0.000345852
-10.6814  3.14159  0  0.00056714  -0.000572318
-8.16814  3.14159  0  0.000694668  -0.00102068
-6.9115  3.14159  0  0.000719099  -0.0014068
-5.65487  3.14159  0  0.000639039  -0.00197774
-4.39823  3.14159  0  0.000280838  -0.00280598
-3.14159  3.14159  0  -0.000763782  -0.00385271
-1.88496  3.14159  0  -0.00312981  -0.00441277
-0.628319  3.14159  0  -0.00614829  -0.00232861
0.628319  3.14159  0  -0.00614399  0.00233644
1.88496  3.14159  0  -0.00312368  0.00441713
3.14159  3.14159  0  -0.000758052  0.00385384
4.39823  3.14159  0  0.000285286  0.00280571
5.65487  3.14159  0  0.000642353  0.00197666
6.9115  3.14159  0  0.000721481  0.00140546
8.16814  3.14159  0  0.000696325  0.00101932
10.6814  3.14159  0  0.000567892  0.000571198
15.708  3.14159  0  0.000347919  0.000221761
33.3009  3.14159  0  9.5922e-05  2.7652e-05
-54.6637  3.14159  3.14159  3.72775e-05  -5.16759e-06
-27.0177  3.14159  3.14159  0.000143836  -3.96865e-05
-13.1947  3.14159  3.14159  0.00049277  -0.000269302
-10.6814  3.14159  3.14159  0.000672705  -0.000446962
-8.16814  3.14159  3.14159  0.000954637  -0.000809265
-6.9115  3.14159  3.14159  0.00115537  -0.00113729
-5.65487  3.14159  3.14159  0.00141439  -0.00166242
-4.39823  3.14159  3.14159  0.00175571  -0.00257116
-3.14159  3.14159  3.14159  0.00220889  -0.00439704
-1.88496  3.14159  3.14159  0.00231768  -0.00943281
-0.628319  3.14159  3.14159  -0.0152744  -0.0248305
0.628319  3.14159  3.14159  -0.0152511  0.0248433
1.88496  3.14159  3.14159  0.00232676  0.009433
3.14159  3.14159  3.14159  0.00221466  0.00439622
4.39823  3.14159  3.14159  0.00175966  0.00257003
5.65487  3.14159  3.14159  0.00141728  0.0016611
6.9115  3.14159  3.14159  0.00115744  0.00113586
8.16814  3.14159  3.14159  0.000956089  0.000807891
10.6814  3.14159  3.14159  0.000673367  0.000445886
15.708  3.14159  3.14159  0.000373449  0.000172742
33.3009  3.14159  3.14159  9.72497e-05  2.17809e-05
