-54.6637  0  0  0.00258081  0.00123405
-27.0177  0  0  -0.00411841  -0.00326302
-13.1947  0  0  -0.00177983  -0.00506843
-10.6814  0  0  -0.00103923  -0.00180008
-8.16814  0  0  -0.00674901  -0.011509
-6.9115  0  0  -0.000476295  -0.013882
-5.65487  0  0  -0.00867507  -0.00251536
-4.39823  0  0  -0.00158827  0.000257925
-3.14159  0  0  -0.0225542  0.0117429
-1.88496  0  0  0.0081396  -0.0300346
-0.628319  0  0  -0.0323489  -0.0233452
0.628319  0  0  0.0484429  -0.0125977
1.88496  0  0  0.013051  -0.0243127
3.14159  0  0  0.00428589  0.0194021
4.39823  0  0  0.00623199  -0.000133281
5.65487  0  0  0.0029322  0.0132144
6.9115  0  0  0.00959835  -0.00273117
8.16814  0  0  0.0092494  0.0057851
10.6814  0  0  0.00132024  0.00254097
15.708  0  0  0.00787571  0.00787098
33.3009  0  0  0.00393345  0.00215444
-54.6637  0  3.14159  -0.000224286  0.000763616
-27.0177  0  3.14159  0.000571575  -0.000914423
-13.1947  0  3.14159  0.00192003  -0.000302125
-10.6814  0  3.14159  -0.00178469  -0.00029784
-8.16814  0  3.14159  -0.00103244  0.00131436
-6.9115  0  3.14159  -0.000125705  0.000251786
-5.65487  0  3.14159  -0.00705966  -0.000725084
-4.39823  0  3.14159  0.00217171  -0.00375668
-3.14159  0  3.14159  0.000716263  -0.00261395
-1.88496  0  3.14159  0.00787966  0.0109418
-0.628319  0  3.14159  0.025127  -0.00696589
0.628319  0  3.14159  -0.0162534  0.0249451
1.88496  0  3.14159  0.00546962  0.0119083
3.14159  0  3.14159  -0.00772156  0.00519383
4.39823  0  3.14159  -0.0029075  -0.00114299
5.65487  0  3.14159  0.00457297  -9.97259e-05
6.9115  0  3.14159  0.00337189  0.00113516
8.16814  0  3.14159  0.0024872  0.000219113
10.6814  0  3.14159  0.00141578  -0.00062529
15.708  0  3.14159  -0.000680683  0.000781551
33.3009  0  3.14159  -0.00151715  0.00099493
-54.6637  3.14159  0  -0.000224286  0.000763616
-27.0177  3.14159  0  0.000571575  -0.000914423
-13.1947  3.14159  0  0.00192003  -0.000302125
-10.6814  3.14159  0  -0.00178469  -0.00029784
-8.16814  3.14159  0  -0.00103244  0.00131436
-6.9115  3.14159  0  -0.000125705  0.000251786
-5.65487  3.14159  0  -0.00705966  -0.000725084
-4.39823  3.14159  0  0.00217171  -0.00375668
-3.14159  3.14159  0  0.000716263  -0.00261395
-1.88496  3.14159  0  0.00787966  0.0109418
-0.628319  3.14159  0  0.025127  -0.00696589
0.628319  3.14159  0  -0.0162534  0.0249451
1.88496  3.14159  0  0.00546962  0.0119083
3.14159  3.14159  0  -0.00772156  0.00519383
4.39823  3.14159  0  -0.0029075  -0.00114299
5.65487  3.14159  0  0.00457297  -9.97259e-05
6.9115  3.14159  0  0.00337189  0.00113516
8.16814  3.14159  0  0.0024872  0.000219113
10.6814  3.14159  0  0.00141578  -0.00062529
15.708  3.14159  0  -0.000680683  0.000781551
33.3009  3.14159  0  -0.00151715  0.00099493
-54.6637  3.14159  3.14159  -0.000478551  -0.0003729
-27.0177  3.14159  3.14159  0.000137815  0.000218817
-13.1947  3.14159  3.14159  0.000234586  0.00053198
-10.6814  3.14159  3.14159  -0.000219235  -0.000206577
-8.16814  3.14159  3.14159  0.00124419  0.00152083
-6.9115  3.14159  3.14159  0.000502852  0.000739036
-5.65487  3.14159  3.14159  -0.00142616  -0.00079288
-4.39823  3.14159  3.14159  0.00153761  0.000290553
-3.14159  3.14159  3.14159  -0.00209085  -0.000348322
-1.88496  3.14159  3.14159  0.00171205  0.00740907
-0.628319  3.14159  3.14159  -0.005808  0.00352938
0.628319  3.14159  3.14159  -0.000572553  0.00540315
1.88496  3.14159  3.14159  -0.00805504  0.000658083
3.14159  3.14159  3.14159  0.00187934  0.00180965
4.39823  3.14159  3.14159  -0.000571654  -0.0015227
5.65487  3.14159  3.14159  0.00154491  0.00091947
6.9115  3.14159  3.14159  -0.00107672  -0.000513816
8.16814  3.14159  3.14159  -0.00174623  -0.000926402
10.6814  3.14159  3.14159  0.000309427  9.12092e-05
15.708  3.14159  3.14159  -0.000463021  -0.000695455
33.3009  3.14159  3.14159  -0.000136158  -0.000233936
