-54.6637  0  0  1.33572e-06  1.34604e-05
-27.0177  0  0  5.33064e-06  2.6427e-05
-13.1947  0  0  1.99434e-05  4.80855e-05
-10.6814  0  0  2.82884e-05  5.51253e-05
-8.16814  0  0  4.21837e-05  6.27431e-05
-6.9115  0  0  5.24617e-05  6.59636e-05
-5.65487  0  0  6.5796e-05  6.7622e-05
-4.39823  0  0  8.25401e-05  6.59082e-05
-3.14159  0  0  0.000101923  5.80658e-05
-1.88496  0  0  0.000120717  4.12404e-05
-0.628319  0  0  0.0001329  1.51836e-05
0.628319  0  0  0.000132891  -1.49864e-05
1.88496  0  0  0.000120717  -4.10134e-05
3.14159  0  0  0.00010197  -5.78225e-05
4.39823  0  0  8.26368e-05  -6.56807e-05
5.65487  0  0  6.59205e-05  -6.74246e-05
6.9115  0  0  5.25976e-05  -6.57962e-05
8.16814  0  0  4.2326e-05  -6.26016e-05
10.6814  0  0  2.84357e-05  -5.50289e-05
15.708  0  0  1.48119e-05  -4.21784e-05
33.3009  0  0  3.60379e-06  -2.17298e-05
-54.6637  0  3.14159  8.50113e-07  1.35398e-05
-27.0177  0  3.14159  3.48368e-06  2.70718e-05
-13.1947  0  3.14159  1.40474e-05  5.26358e-05
-10.6814  0  3.14159  2.07364e-05  6.27548e-05
-8.16814  0  3.14159  3.30776e-05  7.65616e-05
-6.9115  0  3.14159  4.33556e-05  8.5096e-05
-5.65487  0  3.14159  5.85311e-05  9.44126e-05
-4.39823  0  3.14159  8.15561e-05  0.000103007
-3.14159  0  3.14159  0.000116418  0.000105833
-1.88496  0  3.14159  0.000163866  8.99705e-05
-0.628319  0  3.14159  0.00020617  3.819e-05
0.628319  0  3.14159  0.000206084  -3.80445e-05
1.88496  0  3.14159  0.000163723  -8.97689e-05
3.14159  0  3.14159  0.000116458  -0.000105451
4.39823  0  3.14159  8.1749e-05  -0.000102801
5.65487  0  3.14159  5.86537e-05  -9.42393e-05
6.9115  0  3.14159  4.3461e-05  -8.49461e-05
8.16814  0  3.14159  3.31952e-05  -7.64284e-05
10.6814  0  3.14159  2.08762e-05  -6.26541e-05
15.708  0  3.14159  1.02147e-05  -4.506e-05
33.3009  0  3.14159  2.35947e-06  -2.20728e-05
-54.6637  3.14159  0  8.50113e-07  1.35398e-05
-27.0177  3.14159  0  3.48368e-06  2.70718e-05
-13.1947  3.14159  0  1.40474e-05  5.26358e-05
-10.6814  3.14159  0  2.07364e-05  6.27548e-05
-8.16814  3.14159  0  3.30776e-05  7.65616e-05
-6.9115  3.14159  0  4.33556e-05  8.5096e-05
-5.65487  3.14159  0  5.85311e-05  9.44126e-05
-4.39823  3.14159  0  8.15561e-05  0.000103007
-3.14159  3.14159  0  0.000116418  0.000105833
-1.88496  3.14159  0  0.000163866  8.99705e-05
-0.628319  3.14159  0  0.00020617  3.819e-05
0.628319  3.14159  0  0.000206084  -3.80445e-05
1.88496  3.14159  0  0.000163723  -8.97689e-05
3.14159  3.14159  0  0.000116458  -0.000105451
4.39823  3.14159  0  8.1749e-05  -0.000102801
5.65487  3.14159  0  5.86537e-05  -9.42393e-05
6.9115  3.14159  0  4.3461e-05  -8.49461e-05
8.16814  3.14159  0  3.31952e-05  -7.64284e-05
10.6814  3.14159  0  2.08762e-05  -6.26541e-05
15.708  3.14159  0  1.02147e-05  -4.506e-05
33.3009  3.14159  0  2.35947e-06  -2.20728e-05
-54.6637  3.14159  3.14159  3.61215e-07  1.35859e-05
-27.0177  3.14159  3.14159  1.51906e-06  2.74167e-05
-13.1947  3.14159  3.14159  6.41563e-06  5.53473e-05
-10.6814  3.14159  3.14159  9.65687e-06  6.76549e-05
-8.16814  3.14159  3.14159  1.591e-05  8.66779e-05
-6.9115  3.14159  3.14159  2.14291e-05  0.000100646
-5.65487  3.14159  3.14159  3.0222e-05  0.000119751
-4.39823  3.14159  3.14159  4.55611e-05  0.000147459
-3.14159  3.14159  3.14159  7.67825e-05  0.000191055
-1.88496  3.14159  3.14159  0.000160871  0.000263704
-0.628319  3.14159  3.14159  0.000467128  0.000275431
0.628319  3.14159  3.14159  0.000467179  -0.000275185
1.88496  3.14159  3.14159  0.000160916  -0.000263503
3.14159  3.14159  3.14159  7.68493e-05  -0.000190855
4.39823  3.14159  3.14159  4.56518e-05  -0.000147274
5.65487  3.14159  3.14159  3.03274e-05  -0.000119587
6.9115  3.14159  3.14159  2.15421e-05  -0.000100501
8.16814  3.14159  3.14159  1.60275e-05  -8.6552e-05
10.6814  3.14159  3.14159  9.77927e-06  -6.75628e-05
15.708  3.14159  3.14159  4.65273e-06  -4.67199e-05
33.3009  3.14159  3.14159  1.04542e-06  -2.22665e-05
