-54.6637  0  0  -4.99493e-08  -1.5554e-06
-27.0177  0  0  1.02793e-06  -2.45409e-06
-13.1947  0  0  7.44531e-06  -3.59548e-06
-10.6814  0  0  1.30651e-05  -7.28925e-06
-8.16814  0  0  1.90564e-05  -1.42506e-05
-6.9115  0  0  2.42542e-05  -1.84352e-05
-5.65487  0  0  2.36397e-05  -3.08479e-05
-4.39823  0  0  1.72065e-05  -4.13499e-05
-3.14159  0  0  2.18817e-06  -5.63856e-05
-1.88496  0  0  -1.53488e-05  -5.29512e-05
-0.628319  0  0  -6.47492e-05  -1.73363e-05
0.628319  0  0  -2.65535e-05  -8.9027e-07
1.88496  0  0  -1.29355e-05  5.90637e-05
3.14159  0  0  -1.90708e-06  5.17344e-05
4.39823  0  0  2.11792e-05  4.22049e-05
5.65487  0  0  2.58309e-05  3.2416e-05
6.9115  0  0  2.39287e-05  1.63518e-05
8.16814  0  0  1.88538e-05  1.2639e-05
10.6814  0  0  9.46751e-06  8.87285e-06
15.708  0  0  4.72726e-06  3.52914e-06
33.3009  0  0  8.11901e-07  2.24508e-06
-54.6637  0  3.14159  9.78595e-08  -1.51197e-06
-27.0177  0  3.14159  6.00847e-07  -2.75568e-06
-13.1947  0  3.14159  5.30564e-06  -4.5856e-06
-10.6814  0  3.14159  9.26227e-06  -6.75539e-06
-8.16814  0  3.14159  1.60284e-05  -1.28143e-05
-6.9115  0  3.14159  2.065e-05  -1.9127e-05
-5.65487  0  3.14159  2.58553e-05  -2.94088e-05
-4.39823  0  3.14159  3.03543e-05  -4.72285e-05
-3.14159  0  3.14159  2.70521e-05  -7.68685e-05
-1.88496  0  3.14159  -4.58521e-06  -0.000108239
-0.628319  0  3.14159  -6.62145e-05  -6.60575e-05
0.628319  0  3.14159  -6.79223e-05  6.59353e-05
1.88496  0  3.14159  -4.6183e-06  0.000107666
3.14159  0  3.14159  2.69577e-05  7.68334e-05
4.39823  0  3.14159  2.98326e-05  4.7015e-05
5.65487  0  3.14159  2.54129e-05  2.91405e-05
6.9115  0  3.14159  1.99155e-05  1.90523e-05
8.16814  0  3.14159  1.54745e-05  1.30064e-05
10.6814  0  3.14159  9.09568e-06  7.31888e-06
15.708  0  3.14159  3.41511e-06  4.15469e-06
33.3009  0  3.14159  3.96621e-07  2.24627e-06
-54.6637  3.14159  0  9.78595e-08  -1.51197e-06
-27.0177  3.14159  0  6.00847e-07  -2.75568e-06
-13.1947  3.14159  0  5.30564e-06  -4.5856e-06
-10.6814  3.14159  0  9.26227e-06  -6.75539e-06
-8.16814  3.14159  0  1.60284e-05  -1.28143e-05
-6.9115  3.14159  0  2.065e-05  -1.9127e-05
-5.65487  3.14159  0  2.58553e-05  -2.94088e-05
-4.39823  3.14159  0  3.03543e-05  -4.72285e-05
-3.14159  3.14159  0  2.70521e-05  -7.68685e-05
-1.88496  3.14159  0  -4.58521e-06  -0.000108239
-0.628319  3.14159  0  -6.62145e-05  -6.60575e-05
0.628319  3.14159  0  -6.79223e-05  6.59353e-05
1.88496  3.14159  0  -4.6183e-06  0.000107666
3.14159  3.14159  0  2.69577e-05  7.68334e-05
4.39823  3.14159  0  2.98326e-05  4.7015e-05
5.65487  3.14159  0  2.54129e-05  2.91405e-05
6.9115  3.14159  0  1.99155e-05  1.90523e-05
8.16814  3.14159  0  1.54745e-05  1.30064e-05
10.6814  3.14159  0  9.09568e-06  7.31888e-06
15.708  3.14159  0  3.41511e-06  4.15469e-06
33.3009  3.14159  0  3.96621e-07  2.24627e-06
-54.6637  3.14159  3.14159  3.71159e-08  -1.51721e-06
-27.0177  3.14159  3.14159  2.84891e-07  -2.76363e-06
-13.1947  3.14159  3.14159  3.71223e-06  -4.54306e-06
-10.6814  3.14159  3.14159  6.62294e-06  -6.58355e-06
-8.16814  3.14159  3.14159  1.15775e-05  -1.15293e-05
-6.9115  3.14159  3.14159  1.45637e-05  -1.64035e-05
-5.65487  3.14159  3.14159  1.81726e-05  -2.41402e-05
-4.39823  3.14159  3.14159  2.21481e-05  -3.48661e-05
-3.14159  3.14159  3.14159  3.1131e-05  -5.20941e-05
-1.88496  3.14159  3.14159  8.54409e-05  -0.000102967
-0.628319  3.14159  3.14159  -0.000112369  -0.000780449
0.628319  3.14159  3.14159  -0.000114339  0.000780319
1.88496  3.14159  3.14159  8.41099e-05  0.000101678
3.14159  3.14159  3.14159  3.20464e-05  5.15437e-05
4.39823  3.14159  3.14159  2.2546e-05  3.48293e-05
5.65487  3.14159  3.14159  1.76594e-05  2.37662e-05
6.9115  3.14159  3.14159  1.40561e-05  1.6552e-05
8.16814  3.14159  3.14159  1.10926e-05  1.19769e-05
10.6814  3.14159  3.14159  6.52316e-06  7.08891e-06
15.708  3.14159  3.14159  2.37147e-06  4.21355e-06
33.3009  3.14159  3.14159  2.10601e-07  2.22967e-06
