-54.6637  0  0  0.000613998  -2.06029
-27.0177  0  0  0.00102062  -4.04446
-13.1947  0  0  -0.000916972  -7.40309
-10.6814  0  0  0.000551082  -8.536
-8.16814  0  0  0.0089185  -9.82154
-6.9115  0  0  0.0196145  -10.4099
-5.65487  0  0  0.0388083  -10.7787
-4.39823  0  0  0.0712959  -10.6233
-3.14159  0  0  0.121546  -9.46043
-1.88496  0  0  0.186075  -6.78254
-0.628319  0  0  0.238635  -2.51021
0.628319  0  0  0.238635  2.51021
1.88496  0  0  0.186074  6.78254
3.14159  0  0  0.121545  9.46043
4.39823  0  0  0.0712955  10.6233
5.65487  0  0  0.0388077  10.7787
6.9115  0  0  0.0196127  10.4099
8.16814  0  0  0.00891622  9.82154
10.6814  0  0  0.000551035  8.536
15.708  0  0  -0.000568526  6.48009
33.3009  0  0  0.00104545  3.3256
-54.6637  0  3.14159  -2.8138e-07  -2.06922
-27.0177  0  3.14159  -4.35736e-07  -4.12079
-13.1947  0  3.14159  3.08608e-08  -8.09491
-10.6814  0  3.14159  -1.5097e-08  -9.83766
-8.16814  0  3.14159  2.80667e-09  -12.607
-6.9115  0  3.14159  3.85947e-07  -14.7311
-5.65487  0  3.14159  6.5985e-07  -17.7872
-4.39823  0  3.14159  1.14659e-06  -22.5527
-3.14159  0  3.14159  1.80528e-07  -30.9128
-1.88496  0  3.14159  4.65532e-06  -48.4335
-0.628319  0  3.14159  1.04468e-05  -36.2011
0.628319  0  3.14159  8.53494e-06  36.2011
1.88496  0  3.14159  4.04274e-06  48.4335
3.14159  0  3.14159  -1.74103e-07  30.9128
4.39823  0  3.14159  9.13882e-07  22.5527
5.65487  0  3.14159  5.11446e-07  17.7872
6.9115  0  3.14159  3.0884e-07  14.7311
8.16814  0  3.14159  -2.90985e-08  12.607
10.6814  0  3.14159  -2.77473e-09  9.83766
15.708  0  3.14159  1.97158e-10  6.88604
33.3009  0  3.14159  7.36625e-09  3.36584
-54.6637  3.14159  0  -2.8138e-07  -2.06922
-27.0177  3.14159  0  -4.35736e-07  -4.12079
-13.1947  3.14159  0  3.08608e-08  -8.09491
-10.6814  3.14159  0  -1.5097e-08  -9.83766
-8.16814  3.14159  0  2.80667e-09  -12.607
-6.9115  3.14159  0  3.85947e-07  -14.7311
-5.65487  3.14159  0  6.5985e-07  -17.7872
-4.39823  3.14159  0  1.14659e-06  -22.5527
-3.14159  3.14159  0  1.80528e-07  -30.9128
-1.88496  3.14159  0  4.65532e-06  -48.4335
-0.628319  3.14159  0  1.04468e-05  -36.2011
0.628319  3.14159  0  8.53494e-06  36.2011
1.88496  3.14159  0  4.04274e-06  48.4335
3.14159  3.14159  0  -1.74103e-07  30.9128
4.39823  3.14159  0  9.13882e-07  22.5527
5.65487  3.14159  0  5.11446e-07  17.7872
6.9115  3.14159  0  3.0884e-07  14.7311
8.16814  3.14159  0  -2.90985e-08  12.607
10.6814  3.14159  0  -2.77473e-09  9.83766
15.708  3.14159  0  1.97158e-10  6.88604
33.3009  3.14159  0  7.36625e-09  3.36584
-54.6637  3.14159  3.14159  -0.000620326  -2.06029
-27.0177  3.14159  3.14159  -0.00103315  -4.04446
-13.1947  3.14159  3.14159  0.000909336  -7.40309
-10.6814  3.14159  3.14159  -0.000551237  -8.536
-8.16814  3.14159  3.14159  -0.00891013  -9.82154
-6.9115  3.14159  3.14159  -0.0196071  -10.4099
-5.65487  3.14159  3.14159  -0.0388056  -10.7787
-4.39823  3.14159  3.14159  -0.0712944  -10.6233
-3.14159  3.14159  3.14159  -0.121546  -9.46043
-1.88496  3.14159  3.14159  -0.186076  -6.78254
-0.628319  3.14159  3.14159  -0.23864  -2.51021
0.628319  3.14159  3.14159  -0.23864  2.51021
1.88496  3.14159  3.14159  -0.186077  6.78254
3.14159  3.14159  3.14159  -0.121547  9.46043
4.39823  3.14159  3.14159  -0.0712947  10.6233
5.65487  3.14159  3.14159  -0.0388062  10.7787
6.9115  3.14159  3.14159  -0.019609  10.4099
8.16814  3.14159  3.14159  -0.00891263  9.82154
10.6814  3.14159  3.14159  -0.000551338  8.536
15.708  3.14159  3.14159  0.000566626  6.48009
33.3009  3.14159  3.14159  -0.00104353  3.3256
