-54.6637  0  0  1.33329e-06  1.35225e-05
-27.0177  0  0  5.33792e-06  2.65466e-05
-13.1947  0  0  1.99742e-05  4.83178e-05
-10.6814  0  0  2.83448e-05  5.5418e-05
-8.16814  0  0  4.23144e-05  6.3116e-05
-6.9115  0  0  5.26617e-05  6.63685e-05
-5.65487  0  0  6.60839e-05  6.80354e-05
-4.39823  0  0  8.29241e-05  6.63015e-05
-3.14159  0  0  0.000102392  5.84177e-05
-1.88496  0  0  0.000121274  4.15328e-05
-0.628319  0  0  0.000133551  1.53749e-05
0.628319  0  0  0.000133594  -1.4949e-05
1.88496  0  0  0.000121397  -4.11422e-05
3.14159  0  0  0.000102566  -5.80785e-05
4.39823  0  0  8.31233e-05  -6.60178e-05
5.65487  0  0  6.62913e-05  -6.77999e-05
6.9115  0  0  5.28671e-05  -6.61703e-05
8.16814  0  0  4.252e-05  -6.2949e-05
10.6814  0  0  2.85457e-05  -5.53039e-05
15.708  0  0  1.48726e-05  -4.236e-05
33.3009  0  0  3.63161e-06  -2.18209e-05
-54.6637  0  3.14159  8.48589e-07  1.3602e-05
-27.0177  0  3.14159  3.48753e-06  2.71901e-05
-13.1947  0  3.14159  1.40686e-05  5.2871e-05
-10.6814  0  3.14159  2.07781e-05  6.30572e-05
-8.16814  0  3.14159  3.31807e-05  7.69722e-05
-6.9115  0  3.14159  4.35252e-05  8.55672e-05
-5.65487  0  3.14159  5.88005e-05  9.49077e-05
-4.39823  0  3.14159  8.19041e-05  0.000103448
-3.14159  0  3.14159  0.000116821  0.000106213
-1.88496  0  3.14159  0.000164386  9.0501e-05
-0.628319  0  3.14159  0.000206986  3.85806e-05
0.628319  0  3.14159  0.000207069  -3.80193e-05
1.88496  0  3.14159  0.000164604  -9.00332e-05
3.14159  0  3.14159  0.000117093  -0.000105852
4.39823  0  3.14159  8.21838e-05  -0.000103172
5.65487  0  3.14159  5.90503e-05  -9.47043e-05
6.9115  0  3.14159  4.37642e-05  -8.54051e-05
8.16814  0  3.14159  3.34088e-05  -7.68364e-05
10.6814  0  3.14159  2.09808e-05  -6.29615e-05
15.708  0  3.14159  1.02501e-05  -4.52594e-05
33.3009  0  3.14159  2.37207e-06  -2.21696e-05
-54.6637  3.14159  0  8.48589e-07  1.3602e-05
-27.0177  3.14159  0  3.48753e-06  2.71901e-05
-13.1947  3.14159  0  1.40686e-05  5.2871e-05
-10.6814  3.14159  0  2.07781e-05  6.30572e-05
-8.16814  3.14159  0  3.31807e-05  7.69722e-05
-6.9115  3.14159  0  4.35252e-05  8.55672e-05
-5.65487  3.14159  0  5.88005e-05  9.49077e-05
-4.39823  3.14159  0  8.19041e-05  0.000103448
-3.14159  3.14159  0  0.000116821  0.000106213
-1.88496  3.14159  0  0.000164386  9.0501e-05
-0.628319  3.14159  0  0.000206986  3.85806e-05
0.628319  3.14159  0  0.000207069  -3.80193e-05
1.88496  3.14159  0  0.000164604  -9.00332e-05
3.14159  3.14159  0  0.000117093  -0.000105852
4.39823  3.14159  0  8.21838e-05  -0.000103172
5.65487  3.14159  0  5.90503e-05  -9.47043e-05
6.9115  3.14159  0  4.37642e-05  -8.54051e-05
8.16814  3.14159  0  3.34088e-05  -7.68364e-05
10.6814  3.14159  0  2.09808e-05  -6.29615e-05
15.708  3.14159  0  1.02501e-05  -4.52594e-05
33.3009  3.14159  0  2.37207e-06  -2.21696e-05
-54.6637  3.14159  3.14159  3.57066e-07  1.36452e-05
-27.0177  3.14159  3.14159  1.51551e-06  2.75339e-05
-13.1947  3.14159  3.14159  6.41608e-06  5.55882e-05
-10.6814  3.14159  3.14159  9.66933e-06  6.7958e-05
-8.16814  3.14159  3.14159  1.59596e-05  8.70703e-05
-6.9115  3.14159  3.14159  2.15134e-05  0.00010109
-5.65487  3.14159  3.14159  3.03512e-05  0.000120249
-4.39823  3.14159  3.14159  4.57407e-05  0.000148013
-3.14159  3.14159  3.14159  7.70333e-05  0.000191736
-1.88496  3.14159  3.14159  0.00016131  0.000264671
-0.628319  3.14159  3.14159  0.000468472  0.000276641
0.628319  3.14159  3.14159  0.000468985  -0.000275648
1.88496  3.14159  3.14159  0.000161834  -0.00026423
3.14159  3.14159  3.14159  7.74285e-05  -0.00019146
4.39823  3.14159  3.14159  4.60712e-05  -0.000147807
5.65487  3.14159  3.14159  3.06447e-05  -0.000120086
6.9115  3.14159  3.14159  2.17803e-05  -0.000100959
8.16814  3.14159  3.14159  1.62032e-05  -8.69614e-05
10.6814  3.14159  3.14159  9.87595e-06  -6.78812e-05
15.708  3.14159  3.14159  4.69413e-06  -4.69249e-05
33.3009  3.14159  3.14159  1.06243e-06  -2.2359e-05
