-54.6637  0  0  -2.72375e-07  -3.36904e-06
-27.0177  0  0  1.76712e-06  -3.7253e-06
-13.1947  0  0  -6.0755e-06  3.2114e-07
-10.6814  0  0  4.4242e-05  -1.05115e-05
-8.16814  0  0  1.17856e-06  -1.16577e-05
-6.9115  0  0  6.6276e-06  -6.08166e-05
-5.65487  0  0  2.49303e-05  4.56202e-06
-4.39823  0  0  -3.80086e-05  4.55197e-06
-3.14159  0  0  2.66022e-05  4.30515e-05
-1.88496  0  0  -2.43657e-05  3.95799e-05
-0.628319  0  0  -0.000197871  -0.000127815
0.628319  0  0  -0.000158799  0.000125689
1.88496  0  0  5.72857e-05  0.000205035
3.14159  0  0  0.000132363  -3.76776e-05
4.39823  0  0  6.6763e-05  2.5468e-05
5.65487  0  0  -5.62336e-06  2.50541e-06
6.9115  0  0  -1.81727e-06  7.27698e-05
8.16814  0  0  5.7774e-06  1.32169e-05
10.6814  0  0  -8.56207e-06  3.22294e-05
15.708  0  0  1.42974e-05  1.5663e-05
33.3009  0  0  -3.04232e-06  5.45934e-06
-54.6637  0  3.14159  1.72308e-06  -5.36948e-07
-27.0177  0  3.14159  1.27054e-06  6.41908e-07
-13.1947  0  3.14159  -3.36222e-06  -1.67623e-05
-10.6814  0  3.14159  3.30448e-05  -9.12252e-06
-8.16814  0  3.14159  -3.3426e-06  -1.57514e-05
-6.9115  0  3.14159  1.74779e-05  9.73776e-06
-5.65487  0  3.14159  4.06637e-05  -5.72606e-05
-4.39823  0  3.14159  -8.53369e-06  3.78103e-06
-3.14159  0  3.14159  3.19183e-05  -4.82e-05
-1.88496  0  3.14159  -0.000116835  -2.81781e-05
-0.628319  0  3.14159  -4.01934e-05  0.000297904
0.628319  0  3.14159  5.38915e-05  -0.000143131
1.88496  0  3.14159  5.62836e-05  0.000139741
3.14159  0  3.14159  2.30613e-05  7.12627e-05
4.39823  0  3.14159  3.70353e-05  -1.47235e-05
5.65487  0  3.14159  4.75006e-05  4.24514e-05
6.9115  0  3.14159  -6.14327e-06  -1.63458e-05
8.16814  0  3.14159  2.22074e-05  1.41648e-05
10.6814  0  3.14159  -5.94026e-06  1.44401e-05
15.708  0  3.14159  -4.85838e-07  7.15471e-06
33.3009  0  3.14159  -8.01977e-06  1.30331e-06
-54.6637  3.14159  0  1.72308e-06  -5.36948e-07
-27.0177  3.14159  0  1.27054e-06  6.41908e-07
-13.1947  3.14159  0  -3.36222e-06  -1.67623e-05
-10.6814  3.14159  0  3.30448e-05  -9.12252e-06
-8.16814  3.14159  0  -3.3426e-06  -1.57514e-05
-6.9115  3.14159  0  1.74779e-05  9.73776e-06
-5.65487  3.14159  0  4.06637e-05  -5.72606e-05
-4.39823  3.14159  0  -8.53369e-06  3.78103e-06
-3.14159  3.14159  0  3.19183e-05  -4.82e-05
-1.88496  3.14159  0  -0.000116835  -2.81781e-05
-0.628319  3.14159  0  -4.01934e-05  0.000297904
0.628319  3.14159  0  5.38915e-05  -0.000143131
1.88496  3.14159  0  5.62836e-05  0.000139741
3.14159  3.14159  0  2.30613e-05  7.12627e-05
4.39823  3.14159  0  3.70353e-05  -1.47235e-05
5.65487  3.14159  0  4.75006e-05  4.24514e-05
6.9115  3.14159  0  -6.14327e-06  -1.63458e-05
8.16814  3.14159  0  2.22074e-05  1.41648e-05
10.6814  3.14159  0  -5.94026e-06  1.44401e-05
15.708  3.14159  0  -4.85838e-07  7.15471e-06
33.3009  3.14159  0  -8.01977e-06  1.30331e-06
-54.6637  3.14159  3.14159  3.02486e-07  -3.34844e-06
-27.0177  3.14159  3.14159  -9.28067e-07  -1.32813e-06
-13.1947  3.14159  3.14159  2.5087e-06  -1.98898e-06
-10.6814  3.14159  3.14159  6.53381e-06  -1.11571e-05
-8.16814  3.14159  3.14159  3.00405e-06  -5.57278e-06
-6.9115  3.14159  3.14159  2.49375e-05  -4.31121e-05
-5.65487  3.14159  3.14159  -3.43965e-06  -4.48683e-06
-4.39823  3.14159  3.14159  3.68095e-05  -3.89342e-05
-3.14159  3.14159  3.14159  6.26174e-05  5.45925e-05
-1.88496  3.14159  3.14159  2.20373e-05  -1.29115e-05
-0.628319  3.14159  3.14159  7.32566e-05  -0.000843999
0.628319  3.14159  3.14159  -0.00023125  0.000870827
1.88496  3.14159  3.14159  5.90035e-05  8.62397e-05
3.14159  3.14159  3.14159  0.000138598  4.17495e-05
4.39823  3.14159  3.14159  2.92163e-05  7.44681e-05
5.65487  3.14159  3.14159  -1.68699e-05  -1.51717e-05
6.9115  3.14159  3.14159  -5.77358e-06  4.36477e-05
8.16814  3.14159  3.14159  -1.29168e-07  1.84144e-05
10.6814  3.14159  3.14159  3.76265e-07  5.53272e-06
15.708  3.14159  3.14159  -6.1892e-07  8.60378e-06
33.3009  3.14159  3.14159  -1.32676e-07  5.9003e-06
