-54.6637  0  0  7.96416e-05  0.000820541
-27.0177  0  0  0.000332977  0.00167708
-13.1947  0  0  0.00122361  0.00306299
-10.6814  0  0  0.00174313  0.00346023
-8.16814  0  0  0.0026007  0.00404051
-6.9115  0  0  0.00316765  0.00418754
-5.65487  0  0  0.00413128  0.00432059
-4.39823  0  0  0.00513527  0.00412887
-3.14159  0  0  0.00657699  0.00376621
-1.88496  0  0  0.00735551  0.00267435
-0.628319  0  0  0.0084185  0.00118129
0.628319  0  0  0.00820836  -0.00114957
1.88496  0  0  0.00736843  -0.0025662
3.14159  0  0  0.00651561  -0.00381133
4.39823  0  0  0.00511311  -0.00414346
5.65487  0  0  0.00414557  -0.00433736
6.9115  0  0  0.00317455  -0.0041637
8.16814  0  0  0.00260266  -0.00403134
10.6814  0  0  0.00174983  -0.00346172
15.708  0  0  0.000921922  -0.0027365
33.3009  0  0  0.000219385  -0.00138205
-54.6637  0  3.14159  4.78121e-05  0.00084491
-27.0177  0  3.14159  0.000190671  0.00169391
-13.1947  0  3.14159  0.00075943  0.00333157
-10.6814  0  3.14159  0.0011487  0.00402964
-8.16814  0  3.14159  0.00187155  0.00497068
-6.9115  0  3.14159  0.00246604  0.00561494
-5.65487  0  3.14159  0.00344611  0.00644472
-4.39823  0  3.14159  0.00490301  0.00708008
-3.14159  0  3.14159  0.00746284  0.00756141
-1.88496  0  3.14159  0.0111903  0.00670335
-0.628319  0  3.14159  0.0146378  0.00294667
0.628319  0  3.14159  0.0147263  -0.00297446
1.88496  0  3.14159  0.0112007  -0.00676819
3.14159  0  3.14159  0.00748449  -0.00757379
4.39823  0  3.14159  0.00491524  -0.00707283
5.65487  0  3.14159  0.00341998  -0.00644299
6.9115  0  3.14159  0.0024586  -0.00561758
8.16814  0  3.14159  0.00186429  -0.0049743
10.6814  0  3.14159  0.00114149  -0.00402793
15.708  0  3.14159  0.000558587  -0.00286242
33.3009  0  3.14159  0.000129018  -0.00136845
-54.6637  3.14159  0  4.78121e-05  0.00084491
-27.0177  3.14159  0  0.000190671  0.00169391
-13.1947  3.14159  0  0.00075943  0.00333157
-10.6814  3.14159  0  0.0011487  0.00402964
-8.16814  3.14159  0  0.00187155  0.00497068
-6.9115  3.14159  0  0.00246604  0.00561494
-5.65487  3.14159  0  0.00344611  0.00644472
-4.39823  3.14159  0  0.00490301  0.00708008
-3.14159  3.14159  0  0.00746284  0.00756141
-1.88496  3.14159  0  0.0111903  0.00670335
-0.628319  3.14159  0  0.0146378  0.00294667
0.628319  3.14159  0  0.0147263  -0.00297446
1.88496  3.14159  0  0.0112007  -0.00676819
3.14159  3.14159  0  0.00748449  -0.00757379
4.39823  3.14159  0  0.00491524  -0.00707283
5.65487  3.14159  0  0.00341998  -0.00644299
6.9115  3.14159  0  0.0024586  -0.00561758
8.16814  3.14159  0  0.00186429  -0.0049743
10.6814  3.14159  0  0.00114149  -0.00402793
15.708  3.14159  0  0.000558587  -0.00286242
33.3009  3.14159  0  0.000129018  -0.00136845
-54.6637  3.14159  3.14159  1.01309e-05  0.000851033
-27.0177  3.14159  3.14159  4.04536e-05  0.00170222
-13.1947  3.14159  3.14159  0.000173919  0.00351408
-10.6814  3.14159  3.14159  0.000260298  0.00430905
-8.16814  3.14159  3.14159  0.0004387  0.00552444
-6.9115  3.14159  3.14159  0.000612883  0.00661887
-5.65487  3.14159  3.14159  0.000912747  0.00808547
-4.39823  3.14159  3.14159  0.00147258  0.0102582
-3.14159  3.14159  3.14159  0.00280237  0.0142247
-1.88496  3.14159  3.14159  0.00704544  0.0218924
-0.628319  3.14159  3.14159  0.0364654  0.0391948
0.628319  3.14159  3.14159  0.0363873  -0.0392373
1.88496  3.14159  3.14159  0.00706552  -0.0218948
3.14159  3.14159  3.14159  0.00277421  -0.0142299
4.39823  3.14159  3.14159  0.00146979  -0.0102603
5.65487  3.14159  3.14159  0.000911919  -0.0080867
6.9115  3.14159  3.14159  0.000616258  -0.00661808
8.16814  3.14159  3.14159  0.000457102  -0.00552454
10.6814  3.14159  3.14159  0.000262764  -0.00430943
15.708  3.14159  3.14159  0.000122196  -0.00294261
33.3009  3.14159  3.14159  2.53702e-05  -0.00140294
