-54.6637  0  0  8.72939e-05  0.000887631
-27.0177  0  0  0.000311094  0.00180649
-13.1947  0  0  0.00138702  0.00341796
-10.6814  0  0  0.00202677  0.00390163
-8.16814  0  0  0.00305748  0.00437437
-6.9115  0  0  0.00379144  0.00454132
-5.65487  0  0  0.00471181  0.00457948
-4.39823  0  0  0.00582282  0.00437491
-3.14159  0  0  0.00705603  0.00377009
-1.88496  0  0  0.00820646  0.00261973
-0.628319  0  0  0.00893144  0.000937175
0.628319  0  0  0.00893068  -0.000976373
1.88496  0  0  0.00820434  -0.00265837
3.14159  0  0  0.00705206  -0.00380725
4.39823  0  0  0.00581674  -0.00440858
5.65487  0  0  0.00470552  -0.00460698
6.9115  0  0  0.00378888  -0.00456156
8.16814  0  0  0.00306273  -0.00438866
10.6814  0  0  0.00205518  -0.00391485
15.708  0  0  0.00103683  -0.00304447
33.3009  0  0  0.000181952  -0.001558
-54.6637  0  3.14159  8.68875e-05  0.000885731
-27.0177  0  3.14159  0.000302677  0.00179349
-13.1947  0  3.14159  0.00128372  0.0033824
-10.6814  0  3.14159  0.00184776  0.00388825
-8.16814  0  3.14159  0.0027534  0.0044601
-6.9115  0  3.14159  0.00341303  0.00474974
-5.65487  0  3.14159  0.0042864  0.00500438
-4.39823  0  3.14159  0.00546438  0.00514012
-3.14159  0  3.14159  0.0070541  0.00494859
-1.88496  0  3.14159  0.00901197  0.00396196
-0.628319  0  3.14159  0.0106345  0.00160192
0.628319  0  3.14159  0.0106342  -0.00163972
1.88496  0  3.14159  0.00901134  -0.00399981
3.14159  0  3.14159  0.00705229  -0.00498632
4.39823  0  3.14159  0.0054597  -0.00517629
5.65487  0  3.14159  0.00427805  -0.00503515
6.9115  0  3.14159  0.0034062  -0.00477057
8.16814  0  3.14159  0.00275551  -0.00447135
10.6814  0  3.14159  0.0018783  -0.00389836
15.708  0  3.14159  0.000977372  -0.00301062
33.3009  0  3.14159  0.000178069  -0.00155036
-54.6637  3.14159  0  8.68875e-05  0.000885731
-27.0177  3.14159  0  0.000302677  0.00179349
-13.1947  3.14159  0  0.00128372  0.0033824
-10.6814  3.14159  0  0.00184776  0.00388825
-8.16814  3.14159  0  0.0027534  0.0044601
-6.9115  3.14159  0  0.00341303  0.00474974
-5.65487  3.14159  0  0.0042864  0.00500438
-4.39823  3.14159  0  0.00546438  0.00514012
-3.14159  3.14159  0  0.0070541  0.00494859
-1.88496  3.14159  0  0.00901197  0.00396196
-0.628319  3.14159  0  0.0106345  0.00160192
0.628319  3.14159  0  0.0106342  -0.00163972
1.88496  3.14159  0  0.00901134  -0.00399981
3.14159  3.14159  0  0.00705229  -0.00498632
4.39823  3.14159  0  0.0054597  -0.00517629
5.65487  3.14159  0  0.00427805  -0.00503515
6.9115  3.14159  0  0.0034062  -0.00477057
8.16814  3.14159  0  0.00275551  -0.00447135
10.6814  3.14159  0  0.0018783  -0.00389836
15.708  3.14159  0  0.000977372  -0.00301062
33.3009  3.14159  0  0.000178069  -0.00155036
-54.6637  3.14159  3.14159  8.64987e-05  0.000883858
-27.0177  3.14159  3.14159  0.000294867  0.00178081
-13.1947  3.14159  3.14159  0.00119845  0.00333987
-10.6814  3.14159  3.14159  0.00169965  0.00384407
-8.16814  3.14159  3.14159  0.00247769  0.00444104
-6.9115  3.14159  3.14159  0.00302367  0.00477698
-5.65487  3.14159  3.14159  0.00372092  0.0051439
-4.39823  3.14159  3.14159  0.00463274  0.00556718
-3.14159  3.14159  3.14159  0.00592441  0.00614778
-1.88496  3.14159  3.14159  0.00831922  0.00712553
-0.628319  3.14159  3.14159  0.0154031  0.0065273
0.628319  3.14159  3.14159  0.0154055  -0.00656159
1.88496  3.14159  3.14159  0.00832238  -0.00716356
3.14159  3.14159  3.14159  0.00592245  -0.00618703
4.39823  3.14159  3.14159  0.00462695  -0.00560267
5.65487  3.14159  3.14159  0.00371421  -0.00517298
6.9115  3.14159  3.14159  0.00301943  -0.00479799
8.16814  3.14159  3.14159  0.00248105  -0.00445416
10.6814  3.14159  3.14159  0.00172901  -0.00385473
15.708  3.14159  3.14159  0.000926415  -0.0029746
33.3009  3.14159  3.14159  0.000174415  -0.00154295
