-54.6637  0  0  5.04685e-05  0.000951664
-27.0177  0  0  0.000317365  0.00189358
-13.1947  0  0  0.0013933  0.00344672
-10.6814  0  0  0.00200997  0.00392729
-8.16814  0  0  0.00301842  0.00441314
-6.9115  0  0  0.00374597  0.00459152
-5.65487  0  0  0.0046644  0.00464204
-4.39823  0  0  0.00577768  0.00444863
-3.14159  0  0  0.00701597  0.00385257
-1.88496  0  0  0.00817304  0.00270835
-0.628319  0  0  0.00890514  0.00102852
0.628319  0  0  0.00891024  -0.000885523
1.88496  0  0  0.00818723  -0.00256905
3.14159  0  0  0.00703669  -0.00371963
4.39823  0  0  0.00580162  -0.00432341
5.65487  0  0  0.0046876  -0.00452446
6.9115  0  0  0.00376431  -0.00447928
8.16814  0  0  0.00302977  -0.00430172
10.6814  0  0  0.00201279  -0.00380475
15.708  0  0  0.00102672  -0.00288763
33.3009  0  0  0.000280792  -0.00145719
-54.6637  0  3.14159  5.00392e-05  0.000949713
-27.0177  0  3.14159  0.000308549  0.00188069
-13.1947  0  3.14159  0.00129167  0.00341179
-10.6814  0  3.14159  0.00183276  0.00391274
-8.16814  0  3.14159  0.00271365  0.00449686
-6.9115  0  3.14159  0.00336576  0.0047992
-5.65487  0  3.14159  0.00423778  0.00506788
-4.39823  0  3.14159  0.00542037  0.00521417
-3.14159  0  3.14159  0.00701389  0.00503001
-1.88496  0  3.14159  0.00897811  0.00405152
-0.628319  0  3.14159  0.0106095  0.00169361
0.628319  0  3.14159  0.0106142  -0.0015509
1.88496  0  3.14159  0.00899307  -0.00391296
3.14159  0  3.14159  0.0070341  -0.00489816
4.39823  0  3.14159  0.00544297  -0.00508906
5.65487  0  3.14159  0.0042616  -0.00495034
6.9115  0  3.14159  0.0033838  -0.00468839
8.16814  0  3.14159  0.00272297  -0.00438599
10.6814  0  3.14159  0.00183428  -0.00378826
15.708  0  3.14159  0.000967739  -0.00285291
33.3009  0  3.14159  0.000276983  -0.00144972
-54.6637  3.14159  0  5.00392e-05  0.000949713
-27.0177  3.14159  0  0.000308549  0.00188069
-13.1947  3.14159  0  0.00129167  0.00341179
-10.6814  3.14159  0  0.00183276  0.00391274
-8.16814  3.14159  0  0.00271365  0.00449686
-6.9115  3.14159  0  0.00336576  0.0047992
-5.65487  3.14159  0  0.00423778  0.00506788
-4.39823  3.14159  0  0.00542037  0.00521417
-3.14159  3.14159  0  0.00701389  0.00503001
-1.88496  3.14159  0  0.00897811  0.00405152
-0.628319  3.14159  0  0.0106095  0.00169361
0.628319  3.14159  0  0.0106142  -0.0015509
1.88496  3.14159  0  0.00899307  -0.00391296
3.14159  3.14159  0  0.0070341  -0.00489816
4.39823  3.14159  0  0.00544297  -0.00508906
5.65487  3.14159  0  0.0042616  -0.00495034
6.9115  3.14159  0  0.0033838  -0.00468839
8.16814  3.14159  0  0.00272297  -0.00438599
10.6814  3.14159  0  0.00183428  -0.00378826
15.708  3.14159  0  0.000967739  -0.00285291
33.3009  3.14159  0  0.000276983  -0.00144972
-54.6637  3.14159  3.14159  4.96254e-05  0.000947787
-27.0177  3.14159  3.14159  0.000300443  0.00186816
-13.1947  3.14159  3.14159  0.00120639  0.00336966
-10.6814  3.14159  3.14159  0.00168477  0.00386936
-8.16814  3.14159  3.14159  0.00243941  0.00447861
-6.9115  3.14159  3.14159  0.00297847  0.00482631
-5.65487  3.14159  3.14159  0.00367374  0.00520618
-4.39823  3.14159  3.14159  0.00458844  0.00564151
-3.14159  3.14159  3.14159  0.00588695  0.00623072
-1.88496  3.14159  3.14159  0.00829051  0.00721086
-0.628319  3.14159  3.14159  0.0153775  0.00661192
0.628319  3.14159  3.14159  0.0153803  -0.00647506
1.88496  3.14159  3.14159  0.00829925  -0.00707454
3.14159  3.14159  3.14159  0.00590399  -0.00609805
4.39823  3.14159  3.14159  0.00460935  -0.0055161
5.65487  3.14159  3.14159  0.00369417  -0.00508802
6.9115  3.14159  3.14159  0.00299406  -0.00471285
8.16814  3.14159  3.14159  0.00244843  -0.00436492
10.6814  3.14159  3.14159  0.00168744  -0.00374368
15.708  3.14159  3.14159  0.000916994  -0.00281741
33.3009  3.14159  3.14159  0.000273425  -0.00144243
