-54.6637  0  0  0.000109568  -3.78063e-05
-27.0177  0  0  0.000394472  -0.00021741
-13.1947  0  0  0.0010302  -0.00123158
-10.6814  0  0  0.00115219  -0.00192489
-8.16814  0  0  0.000994196  -0.00311802
-6.9115  0  0  0.000605879  -0.00396115
-5.65487  0  0  -0.000212708  -0.00491969
-4.39823  0  0  -0.00169588  -0.00577438
-3.14159  0  0  -0.00397609  -0.00600769
-1.88496  0  0  -0.00670037  -0.00484998
-0.628319  0  0  -0.00871299  -0.00190305
0.628319  0  0  -0.00871069  0.00193176
1.88496  0  0  -0.00669113  0.00487701
3.14159  0  0  -0.00396146  0.00603004
4.39823  0  0  -0.00168025  0.00579232
5.65487  0  0  -0.000196121  0.00493505
6.9115  0  0  0.000622907  0.00397485
8.16814  0  0  0.00101291  0.00313113
10.6814  0  0  0.00117693  0.00193239
15.708  0  0  0.000887969  0.000814292
33.3009  0  0  0.000269006  0.00011976
-54.6637  0  3.14159  0.000108535  -3.76841e-05
-27.0177  0  3.14159  0.000387535  -0.000212978
-13.1947  0  3.14159  0.00102798  -0.0011472
-10.6814  0  3.14159  0.00120792  -0.00177307
-8.16814  0  3.14159  0.00125701  -0.0028931
-6.9115  0  3.14159  0.00109975  -0.00376317
-5.65487  0  3.14159  0.000632841  -0.00492843
-4.39823  0  3.14159  -0.000477579  -0.00641185
-3.14159  0  3.14159  -0.00287169  -0.0079389
-1.88496  0  3.14159  -0.00725116  -0.00812088
-0.628319  0  3.14159  -0.0120716  -0.00391241
0.628319  0  3.14159  -0.0120687  0.0039417
1.88496  0  3.14159  -0.0072428  0.00814884
3.14159  0  3.14159  -0.00285839  0.00796469
4.39823  0  3.14159  -0.000459493  0.00643424
5.65487  0  3.14159  0.000654291  0.00494555
6.9115  0  3.14159  0.00112146  0.00377557
8.16814  0  3.14159  0.00127834  0.00290312
10.6814  0  3.14159  0.00123242  0.00177876
15.708  0  3.14159  0.000872733  0.000767956
33.3009  0  3.14159  0.00026499  0.000118221
-54.6637  3.14159  0  0.000108535  -3.76841e-05
-27.0177  3.14159  0  0.000387535  -0.000212978
-13.1947  3.14159  0  0.00102798  -0.0011472
-10.6814  3.14159  0  0.00120792  -0.00177307
-8.16814  3.14159  0  0.00125701  -0.0028931
-6.9115  3.14159  0  0.00109975  -0.00376317
-5.65487  3.14159  0  0.000632841  -0.00492843
-4.39823  3.14159  0  -0.000477579  -0.00641185
-3.14159  3.14159  0  -0.00287169  -0.0079389
-1.88496  3.14159  0  -0.00725116  -0.00812088
-0.628319  3.14159  0  -0.0120716  -0.00391241
0.628319  3.14159  0  -0.0120687  0.0039417
1.88496  3.14159  0  -0.0072428  0.00814884
3.14159  3.14159  0  -0.00285839  0.00796469
4.39823  3.14159  0  -0.000459493  0.00643424
5.65487  3.14159  0  0.000654291  0.00494555
6.9115  3.14159  0  0.00112146  0.00377557
8.16814  3.14159  0  0.00127834  0.00290312
10.6814  3.14159  0  0.00123242  0.00177876
15.708  3.14159  0  0.000872733  0.000767956
33.3009  3.14159  0  0.00026499  0.000118221
-54.6637  3.14159  3.14159  0.000107515  -3.75491e-05
-27.0177  3.14159  3.14159  0.000380696  -0.000208453
-13.1947  3.14159  3.14159  0.00101184  -0.00107133
-10.6814  3.14159  3.14159  0.00121677  -0.001629
-8.16814  3.14159  3.14159  0.00137769  -0.00261337
-6.9115  3.14159  3.14159  0.00137628  -0.00337756
-5.65487  3.14159  3.14159  0.0012456  -0.00442712
-4.39823  3.14159  3.14159  0.000883415  -0.00592431
-3.14159  3.14159  3.14159  7.44349e-05  -0.00830871
-1.88496  3.14159  3.14159  -0.0023723  -0.0133945
-0.628319  3.14159  3.14159  -0.02208  -0.022435
0.628319  3.14159  3.14159  -0.0220768  0.0224656
1.88496  3.14159  3.14159  -0.00236497  0.0134238
3.14159  3.14159  3.14159  8.67169e-05  0.00833781
4.39823  3.14159  3.14159  0.000903931  0.00595271
5.65487  3.14159  3.14159  0.00127555  0.004444
6.9115  3.14159  3.14159  0.00140116  0.0033856
8.16814  3.14159  3.14159  0.00139882  0.00262114
10.6814  3.14159  3.14159  0.00124189  0.00163419
15.708  3.14159  3.14159  0.000853691  0.000725529
33.3009  3.14159  3.14159  0.00026099  0.000116603
