-54.6637  0  0  -0.0222729  -0.00863558
-27.0177  0  0  0.00399789  0.0898333
-13.1947  0  0  0.355883  -0.0739802
-10.6814  0  0  -0.372959  0.318626
-8.16814  0  0  1.4412  -2.42791
-6.9115  0  0  0.873229  0.318387
-5.65487  0  0  0.64114  0.287113
-4.39823  0  0  -3.20778  2.47965
-3.14159  0  0  -2.0872  4.31578
-1.88496  0  0  14.882  -4.15596
-0.628319  0  0  10.942  144.225
0.628319  0  0  101.458  -26.1141
1.88496  0  0  11.1131  14.6702
3.14159  0  0  -0.127824  2.46073
4.39823  0  0  -4.77364  1.35987
5.65487  0  0  0.946864  -0.248009
6.9115  0  0  -0.678958  -2.71657
8.16814  0  0  1.6866  -1.20016
10.6814  0  0  -0.588299  0.651691
15.708  0  0  0.711249  -0.203755
33.3009  0  0  -0.141797  0.185359
-54.6637  0  3.14159  -0.130311  0.132763
-27.0177  0  3.14159  -0.12911  0.329892
-13.1947  0  3.14159  1.09553  -0.972257
-10.6814  0  3.14159  -1.63208  1.73972
-8.16814  0  3.14159  2.72215  -2.2601
-6.9115  0  3.14159  3.04215  -0.748936
-5.65487  0  3.14159  7.3552  -11.4755
-4.39823  0  3.14159  -11.2638  8.56038
-3.14159  0  3.14159  21.3613  -14.9674
-1.88496  0  3.14159  4.37629  -57.9754
-0.628319  0  3.14159  601.161  277.229
0.628319  0  3.14159  -53.6525  -601.149
1.88496  0  3.14159  67.923  -0.784174
3.14159  0  3.14159  1.27639  -12.6341
4.39823  0  3.14159  -6.29042  9.97704
5.65487  0  3.14159  7.66862  -5.86828
6.9115  0  3.14159  -2.76658  -2.44139
8.16814  0  3.14159  1.9103  -5.44114
10.6814  0  3.14159  -0.824302  2.05263
15.708  0  3.14159  0.790462  -0.638689
33.3009  0  3.14159  -0.0311744  0.137802
-54.6637  3.14159  0  -0.130311  0.132763
-27.0177  3.14159  0  -0.12911  0.329892
-13.1947  3.14159  0  1.09553  -0.972257
-10.6814  3.14159  0  -1.63208  1.73972
-8.16814  3.14159  0  2.72215  -2.2601
-6.9115  3.14159  0  3.04215  -0.748936
-5.65487  3.14159  0  7.3552  -11.4755
-4.39823  3.14159  0  -11.2638  8.56038
-3.14159  3.14159  0  21.3613  -14.9674
-1.88496  3.14159  0  4.37629  -57.9754
-0.628319  3.14159  0  601.161  277.229
0.628319  3.14159  0  -53.6525  -601.149
1.88496  3.14159  0  67.923  -0.784174
3.14159  3.14159  0  1.27639  -12.6341
4.39823  3.14159  0  -6.29042  9.97704
5.65487  3.14159  0  7.66862  -5.86828
6.9115  3.14159  0  -2.76658  -2.44139
8.16814  3.14159  0  1.9103  -5.44114
10.6814  3.14159  0  -0.824302  2.05263
15.708  3.14159  0  0.790462  -0.638689
33.3009  3.14159  0  -0.0311744  0.137802
-54.6637  3.14159  3.14159  -0.0178284  -0.0360603
-27.0177  3.14159  3.14159  -0.116663  0.0181577
-13.1947  3.14159  3.14159  -0.0184132  0.220823
-10.6814  3.14159  3.14159  -0.464704  0.351308
-8.16814  3.14159  3.14159  2.13439  -1.36533
-6.9115  3.14159  3.14159  0.933448  1.14815
-5.65487  3.14159  3.14159  2.04433  1.7514
-4.39823  3.14159  3.14159  -5.42392  -0.112739
-3.14159  3.14159  3.14159  0.318651  8.66578
-1.88496  3.14159  3.14159  20.1898  1.60325
-0.628319  3.14159  3.14159  -100.674  313.219
0.628319  3.14159  3.14159  291.157  -10.7525
1.88496  3.14159  3.14159  3.04557  25.3729
3.14159  3.14159  3.14159  0.343696  7.41818
4.39823  3.14159  3.14159  -6.29363  -2.06546
5.65487  3.14159  3.14159  -2.01734  3.19475
6.9115  3.14159  3.14159  -0.0756137  -3.35475
8.16814  3.14159  3.14159  3.59452  -0.279952
10.6814  3.14159  3.14159  -0.341189  0.196731
15.708  3.14159  3.14159  0.648889  0.0245469
33.3009  3.14159  3.14159  -0.199268  0.172315
