-54.6637  0  0  1.11044e-05  0.000115632
-27.0177  0  0  4.42364e-05  0.000227571
-13.1947  0  0  0.000166503  0.000417606
-10.6814  0  0  0.00023721  0.000481185
-8.16814  0  0  0.00035661  0.000552402
-6.9115  0  0  0.000446287  0.000584403
-5.65487  0  0  0.000564268  0.000603875
-4.39823  0  0  0.000714964  0.000594398
-3.14159  0  0  0.000892977  0.000529706
-1.88496  0  0  0.00106946  0.000380389
-0.628319  0  0  0.00118604  0.000140603
0.628319  0  0  0.00118604  -0.000140615
1.88496  0  0  0.00106946  -0.0003804
3.14159  0  0  0.000892973  -0.000529717
4.39823  0  0  0.000714959  -0.000594408
5.65487  0  0  0.000564261  -0.000603882
6.9115  0  0  0.000446278  -0.000584409
8.16814  0  0  0.000356602  -0.000552407
10.6814  0  0  0.000237205  -0.000481189
15.708  0  0  0.000122331  -0.000365494
33.3009  0  0  2.94722e-05  -0.000186941
-54.6637  0  3.14159  6.99405e-06  0.000116298
-27.0177  0  3.14159  2.84513e-05  0.000232812
-13.1947  0  3.14159  0.000114798  0.000455009
-10.6814  0  3.14159  0.00016987  0.000544448
-8.16814  0  3.14159  0.000272462  0.000668832
-6.9115  0  3.14159  0.00035893  0.000747704
-5.65487  0  3.14159  0.000488329  0.000836569
-4.39823  0  3.14159  0.000688447  0.000924426
-3.14159  0  3.14159  0.0010009  0.00096982
-1.88496  0  3.14159  0.00144806  0.000852476
-0.628319  0  3.14159  0.00187048  0.000373437
0.628319  0  3.14159  0.00187048  -0.000373451
1.88496  0  3.14159  0.00144806  -0.000852489
3.14159  0  3.14159  0.00100089  -0.000969832
4.39823  0  3.14159  0.00068844  -0.000924435
5.65487  0  3.14159  0.000488323  -0.000836575
6.9115  0  3.14159  0.000358925  -0.000747708
8.16814  0  3.14159  0.000272457  -0.000668835
10.6814  0  3.14159  0.000169865  -0.000544452
15.708  0  3.14159  8.23246e-05  -0.000389188
33.3009  0  3.14159  1.87825e-05  -0.000189805
-54.6637  3.14159  0  6.99405e-06  0.000116298
-27.0177  3.14159  0  2.84513e-05  0.000232812
-13.1947  3.14159  0  0.000114798  0.000455009
-10.6814  3.14159  0  0.00016987  0.000544448
-8.16814  3.14159  0  0.000272462  0.000668832
-6.9115  3.14159  0  0.00035893  0.000747704
-5.65487  3.14159  0  0.000488329  0.000836569
-4.39823  3.14159  0  0.000688447  0.000924426
-3.14159  3.14159  0  0.0010009  0.00096982
-1.88496  3.14159  0  0.00144806  0.000852476
-0.628319  3.14159  0  0.00187048  0.000373437
0.628319  3.14159  0  0.00187048  -0.000373451
1.88496  3.14159  0  0.00144806  -0.000852489
3.14159  3.14159  0  0.00100089  -0.000969832
4.39823  3.14159  0  0.00068844  -0.000924435
5.65487  3.14159  0  0.000488323  -0.000836575
6.9115  3.14159  0  0.000358925  -0.000747708
8.16814  3.14159  0  0.000272457  -0.000668835
10.6814  3.14159  0  0.000169865  -0.000544452
15.708  3.14159  0  8.23246e-05  -0.000389188
33.3009  3.14159  0  1.87825e-05  -0.000189805
-54.6637  3.14159  3.14159  2.82229e-06  0.000116625
-27.0177  3.14159  3.14159  1.16764e-05  0.000235444
-13.1947  3.14159  3.14159  4.89025e-05  0.000476046
-10.6814  3.14159  3.14159  7.34726e-05  0.00058262
-8.16814  3.14159  3.14159  0.000120784  0.000748234
-6.9115  3.14159  3.14159  0.000162385  0.000870627
-5.65487  3.14159  3.14159  0.000228274  0.00103941
-4.39823  3.14159  3.14159  0.000342258  0.0012881
-3.14159  3.14159  3.14159  0.000573347  0.00169449
-1.88496  3.14159  3.14159  0.00122134  0.00245904
-0.628319  3.14159  3.14159  0.00432397  0.00323751
0.628319  3.14159  3.14159  0.00432396  -0.00323753
1.88496  3.14159  3.14159  0.00122133  -0.00245906
3.14159  3.14159  3.14159  0.00057334  -0.00169449
4.39823  3.14159  3.14159  0.000342251  -0.00128811
5.65487  3.14159  3.14159  0.000228268  -0.00103942
6.9115  3.14159  3.14159  0.00016238  -0.000870632
8.16814  3.14159  3.14159  0.000120778  -0.000748239
10.6814  3.14159  3.14159  7.3467e-05  -0.000582624
15.708  3.14159  3.14159  3.46856e-05  -0.000401954
33.3009  3.14159  3.14159  7.65331e-06  -0.000191226
