-54.6637  0  0  0.000108751  -2.96809e-05
-27.0177  0  0  0.00040948  -0.000188896
-13.1947  0  0  0.00113199  -0.00124677
-10.6814  0  0  0.00125232  -0.00199295
-8.16814  0  0  0.00104054  -0.00323816
-6.9115  0  0  0.000612914  -0.0040824
-5.65487  0  0  -0.000238628  -0.00502134
-4.39823  0  0  -0.00173402  -0.00584785
-3.14159  0  0  -0.00401666  -0.00606211
-1.88496  0  0  -0.00673892  -0.00488829
-0.628319  0  0  -0.00875349  -0.00193491
0.628319  0  0  -0.00874988  0.00191089
1.88496  0  0  -0.00672476  0.0048653
3.14159  0  0  -0.00398649  0.00603105
4.39823  0  0  -0.00168928  0.00579489
5.65487  0  0  -0.000198964  0.00492971
6.9115  0  0  0.000619319  0.00396445
8.16814  0  0  0.00100503  0.00311905
10.6814  0  0  0.00117016  0.00192248
15.708  0  0  0.000885051  0.000800444
33.3009  0  0  0.000256894  0.000114538
-54.6637  0  3.14159  0.000106631  -2.91469e-05
-27.0177  0  3.14159  0.00040108  -0.000184769
-13.1947  0  3.14159  0.00113271  -0.00116147
-10.6814  0  3.14159  0.00130935  -0.00183372
-8.16814  0  3.14159  0.00131843  -0.00302357
-6.9115  0  3.14159  0.00111137  -0.00389614
-5.65487  0  3.14159  0.000595523  -0.00503419
-4.39823  0  3.14159  -0.000514516  -0.00647835
-3.14159  0  3.14159  -0.00291298  -0.00798439
-1.88496  0  3.14159  -0.0072836  -0.0081527
-0.628319  0  3.14159  -0.0121259  -0.00395754
0.628319  0  3.14159  -0.0120989  0.00388649
1.88496  0  3.14159  -0.00728203  0.00813303
3.14159  0  3.14159  -0.0028892  0.00797013
4.39823  0  3.14159  -0.00046691  0.00645246
5.65487  0  3.14159  0.000661923  0.00493446
6.9115  0  3.14159  0.0011094  0.00375949
8.16814  0  3.14159  0.00125394  0.00289404
10.6814  0  3.14159  0.00123138  0.00177488
15.708  0  3.14159  0.000867105  0.000754446
33.3009  0  3.14159  0.000254624  0.000112622
-54.6637  3.14159  0  0.000106631  -2.91469e-05
-27.0177  3.14159  0  0.00040108  -0.000184769
-13.1947  3.14159  0  0.00113271  -0.00116147
-10.6814  3.14159  0  0.00130935  -0.00183372
-8.16814  3.14159  0  0.00131843  -0.00302357
-6.9115  3.14159  0  0.00111137  -0.00389614
-5.65487  3.14159  0  0.000595523  -0.00503419
-4.39823  3.14159  0  -0.000514516  -0.00647835
-3.14159  3.14159  0  -0.00291298  -0.00798439
-1.88496  3.14159  0  -0.0072836  -0.0081527
-0.628319  3.14159  0  -0.0121259  -0.00395754
0.628319  3.14159  0  -0.0120989  0.00388649
1.88496  3.14159  0  -0.00728203  0.00813303
3.14159  3.14159  0  -0.0028892  0.00797013
4.39823  3.14159  0  -0.00046691  0.00645246
5.65487  3.14159  0  0.000661923  0.00493446
6.9115  3.14159  0  0.0011094  0.00375949
8.16814  3.14159  0  0.00125394  0.00289404
10.6814  3.14159  0  0.00123138  0.00177488
15.708  3.14159  0  0.000867105  0.000754446
33.3009  3.14159  0  0.000254624  0.000112622
-54.6637  3.14159  3.14159  0.000106721  -2.94756e-05
-27.0177  3.14159  3.14159  0.00039543  -0.000180154
-13.1947  3.14159  3.14159  0.00111233  -0.00108239
-10.6814  3.14159  3.14159  0.00132019  -0.00169055
-8.16814  3.14159  3.14159  0.00143712  -0.00273234
-6.9115  3.14159  3.14159  0.00139736  -0.00350737
-5.65487  3.14159  3.14159  0.00122338  -0.00454568
-4.39823  3.14159  3.14159  0.000831982  -0.00600775
-3.14159  3.14159  3.14159  2.31734e-05  -0.00835996
-1.88496  3.14159  3.14159  -0.00242208  -0.0134247
-0.628319  3.14159  3.14159  -0.0220821  -0.022395
0.628319  3.14159  3.14159  -0.0221038  0.0223507
1.88496  3.14159  3.14159  -0.00242853  0.0134106
3.14159  3.14159  3.14159  5.80208e-05  0.00834067
4.39823  3.14159  3.14159  0.000890355  0.00594676
5.65487  3.14159  3.14159  0.0012566  0.00443906
6.9115  3.14159  3.14159  0.00138722  0.00338689
8.16814  3.14159  3.14159  0.00139012  0.0026211
10.6814  3.14159  3.14159  0.00124006  0.00162779
15.708  3.14159  3.14159  0.000852001  0.00071052
33.3009  3.14159  3.14159  0.000248821  0.000111384
