-54.6637  0  0  4.33076e-06  -9.61863e-07
-27.0177  0  0  1.5875e-05  -7.3731e-06
-13.1947  0  0  4.25719e-05  -4.79256e-05
-10.6814  0  0  4.79814e-05  -7.65884e-05
-8.16814  0  0  4.13399e-05  -0.000125722
-6.9115  0  0  2.57219e-05  -0.000162481
-5.65487  0  0  -9.57733e-06  -0.000199374
-4.39823  0  0  -6.95117e-05  -0.000242418
-3.14159  0  0  -0.000170315  -0.000251341
-1.88496  0  0  -0.000287016  -0.000207399
-0.628319  0  0  -0.000394522  -0.00011191
0.628319  0  0  -0.000352306  8.81001e-05
1.88496  0  0  -0.000281338  0.000214286
3.14159  0  0  -0.000164749  0.000255394
4.39823  0  0  -6.5579e-05  0.000239251
5.65487  0  0  -8.07911e-06  0.000204334
6.9115  0  0  2.78836e-05  0.000159942
8.16814  0  0  4.21099e-05  0.00012552
10.6814  0  0  4.83001e-05  7.59425e-05
15.708  0  0  3.58233e-05  3.11839e-05
33.3009  0  0  1.10475e-05  4.01344e-06
-54.6637  0  3.14159  4.37482e-06  -8.11034e-07
-27.0177  0  3.14159  1.65057e-05  -6.19649e-06
-13.1947  0  3.14159  5.08756e-05  -4.19498e-05
-10.6814  0  3.14159  6.40697e-05  -6.90636e-05
-8.16814  0  3.14159  7.58645e-05  -0.000121674
-6.9115  0  3.14159  7.57476e-05  -0.000166066
-5.65487  0  3.14159  6.19543e-05  -0.00022946
-4.39823  0  3.14159  1.4369e-05  -0.00031833
-3.14159  0  3.14159  -0.000111038  -0.000420977
-1.88496  0  3.14159  -0.000368249  -0.000457221
-0.628319  0  3.14159  -0.00066829  -0.000224989
0.628319  0  3.14159  -0.000677192  0.000236456
1.88496  0  3.14159  -0.000365718  0.000456723
3.14159  0  3.14159  -0.000108603  0.000422206
4.39823  0  3.14159  1.63699e-05  0.00031863
5.65487  0  3.14159  6.32416e-05  0.000229708
6.9115  0  3.14159  7.67442e-05  0.000165192
8.16814  0  3.14159  7.66244e-05  0.000120919
10.6814  0  3.14159  6.44882e-05  6.85217e-05
15.708  0  3.14159  4.03752e-05  2.67961e-05
33.3009  0  3.14159  1.12874e-05  3.39901e-06
-54.6637  3.14159  0  4.37482e-06  -8.11034e-07
-27.0177  3.14159  0  1.65057e-05  -6.19649e-06
-13.1947  3.14159  0  5.08756e-05  -4.19498e-05
-10.6814  3.14159  0  6.40697e-05  -6.90636e-05
-8.16814  3.14159  0  7.58645e-05  -0.000121674
-6.9115  3.14159  0  7.57476e-05  -0.000166066
-5.65487  3.14159  0  6.19543e-05  -0.00022946
-4.39823  3.14159  0  1.4369e-05  -0.00031833
-3.14159  3.14159  0  -0.000111038  -0.000420977
-1.88496  3.14159  0  -0.000368249  -0.000457221
-0.628319  3.14159  0  -0.00066829  -0.000224989
0.628319  3.14159  0  -0.000677192  0.000236456
1.88496  3.14159  0  -0.000365718  0.000456723
3.14159  3.14159  0  -0.000108603  0.000422206
4.39823  3.14159  0  1.63699e-05  0.00031863
5.65487  3.14159  0  6.32416e-05  0.000229708
6.9115  3.14159  0  7.67442e-05  0.000165192
8.16814  3.14159  0  7.66244e-05  0.000120919
10.6814  3.14159  0  6.44882e-05  6.85217e-05
15.708  3.14159  0  4.03752e-05  2.67961e-05
33.3009  3.14159  0  1.12874e-05  3.39901e-06
-54.6637  3.14159  3.14159  4.39939e-06  -6.51969e-07
-27.0177  3.14159  3.14159  1.68973e-05  -4.90673e-06
-13.1947  3.14159  3.14159  5.71533e-05  -3.32107e-05
-10.6814  3.14159  3.14159  7.73735e-05  -5.4915e-05
-8.16814  3.14159  3.14159  0.000108187  -9.92989e-05
-6.9115  3.14159  3.14159  0.000129028  -0.000139073
-5.65487  3.14159  3.14159  0.000154704  -0.000202342
-4.39823  3.14159  3.14159  0.000185157  -0.000311204
-3.14159  3.14159  3.14159  0.000211019  -0.00052825
-1.88496  3.14159  3.14159  0.00011334  -0.00108263
-0.628319  3.14159  3.14159  -0.00177316  -0.00204202
0.628319  3.14159  3.14159  -0.00176041  0.00203656
1.88496  3.14159  3.14159  0.000116053  0.00107797
3.14159  3.14159  3.14159  0.000213704  0.000527329
4.39823  3.14159  3.14159  0.000186782  0.00031065
5.65487  3.14159  3.14159  0.000156382  0.00020192
6.9115  3.14159  3.14159  0.00013014  0.00013829
8.16814  3.14159  3.14159  0.000108759  9.83956e-05
10.6814  3.14159  3.14159  7.75785e-05  5.45721e-05
15.708  3.14159  3.14159  4.36143e-05  2.11629e-05
33.3009  3.14159  3.14159  1.14632e-05  2.69115e-06
