-54.6637  0  0  0.00950836  0.000226854
-27.0177  0  0  0.0372466  -0.00532182
-13.1947  0  0  0.118566  -0.111913
-10.6814  0  0  0.185817  -0.159366
-8.16814  0  0  0.275864  -0.465205
-6.9115  0  0  0.307087  -0.475982
-5.65487  0  0  0.166347  -0.738706
-4.39823  0  0  0.162383  -0.542668
-3.14159  0  0  0.257079  -1.45641
-1.88496  0  0  -0.572296  -1.49205
-0.628319  0  0  16.4532  2.97416
0.628319  0  0  -6.68172  -12.1889
1.88496  0  0  0.841103  0.845253
3.14159  0  0  0.180479  1.01157
4.39823  0  0  0.199405  1.05457
5.65487  0  0  0.357026  0.65761
6.9115  0  0  0.191592  0.428883
8.16814  0  0  0.217186  0.169022
10.6814  0  0  0.179928  0.197624
15.708  0  0  0.104306  0.0580938
33.3009  0  0  0.0240547  0.0157719
-54.6637  0  3.14159  0.00606739  -0.00446398
-27.0177  0  3.14159  0.0254158  -0.021852
-13.1947  0  3.14159  0.118309  -0.0680752
-10.6814  0  3.14159  0.0960978  -0.195212
-8.16814  0  3.14159  0.25648  -0.0921374
-6.9115  0  3.14159  0.279621  -0.358253
-5.65487  0  3.14159  0.411186  -0.705111
-4.39823  0  3.14159  0.0874084  -1.06771
-3.14159  0  3.14159  0.634127  -1.33817
-1.88496  0  3.14159  0.612336  -1.84914
-0.628319  0  3.14159  -16.4122  7.89298
0.628319  0  3.14159  14.0332  3.7805
1.88496  0  3.14159  0.182245  1.52233
3.14159  0  3.14159  0.11074  1.60179
4.39823  0  3.14159  0.127656  0.561376
5.65487  0  3.14159  0.0497065  0.660082
6.9115  0  3.14159  0.267595  0.491239
8.16814  0  3.14159  0.389468  0.455588
10.6814  0  3.14159  0.118681  0.169204
15.708  0  3.14159  0.0813358  0.0965056
33.3009  0  3.14159  0.0164569  0.00335335
-54.6637  3.14159  0  0.00606739  -0.00446398
-27.0177  3.14159  0  0.0254158  -0.021852
-13.1947  3.14159  0  0.118309  -0.0680752
-10.6814  3.14159  0  0.0960978  -0.195212
-8.16814  3.14159  0  0.25648  -0.0921374
-6.9115  3.14159  0  0.279621  -0.358253
-5.65487  3.14159  0  0.411186  -0.705111
-4.39823  3.14159  0  0.0874084  -1.06771
-3.14159  3.14159  0  0.634127  -1.33817
-1.88496  3.14159  0  0.612336  -1.84914
-0.628319  3.14159  0  -16.4122  7.89298
0.628319  3.14159  0  14.0332  3.7805
1.88496  3.14159  0  0.182245  1.52233
3.14159  3.14159  0  0.11074  1.60179
4.39823  3.14159  0  0.127656  0.561376
5.65487  3.14159  0  0.0497065  0.660082
6.9115  3.14159  0  0.267595  0.491239
8.16814  3.14159  0  0.389468  0.455588
10.6814  3.14159  0  0.118681  0.169204
15.708  3.14159  0  0.0813358  0.0965056
33.3009  3.14159  0  0.0164569  0.00335335
-54.6637  3.14159  3.14159  0.00693391  0.0015136
-27.0177  3.14159  3.14159  0.0294634  0.00151239
-13.1947  3.14159  3.14159  0.114943  -0.128008
-10.6814  3.14159  3.14159  0.12792  -0.128959
-8.16814  3.14159  3.14159  0.331089  -0.486064
-6.9115  3.14159  3.14159  0.22065  -0.477546
-5.65487  3.14159  3.14159  0.0363325  -0.889813
-4.39823  3.14159  3.14159  -0.454681  -0.529653
-3.14159  3.14159  3.14159  0.144133  -1.59901
-1.88496  3.14159  3.14159  -1.1277  -2.56394
-0.628319  3.14159  3.14159  19.1465  13.0333
0.628319  3.14159  3.14159  0.146473  -17.6841
1.88496  3.14159  3.14159  0.833741  2.32699
3.14159  3.14159  3.14159  -0.256279  0.973409
4.39823  3.14159  3.14159  -0.349815  1.13627
5.65487  3.14159  3.14159  0.202786  0.645918
6.9115  3.14159  3.14159  0.0482256  0.317543
8.16814  3.14159  3.14159  0.2367  0.073088
10.6814  3.14159  3.14159  0.114665  0.222591
15.708  3.14159  3.14159  0.109492  0.0600571
33.3009  3.14159  3.14159  0.0184249  0.0182538
