-54.6637  0  0  8.30004e-05  0.000907558
-27.0177  0  0  0.000331509  0.00179072
-13.1947  0  0  0.00125946  0.00331741
-10.6814  0  0  0.00180398  0.00384357
-8.16814  0  0  0.00273677  0.00445374
-6.9115  0  0  0.0034484  0.0047449
-5.65487  0  0  0.00439917  0.00494856
-4.39823  0  0  0.00563779  0.00492897
-3.14159  0  0  0.00713611  0.00445469
-1.88496  0  0  0.0086593  0.00324414
-0.628319  0  0  0.0096862  0.00121046
0.628319  0  0  0.0096862  -0.00121042
1.88496  0  0  0.00865931  -0.00324411
3.14159  0  0  0.00713612  -0.00445467
4.39823  0  0  0.0056378  -0.00492895
5.65487  0  0  0.00439919  -0.00494855
6.9115  0  0  0.00344843  -0.00474489
8.16814  0  0  0.00273679  -0.00445373
10.6814  0  0  0.00180399  -0.00384356
15.708  0  0  0.000922263  -0.00289346
33.3009  0  0  0.000220654  -0.00146933
-54.6637  0  3.14159  5.12163e-05  0.000912438
-27.0177  0  3.14159  0.000208766  0.00182925
-13.1947  0  3.14159  0.000848188  0.00359557
-10.6814  0  3.14159  0.00125985  0.00431769
-8.16814  0  3.14159  0.00203365  0.00533931
-6.9115  0  3.14159  0.00269259  0.0060028
-5.65487  0  3.14159  0.00369061  0.00677497
-4.39823  0  3.14159  0.0052646  0.00759317
-3.14159  0  3.14159  0.00780527  0.00815759
-1.88496  0  3.14159  0.0116369  0.00744474
-0.628319  0  3.14159  0.0154754  0.00339442
0.628319  0  3.14159  0.0154754  -0.00339437
1.88496  0  3.14159  0.0116369  -0.0074447
3.14159  0  3.14159  0.0078053  -0.00815756
4.39823  0  3.14159  0.00526463  -0.00759315
5.65487  0  3.14159  0.00369063  -0.00677496
6.9115  0  3.14159  0.00269261  -0.00600279
8.16814  0  3.14159  0.00203367  -0.0053393
10.6814  0  3.14159  0.00125987  -0.00431769
15.708  0  3.14159  0.000606826  -0.00306889
33.3009  0  3.14159  0.000137722  -0.00149034
-54.6637  3.14159  0  5.12163e-05  0.000912438
-27.0177  3.14159  0  0.000208766  0.00182925
-13.1947  3.14159  0  0.000848188  0.00359557
-10.6814  3.14159  0  0.00125985  0.00431769
-8.16814  3.14159  0  0.00203365  0.00533931
-6.9115  3.14159  0  0.00269259  0.0060028
-5.65487  3.14159  0  0.00369061  0.00677497
-4.39823  3.14159  0  0.0052646  0.00759317
-3.14159  3.14159  0  0.00780527  0.00815759
-1.88496  3.14159  0  0.0116369  0.00744474
-0.628319  3.14159  0  0.0154754  0.00339442
0.628319  3.14159  0  0.0154754  -0.00339437
1.88496  3.14159  0  0.0116369  -0.0074447
3.14159  3.14159  0  0.0078053  -0.00815756
4.39823  3.14159  0  0.00526463  -0.00759315
5.65487  3.14159  0  0.00369063  -0.00677496
6.9115  3.14159  0  0.00269261  -0.00600279
8.16814  3.14159  0  0.00203367  -0.0053393
10.6814  3.14159  0  0.00125987  -0.00431769
15.708  3.14159  0  0.000606826  -0.00306889
33.3009  3.14159  0  0.000137722  -0.00149034
-54.6637  3.14159  3.14159  1.89865e-05  0.000914712
-27.0177  3.14159  3.14159  7.88661e-05  0.00184755
-13.1947  3.14159  3.14159  0.000332788  0.00374231
-10.6814  3.14159  3.14159  0.000500774  0.0045849
-8.16814  3.14159  3.14159  0.000823333  0.0058991
-6.9115  3.14159  3.14159  0.00110518  0.00687461
-5.65487  3.14159  3.14159  0.00154706  0.00822701
-4.39823  3.14159  3.14159  0.00229753  0.0102401
-3.14159  3.14159  3.14159  0.00377973  0.0136167
-1.88496  3.14159  3.14159  0.007951  0.0205806
-0.628319  3.14159  3.14159  0.0345463  0.0353542
0.628319  3.14159  3.14159  0.0345464  -0.0353542
1.88496  3.14159  3.14159  0.00795106  -0.0205806
3.14159  3.14159  3.14159  0.00377976  -0.0136167
4.39823  3.14159  3.14159  0.00229756  -0.0102401
5.65487  3.14159  3.14159  0.00154709  -0.00822701
6.9115  3.14159  3.14159  0.00110519  -0.0068746
8.16814  3.14159  3.14159  0.00082335  -0.0058991
10.6814  3.14159  3.14159  0.000500792  -0.0045849
15.708  3.14159  3.14159  0.000235661  -0.00315779
33.3009  3.14159  3.14159  5.1633e-05  -0.00150024
