-54.6637  0  0  -20.3374  33.4678
-27.0177  0  0  36.0563  -37.425
-13.1947  0  0  73.6269  -2.90818
-10.6814  0  0  -66.8196  21.6484
-8.16814  0  0  -50.331  79.8368
-6.9115  0  0  0.690316  68.4728
-5.65487  0  0  -185.873  67.5589
-4.39823  0  0  69.4996  -156.395
-3.14159  0  0  162.725  -258.459
-1.88496  0  0  424.89  324.691
-0.628319  0  0  1462.65  -552.92
0.628319  0  0  -675.948  1199.66
1.88496  0  0  469.65  515.678
3.14159  0  0  -309.234  131.148
4.39823  0  0  -177.08  0.316868
5.65487  0  0  86.4665  -162.362
6.9115  0  0  125.651  41.9993
8.16814  0  0  131.591  -5.79855
10.6814  0  0  36.0828  -52.9978
15.708  0  0  -54.8949  18.1818
33.3009  0  0  -72.07  55.7559
-54.6637  0  3.14159  -1.87664  -7.31863
-27.0177  0  3.14159  1.09639  9.03307
-13.1947  0  3.14159  -1.93864  15.5031
-10.6814  0  3.14159  5.10022  -23.6568
-8.16814  0  3.14159  -15.4932  -47.584
-6.9115  0  3.14159  -16.682  -27.164
-5.65487  0  3.14159  10.7508  -67.2981
-4.39823  0  3.14159  48.1345  47.3433
-3.14159  0  3.14159  37.5963  99.657
-1.88496  0  3.14159  -148.935  15.8222
-0.628319  0  3.14159  -53.8439  431.345
0.628319  0  3.14159  -200.772  -395.988
1.88496  0  3.14159  -156.627  35.1169
3.14159  0  3.14159  13.6512  -80.0738
4.39823  0  3.14159  36.9934  -51.2903
5.65487  0  3.14159  18.3969  66.2577
6.9115  0  3.14159  -24.4264  26.2781
8.16814  0  3.14159  -11.9514  51.3287
10.6814  0  3.14159  10.2058  20.8823
15.708  0  3.14159  1.10848  -9.43233
33.3009  0  3.14159  -0.952098  -24.9329
-54.6637  3.14159  0  -1.87664  -7.31863
-27.0177  3.14159  0  1.09639  9.03307
-13.1947  3.14159  0  -1.93864  15.5031
-10.6814  3.14159  0  5.10022  -23.6568
-8.16814  3.14159  0  -15.4932  -47.584
-6.9115  3.14159  0  -16.682  -27.164
-5.65487  3.14159  0  10.7508  -67.2981
-4.39823  3.14159  0  48.1345  47.3433
-3.14159  3.14159  0  37.5963  99.657
-1.88496  3.14159  0  -148.935  15.8222
-0.628319  3.14159  0  -53.8439  431.345
0.628319  3.14159  0  -200.772  -395.988
1.88496  3.14159  0  -156.627  35.1169
3.14159  3.14159  0  13.6512  -80.0738
4.39823  3.14159  0  36.9934  -51.2903
5.65487  3.14159  0  18.3969  66.2577
6.9115  3.14159  0  -24.4264  26.2781
8.16814  3.14159  0  -11.9514  51.3287
10.6814  3.14159  0  10.2058  20.8823
15.708  3.14159  0  1.10848  -9.43233
33.3009  3.14159  0  -0.952098  -24.9329
-54.6637  3.14159  3.14159  -15.5913  33.7197
-27.0177  3.14159  3.14159  29.4868  -38.1123
-13.1947  3.14159  3.14159  68.4891  -9.87875
-10.6814  3.14159  3.14159  -61.1153  27.228
-8.16814  3.14159  3.14159  -43.9767  83.9597
-6.9115  3.14159  3.14159  4.07082  65.3663
-5.65487  3.14159  3.14159  -171.448  85.8655
-4.39823  3.14159  3.14159  50.9175  -153.517
-3.14159  3.14159  3.14159  132.128  -261.523
-1.88496  3.14159  3.14159  432.647  263.203
-0.628319  3.14159  3.14159  1334.31  -673.461
0.628319  3.14159  3.14159  -519.068  1201.01
1.88496  3.14159  3.14159  499.017  440.712
3.14159  3.14159  3.14159  -277.709  154.009
4.39823  3.14159  3.14159  -169.387  11.9132
5.65487  3.14159  3.14159  70.7562  -164.75
6.9115  3.14159  3.14159  124.285  27.0273
8.16814  3.14159  3.14159  127.457  -22.2529
10.6814  3.14159  3.14159  30.5252  -54.1655
15.708  3.14159  3.14159  -48.1101  21.7005
33.3009  3.14159  3.14159  -62.6314  59.2818
