-54.6637  0  0  0.000117087  -5.62308e-05
-27.0177  0  0  0.000394774  -0.000139383
-13.1947  0  0  0.000988799  -0.000986051
-10.6814  0  0  0.00127714  -0.00184377
-8.16814  0  0  0.00109072  -0.00260265
-6.9115  0  0  0.000863664  -0.00373189
-5.65487  0  0  0.000149077  -0.0050645
-4.39823  0  0  -0.00170749  -0.00616174
-3.14159  0  0  -0.00412036  -0.00619446
-1.88496  0  0  -0.00663328  -0.00499049
-0.628319  0  0  -0.00815237  -0.00183104
0.628319  0  0  -0.0084887  0.00243869
1.88496  0  0  -0.00671547  0.0047872
3.14159  0  0  -0.00394796  0.00568642
4.39823  0  0  -0.0019134  0.00550781
5.65487  0  0  -0.00026889  0.00499802
6.9115  0  0  0.000851857  0.00394751
8.16814  0  0  0.00144626  0.00300513
10.6814  0  0  0.001103  0.00190088
15.708  0  0  0.000960431  0.000756446
33.3009  0  0  0.000228217  0.000111592
-54.6637  0  3.14159  8.25404e-05  -3.18357e-05
-27.0177  0  3.14159  0.000360564  -0.00012731
-13.1947  0  3.14159  0.00105526  -0.000964583
-10.6814  0  3.14159  0.00133017  -0.00161913
-8.16814  0  3.14159  0.00146106  -0.00268624
-6.9115  0  3.14159  0.00136968  -0.00365184
-5.65487  0  3.14159  0.000923263  -0.004962
-4.39823  0  3.14159  -0.000403471  -0.00655272
-3.14159  0  3.14159  -0.00282861  -0.00796243
-1.88496  0  3.14159  -0.00722684  -0.00810496
-0.628319  0  3.14159  -0.0118135  -0.00373726
0.628319  0  3.14159  -0.011997  0.00411576
1.88496  0  3.14159  -0.00704129  0.00812328
3.14159  0  3.14159  -0.00277243  0.00780441
4.39823  0  3.14159  -0.00042558  0.00629356
5.65487  0  3.14159  0.000617931  0.00490203
6.9115  0  3.14159  0.00116836  0.00373841
8.16814  0  3.14159  0.0013845  0.00284583
10.6814  0  3.14159  0.00126022  0.00174712
15.708  0  3.14159  0.000959314  0.000748343
33.3009  0  3.14159  0.000279446  7.89975e-05
-54.6637  3.14159  0  8.25404e-05  -3.18357e-05
-27.0177  3.14159  0  0.000360564  -0.00012731
-13.1947  3.14159  0  0.00105526  -0.000964583
-10.6814  3.14159  0  0.00133017  -0.00161913
-8.16814  3.14159  0  0.00146106  -0.00268624
-6.9115  3.14159  0  0.00136968  -0.00365184
-5.65487  3.14159  0  0.000923263  -0.004962
-4.39823  3.14159  0  -0.000403471  -0.00655272
-3.14159  3.14159  0  -0.00282861  -0.00796243
-1.88496  3.14159  0  -0.00722684  -0.00810496
-0.628319  3.14159  0  -0.0118135  -0.00373726
0.628319  3.14159  0  -0.011997  0.00411576
1.88496  3.14159  0  -0.00704129  0.00812328
3.14159  3.14159  0  -0.00277243  0.00780441
4.39823  3.14159  0  -0.00042558  0.00629356
5.65487  3.14159  0  0.000617931  0.00490203
6.9115  3.14159  0  0.00116836  0.00373841
8.16814  3.14159  0  0.0013845  0.00284583
10.6814  3.14159  0  0.00126022  0.00174712
15.708  3.14159  0  0.000959314  0.000748343
33.3009  3.14159  0  0.000279446  7.89975e-05
-54.6637  3.14159  3.14159  6.7813e-05  -3.79152e-05
-27.0177  3.14159  3.14159  0.000331785  -0.000117827
-13.1947  3.14159  3.14159  0.00110253  -0.000937921
-10.6814  3.14159  3.14159  0.0013468  -0.00147115
-8.16814  3.14159  3.14159  0.00166259  -0.00249862
-6.9115  3.14159  3.14159  0.00160946  -0.00327192
-5.65487  3.14159  3.14159  0.00141285  -0.00436034
-4.39823  3.14159  3.14159  0.000971972  -0.00601945
-3.14159  3.14159  3.14159  7.81926e-05  -0.00820466
-1.88496  3.14159  3.14159  -0.00246831  -0.0133539
-0.628319  3.14159  3.14159  -0.022169  -0.0219677
0.628319  3.14159  3.14159  -0.0219262  0.02202
1.88496  3.14159  3.14159  -0.0021797  0.0133685
3.14159  3.14159  3.14159  5.5794e-05  0.00818551
4.39823  3.14159  3.14159  0.000946155  0.00600773
5.65487  3.14159  3.14159  0.00131943  0.00429252
6.9115  3.14159  3.14159  0.00138134  0.00323593
8.16814  3.14159  3.14159  0.00134914  0.00250285
10.6814  3.14159  3.14159  0.00130767  0.00164868
15.708  3.14159  3.14159  0.000907396  0.000786486
33.3009  3.14159  3.14159  0.000297094  8.63486e-05
