-54.6637  0  0  5.01399e-06  -1.30732e-06
-27.0177  0  0  1.66978e-05  -6.87074e-06
-13.1947  0  0  3.7402e-05  -3.66729e-05
-10.6814  0  0  5.64623e-05  -8.60857e-05
-8.16814  0  0  4.18253e-05  -0.000120413
-6.9115  0  0  1.76813e-05  -0.000185107
-5.65487  0  0  -3.511e-05  -0.000149088
-4.39823  0  0  -6.89878e-05  -0.00030884
-3.14159  0  0  -0.000193134  -0.000281138
-1.88496  0  0  -0.000305204  -0.000192828
-0.628319  0  0  -0.000750241  -0.000577117
0.628319  0  0  -0.000338412  0.000312171
1.88496  0  0  -0.000285288  0.00027104
3.14159  0  0  -0.000200231  0.000279259
4.39823  0  0  -4.4914e-05  0.000200417
5.65487  0  0  -3.36929e-05  0.000269267
6.9115  0  0  3.69076e-05  0.000163138
8.16814  0  0  3.57602e-05  0.000150825
10.6814  0  0  5.57821e-05  7.68954e-05
15.708  0  0  3.49354e-05  4.02262e-05
33.3009  0  0  1.15367e-05  3.55813e-06
-54.6637  0  3.14159  4.66131e-06  -8.57342e-07
-27.0177  0  3.14159  1.76265e-05  -6.52905e-06
-13.1947  0  3.14159  5.41116e-05  -4.45798e-05
-10.6814  0  3.14159  6.81643e-05  -7.37078e-05
-8.16814  0  3.14159  8.09113e-05  -0.000129866
-6.9115  0  3.14159  8.11791e-05  -0.000178265
-5.65487  0  3.14159  6.608e-05  -0.000243225
-4.39823  0  3.14159  1.60559e-05  -0.000342575
-3.14159  0  3.14159  -0.000114563  -0.000443195
-1.88496  0  3.14159  -0.000388909  -0.000494979
-0.628319  0  3.14159  -0.00070001  -0.000240858
0.628319  0  3.14159  -0.000724776  0.000256222
1.88496  0  3.14159  -0.000392583  0.000486406
3.14159  0  3.14159  -0.000118275  0.000454602
4.39823  0  3.14159  1.83239e-05  0.000337397
5.65487  0  3.14159  6.72364e-05  0.000245792
6.9115  0  3.14159  8.23906e-05  0.000175179
8.16814  0  3.14159  8.16733e-05  0.000128443
10.6814  0  3.14159  6.90212e-05  7.29454e-05
15.708  0  3.14159  4.30209e-05  2.85503e-05
33.3009  0  3.14159  1.20448e-05  3.66278e-06
-54.6637  3.14159  0  4.66131e-06  -8.57342e-07
-27.0177  3.14159  0  1.76265e-05  -6.52905e-06
-13.1947  3.14159  0  5.41116e-05  -4.45798e-05
-10.6814  3.14159  0  6.81643e-05  -7.37078e-05
-8.16814  3.14159  0  8.09113e-05  -0.000129866
-6.9115  3.14159  0  8.11791e-05  -0.000178265
-5.65487  3.14159  0  6.608e-05  -0.000243225
-4.39823  3.14159  0  1.60559e-05  -0.000342575
-3.14159  3.14159  0  -0.000114563  -0.000443195
-1.88496  3.14159  0  -0.000388909  -0.000494979
-0.628319  3.14159  0  -0.00070001  -0.000240858
0.628319  3.14159  0  -0.000724776  0.000256222
1.88496  3.14159  0  -0.000392583  0.000486406
3.14159  3.14159  0  -0.000118275  0.000454602
4.39823  3.14159  0  1.83239e-05  0.000337397
5.65487  3.14159  0  6.72364e-05  0.000245792
6.9115  3.14159  0  8.23906e-05  0.000175179
8.16814  3.14159  0  8.16733e-05  0.000128443
10.6814  3.14159  0  6.90212e-05  7.29454e-05
15.708  3.14159  0  4.30209e-05  2.85503e-05
33.3009  3.14159  0  1.20448e-05  3.66278e-06
-54.6637  3.14159  3.14159  4.81099e-06  -7.62494e-07
-27.0177  3.14159  3.14159  1.83219e-05  -5.61904e-06
-13.1947  3.14159  3.14159  5.9504e-05  -3.55262e-05
-10.6814  3.14159  3.14159  8.47421e-05  -6.2369e-05
-8.16814  3.14159  3.14159  0.000107876  -9.98669e-05
-6.9115  3.14159  3.14159  0.000134892  -0.000155848
-5.65487  3.14159  3.14159  0.000162501  -0.00020536
-4.39823  3.14159  3.14159  0.000209135  -0.000346616
-3.14159  3.14159  3.14159  0.000228088  -0.000563318
-1.88496  3.14159  3.14159  7.22918e-05  -0.00115445
-0.628319  3.14159  3.14159  -0.00216947  -0.00292435
0.628319  3.14159  3.14159  -0.00225927  0.00273952
1.88496  3.14159  3.14159  0.000127762  0.00116799
3.14159  3.14159  3.14159  0.000209742  0.000541899
4.39823  3.14159  3.14159  0.000221001  0.000335478
5.65487  3.14159  3.14159  0.000169271  0.000211493
6.9115  3.14159  3.14159  0.000140023  0.000154253
8.16814  3.14159  3.14159  0.000104355  0.000108965
10.6814  3.14159  3.14159  8.54108e-05  5.71237e-05
15.708  3.14159  3.14159  4.38965e-05  2.35425e-05
33.3009  3.14159  3.14159  1.2715e-05  2.70439e-06
