-54.6637  0  0  0.000102451  0.000961575
-27.0177  0  0  0.000393434  0.00189884
-13.1947  0  0  0.00150956  0.00344347
-10.6814  0  0  0.00213906  0.00391203
-8.16814  0  0  0.00315556  0.0043783
-6.9115  0  0  0.00388318  0.00454555
-5.65487  0  0  0.00479883  0.00458583
-4.39823  0  0  0.00590733  0.00438404
-3.14159  0  0  0.00713978  0.00378138
-1.88496  0  0  0.00829011  0.0026324
-0.628319  0  0  0.00901525  0.000950823
0.628319  0  0  0.00901509  -0.000962053
1.88496  0  0  0.00828966  -0.00264347
3.14159  0  0  0.00713891  -0.00379202
4.39823  0  0  0.00590595  -0.00439368
5.65487  0  0  0.00479753  -0.00459366
6.9115  0  0  0.00388312  -0.00455128
8.16814  0  0  0.003158  -0.00438235
10.6814  0  0  0.00214868  -0.00391609
15.708  0  0  0.00112452  -0.00305256
33.3009  0  0  0.000255266  -0.00158723
-54.6637  0  3.14159  0.000102016  0.000959645
-27.0177  0  3.14159  0.000384739  0.00188601
-13.1947  0  3.14159  0.00140773  0.00340843
-10.6814  0  3.14159  0.00196171  0.0038977
-8.16814  0  3.14159  0.00285149  0.00446196
-6.9115  0  3.14159  0.00350374  0.0047522
-5.65487  0  3.14159  0.00437159  0.00500976
-4.39823  0  3.14159  0.00554769  0.00515007
-3.14159  0  3.14159  0.0071381  0.00496131
-1.88496  0  3.14159  0.0090963  0.0039745
-0.628319  0  3.14159  0.0107183  0.00161467
0.628319  0  3.14159  0.0107183  -0.00162549
1.88496  0  3.14159  0.00909629  -0.00398534
3.14159  0  3.14159  0.00713787  -0.00497213
4.39823  0  3.14159  0.00554673  -0.00516046
5.65487  0  3.14159  0.00436966  -0.00501859
6.9115  0  3.14159  0.00350241  -0.00475811
8.16814  0  3.14159  0.00285298  -0.00446509
10.6814  0  3.14159  0.00197196  -0.00390082
15.708  0  3.14159  0.00106484  -0.00301871
33.3009  0  3.14159  0.000251395  -0.00157964
-54.6637  3.14159  0  0.000102016  0.000959645
-27.0177  3.14159  0  0.000384739  0.00188601
-13.1947  3.14159  0  0.00140773  0.00340843
-10.6814  3.14159  0  0.00196171  0.0038977
-8.16814  3.14159  0  0.00285149  0.00446196
-6.9115  3.14159  0  0.00350374  0.0047522
-5.65487  3.14159  0  0.00437159  0.00500976
-4.39823  3.14159  0  0.00554769  0.00515007
-3.14159  3.14159  0  0.0071381  0.00496131
-1.88496  3.14159  0  0.0090963  0.0039745
-0.628319  3.14159  0  0.0107183  0.00161467
0.628319  3.14159  0  0.0107183  -0.00162549
1.88496  3.14159  0  0.00909629  -0.00398534
3.14159  3.14159  0  0.00713787  -0.00497213
4.39823  3.14159  0  0.00554673  -0.00516046
5.65487  3.14159  0  0.00436966  -0.00501859
6.9115  3.14159  0  0.00350241  -0.00475811
8.16814  3.14159  0  0.00285298  -0.00446509
10.6814  3.14159  0  0.00197196  -0.00390082
15.708  3.14159  0  0.00106484  -0.00301871
33.3009  3.14159  0  0.000251395  -0.00157964
-54.6637  3.14159  3.14159  0.000101598  0.000957742
-27.0177  3.14159  3.14159  0.000376717  0.00187355
-13.1947  3.14159  3.14159  0.00132299  0.00336595
-10.6814  3.14159  3.14159  0.00181407  0.00385341
-8.16814  3.14159  3.14159  0.00257638  0.00444254
-6.9115  3.14159  3.14159  0.00311485  0.00477882
-5.65487  3.14159  3.14159  0.00380635  0.00514865
-4.39823  3.14159  3.14159  0.0047156  0.00557661
-3.14159  3.14159  3.14159  0.00600764  0.00615999
-1.88496  3.14159  3.14159  0.00840266  0.00713828
-0.628319  3.14159  3.14159  0.0154899  0.00654362
0.628319  3.14159  3.14159  0.0154906  -0.00655338
1.88496  3.14159  3.14159  0.0084038  -0.00714917
3.14159  3.14159  3.14159  0.00600738  -0.00617127
4.39823  3.14159  3.14159  0.00471431  -0.0055868
5.65487  3.14159  3.14159  0.00380493  -0.00515697
6.9115  3.14159  3.14159  0.00311431  -0.0047848
8.16814  3.14159  3.14159  0.00257825  -0.00444626
10.6814  3.14159  3.14159  0.00182394  -0.00385671
15.708  3.14159  3.14159  0.0010139  -0.00298321
33.3009  3.14159  3.14159  0.000247755  -0.00157226
