-54.6637  0  0  1.4539e-06  1.44924e-05
-27.0177  0  0  5.77279e-06  2.84541e-05
-13.1947  0  0  2.15265e-05  5.17599e-05
-10.6814  0  0  3.05114e-05  5.93434e-05
-8.16814  0  0  4.54858e-05  6.75607e-05
-6.9115  0  0  5.65736e-05  7.10316e-05
-5.65487  0  0  7.09588e-05  7.28054e-05
-4.39823  0  0  8.90049e-05  7.09315e-05
-3.14159  0  0  0.000109877  6.24607e-05
-1.88496  0  0  0.000130117  4.43262e-05
-0.628319  0  0  0.00014325  1.62371e-05
0.628319  0  0  0.000143242  -1.63091e-05
1.88496  0  0  0.000130093  -4.43907e-05
3.14159  0  0  0.000109843  -6.25148e-05
4.39823  0  0  8.89676e-05  -7.09752e-05
5.65487  0  0  7.09193e-05  -7.28349e-05
6.9115  0  0  5.65402e-05  -7.10527e-05
8.16814  0  0  4.54572e-05  -6.75777e-05
10.6814  0  0  3.04874e-05  -5.93579e-05
15.708  0  0  1.58465e-05  -4.54542e-05
33.3009  0  0  3.83868e-06  -2.34013e-05
-54.6637  0  3.14159  9.36692e-07  1.45806e-05
-27.0177  0  3.14159  3.79792e-06  2.9144e-05
-13.1947  0  3.14159  1.52052e-05  5.66208e-05
-10.6814  0  3.14159  2.2408e-05  6.75018e-05
-8.16814  0  3.14159  3.56943e-05  8.23632e-05
-6.9115  0  3.14159  4.67651e-05  9.1552e-05
-5.65487  0  3.14159  6.31167e-05  0.000101556
-4.39823  0  3.14159  8.78908e-05  0.000110717
-3.14159  0  3.14159  0.000125316  0.000113684
-1.88496  0  3.14159  0.000176306  9.68196e-05
-0.628319  0  3.14159  0.000221996  4.10697e-05
0.628319  0  3.14159  0.000221979  -4.11657e-05
1.88496  0  3.14159  0.000176265  -9.68975e-05
3.14159  0  3.14159  0.000125267  -0.000113741
4.39823  0  3.14159  8.78418e-05  -0.000110757
5.65487  0  3.14159  6.3071e-05  -0.000101584
6.9115  0  3.14159  4.67243e-05  -9.15727e-05
8.16814  0  3.14159  3.56586e-05  -8.23789e-05
10.6814  0  3.14159  2.23797e-05  -6.75128e-05
15.708  0  3.14159  1.09119e-05  -4.8544e-05
33.3009  0  3.14159  2.4987e-06  -2.37778e-05
-54.6637  3.14159  0  9.36692e-07  1.45806e-05
-27.0177  3.14159  0  3.79792e-06  2.9144e-05
-13.1947  3.14159  0  1.52052e-05  5.66208e-05
-10.6814  3.14159  0  2.2408e-05  6.75018e-05
-8.16814  3.14159  0  3.56943e-05  8.23632e-05
-6.9115  3.14159  0  4.67651e-05  9.1552e-05
-5.65487  3.14159  0  6.31167e-05  0.000101556
-4.39823  3.14159  0  8.78908e-05  0.000110717
-3.14159  3.14159  0  0.000125316  0.000113684
-1.88496  3.14159  0  0.000176306  9.68196e-05
-0.628319  3.14159  0  0.000221996  4.10697e-05
0.628319  3.14159  0  0.000221979  -4.11657e-05
1.88496  3.14159  0  0.000176265  -9.68975e-05
3.14159  3.14159  0  0.000125267  -0.000113741
4.39823  3.14159  0  8.78418e-05  -0.000110757
5.65487  3.14159  0  6.3071e-05  -0.000101584
6.9115  3.14159  0  4.67243e-05  -9.15727e-05
8.16814  3.14159  0  3.56586e-05  -8.23789e-05
10.6814  3.14159  0  2.23797e-05  -6.75128e-05
15.708  3.14159  0  1.09119e-05  -4.8544e-05
33.3009  3.14159  0  2.4987e-06  -2.37778e-05
-54.6637  3.14159  3.14159  4.11129e-07  1.46262e-05
-27.0177  3.14159  3.14159  1.69113e-06  2.95081e-05
-13.1947  3.14159  3.14159  7.02315e-06  5.95142e-05
-10.6814  3.14159  3.14159  1.05282e-05  7.27296e-05
-8.16814  3.14159  3.14159  1.72764e-05  9.31471e-05
-6.9115  3.14159  3.14159  2.32213e-05  0.000108128
-5.65487  3.14159  3.14159  3.26693e-05  0.00012861
-4.39823  3.14159  3.14159  4.90991e-05  0.00015833
-3.14159  3.14159  3.14159  8.2492e-05  0.000205153
-1.88496  3.14159  3.14159  0.000172493  0.000283538
-0.628319  3.14159  3.14159  0.000502822  0.000297961
0.628319  3.14159  3.14159  0.000502735  -0.000298129
1.88496  3.14159  3.14159  0.000172405  -0.000283612
3.14159  3.14159  3.14159  8.24208e-05  -0.000205198
4.39823  3.14159  3.14159  4.90402e-05  -0.000158358
5.65487  3.14159  3.14159  3.26133e-05  -0.000128635
6.9115  3.14159  3.14159  2.31745e-05  -0.000108147
8.16814  3.14159  3.14159  1.72355e-05  -9.31608e-05
10.6814  3.14159  3.14159  1.04943e-05  -7.27383e-05
15.708  3.14159  3.14159  4.9679e-06  -5.03024e-05
33.3009  3.14159  3.14159  1.09934e-06  -2.39749e-05
