-54.6637  0  0  0.00197223  0.0468173
-27.0177  0  0  0.00808141  0.0946846
-13.1947  0  0  0.0333134  0.19164
-10.6814  0  0  0.0500416  0.233323
-8.16814  0  0  0.082437  0.293326
-6.9115  0  0  0.110645  0.33173
-5.65487  0  0  0.153593  0.373701
-4.39823  0  0  0.219841  0.410101
-3.14159  0  0  0.31827  0.415186
-1.88496  0  0  0.44321  0.338394
-0.628319  0  0  0.544396  0.136358
0.628319  0  0  0.544476  -0.136272
1.88496  0  0  0.443384  -0.338339
3.14159  0  0  0.3184  -0.415206
4.39823  0  0  0.219942  -0.410109
5.65487  0  0  0.153769  -0.373673
6.9115  0  0  0.110868  -0.331697
8.16814  0  0  0.0826628  -0.293307
10.6814  0  0  0.0501798  -0.23332
15.708  0  0  0.0237149  -0.161942
33.3009  0  0  0.00534646  -0.07683
-54.6637  0  3.14159  0.00191422  0.0467954
-27.0177  0  3.14159  0.00801912  0.0944338
-13.1947  0  3.14159  0.0340246  0.188705
-10.6814  0  3.14159  0.0506522  0.227964
-8.16814  0  3.14159  0.0799212  0.284155
-6.9115  0  3.14159  0.102122  0.321546
-5.65487  0  3.14159  0.130621  0.367524
-4.39823  0  3.14159  0.163897  0.424604
-3.14159  0  3.14159  0.193758  0.492191
-1.88496  0  3.14159  0.202797  0.526697
-0.628319  0  3.14159  0.19928  0.292259
0.628319  0  3.14159  0.199447  -0.29228
1.88496  0  3.14159  0.203044  -0.526623
3.14159  0  3.14159  0.193831  -0.492151
4.39823  0  3.14159  0.163945  -0.424566
5.65487  0  3.14159  0.13075  -0.367475
6.9115  0  3.14159  0.102317  -0.321516
8.16814  0  3.14159  0.0801102  -0.284145
10.6814  0  3.14159  0.0507792  -0.227964
15.708  0  3.14159  0.0241912  -0.16028
33.3009  0  3.14159  0.00527512  -0.076715
-54.6637  3.14159  0  0.00191422  0.0467954
-27.0177  3.14159  0  0.00801912  0.0944338
-13.1947  3.14159  0  0.0340246  0.188705
-10.6814  3.14159  0  0.0506522  0.227964
-8.16814  3.14159  0  0.0799212  0.284155
-6.9115  3.14159  0  0.102122  0.321546
-5.65487  3.14159  0  0.130621  0.367524
-4.39823  3.14159  0  0.163897  0.424604
-3.14159  3.14159  0  0.193758  0.492191
-1.88496  3.14159  0  0.202797  0.526697
-0.628319  3.14159  0  0.19928  0.292259
0.628319  3.14159  0  0.199447  -0.29228
1.88496  3.14159  0  0.203044  -0.526623
3.14159  3.14159  0  0.193831  -0.492151
4.39823  3.14159  0  0.163945  -0.424566
5.65487  3.14159  0  0.13075  -0.367475
6.9115  3.14159  0  0.102317  -0.321516
8.16814  3.14159  0  0.0801102  -0.284145
10.6814  3.14159  0  0.0507792  -0.227964
15.708  3.14159  0  0.0241912  -0.16028
33.3009  3.14159  0  0.00527512  -0.076715
-54.6637  3.14159  3.14159  0.00185377  0.046823
-27.0177  3.14159  3.14159  0.00792853  0.0946158
-13.1947  3.14159  3.14159  0.0352329  0.189508
-10.6814  3.14159  3.14159  0.0537535  0.22922
-8.16814  3.14159  3.14159  0.0892787  0.286147
-6.9115  3.14159  3.14159  0.119725  0.323523
-5.65487  3.14159  3.14159  0.165333  0.367484
-4.39823  3.14159  3.14159  0.234134  0.415856
-3.14159  3.14159  3.14159  0.332594  0.461805
-1.88496  3.14159  3.14159  0.441568  0.507734
-0.628319  3.14159  3.14159  0.306565  0.787843
0.628319  3.14159  3.14159  0.306717  -0.787767
1.88496  3.14159  3.14159  0.441691  -0.507564
3.14159  3.14159  3.14159  0.332706  -0.461757
4.39823  3.14159  3.14159  0.234213  -0.415799
5.65487  3.14159  3.14159  0.165473  -0.367412
6.9115  3.14159  3.14159  0.119935  -0.323479
8.16814  3.14159  3.14159  0.0894973  -0.286129
10.6814  3.14159  3.14159  0.0538844  -0.229215
15.708  3.14159  3.14159  0.0246483  -0.160829
33.3009  3.14159  3.14159  0.00516046  -0.0768165
