-54.6637  0  0  0.000828087  0.0182511
-27.0177  0  0  0.00336039  0.0366636
-13.1947  0  0  0.0135961  0.0729098
-10.6814  0  0  0.0202643  0.0883388
-8.16814  0  0  0.0330932  0.111219
-6.9115  0  0  0.0443508  0.127033
-5.65487  0  0  0.0619883  0.146942
-4.39823  0  0  0.0912601  0.171585
-3.14159  0  0  0.142901  0.199145
-1.88496  0  0  0.238145  0.216078
-0.628319  0  0  0.407899  0.16059
0.628319  0  0  0.407874  -0.160612
1.88496  0  0  0.238146  -0.216075
3.14159  0  0  0.1429  -0.199145
4.39823  0  0  0.09126  -0.171585
5.65487  0  0  0.0619883  -0.146942
6.9115  0  0  0.0443508  -0.127033
8.16814  0  0  0.0330932  -0.111219
10.6814  0  0  0.0202643  -0.0883388
15.708  0  0  0.00972428  -0.0619294
33.3009  0  0  0.00222066  -0.0298419
-54.6637  0  3.14159  -3.63986e-15  0.0182886
-27.0177  0  3.14159  -8.28203e-14  0.0369713
-13.1947  0  3.14159  -7.8707e-13  0.0754363
-10.6814  0  3.14159  -3.18226e-12  0.0929627
-8.16814  0  3.14159  -1.40578e-12  0.120978
-6.9115  0  3.14159  -1.62694e-10  0.142327
-5.65487  0  3.14159  -1.86121e-10  0.172627
-4.39823  0  3.14159  2.39599e-10  0.218779
-3.14159  0  3.14159  1.68263e-09  0.296787
-1.88496  0  3.14159  5.79305e-08  0.453445
-0.628319  0  3.14159  6.71694e-07  1.02166
0.628319  0  3.14159  7.87395e-07  -1.02166
1.88496  0  3.14159  2.64476e-08  -0.453445
3.14159  0  3.14159  2.20523e-09  -0.296787
4.39823  0  3.14159  6.70535e-10  -0.218779
5.65487  0  3.14159  3.13268e-10  -0.172627
6.9115  0  3.14159  -2.69437e-11  -0.142327
8.16814  0  3.14159  -1.333e-11  -0.120978
10.6814  0  3.14159  1.10348e-11  -0.0929627
15.708  0  3.14159  2.46115e-12  -0.0634526
33.3009  0  3.14159  -2.42499e-14  -0.0300071
-54.6637  3.14159  0  -3.63986e-15  0.0182886
-27.0177  3.14159  0  -8.28203e-14  0.0369713
-13.1947  3.14159  0  -7.87069e-13  0.0754363
-10.6814  3.14159  0  -3.18226e-12  0.0929627
-8.16814  3.14159  0  -1.40579e-12  0.120978
-6.9115  3.14159  0  -1.62694e-10  0.142327
-5.65487  3.14159  0  -1.86121e-10  0.172627
-4.39823  3.14159  0  2.39599e-10  0.218779
-3.14159  3.14159  0  1.68263e-09  0.296787
-1.88496  3.14159  0  5.79305e-08  0.453445
-0.628319  3.14159  0  6.71694e-07  1.02166
0.628319  3.14159  0  7.87395e-07  -1.02166
1.88496  3.14159  0  2.64476e-08  -0.453445
3.14159  3.14159  0  2.20523e-09  -0.296787
4.39823  3.14159  0  6.70535e-10  -0.218779
5.65487  3.14159  0  3.13268e-10  -0.172627
6.9115  3.14159  0  -2.69437e-11  -0.142327
8.16814  3.14159  0  -1.333e-11  -0.120978
10.6814  3.14159  0  1.10348e-11  -0.0929627
15.708  3.14159  0  2.46115e-12  -0.0634526
33.3009  3.14159  0  -2.42503e-14  -0.0300071
-54.6637  3.14159  3.14159  -0.000828087  0.0182511
-27.0177  3.14159  3.14159  -0.00336039  0.0366636
-13.1947  3.14159  3.14159  -0.0135961  0.0729098
-10.6814  3.14159  3.14159  -0.0202643  0.0883388
-8.16814  3.14159  3.14159  -0.0330932  0.111219
-6.9115  3.14159  3.14159  -0.0443508  0.127033
-5.65487  3.14159  3.14159  -0.0619883  0.146943
-4.39823  3.14159  3.14159  -0.0912602  0.171585
-3.14159  3.14159  3.14159  -0.142903  0.199148
-1.88496  3.14159  3.14159  -0.238139  0.216077
-0.628319  3.14159  3.14159  -0.407908  0.160575
0.628319  3.14159  3.14159  -0.407917  -0.160543
1.88496  3.14159  3.14159  -0.238139  -0.216074
3.14159  3.14159  3.14159  -0.142903  -0.199149
4.39823  3.14159  3.14159  -0.0912601  -0.171585
5.65487  3.14159  3.14159  -0.0619883  -0.146943
6.9115  3.14159  3.14159  -0.0443508  -0.127033
8.16814  3.14159  3.14159  -0.0330932  -0.111219
10.6814  3.14159  3.14159  -0.0202644  -0.0883388
15.708  3.14159  3.14159  -0.00972428  -0.0619294
33.3009  3.14159  3.14159  -0.00222066  -0.0298419
