-54.6637  0  0  0.000828088  0.0182511
-27.0177  0  0  0.00336039  0.0366636
-13.1947  0  0  0.0135963  0.0729098
-10.6814  0  0  0.0202647  0.0883388
-8.16814  0  0  0.0330945  0.111219
-6.9115  0  0  0.044353  0.127032
-5.65487  0  0  0.0619924  0.146939
-4.39823  0  0  0.0912673  0.171574
-3.14159  0  0  0.142911  0.199105
-1.88496  0  0  0.23808  0.215864
-0.628319  0  0  0.406772  0.160469
0.628319  0  0  0.406772  -0.160469
1.88496  0  0  0.23808  -0.215864
3.14159  0  0  0.142911  -0.199105
4.39823  0  0  0.0912673  -0.171574
5.65487  0  0  0.0619924  -0.146939
6.9115  0  0  0.044353  -0.127032
8.16814  0  0  0.0330945  -0.111219
10.6814  0  0  0.0202647  -0.0883388
15.708  0  0  0.00972434  -0.0619294
33.3009  0  0  0.00222066  -0.0298419
-54.6637  0  3.14159  1.49783e-15  0.0182886
-27.0177  0  3.14159  2.43582e-14  0.0369713
-13.1947  0  3.14159  3.3106e-13  0.0754365
-10.6814  0  3.14159  4.5977e-13  0.0929632
-8.16814  0  3.14159  -1.53172e-12  0.12098
-6.9115  0  3.14159  -1.07321e-11  0.142332
-5.65487  0  3.14159  8.30249e-12  0.172641
-4.39823  0  3.14159  6.37316e-12  0.218812
-3.14159  0  3.14159  3.7813e-10  0.296834
-1.88496  0  3.14159  7.7162e-10  0.452208
-0.628319  0  3.14159  5.27416e-08  0.875451
0.628319  0  3.14159  4.79143e-08  -0.875451
1.88496  0  3.14159  8.43713e-10  -0.452208
3.14159  0  3.14159  3.50813e-10  -0.296834
4.39823  0  3.14159  -2.50201e-12  -0.218812
5.65487  0  3.14159  1.01139e-11  -0.172641
6.9115  0  3.14159  -9.20579e-12  -0.142332
8.16814  0  3.14159  3.96357e-13  -0.12098
10.6814  0  3.14159  9.67595e-13  -0.0929632
15.708  0  3.14159  -1.41797e-13  -0.0634526
33.3009  0  3.14159  -2.70473e-14  -0.0300071
-54.6637  3.14159  0  1.49796e-15  0.0182886
-27.0177  3.14159  0  2.43592e-14  0.0369713
-13.1947  3.14159  0  3.3106e-13  0.0754365
-10.6814  3.14159  0  4.59768e-13  0.0929632
-8.16814  3.14159  0  -1.53171e-12  0.12098
-6.9115  3.14159  0  -1.07321e-11  0.142332
-5.65487  3.14159  0  8.30252e-12  0.172641
-4.39823  3.14159  0  6.37316e-12  0.218812
-3.14159  3.14159  0  3.7813e-10  0.296834
-1.88496  3.14159  0  7.7162e-10  0.452208
-0.628319  3.14159  0  5.27416e-08  0.875451
0.628319  3.14159  0  4.79143e-08  -0.875451
1.88496  3.14159  0  8.43713e-10  -0.452208
3.14159  3.14159  0  3.50812e-10  -0.296834
4.39823  3.14159  0  -2.50198e-12  -0.218812
5.65487  3.14159  0  1.01139e-11  -0.172641
6.9115  3.14159  0  -9.2058e-12  -0.142332
8.16814  3.14159  0  3.96352e-13  -0.12098
10.6814  3.14159  0  9.67592e-13  -0.0929632
15.708  3.14159  0  -1.41797e-13  -0.0634526
33.3009  3.14159  0  -2.7047e-14  -0.0300071
-54.6637  3.14159  3.14159  -0.000828088  0.0182511
-27.0177  3.14159  3.14159  -0.00336039  0.0366636
-13.1947  3.14159  3.14159  -0.0135963  0.0729098
-10.6814  3.14159  3.14159  -0.0202647  0.0883388
-8.16814  3.14159  3.14159  -0.0330945  0.111219
-6.9115  3.14159  3.14159  -0.044353  0.127032
-5.65487  3.14159  3.14159  -0.0619924  0.146939
-4.39823  3.14159  3.14159  -0.0912673  0.171574
-3.14159  3.14159  3.14159  -0.142911  0.199105
-1.88496  3.14159  3.14159  -0.23808  0.215864
-0.628319  3.14159  3.14159  -0.406772  0.160469
0.628319  3.14159  3.14159  -0.406772  -0.160469
1.88496  3.14159  3.14159  -0.23808  -0.215864
3.14159  3.14159  3.14159  -0.142911  -0.199105
4.39823  3.14159  3.14159  -0.0912673  -0.171574
5.65487  3.14159  3.14159  -0.0619924  -0.146939
6.9115  3.14159  3.14159  -0.044353  -0.127032
8.16814  3.14159  3.14159  -0.0330945  -0.111219
10.6814  3.14159  3.14159  -0.0202647  -0.0883388
15.708  3.14159  3.14159  -0.00972434  -0.0619294
33.3009  3.14159  3.14159  -0.00222066  -0.0298419
