-54.6637  0  0  -0.000670599  0.0181708
-27.0177  0  0  -0.00260298  0.0360256
-13.1947  0  0  -0.00900434  0.0682521
-10.6814  0  0  -0.0123011  0.0803955
-8.16814  0  0  -0.0173854  0.0964025
-6.9115  0  0  -0.0209029  0.105977
-5.65487  0  0  -0.025248  0.116159
-4.39823  0  0  -0.0304808  0.125446
-3.14159  0  0  -0.0364197  0.129499
-1.88496  0  0  -0.0422942  0.116969
-0.628319  0  0  -0.0466084  0.0627004
0.628319  0  0  -0.0466083  -0.0627004
1.88496  0  0  -0.0422942  -0.116969
3.14159  0  0  -0.0364197  -0.129499
4.39823  0  0  -0.0304808  -0.125446
5.65487  0  0  -0.025248  -0.116159
6.9115  0  0  -0.020903  -0.105977
8.16814  0  0  -0.0173854  -0.0964025
10.6814  0  0  -0.0123011  -0.0803955
15.708  0  0  -0.00680765  -0.0589976
33.3009  0  0  -0.00175443  -0.0294948
-54.6637  0  3.14159  1.63335e-08  0.0181727
-27.0177  0  3.14159  1.59631e-08  0.0360322
-13.1947  0  3.14159  1.27209e-08  0.0681526
-10.6814  0  3.14159  7.70416e-09  0.0801458
-8.16814  0  3.14159  -9.12115e-09  0.0958404
-6.9115  0  3.14159  -3.38604e-08  0.105232
-5.65487  0  3.14159  1.23616e-08  0.115454
-4.39823  0  3.14159  3.79476e-09  0.125846
-3.14159  0  3.14159  7.42381e-08  0.134798
-1.88496  0  3.14159  3.55693e-08  0.138078
-0.628319  0  3.14159  3.87915e-07  0.116427
0.628319  0  3.14159  3.52266e-07  -0.116427
1.88496  0  3.14159  3.899e-08  -0.138078
3.14159  0  3.14159  6.8843e-08  -0.134798
4.39823  0  3.14159  -1.63959e-09  -0.125846
5.65487  0  3.14159  1.50783e-08  -0.115454
6.9115  0  3.14159  -2.90267e-08  -0.105232
8.16814  0  3.14159  2.42886e-09  -0.0958404
10.6814  0  3.14159  1.62433e-08  -0.0801458
15.708  0  3.14159  -1.08569e-08  -0.0589615
33.3009  0  3.14159  -4.07782e-08  -0.0295003
-54.6637  3.14159  0  1.63335e-08  0.0181727
-27.0177  3.14159  0  1.59631e-08  0.0360322
-13.1947  3.14159  0  1.27209e-08  0.0681526
-10.6814  3.14159  0  7.70416e-09  0.0801458
-8.16814  3.14159  0  -9.12115e-09  0.0958404
-6.9115  3.14159  0  -3.38604e-08  0.105232
-5.65487  3.14159  0  1.23616e-08  0.115454
-4.39823  3.14159  0  3.79476e-09  0.125846
-3.14159  3.14159  0  7.42381e-08  0.134798
-1.88496  3.14159  0  3.55693e-08  0.138078
-0.628319  3.14159  0  3.87915e-07  0.116427
0.628319  3.14159  0  3.52266e-07  -0.116427
1.88496  3.14159  0  3.899e-08  -0.138078
3.14159  3.14159  0  6.8843e-08  -0.134798
4.39823  3.14159  0  -1.63959e-09  -0.125846
5.65487  3.14159  0  1.50783e-08  -0.115454
6.9115  3.14159  0  -2.90267e-08  -0.105232
8.16814  3.14159  0  2.42886e-09  -0.0958404
10.6814  3.14159  0  1.62433e-08  -0.0801458
15.708  3.14159  0  -1.08569e-08  -0.0589615
33.3009  3.14159  0  -4.07782e-08  -0.0295003
-54.6637  3.14159  3.14159  0.000670625  0.0181708
-27.0177  3.14159  3.14159  0.002603  0.0360256
-13.1947  3.14159  3.14159  0.00900433  0.0682521
-10.6814  3.14159  3.14159  0.0123011  0.0803955
-8.16814  3.14159  3.14159  0.0173854  0.0964025
-6.9115  3.14159  3.14159  0.020903  0.105977
-5.65487  3.14159  3.14159  0.025248  0.116159
-4.39823  3.14159  3.14159  0.0304808  0.125446
-3.14159  3.14159  3.14159  0.03642  0.129499
-1.88496  3.14159  3.14159  0.0422946  0.116969
-0.628319  3.14159  3.14159  0.0466087  0.0627004
0.628319  3.14159  3.14159  0.0466087  -0.0627004
1.88496  3.14159  3.14159  0.0422946  -0.116969
3.14159  3.14159  3.14159  0.03642  -0.129499
4.39823  3.14159  3.14159  0.0304808  -0.125446
5.65487  3.14159  3.14159  0.025248  -0.116159
6.9115  3.14159  3.14159  0.020903  -0.105977
8.16814  3.14159  3.14159  0.0173854  -0.0964025
10.6814  3.14159  3.14159  0.0123011  -0.0803955
15.708  3.14159  3.14159  0.00680763  -0.0589976
33.3009  3.14159  3.14159  0.00175436  -0.0294948
