-54.6637  0  0  0.000828088  0.0182511
-27.0177  0  0  0.00336039  0.0366636
-13.1947  0  0  0.0135963  0.0729098
-10.6814  0  0  0.0202647  0.0883388
-8.16814  0  0  0.0330945  0.111219
-6.9115  0  0  0.044353  0.127032
-5.65487  0  0  0.0619925  0.146939
-4.39823  0  0  0.091268  0.171574
-3.14159  0  0  0.142914  0.199104
-1.88496  0  0  0.238087  0.215852
-0.628319  0  0  0.406734  0.160404
0.628319  0  0  0.406734  -0.160404
1.88496  0  0  0.238087  -0.215852
3.14159  0  0  0.142914  -0.199104
4.39823  0  0  0.091268  -0.171574
5.65487  0  0  0.0619925  -0.146939
6.9115  0  0  0.044353  -0.127032
8.16814  0  0  0.0330945  -0.111219
10.6814  0  0  0.0202647  -0.0883388
15.708  0  0  0.00972434  -0.0619294
33.3009  0  0  0.00222066  -0.0298419
-54.6637  0  3.14159  -1.03659e-15  0.0182886
-27.0177  0  3.14159  1.79e-14  0.0369713
-13.1947  0  3.14159  -6.6707e-13  0.0754365
-10.6814  0  3.14159  7.56814e-12  0.0929632
-8.16814  0  3.14159  -3.98434e-11  0.12098
-6.9115  0  3.14159  -3.43e-10  0.142332
-5.65487  0  3.14159  4.14053e-10  0.172641
-4.39823  0  3.14159  6.18604e-10  0.218812
-3.14159  0  3.14159  1.20014e-08  0.296838
-1.88496  0  3.14159  -3.33674e-08  0.452246
-0.628319  0  3.14159  1.94209e-07  0.876436
0.628319  0  3.14159  2.23067e-07  -0.876436
1.88496  0  3.14159  -4.58528e-08  -0.452246
3.14159  0  3.14159  1.18209e-08  -0.296838
4.39823  0  3.14159  6.56334e-10  -0.218812
5.65487  0  3.14159  4.52091e-10  -0.172641
6.9115  0  3.14159  -3.24376e-10  -0.142332
8.16814  0  3.14159  -5.35454e-11  -0.12098
10.6814  0  3.14159  9.17709e-12  -0.0929632
15.708  0  3.14159  2.15308e-12  -0.0634526
33.3009  0  3.14159  -4.16728e-15  -0.0300071
-54.6637  3.14159  0  -1.03692e-15  0.0182886
-27.0177  3.14159  0  1.79003e-14  0.0369713
-13.1947  3.14159  0  -6.67072e-13  0.0754365
-10.6814  3.14159  0  7.56814e-12  0.0929632
-8.16814  3.14159  0  -3.98434e-11  0.12098
-6.9115  3.14159  0  -3.43e-10  0.142332
-5.65487  3.14159  0  4.14053e-10  0.172641
-4.39823  3.14159  0  6.18604e-10  0.218812
-3.14159  3.14159  0  1.20014e-08  0.296838
-1.88496  3.14159  0  -3.33674e-08  0.452246
-0.628319  3.14159  0  1.94209e-07  0.876436
0.628319  3.14159  0  2.23067e-07  -0.876436
1.88496  3.14159  0  -4.58528e-08  -0.452246
3.14159  3.14159  0  1.18209e-08  -0.296838
4.39823  3.14159  0  6.56334e-10  -0.218812
5.65487  3.14159  0  4.52091e-10  -0.172641
6.9115  3.14159  0  -3.24376e-10  -0.142332
8.16814  3.14159  0  -5.35454e-11  -0.12098
10.6814  3.14159  0  9.17709e-12  -0.0929632
15.708  3.14159  0  2.15308e-12  -0.0634526
33.3009  3.14159  0  -4.16711e-15  -0.0300071
-54.6637  3.14159  3.14159  -0.000828088  0.0182511
-27.0177  3.14159  3.14159  -0.00336039  0.0366636
-13.1947  3.14159  3.14159  -0.0135963  0.0729098
-10.6814  3.14159  3.14159  -0.0202647  0.0883388
-8.16814  3.14159  3.14159  -0.0330945  0.111219
-6.9115  3.14159  3.14159  -0.044353  0.127032
-5.65487  3.14159  3.14159  -0.0619925  0.146939
-4.39823  3.14159  3.14159  -0.091268  0.171574
-3.14159  3.14159  3.14159  -0.142914  0.199104
-1.88496  3.14159  3.14159  -0.238087  0.215852
-0.628319  3.14159  3.14159  -0.406734  0.160404
0.628319  3.14159  3.14159  -0.406734  -0.160404
1.88496  3.14159  3.14159  -0.238087  -0.215852
3.14159  3.14159  3.14159  -0.142914  -0.199104
4.39823  3.14159  3.14159  -0.091268  -0.171574
5.65487  3.14159  3.14159  -0.0619925  -0.146939
6.9115  3.14159  3.14159  -0.044353  -0.127032
8.16814  3.14159  3.14159  -0.0330945  -0.111219
10.6814  3.14159  3.14159  -0.0202647  -0.0883388
15.708  3.14159  3.14159  -0.00972434  -0.0619294
33.3009  3.14159  3.14159  -0.00222066  -0.0298419
