-54.6637  0  0  -0.000671254  0.018171
-27.0177  0  0  -0.00260564  0.0360274
-13.1947  0  0  -0.00901526  0.0682662
-10.6814  0  0  -0.0123175  0.0804209
-8.16814  0  0  -0.0174122  0.0964543
-6.9115  0  0  -0.020939  0.106054
-5.65487  0  0  -0.0252984  0.116278
-4.39823  0  0  -0.0305551  0.125637
-3.14159  0  0  -0.0365329  0.12981
-1.88496  0  0  -0.0424716  0.117446
-0.628319  0  0  -0.0468618  0.0632145
0.628319  0  0  -0.0468616  -0.0632143
1.88496  0  0  -0.0424716  -0.117446
3.14159  0  0  -0.0365328  -0.12981
4.39823  0  0  -0.030555  -0.125637
5.65487  0  0  -0.0252984  -0.116278
6.9115  0  0  -0.0209391  -0.106054
8.16814  0  0  -0.0174123  -0.0964543
10.6814  0  0  -0.0123175  -0.0804209
15.708  0  0  -0.00681539  -0.0590064
33.3009  0  0  -0.00175618  -0.0294955
-54.6637  0  3.14159  7.93911e-09  0.0181728
-27.0177  0  3.14159  1.46231e-08  0.036034
-13.1947  0  3.14159  1.30409e-09  0.068167
-10.6814  0  3.14159  4.37599e-08  0.0801711
-8.16814  0  3.14159  -7.76081e-08  0.0958887
-6.9115  0  3.14159  -3.50417e-07  0.1053
-5.65487  0  3.14159  1.96705e-07  0.115554
-4.39823  0  3.14159  1.17e-07  0.126006
-3.14159  0  3.14159  7.68311e-07  0.135075
-1.88496  0  3.14159  -4.37781e-07  0.138673
-0.628319  0  3.14159  7.35776e-07  0.118835
0.628319  0  3.14159  7.81088e-07  -0.118834
1.88496  0  3.14159  -6.08144e-07  -0.138673
3.14159  0  3.14159  7.53484e-07  -0.135075
4.39823  0  3.14159  1.20051e-07  -0.126006
5.65487  0  3.14159  2.1589e-07  -0.115554
6.9115  0  3.14159  -3.2919e-07  -0.1053
8.16814  0  3.14159  -9.39805e-08  -0.0958886
10.6814  0  3.14159  5.79555e-08  -0.0801711
15.708  0  3.14159  4.18761e-08  -0.0589706
33.3009  0  3.14159  -3.02646e-08  -0.0295014
-54.6637  3.14159  0  7.93911e-09  0.0181728
-27.0177  3.14159  0  1.46231e-08  0.036034
-13.1947  3.14159  0  1.30409e-09  0.068167
-10.6814  3.14159  0  4.37599e-08  0.0801711
-8.16814  3.14159  0  -7.76081e-08  0.0958887
-6.9115  3.14159  0  -3.50417e-07  0.1053
-5.65487  3.14159  0  1.96705e-07  0.115554
-4.39823  3.14159  0  1.17e-07  0.126006
-3.14159  3.14159  0  7.68311e-07  0.135075
-1.88496  3.14159  0  -4.37781e-07  0.138673
-0.628319  3.14159  0  7.35776e-07  0.118835
0.628319  3.14159  0  7.81088e-07  -0.118834
1.88496  3.14159  0  -6.08144e-07  -0.138673
3.14159  3.14159  0  7.53484e-07  -0.135075
4.39823  3.14159  0  1.20051e-07  -0.126006
5.65487  3.14159  0  2.1589e-07  -0.115554
6.9115  3.14159  0  -3.2919e-07  -0.1053
8.16814  3.14159  0  -9.39805e-08  -0.0958886
10.6814  3.14159  0  5.79555e-08  -0.0801711
15.708  3.14159  0  4.18761e-08  -0.0589706
33.3009  3.14159  0  -3.02646e-08  -0.0295014
-54.6637  3.14159  3.14159  0.000671275  0.018171
-27.0177  3.14159  3.14159  0.00260566  0.0360274
-13.1947  3.14159  3.14159  0.00901518  0.0682662
-10.6814  3.14159  3.14159  0.0123174  0.0804209
-8.16814  3.14159  3.14159  0.0174123  0.0964543
-6.9115  3.14159  3.14159  0.020939  0.106054
-5.65487  3.14159  3.14159  0.0252987  0.116278
-4.39823  3.14159  3.14159  0.0305549  0.125637
-3.14159  3.14159  3.14159  0.0365353  0.12981
-1.88496  3.14159  3.14159  0.0424752  0.117446
-0.628319  3.14159  3.14159  0.046864  0.0632146
0.628319  3.14159  3.14159  0.0468642  -0.0632147
1.88496  3.14159  3.14159  0.0424751  -0.117446
3.14159  3.14159  3.14159  0.0365354  -0.12981
4.39823  3.14159  3.14159  0.030555  -0.125637
5.65487  3.14159  3.14159  0.0252986  -0.116278
6.9115  3.14159  3.14159  0.020939  -0.106054
8.16814  3.14159  3.14159  0.0174122  -0.0964543
10.6814  3.14159  3.14159  0.0123174  -0.0804209
15.708  3.14159  3.14159  0.0068154  -0.0590064
33.3009  3.14159  3.14159  0.00175611  -0.0294955
