-54.6637  0  0  -0.000670812  0.0181709
-27.0177  0  0  -0.00260384  0.0360262
-13.1947  0  0  -0.00900789  0.0682569
-10.6814  0  0  -0.0123064  0.0804041
-8.16814  0  0  -0.0173942  0.0964201
-6.9115  0  0  -0.0209147  0.106003
-5.65487  0  0  -0.0252645  0.116199
-4.39823  0  0  -0.0305052  0.125511
-3.14159  0  0  -0.0364569  0.129605
-1.88496  0  0  -0.0423526  0.117129
-0.628319  0  0  -0.0466917  0.0628706
0.628319  0  0  -0.0466916  -0.0628705
1.88496  0  0  -0.0423526  -0.117129
3.14159  0  0  -0.0364569  -0.129605
4.39823  0  0  -0.0305052  -0.125511
5.65487  0  0  -0.0252645  -0.116199
6.9115  0  0  -0.0209148  -0.106003
8.16814  0  0  -0.0173942  -0.0964201
10.6814  0  0  -0.0123064  -0.0804041
15.708  0  0  -0.00681017  -0.0590006
33.3009  0  0  -0.001755  -0.0294951
-54.6637  0  3.14159  1.37846e-08  0.0181727
-27.0177  0  3.14159  1.55496e-08  0.0360328
-13.1947  0  3.14159  9.37517e-09  0.0681575
-10.6814  0  3.14159  1.86527e-08  0.0801544
-8.16814  0  3.14159  -2.94551e-08  0.0958567
-6.9115  0  3.14159  -1.28651e-07  0.105255
-5.65487  0  3.14159  6.81482e-08  0.115488
-4.39823  0  3.14159  3.83113e-08  0.1259
-3.14159  0  3.14159  2.84132e-07  0.134892
-1.88496  0  3.14159  -1.07241e-07  0.138281
-0.628319  0  3.14159  5.04943e-07  0.117226
0.628319  0  3.14159  4.95786e-07  -0.117226
1.88496  0  3.14159  -1.56353e-07  -0.138281
3.14159  0  3.14159  2.75826e-07  -0.134892
4.39823  0  3.14159  3.54146e-08  -0.1259
5.65487  0  3.14159  7.58401e-08  -0.115488
6.9115  0  3.14159  -1.18864e-07  -0.105255
8.16814  0  3.14159  -2.624e-08  -0.0958567
10.6814  0  3.14159  2.89233e-08  -0.0801544
15.708  0  3.14159  5.06911e-09  -0.0589646
33.3009  0  3.14159  -3.75626e-08  -0.0295007
-54.6637  3.14159  0  1.37846e-08  0.0181727
-27.0177  3.14159  0  1.55496e-08  0.0360328
-13.1947  3.14159  0  9.37517e-09  0.0681575
-10.6814  3.14159  0  1.86527e-08  0.0801544
-8.16814  3.14159  0  -2.94551e-08  0.0958567
-6.9115  3.14159  0  -1.28651e-07  0.105255
-5.65487  3.14159  0  6.81482e-08  0.115488
-4.39823  3.14159  0  3.83113e-08  0.1259
-3.14159  3.14159  0  2.84132e-07  0.134892
-1.88496  3.14159  0  -1.07241e-07  0.138281
-0.628319  3.14159  0  5.04943e-07  0.117226
0.628319  3.14159  0  4.95786e-07  -0.117226
1.88496  3.14159  0  -1.56353e-07  -0.138281
3.14159  3.14159  0  2.75826e-07  -0.134892
4.39823  3.14159  0  3.54146e-08  -0.1259
5.65487  3.14159  0  7.58401e-08  -0.115488
6.9115  3.14159  0  -1.18864e-07  -0.105255
8.16814  3.14159  0  -2.624e-08  -0.0958567
10.6814  3.14159  0  2.89233e-08  -0.0801544
15.708  3.14159  0  5.06911e-09  -0.0589646
33.3009  3.14159  0  -3.75626e-08  -0.0295007
-54.6637  3.14159  3.14159  0.000670835  0.0181709
-27.0177  3.14159  3.14159  0.00260386  0.0360262
-13.1947  3.14159  3.14159  0.00900786  0.0682569
-10.6814  3.14159  3.14159  0.0123064  0.0804041
-8.16814  3.14159  3.14159  0.0173942  0.0964201
-6.9115  3.14159  3.14159  0.0209147  0.106003
-5.65487  3.14159  3.14159  0.0252646  0.116199
-4.39823  3.14159  3.14159  0.0305052  0.125511
-3.14159  3.14159  3.14159  0.0364579  0.129605
-1.88496  3.14159  3.14159  0.042354  0.117129
-0.628319  3.14159  3.14159  0.0466926  0.0628706
0.628319  3.14159  3.14159  0.0466927  -0.0628706
1.88496  3.14159  3.14159  0.042354  -0.117129
3.14159  3.14159  3.14159  0.0364579  -0.129605
4.39823  3.14159  3.14159  0.0305052  -0.125511
5.65487  3.14159  3.14159  0.0252646  -0.116199
6.9115  3.14159  3.14159  0.0209147  -0.106003
8.16814  3.14159  3.14159  0.0173942  -0.0964201
10.6814  3.14159  3.14159  0.0123064  -0.0804041
15.708  3.14159  3.14159  0.00681016  -0.0590006
33.3009  3.14159  3.14159  0.00175493  -0.0294951
