-54.6637  0  0  -0.000670607  0.0181708
-27.0177  0  0  -0.00260301  0.0360256
-13.1947  0  0  -0.00900446  0.0682523
-10.6814  0  0  -0.0123013  0.0803958
-8.16814  0  0  -0.0173857  0.0964032
-6.9115  0  0  -0.0209034  0.105978
-5.65487  0  0  -0.0252486  0.11616
-4.39823  0  0  -0.0304817  0.125449
-3.14159  0  0  -0.036421  0.129503
-1.88496  0  0  -0.0422963  0.116975
-0.628319  0  0  -0.0466113  0.0627066
0.628319  0  0  -0.0466113  -0.0627066
1.88496  0  0  -0.0422963  -0.116975
3.14159  0  0  -0.036421  -0.129503
4.39823  0  0  -0.0304817  -0.125449
5.65487  0  0  -0.0252486  -0.11616
6.9115  0  0  -0.0209034  -0.105978
8.16814  0  0  -0.0173857  -0.0964032
10.6814  0  0  -0.0123013  -0.0803958
15.708  0  0  -0.00680774  -0.0589977
33.3009  0  0  -0.00175445  -0.0294948
-54.6637  0  3.14159  1.62625e-08  0.0181727
-27.0177  0  3.14159  1.5953e-08  0.0360322
-13.1947  0  3.14159  1.26481e-08  0.0681528
-10.6814  0  3.14159  8.0265e-09  0.0801461
-8.16814  0  3.14159  -9.62502e-09  0.095841
-6.9115  0  3.14159  -3.63654e-08  0.105233
-5.65487  0  3.14159  1.39493e-08  0.115455
-4.39823  0  3.14159  4.83241e-09  0.125848
-3.14159  0  3.14159  8.01198e-08  0.134802
-1.88496  0  3.14159  3.17995e-08  0.138086
-0.628319  0  3.14159  3.92457e-07  0.116456
0.628319  0  3.14159  3.57738e-07  -0.116456
1.88496  0  3.14159  3.37825e-08  -0.138086
3.14159  0  3.14159  7.46438e-08  -0.134802
4.39823  0  3.14159  -5.31612e-10  -0.125848
5.65487  0  3.14159  1.68047e-08  -0.115455
6.9115  0  3.14159  -3.13945e-08  -0.105233
8.16814  0  3.14159  1.70457e-09  -0.095841
10.6814  0  3.14159  1.66162e-08  -0.0801461
15.708  0  3.14159  -1.04102e-08  -0.0589617
33.3009  0  3.14159  -4.06841e-08  -0.0295003
-54.6637  3.14159  0  1.62625e-08  0.0181727
-27.0177  3.14159  0  1.5953e-08  0.0360322
-13.1947  3.14159  0  1.26481e-08  0.0681528
-10.6814  3.14159  0  8.0265e-09  0.0801461
-8.16814  3.14159  0  -9.62502e-09  0.095841
-6.9115  3.14159  0  -3.63654e-08  0.105233
-5.65487  3.14159  0  1.39493e-08  0.115455
-4.39823  3.14159  0  4.83241e-09  0.125848
-3.14159  3.14159  0  8.01198e-08  0.134802
-1.88496  3.14159  0  3.17995e-08  0.138086
-0.628319  3.14159  0  3.92457e-07  0.116456
0.628319  3.14159  0  3.57738e-07  -0.116456
1.88496  3.14159  0  3.37825e-08  -0.138086
3.14159  3.14159  0  7.46438e-08  -0.134802
4.39823  3.14159  0  -5.31612e-10  -0.125848
5.65487  3.14159  0  1.68047e-08  -0.115455
6.9115  3.14159  0  -3.13945e-08  -0.105233
8.16814  3.14159  0  1.70457e-09  -0.095841
10.6814  3.14159  0  1.66162e-08  -0.0801461
15.708  3.14159  0  -1.04102e-08  -0.0589617
33.3009  3.14159  0  -4.06841e-08  -0.0295003
-54.6637  3.14159  3.14159  0.000670632  0.0181708
-27.0177  3.14159  3.14159  0.00260303  0.0360256
-13.1947  3.14159  3.14159  0.00900445  0.0682523
-10.6814  3.14159  3.14159  0.0123013  0.0803958
-8.16814  3.14159  3.14159  0.0173857  0.0964032
-6.9115  3.14159  3.14159  0.0209034  0.105978
-5.65487  3.14159  3.14159  0.0252486  0.11616
-4.39823  3.14159  3.14159  0.0304817  0.125449
-3.14159  3.14159  3.14159  0.0364214  0.129503
-1.88496  3.14159  3.14159  0.0422968  0.116975
-0.628319  3.14159  3.14159  0.0466117  0.0627066
0.628319  3.14159  3.14159  0.0466117  -0.0627066
1.88496  3.14159  3.14159  0.0422967  -0.116975
3.14159  3.14159  3.14159  0.0364214  -0.129503
4.39823  3.14159  3.14159  0.0304817  -0.125449
5.65487  3.14159  3.14159  0.0252486  -0.11616
6.9115  3.14159  3.14159  0.0209034  -0.105978
8.16814  3.14159  3.14159  0.0173857  -0.0964032
10.6814  3.14159  3.14159  0.0123013  -0.0803958
15.708  3.14159  3.14159  0.00680772  -0.0589977
33.3009  3.14159  3.14159  0.00175438  -0.0294948
