-54.6637  0  0  1.89938e-07  -1.42107e-05
-27.0177  0  0  3.04398e-06  -0.000109182
-13.1947  0  0  4.30582e-05  -0.000724796
-10.6814  0  0  8.69855e-05  -0.00118523
-8.16814  0  0  0.000196881  -0.00208411
-6.9115  0  0  0.000312253  -0.00285175
-5.65487  0  0  0.000516829  -0.00398716
-4.39823  0  0  0.000898937  -0.00567041
-3.14159  0  0  0.00164938  -0.00803484
-1.88496  0  0  0.00313398  -0.0104518
-0.628319  0  0  0.00553139  -0.00833282
0.628319  0  0  0.00553139  0.00833282
1.88496  0  0  0.00313398  0.0104518
3.14159  0  0  0.00164937  0.00803484
4.39823  0  0  0.000898935  0.00567041
5.65487  0  0  0.000516827  0.00398716
6.9115  0  0  0.000312251  0.00285175
8.16814  0  0  0.000196879  0.00208411
10.6814  0  0  8.69844e-05  0.00118523
15.708  0  0  2.33174e-05  0.000470247
33.3009  0  0  1.34709e-06  6.02665e-05
-54.6637  0  3.14159  -2.85439e-11  -1.42099e-05
-27.0177  0  3.14159  8.12819e-11  -0.000109188
-13.1947  0  3.14159  7.60798e-10  -0.000726499
-10.6814  0  3.14159  9.73821e-10  -0.00119029
-8.16814  0  3.14159  9.96644e-10  -0.0021009
-6.9115  0  3.14159  9.18565e-10  -0.0028852
-5.65487  0  3.14159  1.04128e-09  -0.00406331
-4.39823  0  3.14159  1.1631e-09  -0.00588771
-3.14159  0  3.14159  1.31923e-09  -0.00885045
-1.88496  0  3.14159  1.59359e-09  -0.0141918
-0.628319  0  3.14159  1.38791e-09  -0.0256652
0.628319  0  3.14159  -2.05709e-09  0.0256652
1.88496  0  3.14159  -1.40594e-09  0.0141918
3.14159  0  3.14159  -1.17017e-09  0.00885045
4.39823  0  3.14159  -9.53271e-10  0.00588771
5.65487  0  3.14159  -7.84895e-10  0.00406331
6.9115  0  3.14159  -6.07813e-10  0.0028852
8.16814  0  3.14159  -4.2687e-10  0.0021009
10.6814  0  3.14159  -2.23871e-10  0.00119029
15.708  0  3.14159  -1.38389e-10  0.00047086
33.3009  0  3.14159  -1.08839e-10  6.02639e-05
-54.6637  3.14159  0  -2.85439e-11  -1.42099e-05
-27.0177  3.14159  0  8.12819e-11  -0.000109188
-13.1947  3.14159  0  7.60798e-10  -0.000726499
-10.6814  3.14159  0  9.73821e-10  -0.00119029
-8.16814  3.14159  0  9.96644e-10  -0.0021009
-6.9115  3.14159  0  9.18565e-10  -0.0028852
-5.65487  3.14159  0  1.04128e-09  -0.00406331
-4.39823  3.14159  0  1.1631e-09  -0.00588771
-3.14159  3.14159  0  1.31923e-09  -0.00885045
-1.88496  3.14159  0  1.59359e-09  -0.0141918
-0.628319  3.14159  0  1.38791e-09  -0.0256652
0.628319  3.14159  0  -2.05709e-09  0.0256652
1.88496  3.14159  0  -1.40594e-09  0.0141918
3.14159  3.14159  0  -1.17017e-09  0.00885045
4.39823  3.14159  0  -9.53271e-10  0.00588771
5.65487  3.14159  0  -7.84895e-10  0.00406331
6.9115  3.14159  0  -6.07813e-10  0.0028852
8.16814  3.14159  0  -4.2687e-10  0.0021009
10.6814  3.14159  0  -2.23871e-10  0.00119029
15.708  3.14159  0  -1.38389e-10  0.00047086
33.3009  3.14159  0  -1.08839e-10  6.02639e-05
-54.6637  3.14159  3.14159  -1.89989e-07  -1.42107e-05
-27.0177  3.14159  3.14159  -3.04378e-06  -0.000109182
-13.1947  3.14159  3.14159  -4.30569e-05  -0.000724796
-10.6814  3.14159  3.14159  -8.6984e-05  -0.00118523
-8.16814  3.14159  3.14159  -0.000196879  -0.00208411
-6.9115  3.14159  3.14159  -0.00031225  -0.00285175
-5.65487  3.14159  3.14159  -0.000516827  -0.00398716
-4.39823  3.14159  3.14159  -0.000898934  -0.00567041
-3.14159  3.14159  3.14159  -0.00164937  -0.00803484
-1.88496  3.14159  3.14159  -0.00313398  -0.0104518
-0.628319  3.14159  3.14159  -0.00553139  -0.00833282
0.628319  3.14159  3.14159  -0.00553139  0.00833282
1.88496  3.14159  3.14159  -0.00313398  0.0104518
3.14159  3.14159  3.14159  -0.00164938  0.00803484
4.39823  3.14159  3.14159  -0.000898936  0.00567041
5.65487  3.14159  3.14159  -0.000516829  0.00398716
6.9115  3.14159  3.14159  -0.000312252  0.00285175
8.16814  3.14159  3.14159  -0.00019688  0.00208411
10.6814  3.14159  3.14159  -8.6985e-05  0.00118523
15.708  3.14159  3.14159  -2.33178e-05  0.000470247
33.3009  3.14159  3.14159  -1.34729e-06  6.02665e-05
