-54.6637  0  0  5.7313e-05  -0.0039837
-27.0177  0  0  0.000248823  -0.00807137
-13.1947  0  0  0.00115926  -0.0164208
-10.6814  0  0  0.00179411  -0.0200723
-8.16814  0  0  0.00300255  -0.0255281
-6.9115  0  0  0.00401122  -0.0292896
-5.65487  0  0  0.00547149  -0.0339623
-4.39823  0  0  0.00759307  -0.0395389
-3.14159  0  0  0.010624  -0.0451392
-1.88496  0  0  0.0146716  -0.0464807
-0.628319  0  0  0.0189314  -0.0289302
0.628319  0  0  0.0189314  0.0289302
1.88496  0  0  0.0146716  0.0464807
3.14159  0  0  0.010624  0.0451392
4.39823  0  0  0.00759307  0.0395389
5.65487  0  0  0.0054715  0.0339623
6.9115  0  0  0.00401122  0.0292896
8.16814  0  0  0.00300255  0.0255281
10.6814  0  0  0.00179411  0.0200723
15.708  0  0  0.000799184  0.0138514
33.3009  0  0  0.000159914  0.00654566
-54.6637  0  3.14159  -1.30243e-09  -0.0039857
-27.0177  0  3.14159  -1.80251e-09  -0.00808871
-13.1947  0  3.14159  5.35321e-10  -0.0165667
-10.6814  0  3.14159  1.84141e-10  -0.0203266
-8.16814  0  3.14159  -4.41157e-09  -0.0260067
-6.9115  0  3.14159  -6.6471e-09  -0.0299777
-5.65487  0  3.14159  -2.19882e-09  -0.0350253
-4.39823  0  3.14159  -2.20241e-09  -0.041454
-3.14159  0  3.14159  -2.30241e-09  -0.0496034
-1.88496  0  3.14159  -2.22521e-09  -0.0598268
-0.628319  0  3.14159  -1.75318e-09  -0.0693266
0.628319  0  3.14159  1.97301e-09  0.0693266
1.88496  0  3.14159  2.40129e-09  0.0598268
3.14159  0  3.14159  2.35689e-09  0.0496034
4.39823  0  3.14159  2.2056e-09  0.041454
5.65487  0  3.14159  1.96689e-09  0.0350253
6.9115  0  3.14159  8.04268e-10  0.0299777
8.16814  0  3.14159  1.56905e-09  0.0260067
10.6814  0  3.14159  1.69277e-09  0.0203266
15.708  0  3.14159  5.57355e-10  0.0139405
33.3009  0  3.14159  8.61701e-10  0.00655477
-54.6637  3.14159  0  -1.30243e-09  -0.0039857
-27.0177  3.14159  0  -1.80251e-09  -0.00808871
-13.1947  3.14159  0  5.35321e-10  -0.0165667
-10.6814  3.14159  0  1.84141e-10  -0.0203266
-8.16814  3.14159  0  -4.41157e-09  -0.0260067
-6.9115  3.14159  0  -6.6471e-09  -0.0299777
-5.65487  3.14159  0  -2.19882e-09  -0.0350253
-4.39823  3.14159  0  -2.20241e-09  -0.041454
-3.14159  3.14159  0  -2.30241e-09  -0.0496034
-1.88496  3.14159  0  -2.22521e-09  -0.0598268
-0.628319  3.14159  0  -1.75318e-09  -0.0693266
0.628319  3.14159  0  1.97301e-09  0.0693266
1.88496  3.14159  0  2.40129e-09  0.0598268
3.14159  3.14159  0  2.35689e-09  0.0496034
4.39823  3.14159  0  2.2056e-09  0.041454
5.65487  3.14159  0  1.96689e-09  0.0350253
6.9115  3.14159  0  8.04268e-10  0.0299777
8.16814  3.14159  0  1.56905e-09  0.0260067
10.6814  3.14159  0  1.69277e-09  0.0203266
15.708  3.14159  0  5.57355e-10  0.0139405
33.3009  3.14159  0  8.61701e-10  0.00655477
-54.6637  3.14159  3.14159  -5.73121e-05  -0.0039837
-27.0177  3.14159  3.14159  -0.000248822  -0.00807137
-13.1947  3.14159  3.14159  -0.00115926  -0.0164208
-10.6814  3.14159  3.14159  -0.00179411  -0.0200723
-8.16814  3.14159  3.14159  -0.00300255  -0.0255281
-6.9115  3.14159  3.14159  -0.00401122  -0.0292896
-5.65487  3.14159  3.14159  -0.0054715  -0.0339623
-4.39823  3.14159  3.14159  -0.00759308  -0.0395389
-3.14159  3.14159  3.14159  -0.010624  -0.0451392
-1.88496  3.14159  3.14159  -0.0146716  -0.0464807
-0.628319  3.14159  3.14159  -0.0189314  -0.0289302
0.628319  3.14159  3.14159  -0.0189314  0.0289302
1.88496  3.14159  3.14159  -0.0146716  0.0464807
3.14159  3.14159  3.14159  -0.010624  0.0451392
4.39823  3.14159  3.14159  -0.00759307  0.0395389
5.65487  3.14159  3.14159  -0.00547149  0.0339623
6.9115  3.14159  3.14159  -0.00401121  0.0292896
8.16814  3.14159  3.14159  -0.00300255  0.0255281
10.6814  3.14159  3.14159  -0.00179411  0.0200723
15.708  3.14159  3.14159  -0.000799181  0.0138514
33.3009  3.14159  3.14159  -0.000159913  0.00654566
