-54.6637  0  0  -5.73083e-05  0.00398085
-27.0177  0  0  -0.000248819  0.00806567
-13.1947  0  0  -0.00115931  0.0164095
-10.6814  0  0  -0.00179422  0.0200585
-8.16814  0  0  -0.00300279  0.0255105
-6.9115  0  0  -0.00401157  0.0292692
-5.65487  0  0  -0.00547202  0.0339378
-4.39823  0  0  -0.00759378  0.0395083
-3.14159  0  0  -0.0106247  0.045099
-1.88496  0  0  -0.0146716  0.0464283
-0.628319  0  0  -0.0189285  0.0288825
0.628319  0  0  -0.0189285  -0.0288825
1.88496  0  0  -0.0146716  -0.0464283
3.14159  0  0  -0.0106247  -0.045099
4.39823  0  0  -0.00759378  -0.0395083
5.65487  0  0  -0.00547202  -0.0339378
6.9115  0  0  -0.00401158  -0.0292692
8.16814  0  0  -0.00300279  -0.0255105
10.6814  0  0  -0.00179422  -0.0200585
15.708  0  0  -0.000799205  -0.0138418
33.3009  0  0  -0.000159915  -0.00654101
-54.6637  0  3.14159  -1.85111e-10  0.00398284
-27.0177  0  3.14159  7.8753e-10  0.00808296
-13.1947  0  3.14159  1.6822e-09  0.0165551
-10.6814  0  3.14159  1.3051e-09  0.0203123
-8.16814  0  3.14159  2.13204e-09  0.0259881
-6.9115  0  3.14159  3.19785e-09  0.0299557
-5.65487  0  3.14159  2.408e-09  0.0349986
-4.39823  0  3.14159  2.54067e-09  0.0414197
-3.14159  0  3.14159  2.67417e-09  0.049555
-1.88496  0  3.14159  2.67656e-09  0.0597424
-0.628319  0  3.14159  2.23853e-09  0.0690822
0.628319  0  3.14159  -1.86543e-09  -0.0690822
1.88496  0  3.14159  -2.38157e-09  -0.0597424
3.14159  0  3.14159  -2.41428e-09  -0.049555
4.39823  0  3.14159  -2.34132e-09  -0.0414197
5.65487  0  3.14159  -2.09131e-09  -0.0349986
6.9115  0  3.14159  2.98003e-09  -0.0299557
8.16814  0  3.14159  1.55676e-09  -0.0259881
10.6814  0  3.14159  -2.88215e-09  -0.0203123
15.708  0  3.14159  -2.35716e-09  -0.0139307
33.3009  0  3.14159  8.22145e-10  -0.0065501
-54.6637  3.14159  0  -1.85111e-10  0.00398284
-27.0177  3.14159  0  7.8753e-10  0.00808296
-13.1947  3.14159  0  1.6822e-09  0.0165551
-10.6814  3.14159  0  1.3051e-09  0.0203123
-8.16814  3.14159  0  2.13204e-09  0.0259881
-6.9115  3.14159  0  3.19785e-09  0.0299557
-5.65487  3.14159  0  2.408e-09  0.0349986
-4.39823  3.14159  0  2.54067e-09  0.0414197
-3.14159  3.14159  0  2.67417e-09  0.049555
-1.88496  3.14159  0  2.67656e-09  0.0597424
-0.628319  3.14159  0  2.23853e-09  0.0690822
0.628319  3.14159  0  -1.86543e-09  -0.0690822
1.88496  3.14159  0  -2.38157e-09  -0.0597424
3.14159  3.14159  0  -2.41428e-09  -0.049555
4.39823  3.14159  0  -2.34132e-09  -0.0414197
5.65487  3.14159  0  -2.09131e-09  -0.0349986
6.9115  3.14159  0  2.98003e-09  -0.0299557
8.16814  3.14159  0  1.55676e-09  -0.0259881
10.6814  3.14159  0  -2.88215e-09  -0.0203123
15.708  3.14159  0  -2.35716e-09  -0.0139307
33.3009  3.14159  0  8.22145e-10  -0.0065501
-54.6637  3.14159  3.14159  5.73097e-05  0.00398085
-27.0177  3.14159  3.14159  0.000248821  0.00806567
-13.1947  3.14159  3.14159  0.00115931  0.0164095
-10.6814  3.14159  3.14159  0.00179422  0.0200585
-8.16814  3.14159  3.14159  0.00300279  0.0255105
-6.9115  3.14159  3.14159  0.00401158  0.0292692
-5.65487  3.14159  3.14159  0.00547202  0.0339378
-4.39823  3.14159  3.14159  0.00759378  0.0395083
-3.14159  3.14159  3.14159  0.0106247  0.045099
-1.88496  3.14159  3.14159  0.0146716  0.0464283
-0.628319  3.14159  3.14159  0.0189285  0.0288825
0.628319  3.14159  3.14159  0.0189285  -0.0288825
1.88496  3.14159  3.14159  0.0146716  -0.0464283
3.14159  3.14159  3.14159  0.0106247  -0.045099
4.39823  3.14159  3.14159  0.00759378  -0.0395083
5.65487  3.14159  3.14159  0.00547202  -0.0339378
6.9115  3.14159  3.14159  0.00401157  -0.0292692
8.16814  3.14159  3.14159  0.00300279  -0.0255105
10.6814  3.14159  3.14159  0.00179422  -0.0200585
15.708  3.14159  3.14159  0.000799204  -0.0138418
33.3009  3.14159  3.14159  0.000159912  -0.00654101
