-54.6637  0  0  -3.33876e-05  0.00189462
-27.0177  0  0  -0.00013623  0.00381538
-13.1947  0  0  -0.000565204  0.00765961
-10.6814  0  0  -0.000853836  0.00933401
-8.16814  0  0  -0.00141997  0.0118701
-6.9115  0  0  -0.00192039  0.0136644
-5.65487  0  0  -0.0026984  0.0159817
-4.39823  0  0  -0.00395551  0.018963
-3.14159  0  0  -0.0060372  0.0225419
-1.88496  0  0  -0.00945332  0.0252302
-0.628319  0  0  -0.0143004  0.0185838
0.628319  0  0  -0.0142999  -0.0185839
1.88496  0  0  -0.00945332  -0.0252304
3.14159  0  0  -0.00603709  -0.0225419
4.39823  0  0  -0.00395544  -0.018963
5.65487  0  0  -0.00269847  -0.0159816
6.9115  0  0  -0.00192042  -0.0136644
8.16814  0  0  -0.00142002  -0.0118701
10.6814  0  0  -0.000853851  -0.009334
15.708  0  0  -0.000400493  -0.00648367
33.3009  0  0  -8.97929e-05  -0.0031017
-54.6637  0  3.14159  -7.74487e-09  0.00189675
-27.0177  0  3.14159  6.51495e-09  0.0038337
-13.1947  0  3.14159  2.01108e-08  0.00781407
-10.6814  0  3.14159  3.43978e-08  0.009618
-8.16814  0  3.14159  -6.65648e-08  0.0124677
-6.9115  0  3.14159  -3.44872e-07  0.0145929
-5.65487  0  3.14159  2.04081e-07  0.0175197
-4.39823  0  3.14159  9.52853e-08  0.0217382
-3.14159  0  3.14159  9.19563e-07  0.0282182
-1.88496  0  3.14159  -1.63732e-07  0.0394042
-0.628319  0  3.14159  2.38745e-06  0.067056
0.628319  0  3.14159  2.21311e-06  -0.0670559
1.88496  0  3.14159  -1.86627e-07  -0.0394041
3.14159  0  3.14159  8.76979e-07  -0.0282182
4.39823  0  3.14159  8.28471e-08  -0.0217383
5.65487  0  3.14159  2.47401e-07  -0.0175197
6.9115  0  3.14159  -3.21935e-07  -0.0145929
8.16814  0  3.14159  -4.74503e-08  -0.0124677
10.6814  0  3.14159  5.07755e-08  -0.00961801
15.708  0  3.14159  4.73428e-08  -0.00657596
33.3009  0  3.14159  -2.93636e-09  -0.00311211
-54.6637  3.14159  0  -7.74487e-09  0.00189675
-27.0177  3.14159  0  6.51495e-09  0.0038337
-13.1947  3.14159  0  2.01108e-08  0.00781407
-10.6814  3.14159  0  3.43978e-08  0.009618
-8.16814  3.14159  0  -6.65648e-08  0.0124677
-6.9115  3.14159  0  -3.44872e-07  0.0145929
-5.65487  3.14159  0  2.04081e-07  0.0175197
-4.39823  3.14159  0  9.52853e-08  0.0217382
-3.14159  3.14159  0  9.19563e-07  0.0282182
-1.88496  3.14159  0  -1.63732e-07  0.0394042
-0.628319  3.14159  0  2.38745e-06  0.067056
0.628319  3.14159  0  2.21311e-06  -0.0670559
1.88496  3.14159  0  -1.86627e-07  -0.0394041
3.14159  3.14159  0  8.76979e-07  -0.0282182
4.39823  3.14159  0  8.28471e-08  -0.0217383
5.65487  3.14159  0  2.47401e-07  -0.0175197
6.9115  3.14159  0  -3.21935e-07  -0.0145929
8.16814  3.14159  0  -4.74503e-08  -0.0124677
10.6814  3.14159  0  5.07755e-08  -0.00961801
15.708  3.14159  0  4.73428e-08  -0.00657596
33.3009  3.14159  0  -2.93636e-09  -0.00311211
-54.6637  3.14159  3.14159  3.33817e-05  0.00189462
-27.0177  3.14159  3.14159  0.000136254  0.00381538
-13.1947  3.14159  3.14159  0.000565068  0.00765961
-10.6814  3.14159  3.14159  0.000853829  0.00933401
-8.16814  3.14159  3.14159  0.00142005  0.0118701
-6.9115  3.14159  3.14159  0.00192031  0.0136644
-5.65487  3.14159  3.14159  0.00269894  0.0159816
-4.39823  3.14159  3.14159  0.00395533  0.018963
-3.14159  3.14159  3.14159  0.00604108  0.0225419
-1.88496  3.14159  3.14159  0.00945895  0.0252302
-0.628319  3.14159  3.14159  0.0143039  0.0185841
0.628319  3.14159  3.14159  0.0143043  -0.0185842
1.88496  3.14159  3.14159  0.00945895  -0.0252304
3.14159  3.14159  3.14159  0.0060412  -0.0225418
4.39823  3.14159  3.14159  0.0039554  -0.018963
5.65487  3.14159  3.14159  0.00269887  -0.0159816
6.9115  3.14159  3.14159  0.00192028  -0.0136644
8.16814  3.14159  3.14159  0.00142001  -0.0118701
10.6814  3.14159  3.14159  0.00085381  -0.00933401
15.708  3.14159  3.14159  0.000400558  -0.00648367
33.3009  3.14159  3.14159  8.97997e-05  -0.0031017
