-54.6637  0  0  3.99505e-06  -0.00157968
-27.0177  0  0  1.27188e-05  -0.00303424
-13.1947  0  0  2.67147e-05  -0.0052151
-10.6814  0  0  3.58424e-05  -0.0058615
-8.16814  0  0  7.00485e-05  -0.00656037
-6.9115  0  0  0.000118197  -0.00689351
-5.65487  0  0  0.00021904  -0.0071736
-4.39823  0  0  0.000426084  -0.00734493
-3.14159  0  0  0.00083098  -0.00731108
-1.88496  0  0  0.00154034  -0.0067728
-0.628319  0  0  0.00246546  -0.00422566
0.628319  0  0  0.00246546  0.00422565
1.88496  0  0  0.00154034  0.0067728
3.14159  0  0  0.000830982  0.00731108
4.39823  0  0  0.000426086  0.00734493
5.65487  0  0  0.000219041  0.0071736
6.9115  0  0  0.000118198  0.00689351
8.16814  0  0  7.00489e-05  0.00656037
10.6814  0  0  3.58425e-05  0.0058615
15.708  0  0  2.28013e-05  0.00465617
33.3009  0  0  9.34583e-06  0.00251857
-54.6637  0  3.14159  3.03403e-09  -0.0015806
-27.0177  0  3.14159  5.55933e-09  -0.00304227
-13.1947  0  3.14159  3.16527e-09  -0.0052946
-10.6814  0  3.14159  3.22448e-10  -0.00601696
-8.16814  0  3.14159  -2.764e-09  -0.00690746
-6.9115  0  3.14159  -2.9426e-09  -0.00744015
-5.65487  0  3.14159  -1.17909e-09  -0.00806114
-4.39823  0  3.14159  -1.04456e-09  -0.00881549
-3.14159  0  3.14159  -1.12084e-09  -0.00976657
-1.88496  0  3.14159  -1.30701e-09  -0.0109582
-0.628319  0  3.14159  -1.50218e-09  -0.0122446
0.628319  0  3.14159  1.65965e-09  0.0122446
1.88496  0  3.14159  1.38492e-09  0.0109582
3.14159  0  3.14159  1.08464e-09  0.00976657
4.39823  0  3.14159  7.98013e-10  0.00881549
5.65487  0  3.14159  4.52749e-10  0.00806114
6.9115  0  3.14159  -7.3907e-10  0.00744015
8.16814  0  3.14159  -7.17621e-10  0.00690746
10.6814  0  3.14159  4.0828e-10  0.00601696
15.708  0  3.14159  1.07596e-09  0.00470147
33.3009  0  3.14159  -6.28294e-10  0.00252276
-54.6637  3.14159  0  3.03403e-09  -0.0015806
-27.0177  3.14159  0  5.55933e-09  -0.00304227
-13.1947  3.14159  0  3.16527e-09  -0.0052946
-10.6814  3.14159  0  3.22448e-10  -0.00601696
-8.16814  3.14159  0  -2.764e-09  -0.00690746
-6.9115  3.14159  0  -2.9426e-09  -0.00744015
-5.65487  3.14159  0  -1.17909e-09  -0.00806114
-4.39823  3.14159  0  -1.04456e-09  -0.00881549
-3.14159  3.14159  0  -1.12084e-09  -0.00976657
-1.88496  3.14159  0  -1.30701e-09  -0.0109582
-0.628319  3.14159  0  -1.50218e-09  -0.0122446
0.628319  3.14159  0  1.65965e-09  0.0122446
1.88496  3.14159  0  1.38492e-09  0.0109582
3.14159  3.14159  0  1.08464e-09  0.00976657
4.39823  3.14159  0  7.98013e-10  0.00881549
5.65487  3.14159  0  4.52749e-10  0.00806114
6.9115  3.14159  0  -7.3907e-10  0.00744015
8.16814  3.14159  0  -7.17621e-10  0.00690746
10.6814  3.14159  0  4.0828e-10  0.00601696
15.708  3.14159  0  1.07596e-09  0.00470147
33.3009  3.14159  0  -6.28294e-10  0.00252276
-54.6637  3.14159  3.14159  -3.9928e-06  -0.00157968
-27.0177  3.14159  3.14159  -1.27156e-05  -0.00303424
-13.1947  3.14159  3.14159  -2.67136e-05  -0.0052151
-10.6814  3.14159  3.14159  -3.58418e-05  -0.0058615
-8.16814  3.14159  3.14159  -7.00482e-05  -0.00656037
-6.9115  3.14159  3.14159  -0.000118197  -0.00689351
-5.65487  3.14159  3.14159  -0.000219041  -0.0071736
-4.39823  3.14159  3.14159  -0.000426085  -0.00734493
-3.14159  3.14159  3.14159  -0.000830982  -0.00731108
-1.88496  3.14159  3.14159  -0.00154034  -0.0067728
-0.628319  3.14159  3.14159  -0.00246546  -0.00422565
0.628319  3.14159  3.14159  -0.00246546  0.00422566
1.88496  3.14159  3.14159  -0.00154034  0.0067728
3.14159  3.14159  3.14159  -0.00083098  0.00731108
4.39823  3.14159  3.14159  -0.000426084  0.00734493
5.65487  3.14159  3.14159  -0.00021904  0.0071736
6.9115  3.14159  3.14159  -0.000118196  0.00689351
8.16814  3.14159  3.14159  -7.00474e-05  0.00656037
10.6814  3.14159  3.14159  -3.58415e-05  0.0058615
15.708  3.14159  3.14159  -2.28006e-05  0.00465617
33.3009  3.14159  3.14159  -9.34597e-06  0.00251857
