-54.6637  0  0  3.99507e-06  -0.00158005
-27.0177  0  0  1.27187e-05  -0.00303497
-13.1947  0  0  2.67121e-05  -0.0052165
-10.6814  0  0  3.58373e-05  -0.00586316
-8.16814  0  0  7.00379e-05  -0.00656236
-6.9115  0  0  0.000118182  -0.0068957
-5.65487  0  0  0.000219019  -0.00717598
-4.39823  0  0  0.000426059  -0.00734744
-3.14159  0  0  0.00083096  -0.00731359
-1.88496  0  0  0.00154036  -0.00677501
-0.628319  0  0  0.00246559  -0.00422698
0.628319  0  0  0.00246559  0.00422698
1.88496  0  0  0.00154036  0.00677501
3.14159  0  0  0.000830962  0.00731359
4.39823  0  0  0.000426061  0.00734744
5.65487  0  0  0.000219021  0.00717598
6.9115  0  0  0.000118183  0.0068957
8.16814  0  0  7.00383e-05  0.00656236
10.6814  0  0  3.58374e-05  0.00586316
15.708  0  0  2.28e-05  0.00465737
33.3009  0  0  9.34583e-06  0.00251917
-54.6637  0  3.14159  3.02899e-09  -0.00158097
-27.0177  0  3.14159  5.55086e-09  -0.003043
-13.1947  0  3.14159  3.16044e-09  -0.00529604
-10.6814  0  3.14159  3.20346e-10  -0.0060187
-8.16814  0  3.14159  -2.7635e-09  -0.00690962
-6.9115  0  3.14159  -2.94208e-09  -0.00744261
-5.65487  0  3.14159  -1.18025e-09  -0.00806398
-4.39823  0  3.14159  -1.04658e-09  -0.00881885
-3.14159  0  3.14159  -1.12419e-09  -0.00977065
-1.88496  0  3.14159  -1.31202e-09  -0.0109632
-0.628319  0  3.14159  -1.50959e-09  -0.012251
0.628319  0  3.14159  1.65152e-09  0.012251
1.88496  0  3.14159  1.37871e-09  0.0109632
3.14159  0  3.14159  1.0803e-09  0.00977065
4.39823  0  3.14159  7.95307e-10  0.00881885
5.65487  0  3.14159  4.51135e-10  0.00806398
6.9115  0  3.14159  -7.39355e-10  0.00744261
8.16814  0  3.14159  -7.1767e-10  0.00690962
10.6814  0  3.14159  4.07597e-10  0.0060187
15.708  0  3.14159  1.07497e-09  0.0047027
33.3009  0  3.14159  -6.27266e-10  0.00252336
-54.6637  3.14159  0  3.02899e-09  -0.00158097
-27.0177  3.14159  0  5.55086e-09  -0.003043
-13.1947  3.14159  0  3.16044e-09  -0.00529604
-10.6814  3.14159  0  3.20346e-10  -0.0060187
-8.16814  3.14159  0  -2.7635e-09  -0.00690962
-6.9115  3.14159  0  -2.94208e-09  -0.00744261
-5.65487  3.14159  0  -1.18025e-09  -0.00806398
-4.39823  3.14159  0  -1.04658e-09  -0.00881885
-3.14159  3.14159  0  -1.12419e-09  -0.00977065
-1.88496  3.14159  0  -1.31202e-09  -0.0109632
-0.628319  3.14159  0  -1.50959e-09  -0.012251
0.628319  3.14159  0  1.65152e-09  0.012251
1.88496  3.14159  0  1.37871e-09  0.0109632
3.14159  3.14159  0  1.0803e-09  0.00977065
4.39823  3.14159  0  7.95307e-10  0.00881885
5.65487  3.14159  0  4.51135e-10  0.00806398
6.9115  3.14159  0  -7.39355e-10  0.00744261
8.16814  3.14159  0  -7.1767e-10  0.00690962
10.6814  3.14159  0  4.07597e-10  0.0060187
15.708  3.14159  0  1.07497e-09  0.0047027
33.3009  3.14159  0  -6.27266e-10  0.00252336
-54.6637  3.14159  3.14159  -3.99283e-06  -0.00158005
-27.0177  3.14159  3.14159  -1.27155e-05  -0.00303497
-13.1947  3.14159  3.14159  -2.6711e-05  -0.0052165
-10.6814  3.14159  3.14159  -3.58367e-05  -0.00586316
-8.16814  3.14159  3.14159  -7.00376e-05  -0.00656236
-6.9115  3.14159  3.14159  -0.000118182  -0.0068957
-5.65487  3.14159  3.14159  -0.00021902  -0.00717598
-4.39823  3.14159  3.14159  -0.00042606  -0.00734744
-3.14159  3.14159  3.14159  -0.000830962  -0.00731359
-1.88496  3.14159  3.14159  -0.00154036  -0.00677501
-0.628319  3.14159  3.14159  -0.00246559  -0.00422698
0.628319  3.14159  3.14159  -0.00246559  0.00422698
1.88496  3.14159  3.14159  -0.00154036  0.00677501
3.14159  3.14159  3.14159  -0.00083096  0.00731359
4.39823  3.14159  3.14159  -0.000426059  0.00734744
5.65487  3.14159  3.14159  -0.000219019  0.00717598
6.9115  3.14159  3.14159  -0.000118181  0.0068957
8.16814  3.14159  3.14159  -7.00368e-05  0.00656236
10.6814  3.14159  3.14159  -3.58364e-05  0.00586316
15.708  3.14159  3.14159  -2.27993e-05  0.00465737
33.3009  3.14159  3.14159  -9.34596e-06  0.00251917
