-54.6637  0  0  -3.00172e-05  0.00160624
-27.0177  0  0  -0.000122618  0.00323605
-13.1947  0  0  -0.000510772  0.0065087
-10.6814  0  0  -0.000773489  0.00793947
-8.16814  0  0  -0.00129063  0.0101121
-6.9115  0  0  -0.00174861  0.0116532
-5.65487  0  0  -0.00246114  0.0136449
-4.39823  0  0  -0.00360876  0.0162027
-3.14159  0  0  -0.00549564  0.0192228
-1.88496  0  0  -0.00852592  0.0212589
-0.628319  0  0  -0.0125853  0.0149694
0.628319  0  0  -0.0125853  -0.0149694
1.88496  0  0  -0.00852592  -0.0212589
3.14159  0  0  -0.00549564  -0.0192228
4.39823  0  0  -0.00360875  -0.0162027
5.65487  0  0  -0.00246114  -0.0136449
6.9115  0  0  -0.00174861  -0.0116532
8.16814  0  0  -0.00129063  -0.0101121
10.6814  0  0  -0.000773491  -0.00793947
15.708  0  0  -0.000361438  -0.00550548
33.3009  0  0  -8.07791e-05  -0.0026305
-54.6637  0  3.14159  -4.73043e-12  0.00160796
-27.0177  0  3.14159  4.90239e-10  0.00325017
-13.1947  0  3.14159  1.18604e-09  0.0066269
-10.6814  0  3.14159  5.2999e-10  0.00815717
-8.16814  0  3.14159  -6.65451e-10  0.0105716
-6.9115  0  3.14159  -8.22156e-09  0.0123681
-5.65487  0  3.14159  4.74192e-09  0.0148279
-4.39823  0  3.14159  4.12774e-10  0.018334
-3.14159  0  3.14159  2.62548e-08  0.0235962
-1.88496  0  3.14159  1.00484e-08  0.0321383
-0.628319  0  3.14159  1.43935e-07  0.0467811
0.628319  0  3.14159  1.30807e-07  -0.0467811
1.88496  0  3.14159  1.15961e-08  -0.0321383
3.14159  0  3.14159  2.44908e-08  -0.0235962
4.39823  0  3.14159  -1.4879e-09  -0.018334
5.65487  0  3.14159  5.84409e-09  -0.0148279
6.9115  0  3.14159  -9.55784e-09  -0.0123681
8.16814  0  3.14159  -8.98225e-10  -0.0105716
10.6814  0  3.14159  1.2952e-09  -0.00815717
15.708  0  3.14159  8.34557e-10  -0.00557628
33.3009  0  3.14159  -8.38911e-10  -0.00263808
-54.6637  3.14159  0  -4.73043e-12  0.00160796
-27.0177  3.14159  0  4.90239e-10  0.00325017
-13.1947  3.14159  0  1.18604e-09  0.0066269
-10.6814  3.14159  0  5.2999e-10  0.00815717
-8.16814  3.14159  0  -6.65451e-10  0.0105716
-6.9115  3.14159  0  -8.22156e-09  0.0123681
-5.65487  3.14159  0  4.74192e-09  0.0148279
-4.39823  3.14159  0  4.12774e-10  0.018334
-3.14159  3.14159  0  2.62548e-08  0.0235962
-1.88496  3.14159  0  1.00484e-08  0.0321383
-0.628319  3.14159  0  1.43935e-07  0.0467811
0.628319  3.14159  0  1.30807e-07  -0.0467811
1.88496  3.14159  0  1.15961e-08  -0.0321383
3.14159  3.14159  0  2.44908e-08  -0.0235962
4.39823  3.14159  0  -1.4879e-09  -0.018334
5.65487  3.14159  0  5.84409e-09  -0.0148279
6.9115  3.14159  0  -9.55784e-09  -0.0123681
8.16814  3.14159  0  -8.98225e-10  -0.0105716
10.6814  3.14159  0  1.2952e-09  -0.00815717
15.708  3.14159  0  8.34557e-10  -0.00557628
33.3009  3.14159  0  -8.38911e-10  -0.00263808
-54.6637  3.14159  3.14159  3.00166e-05  0.00160624
-27.0177  3.14159  3.14159  0.000122619  0.00323605
-13.1947  3.14159  3.14159  0.000510768  0.0065087
-10.6814  3.14159  3.14159  0.00077349  0.00793947
-8.16814  3.14159  3.14159  0.00129063  0.0101121
-6.9115  3.14159  3.14159  0.0017486  0.0116532
-5.65487  3.14159  3.14159  0.00246116  0.0136449
-4.39823  3.14159  3.14159  0.00360875  0.0162027
-3.14159  3.14159  3.14159  0.00549578  0.0192228
-1.88496  3.14159  3.14159  0.0085261  0.0212589
-0.628319  3.14159  3.14159  0.0125854  0.0149694
0.628319  3.14159  3.14159  0.0125854  -0.0149694
1.88496  3.14159  3.14159  0.0085261  -0.0212589
3.14159  3.14159  3.14159  0.00549578  -0.0192228
4.39823  3.14159  3.14159  0.00360875  -0.0162027
5.65487  3.14159  3.14159  0.00246116  -0.0136449
6.9115  3.14159  3.14159  0.00174861  -0.0116532
8.16814  3.14159  3.14159  0.00129063  -0.0101121
10.6814  3.14159  3.14159  0.000773488  -0.00793947
15.708  3.14159  3.14159  0.000361439  -0.00550548
33.3009  3.14159  3.14159  8.07805e-05  -0.0026305
