-54.6637  0  0  1.89989e-07  -1.42158e-05
-27.0177  0  0  3.04469e-06  -0.000109225
-13.1947  0  0  4.30633e-05  -0.000725164
-10.6814  0  0  8.69904e-05  -0.00118591
-8.16814  0  0  0.000196872  -0.00208553
-6.9115  0  0  0.000312218  -0.00285394
-5.65487  0  0  0.000516733  -0.00399074
-4.39823  0  0  0.000898718  -0.00567656
-3.14159  0  0  0.00164902  -0.0080459
-1.88496  0  0  0.00313402  -0.0104709
-0.628319  0  0  0.00553449  -0.00835398
0.628319  0  0  0.00553449  0.00835398
1.88496  0  0  0.00313401  0.0104709
3.14159  0  0  0.00164901  0.0080459
4.39823  0  0  0.000898716  0.00567657
5.65487  0  0  0.000516732  0.00399074
6.9115  0  0  0.000312216  0.00285394
8.16814  0  0  0.000196871  0.00208553
10.6814  0  0  8.69894e-05  0.00118591
15.708  0  0  2.33212e-05  0.000470467
33.3009  0  0  1.34743e-06  6.02895e-05
-54.6637  0  3.14159  -2.82814e-11  -1.4215e-05
-27.0177  0  3.14159  7.76704e-11  -0.00010923
-13.1947  0  3.14159  7.36858e-10  -0.000726857
-10.6814  0  3.14159  9.42897e-10  -0.00119094
-8.16814  0  3.14159  9.59932e-10  -0.00210224
-6.9115  0  3.14159  8.78527e-10  -0.00288725
-5.65487  0  3.14159  9.93602e-10  -0.00406662
-4.39823  0  3.14159  1.10939e-09  -0.00589345
-3.14159  0  3.14159  1.26047e-09  -0.00886169
-1.88496  0  3.14159  1.53386e-09  -0.0142202
-0.628319  0  3.14159  1.30825e-09  -0.0257921
0.628319  0  3.14159  -2.06589e-09  0.0257921
1.88496  0  3.14159  -1.39763e-09  0.0142202
3.14159  0  3.14159  -1.17095e-09  0.00886169
4.39823  0  3.14159  -9.5795e-10  0.00589345
5.65487  0  3.14159  -7.90639e-10  0.00406662
6.9115  0  3.14159  -6.12657e-10  0.00288725
8.16814  0  3.14159  -4.31464e-10  0.00210224
10.6814  0  3.14159  -2.2677e-10  0.00119094
15.708  0  3.14159  -1.38315e-10  0.000471076
33.3009  0  3.14159  -1.07023e-10  6.02868e-05
-54.6637  3.14159  0  -2.82814e-11  -1.4215e-05
-27.0177  3.14159  0  7.76704e-11  -0.00010923
-13.1947  3.14159  0  7.36858e-10  -0.000726857
-10.6814  3.14159  0  9.42897e-10  -0.00119094
-8.16814  3.14159  0  9.59932e-10  -0.00210224
-6.9115  3.14159  0  8.78527e-10  -0.00288725
-5.65487  3.14159  0  9.93602e-10  -0.00406662
-4.39823  3.14159  0  1.10939e-09  -0.00589345
-3.14159  3.14159  0  1.26047e-09  -0.00886169
-1.88496  3.14159  0  1.53386e-09  -0.0142202
-0.628319  3.14159  0  1.30825e-09  -0.0257921
0.628319  3.14159  0  -2.06589e-09  0.0257921
1.88496  3.14159  0  -1.39763e-09  0.0142202
3.14159  3.14159  0  -1.17095e-09  0.00886169
4.39823  3.14159  0  -9.5795e-10  0.00589345
5.65487  3.14159  0  -7.90639e-10  0.00406662
6.9115  3.14159  0  -6.12657e-10  0.00288725
8.16814  3.14159  0  -4.31464e-10  0.00210224
10.6814  3.14159  0  -2.2677e-10  0.00119094
15.708  3.14159  0  -1.38315e-10  0.000471076
33.3009  3.14159  0  -1.07023e-10  6.02868e-05
-54.6637  3.14159  3.14159  -1.9004e-07  -1.42158e-05
-27.0177  3.14159  3.14159  -3.0445e-06  -0.000109225
-13.1947  3.14159  3.14159  -4.30621e-05  -0.000725164
-10.6814  3.14159  3.14159  -8.6989e-05  -0.00118591
-8.16814  3.14159  3.14159  -0.00019687  -0.00208553
-6.9115  3.14159  3.14159  -0.000312216  -0.00285394
-5.65487  3.14159  3.14159  -0.000516731  -0.00399074
-4.39823  3.14159  3.14159  -0.000898716  -0.00567657
-3.14159  3.14159  3.14159  -0.00164901  -0.0080459
-1.88496  3.14159  3.14159  -0.00313401  -0.0104709
-0.628319  3.14159  3.14159  -0.00553449  -0.00835398
0.628319  3.14159  3.14159  -0.00553449  0.00835398
1.88496  3.14159  3.14159  -0.00313402  0.0104709
3.14159  3.14159  3.14159  -0.00164902  0.0080459
4.39823  3.14159  3.14159  -0.000898718  0.00567656
5.65487  3.14159  3.14159  -0.000516733  0.00399074
6.9115  3.14159  3.14159  -0.000312217  0.00285394
8.16814  3.14159  3.14159  -0.000196872  0.00208553
10.6814  3.14159  3.14159  -8.699e-05  0.00118591
15.708  3.14159  3.14159  -2.33215e-05  0.000470467
33.3009  3.14159  3.14159  -1.34763e-06  6.02895e-05
