-54.6637  0  0  -5.80126e-05  0.00423309
-27.0177  0  0  -0.000251406  0.00857144
-13.1947  0  0  -0.00116668  0.0174133
-10.6814  0  0  -0.00180334  0.0212778
-8.16814  0  0  -0.00301424  0.0270621
-6.9115  0  0  -0.00402506  0.0310668
-5.65487  0  0  -0.00549004  0.036078
-4.39823  0  0  -0.00762493  0.0421579
-3.14159  0  0  -0.0106981  0.0485541
-1.88496  0  0  -0.0148807  0.0510684
-0.628319  0  0  -0.0195339  0.0335245
0.628319  0  0  -0.0195339  -0.0335245
1.88496  0  0  -0.0148807  -0.0510684
3.14159  0  0  -0.0106981  -0.0485541
4.39823  0  0  -0.00762493  -0.0421579
5.65487  0  0  -0.00549004  -0.036078
6.9115  0  0  -0.00402507  -0.0310668
8.16814  0  0  -0.00301424  -0.0270621
10.6814  0  0  -0.00180333  -0.0212778
15.708  0  0  -0.000805162  -0.0146943
33.3009  0  0  -0.000161702  -0.00695299
-54.6637  0  3.14159  -7.13701e-10  0.00423549
-27.0177  0  3.14159  1.47661e-10  0.00859212
-13.1947  0  3.14159  4.71457e-10  0.0175861
-10.6814  0  3.14159  -7.61886e-10  0.02158
-8.16814  0  3.14159  -1.14446e-09  0.027636
-6.9115  0  3.14159  -1.04589e-09  0.0318962
-5.65487  0  3.14159  -5.10052e-09  0.0373595
-4.39823  0  3.14159  -1.12615e-08  0.0444356
-3.14159  0  3.14159  -2.18538e-08  0.0537382
-1.88496  0  3.14159  -3.50263e-08  0.0667148
-0.628319  0  3.14159  -9.92184e-08  0.0912177
0.628319  0  3.14159  -1.00195e-07  -0.0912177
1.88496  0  3.14159  -3.60193e-08  -0.0667148
3.14159  0  3.14159  -2.27998e-08  -0.0537382
4.39823  0  3.14159  -1.2156e-08  -0.0444356
5.65487  0  3.14159  -5.87308e-09  -0.0373595
6.9115  0  3.14159  4.29277e-09  -0.0318962
8.16814  0  3.14159  2.78259e-09  -0.027636
10.6814  0  3.14159  -3.50069e-09  -0.02158
15.708  0  3.14159  -2.74575e-09  -0.0147998
33.3009  0  3.14159  1.60175e-09  -0.0069639
-54.6637  3.14159  0  -7.13701e-10  0.00423549
-27.0177  3.14159  0  1.47661e-10  0.00859212
-13.1947  3.14159  0  4.71457e-10  0.0175861
-10.6814  3.14159  0  -7.61886e-10  0.02158
-8.16814  3.14159  0  -1.14446e-09  0.027636
-6.9115  3.14159  0  -1.04589e-09  0.0318962
-5.65487  3.14159  0  -5.10052e-09  0.0373595
-4.39823  3.14159  0  -1.12615e-08  0.0444356
-3.14159  3.14159  0  -2.18538e-08  0.0537382
-1.88496  3.14159  0  -3.50263e-08  0.0667148
-0.628319  3.14159  0  -9.92184e-08  0.0912177
0.628319  3.14159  0  -1.00195e-07  -0.0912177
1.88496  3.14159  0  -3.60193e-08  -0.0667148
3.14159  3.14159  0  -2.27998e-08  -0.0537382
4.39823  3.14159  0  -1.2156e-08  -0.0444356
5.65487  3.14159  0  -5.87308e-09  -0.0373595
6.9115  3.14159  0  4.29277e-09  -0.0318962
8.16814  3.14159  0  2.78259e-09  -0.027636
10.6814  3.14159  0  -3.50069e-09  -0.02158
15.708  3.14159  0  -2.74575e-09  -0.0147998
33.3009  3.14159  0  1.60175e-09  -0.0069639
-54.6637  3.14159  3.14159  5.80135e-05  0.00423309
-27.0177  3.14159  3.14159  0.000251406  0.00857144
-13.1947  3.14159  3.14159  0.00116668  0.0174133
-10.6814  3.14159  3.14159  0.00180333  0.0212778
-8.16814  3.14159  3.14159  0.00301423  0.0270621
-6.9115  3.14159  3.14159  0.00402505  0.0310668
-5.65487  3.14159  3.14159  0.00549003  0.036078
-4.39823  3.14159  3.14159  0.00762491  0.0421579
-3.14159  3.14159  3.14159  0.010698  0.0485541
-1.88496  3.14159  3.14159  0.0148808  0.0510684
-0.628319  3.14159  3.14159  0.0195333  0.0335248
0.628319  3.14159  3.14159  0.0195333  -0.0335248
1.88496  3.14159  3.14159  0.0148808  -0.0510684
3.14159  3.14159  3.14159  0.010698  -0.0485541
4.39823  3.14159  3.14159  0.00762491  -0.0421579
5.65487  3.14159  3.14159  0.00549003  -0.036078
6.9115  3.14159  3.14159  0.00402505  -0.0310668
8.16814  3.14159  3.14159  0.00301423  -0.0270621
10.6814  3.14159  3.14159  0.00180333  -0.0212778
15.708  3.14159  3.14159  0.000805163  -0.0146943
33.3009  3.14159  3.14159  0.000161699  -0.00695299
