-54.6637  0  0  -3.0134e-05  0.00161698
-27.0177  0  0  -0.000123089  0.0032576
-13.1947  0  0  -0.000512642  0.00655153
-10.6814  0  0  -0.000776242  0.00799136
-8.16814  0  0  -0.00129503  0.0101775
-6.9115  0  0  -0.00175443  0.011728
-5.65487  0  0  -0.00246916  0.0137319
-4.39823  0  0  -0.00362046  0.0163059
-3.14159  0  0  -0.00551406  0.0193473
-1.88496  0  0  -0.00855748  0.021406
-0.628319  0  0  -0.0126407  0.0150945
0.628319  0  0  -0.0126407  -0.0150945
1.88496  0  0  -0.00855748  -0.021406
3.14159  0  0  -0.00551406  -0.0193473
4.39823  0  0  -0.00362046  -0.0163059
5.65487  0  0  -0.00246917  -0.0137319
6.9115  0  0  -0.00175443  -0.011728
8.16814  0  0  -0.00129503  -0.0101775
10.6814  0  0  -0.000776244  -0.00799136
15.708  0  0  -0.000362785  -0.00554187
33.3009  0  0  -8.10914e-05  -0.00264804
-54.6637  0  3.14159  -1.80447e-11  0.00161871
-27.0177  0  3.14159  5.46317e-10  0.00327189
-13.1947  0  3.14159  1.35958e-09  0.00667108
-10.6814  0  3.14159  6.21284e-10  0.00821152
-8.16814  0  3.14159  -7.78263e-10  0.0106421
-6.9115  0  3.14159  -9.06015e-09  0.0124509
-5.65487  0  3.14159  5.29272e-09  0.0149281
-4.39823  0  3.14159  5.99454e-10  0.0184609
-3.14159  0  3.14159  2.90034e-08  0.0237695
-1.88496  0  3.14159  1.05254e-08  0.0324176
-0.628319  0  3.14159  1.57995e-07  0.0475189
0.628319  0  3.14159  1.43337e-07  -0.0475189
1.88496  0  3.14159  1.20009e-08  -0.0324176
3.14159  0  3.14159  2.67848e-08  -0.0237695
4.39823  0  3.14159  -1.61812e-09  -0.0184609
5.65487  0  3.14159  6.42743e-09  -0.0149281
6.9115  0  3.14159  -1.04296e-08  -0.0124509
8.16814  0  3.14159  -9.53397e-10  -0.0106421
10.6814  0  3.14159  1.36535e-09  -0.00821152
15.708  0  3.14159  8.76831e-10  -0.00561349
33.3009  0  3.14159  -9.0101e-10  -0.00265571
-54.6637  3.14159  0  -1.80447e-11  0.00161871
-27.0177  3.14159  0  5.46317e-10  0.00327189
-13.1947  3.14159  0  1.35958e-09  0.00667108
-10.6814  3.14159  0  6.21284e-10  0.00821152
-8.16814  3.14159  0  -7.78263e-10  0.0106421
-6.9115  3.14159  0  -9.06015e-09  0.0124509
-5.65487  3.14159  0  5.29272e-09  0.0149281
-4.39823  3.14159  0  5.99454e-10  0.0184609
-3.14159  3.14159  0  2.90034e-08  0.0237695
-1.88496  3.14159  0  1.05254e-08  0.0324176
-0.628319  3.14159  0  1.57995e-07  0.0475189
0.628319  3.14159  0  1.43337e-07  -0.0475189
1.88496  3.14159  0  1.20009e-08  -0.0324176
3.14159  3.14159  0  2.67848e-08  -0.0237695
4.39823  3.14159  0  -1.61812e-09  -0.0184609
5.65487  3.14159  0  6.42743e-09  -0.0149281
6.9115  3.14159  0  -1.04296e-08  -0.0124509
8.16814  3.14159  0  -9.53397e-10  -0.0106421
10.6814  3.14159  0  1.36535e-09  -0.00821152
15.708  3.14159  0  8.76831e-10  -0.00561349
33.3009  3.14159  0  -9.0101e-10  -0.00265571
-54.6637  3.14159  3.14159  3.01334e-05  0.00161698
-27.0177  3.14159  3.14159  0.00012309  0.0032576
-13.1947  3.14159  3.14159  0.000512638  0.00655153
-10.6814  3.14159  3.14159  0.000776243  0.00799136
-8.16814  3.14159  3.14159  0.00129503  0.0101775
-6.9115  3.14159  3.14159  0.00175443  0.011728
-5.65487  3.14159  3.14159  0.00246919  0.0137319
-4.39823  3.14159  3.14159  0.00362046  0.0163059
-3.14159  3.14159  3.14159  0.00551421  0.0193473
-1.88496  3.14159  3.14159  0.00855767  0.021406
-0.628319  3.14159  3.14159  0.0126409  0.0150945
0.628319  3.14159  3.14159  0.0126409  -0.0150945
1.88496  3.14159  3.14159  0.00855767  -0.021406
3.14159  3.14159  3.14159  0.00551421  -0.0193473
4.39823  3.14159  3.14159  0.00362046  -0.0163059
5.65487  3.14159  3.14159  0.00246918  -0.0137319
6.9115  3.14159  3.14159  0.00175443  -0.011728
8.16814  3.14159  3.14159  0.00129504  -0.0101775
10.6814  3.14159  3.14159  0.00077624  -0.00799136
15.708  3.14159  3.14159  0.000362787  -0.00554187
33.3009  3.14159  3.14159  8.10928e-05  -0.00264804
