-54.6637  0  0  1.89955e-07  -1.42123e-05
-27.0177  0  0  3.04421e-06  -0.000109196
-13.1947  0  0  4.30598e-05  -0.000724915
-10.6814  0  0  8.69871e-05  -0.00118545
-8.16814  0  0  0.000196878  -0.00208457
-6.9115  0  0  0.000312242  -0.00285246
-5.65487  0  0  0.000516798  -0.00398832
-4.39823  0  0  0.000898866  -0.0056724
-3.14159  0  0  0.00164926  -0.00803842
-1.88496  0  0  0.003134  -0.010458
-0.628319  0  0  0.0055324  -0.00833968
0.628319  0  0  0.0055324  0.00833968
1.88496  0  0  0.00313399  0.010458
3.14159  0  0  0.00164926  0.00803842
4.39823  0  0  0.000898864  0.0056724
5.65487  0  0  0.000516796  0.00398832
6.9115  0  0  0.00031224  0.00285246
8.16814  0  0  0.000196877  0.00208457
10.6814  0  0  8.6986e-05  0.00118545
15.708  0  0  2.33186e-05  0.000470318
33.3009  0  0  1.3472e-06  6.0274e-05
-54.6637  0  3.14159  -2.8432e-11  -1.42115e-05
-27.0177  0  3.14159  8.01626e-11  -0.000109201
-13.1947  0  3.14159  7.53067e-10  -0.000726615
-10.6814  0  3.14159  9.63868e-10  -0.0011905
-8.16814  0  3.14159  9.84992e-10  -0.00210133
-6.9115  0  3.14159  9.05973e-10  -0.00288586
-5.65487  0  3.14159  1.02627e-09  -0.00406439
-4.39823  0  3.14159  1.14622e-09  -0.00588957
-3.14159  0  3.14159  1.30074e-09  -0.00885409
-1.88496  0  3.14159  1.57464e-09  -0.014201
-0.628319  0  3.14159  1.36303e-09  -0.0257062
0.628319  0  3.14159  -2.0586e-09  0.0257062
1.88496  0  3.14159  -1.40242e-09  0.014201
3.14159  0  3.14159  -1.16953e-09  0.00885409
4.39823  0  3.14159  -9.53967e-10  0.00588957
5.65487  0  3.14159  -7.86064e-10  0.00406439
6.9115  0  3.14159  -6.08824e-10  0.00288586
8.16814  0  3.14159  -4.27936e-10  0.00210133
10.6814  0  3.14159  -2.2456e-10  0.0011905
15.708  0  3.14159  -1.38231e-10  0.00047093
33.3009  0  3.14159  -1.08192e-10  6.02713e-05
-54.6637  3.14159  0  -2.8432e-11  -1.42115e-05
-27.0177  3.14159  0  8.01626e-11  -0.000109201
-13.1947  3.14159  0  7.53067e-10  -0.000726615
-10.6814  3.14159  0  9.63868e-10  -0.0011905
-8.16814  3.14159  0  9.84992e-10  -0.00210133
-6.9115  3.14159  0  9.05973e-10  -0.00288586
-5.65487  3.14159  0  1.02627e-09  -0.00406439
-4.39823  3.14159  0  1.14622e-09  -0.00588957
-3.14159  3.14159  0  1.30074e-09  -0.00885409
-1.88496  3.14159  0  1.57464e-09  -0.014201
-0.628319  3.14159  0  1.36303e-09  -0.0257062
0.628319  3.14159  0  -2.0586e-09  0.0257062
1.88496  3.14159  0  -1.40242e-09  0.014201
3.14159  3.14159  0  -1.16953e-09  0.00885409
4.39823  3.14159  0  -9.53967e-10  0.00588957
5.65487  3.14159  0  -7.86064e-10  0.00406439
6.9115  3.14159  0  -6.08824e-10  0.00288586
8.16814  3.14159  0  -4.27936e-10  0.00210133
10.6814  3.14159  0  -2.2456e-10  0.0011905
15.708  3.14159  0  -1.38231e-10  0.00047093
33.3009  3.14159  0  -1.08192e-10  6.02713e-05
-54.6637  3.14159  3.14159  -1.90006e-07  -1.42123e-05
-27.0177  3.14159  3.14159  -3.04402e-06  -0.000109196
-13.1947  3.14159  3.14159  -4.30586e-05  -0.000724915
-10.6814  3.14159  3.14159  -8.69856e-05  -0.00118545
-8.16814  3.14159  3.14159  -0.000196876  -0.00208457
-6.9115  3.14159  3.14159  -0.000312239  -0.00285246
-5.65487  3.14159  3.14159  -0.000516796  -0.00398832
-4.39823  3.14159  3.14159  -0.000898864  -0.0056724
-3.14159  3.14159  3.14159  -0.00164926  -0.00803842
-1.88496  3.14159  3.14159  -0.00313399  -0.010458
-0.628319  3.14159  3.14159  -0.0055324  -0.00833968
0.628319  3.14159  3.14159  -0.0055324  0.00833968
1.88496  3.14159  3.14159  -0.003134  0.010458
3.14159  3.14159  3.14159  -0.00164926  0.00803842
4.39823  3.14159  3.14159  -0.000898866  0.0056724
5.65487  3.14159  3.14159  -0.000516798  0.00398832
6.9115  3.14159  3.14159  -0.000312241  0.00285246
8.16814  3.14159  3.14159  -0.000196877  0.00208457
10.6814  3.14159  3.14159  -8.69867e-05  0.00118545
15.708  3.14159  3.14159  -2.3319e-05  0.000470318
33.3009  3.14159  3.14159  -1.3474e-06  6.02739e-05
