-54.6637  0  0  -0.000615527  0.0181301
-27.0177  0  0  -0.00236468  0.0357194
-13.1947  0  0  -0.00791254  0.0663691
-10.6814  0  0  -0.0106286  0.0774399
-8.16814  0  0  -0.0146327  0.0915434
-6.9115  0  0  -0.0172704  0.0996555
-5.65487  0  0  -0.0203744  0.107909
-4.39823  0  0  -0.0238774  0.114787
-3.14159  0  0  -0.0275259  0.116281
-1.88496  0  0  -0.0307689  0.102463
-0.628319  0  0  -0.0327591  0.0522972
0.628319  0  0  -0.0327591  -0.0522972
1.88496  0  0  -0.0307689  -0.102463
3.14159  0  0  -0.0275259  -0.116281
4.39823  0  0  -0.0238774  -0.114787
5.65487  0  0  -0.0203744  -0.107909
6.9115  0  0  -0.0172704  -0.0996555
8.16814  0  0  -0.0146327  -0.0915434
10.6814  0  0  -0.0106286  -0.0774399
15.708  0  0  -0.00605017  -0.0577429
33.3009  0  0  -0.00160101  -0.0293241
-54.6637  0  3.14159  8.10683e-09  0.0181296
-27.0177  0  3.14159  3.64202e-10  0.0357075
-13.1947  0  3.14159  -3.21066e-09  0.0661322
-10.6814  0  3.14159  9.69156e-10  0.0769602
-8.16814  0  3.14159  -1.52573e-09  0.0905675
-6.9115  0  3.14159  -5.66265e-09  0.098332
-5.65487  0  3.14159  -2.09083e-09  0.106345
-4.39823  0  3.14159  -1.70699e-09  0.113768
-3.14159  0  3.14159  -1.8356e-09  0.118823
-1.88496  0  3.14159  -2.0532e-09  0.117483
-0.628319  0  3.14159  -2.08593e-09  0.0945397
0.628319  0  3.14159  -2.15434e-09  -0.0945397
1.88496  0  3.14159  -2.26955e-09  -0.117483
3.14159  0  3.14159  -2.23954e-09  -0.118823
4.39823  0  3.14159  -2.38894e-09  -0.113768
5.65487  0  3.14159  -3.24753e-09  -0.106345
6.9115  0  3.14159  -7.91287e-09  -0.098332
8.16814  0  3.14159  1.95996e-09  -0.0905675
10.6814  0  3.14159  1.2079e-08  -0.0769602
15.708  0  3.14159  -1.09897e-08  -0.0576201
33.3009  0  3.14159  -3.11282e-08  -0.0293196
-54.6637  3.14159  0  8.10683e-09  0.0181296
-27.0177  3.14159  0  3.64202e-10  0.0357075
-13.1947  3.14159  0  -3.21066e-09  0.0661322
-10.6814  3.14159  0  9.69156e-10  0.0769602
-8.16814  3.14159  0  -1.52573e-09  0.0905675
-6.9115  3.14159  0  -5.66265e-09  0.098332
-5.65487  3.14159  0  -2.09083e-09  0.106345
-4.39823  3.14159  0  -1.70699e-09  0.113768
-3.14159  3.14159  0  -1.8356e-09  0.118823
-1.88496  3.14159  0  -2.0532e-09  0.117483
-0.628319  3.14159  0  -2.08593e-09  0.0945397
0.628319  3.14159  0  -2.15434e-09  -0.0945397
1.88496  3.14159  0  -2.26955e-09  -0.117483
3.14159  3.14159  0  -2.23954e-09  -0.118823
4.39823  3.14159  0  -2.38894e-09  -0.113768
5.65487  3.14159  0  -3.24753e-09  -0.106345
6.9115  3.14159  0  -7.91287e-09  -0.098332
8.16814  3.14159  0  1.95996e-09  -0.0905675
10.6814  3.14159  0  1.2079e-08  -0.0769602
15.708  3.14159  0  -1.09897e-08  -0.0576201
33.3009  3.14159  0  -3.11282e-08  -0.0293196
-54.6637  3.14159  3.14159  0.000615543  0.0181301
-27.0177  3.14159  3.14159  0.00236468  0.0357194
-13.1947  3.14159  3.14159  0.00791253  0.0663691
-10.6814  3.14159  3.14159  0.0106286  0.0774399
-8.16814  3.14159  3.14159  0.0146327  0.0915434
-6.9115  3.14159  3.14159  0.0172704  0.0996555
-5.65487  3.14159  3.14159  0.0203744  0.107909
-4.39823  3.14159  3.14159  0.0238774  0.114787
-3.14159  3.14159  3.14159  0.0275259  0.116281
-1.88496  3.14159  3.14159  0.0307689  0.102463
-0.628319  3.14159  3.14159  0.0327591  0.0522972
0.628319  3.14159  3.14159  0.0327591  -0.0522972
1.88496  3.14159  3.14159  0.0307689  -0.102463
3.14159  3.14159  3.14159  0.0275259  -0.116281
4.39823  3.14159  3.14159  0.0238774  -0.114787
5.65487  3.14159  3.14159  0.0203744  -0.107909
6.9115  3.14159  3.14159  0.0172704  -0.0996555
8.16814  3.14159  3.14159  0.0146327  -0.0915434
10.6814  3.14159  3.14159  0.0106286  -0.07744
15.708  3.14159  3.14159  0.00605015  -0.0577429
33.3009  3.14159  3.14159  0.00160095  -0.0293241
