-54.6637  0  0  4.08607e-06  -0.0018675
-27.0177  0  0  1.2972e-05  -0.00360805
-13.1947  0  0  2.62281e-05  -0.00631905
-10.6814  0  0  3.41507e-05  -0.00716946
-8.16814  0  0  6.55422e-05  -0.00813744
-6.9115  0  0  0.000111319  -0.00862862
-5.65487  0  0  0.000209347  -0.00906924
-4.39823  0  0  0.000414887  -0.00936848
-3.14159  0  0  0.00082645  -0.00934942
-1.88496  0  0  0.00157227  -0.00857676
-0.628319  0  0  0.00261493  -0.00533332
0.628319  0  0  0.00261493  0.00533332
1.88496  0  0  0.00157227  0.00857676
3.14159  0  0  0.00082645  0.00934942
4.39823  0  0  0.000414887  0.00936848
5.65487  0  0  0.000209348  0.00906924
6.9115  0  0  0.000111319  0.00862862
8.16814  0  0  6.55417e-05  0.00813744
10.6814  0  0  3.41498e-05  0.00716946
15.708  0  0  2.28043e-05  0.00560594
33.3009  0  0  9.54515e-06  0.00298724
-54.6637  0  3.14159  4.53903e-09  -0.00186879
-27.0177  0  3.14159  8.22176e-09  -0.00361927
-13.1947  0  3.14159  4.21932e-09  -0.00642792
-10.6814  0  3.14159  -5.30011e-10  -0.00738154
-8.16814  0  3.14159  -6.10881e-09  -0.00861237
-6.9115  0  3.14159  -7.06198e-09  -0.00938272
-5.65487  0  3.14159  -5.56275e-09  -0.010314
-4.39823  0  3.14159  -6.90255e-09  -0.011491
-3.14159  0  3.14159  -8.96419e-09  -0.0130426
-1.88496  0  3.14159  -1.20282e-08  -0.0150739
-0.628319  0  3.14159  -2.43271e-08  -0.01729
0.628319  0  3.14159  -2.31481e-08  0.01729
1.88496  0  3.14159  -1.1248e-08  0.0150739
3.14159  0  3.14159  -8.36115e-09  0.0130426
4.39823  0  3.14159  -6.38142e-09  0.011491
5.65487  0  3.14159  -4.94988e-09  0.010314
6.9115  0  3.14159  -5.32103e-09  0.00938272
8.16814  0  3.14159  -4.43022e-09  0.00861237
10.6814  0  3.14159  -1.53366e-09  0.00738154
15.708  0  3.14159  6.08672e-10  0.00566829
33.3009  0  3.14159  -1.25479e-09  0.00299311
-54.6637  3.14159  0  4.53903e-09  -0.00186879
-27.0177  3.14159  0  8.22176e-09  -0.00361927
-13.1947  3.14159  0  4.21932e-09  -0.00642792
-10.6814  3.14159  0  -5.30011e-10  -0.00738154
-8.16814  3.14159  0  -6.10881e-09  -0.00861237
-6.9115  3.14159  0  -7.06198e-09  -0.00938272
-5.65487  3.14159  0  -5.56275e-09  -0.010314
-4.39823  3.14159  0  -6.90255e-09  -0.011491
-3.14159  3.14159  0  -8.96419e-09  -0.0130426
-1.88496  3.14159  0  -1.20282e-08  -0.0150739
-0.628319  3.14159  0  -2.43271e-08  -0.01729
0.628319  3.14159  0  -2.31481e-08  0.01729
1.88496  3.14159  0  -1.1248e-08  0.0150739
3.14159  3.14159  0  -8.36115e-09  0.0130426
4.39823  3.14159  0  -6.38142e-09  0.011491
5.65487  3.14159  0  -4.94988e-09  0.010314
6.9115  3.14159  0  -5.32103e-09  0.00938272
8.16814  3.14159  0  -4.43022e-09  0.00861237
10.6814  3.14159  0  -1.53366e-09  0.00738154
15.708  3.14159  0  6.08672e-10  0.00566829
33.3009  3.14159  0  -1.25479e-09  0.00299311
-54.6637  3.14159  3.14159  -4.08203e-06  -0.0018675
-27.0177  3.14159  3.14159  -1.29659e-05  -0.00360805
-13.1947  3.14159  3.14159  -2.62269e-05  -0.00631905
-10.6814  3.14159  3.14159  -3.41523e-05  -0.00716945
-8.16814  3.14159  3.14159  -6.5548e-05  -0.00813743
-6.9115  3.14159  3.14159  -0.000111328  -0.00862861
-5.65487  3.14159  3.14159  -0.000209362  -0.00906923
-4.39823  3.14159  3.14159  -0.000414912  -0.00936847
-3.14159  3.14159  3.14159  -0.0008265  -0.00934941
-1.88496  3.14159  3.14159  -0.00157231  -0.00857674
-0.628319  3.14159  3.14159  -0.00261504  -0.00533324
0.628319  3.14159  3.14159  -0.00261503  0.00533324
1.88496  3.14159  3.14159  -0.00157231  0.00857674
3.14159  3.14159  3.14159  -0.000826499  0.00934941
4.39823  3.14159  3.14159  -0.000414911  0.00936847
5.65487  3.14159  3.14159  -0.000209361  0.00906923
6.9115  3.14159  3.14159  -0.000111328  0.00862861
8.16814  3.14159  3.14159  -6.55481e-05  0.00813743
10.6814  3.14159  3.14159  -3.41531e-05  0.00716946
15.708  3.14159  3.14159  -2.28052e-05  0.00560594
33.3009  3.14159  3.14159  -9.54613e-06  0.00298724
