-54.6637  0  0  5.73113e-05  -0.00398052
-27.0177  0  0  0.000248822  -0.00806499
-13.1947  0  0  0.00115932  -0.0164082
-10.6814  0  0  0.00179423  -0.0200569
-8.16814  0  0  0.00300282  -0.0255085
-6.9115  0  0  0.00401162  -0.0292667
-5.65487  0  0  0.00547208  -0.033935
-4.39823  0  0  0.00759386  -0.0395047
-3.14159  0  0  0.0106248  -0.0450943
-1.88496  0  0  0.0146716  -0.0464221
-0.628319  0  0  0.0189282  -0.0288768
0.628319  0  0  0.0189282  0.0288768
1.88496  0  0  0.0146716  0.0464221
3.14159  0  0  0.0106248  0.0450943
4.39823  0  0  0.00759387  0.0395047
5.65487  0  0  0.00547208  0.033935
6.9115  0  0  0.00401162  0.0292667
8.16814  0  0  0.00300282  0.0255085
10.6814  0  0  0.00179423  0.0200569
15.708  0  0  0.00079921  0.0138407
33.3009  0  0  0.000159912  0.00654047
-54.6637  0  3.14159  -1.33481e-09  -0.00398251
-27.0177  0  3.14159  -1.83563e-09  -0.00808228
-13.1947  0  3.14159  5.93713e-10  -0.0165537
-10.6814  0  3.14159  2.31696e-10  -0.0203106
-8.16814  0  3.14159  -4.43062e-09  -0.0259859
-6.9115  0  3.14159  -6.68137e-09  -0.0299532
-5.65487  0  3.14159  -2.19298e-09  -0.0349954
-4.39823  0  3.14159  -2.19024e-09  -0.0414156
-3.14159  0  3.14159  -2.30133e-09  -0.0495493
-1.88496  0  3.14159  -2.24984e-09  -0.0597325
-0.628319  0  3.14159  -1.74785e-09  -0.0690535
0.628319  0  3.14159  1.99407e-09  0.0690535
1.88496  0  3.14159  2.40653e-09  0.0597325
3.14159  0  3.14159  2.39182e-09  0.0495493
4.39823  0  3.14159  2.25505e-09  0.0414156
5.65487  0  3.14159  2.02006e-09  0.0349954
6.9115  0  3.14159  8.52203e-10  0.0299532
8.16814  0  3.14159  1.61927e-09  0.0259859
10.6814  0  3.14159  1.73704e-09  0.0203106
15.708  0  3.14159  5.72005e-10  0.0139296
33.3009  0  3.14159  8.78797e-10  0.00654955
-54.6637  3.14159  0  -1.33481e-09  -0.00398251
-27.0177  3.14159  0  -1.83563e-09  -0.00808228
-13.1947  3.14159  0  5.93713e-10  -0.0165537
-10.6814  3.14159  0  2.31696e-10  -0.0203106
-8.16814  3.14159  0  -4.43062e-09  -0.0259859
-6.9115  3.14159  0  -6.68137e-09  -0.0299532
-5.65487  3.14159  0  -2.19298e-09  -0.0349954
-4.39823  3.14159  0  -2.19024e-09  -0.0414156
-3.14159  3.14159  0  -2.30133e-09  -0.0495493
-1.88496  3.14159  0  -2.24984e-09  -0.0597325
-0.628319  3.14159  0  -1.74785e-09  -0.0690535
0.628319  3.14159  0  1.99407e-09  0.0690535
1.88496  3.14159  0  2.40653e-09  0.0597325
3.14159  3.14159  0  2.39182e-09  0.0495493
4.39823  3.14159  0  2.25505e-09  0.0414156
5.65487  3.14159  0  2.02006e-09  0.0349954
6.9115  3.14159  0  8.52203e-10  0.0299532
8.16814  3.14159  0  1.61927e-09  0.0259859
10.6814  3.14159  0  1.73704e-09  0.0203106
15.708  3.14159  0  5.72005e-10  0.0139296
33.3009  3.14159  0  8.78797e-10  0.00654955
-54.6637  3.14159  3.14159  -5.73104e-05  -0.00398052
-27.0177  3.14159  3.14159  -0.000248821  -0.00806499
-13.1947  3.14159  3.14159  -0.00115932  -0.0164082
-10.6814  3.14159  3.14159  -0.00179424  -0.0200569
-8.16814  3.14159  3.14159  -0.00300282  -0.0255085
-6.9115  3.14159  3.14159  -0.00401162  -0.0292667
-5.65487  3.14159  3.14159  -0.00547208  -0.033935
-4.39823  3.14159  3.14159  -0.00759387  -0.0395047
-3.14159  3.14159  3.14159  -0.0106248  -0.0450943
-1.88496  3.14159  3.14159  -0.0146716  -0.0464221
-0.628319  3.14159  3.14159  -0.0189282  -0.0288768
0.628319  3.14159  3.14159  -0.0189282  0.0288768
1.88496  3.14159  3.14159  -0.0146716  0.0464221
3.14159  3.14159  3.14159  -0.0106248  0.0450943
4.39823  3.14159  3.14159  -0.00759386  0.0395047
5.65487  3.14159  3.14159  -0.00547208  0.033935
6.9115  3.14159  3.14159  -0.00401162  0.0292667
8.16814  3.14159  3.14159  -0.00300281  0.0255085
10.6814  3.14159  3.14159  -0.00179423  0.0200569
15.708  3.14159  3.14159  -0.000799208  0.0138407
33.3009  3.14159  3.14159  -0.000159911  0.00654047
