-54.6637  0  0  -5.73082e-05  0.00398062
-27.0177  0  0  -0.000248819  0.00806521
-13.1947  0  0  -0.00115932  0.0164086
-10.6814  0  0  -0.00179423  0.0200574
-8.16814  0  0  -0.00300281  0.0255091
-6.9115  0  0  -0.0040116  0.0292675
-5.65487  0  0  -0.00547206  0.0339359
-4.39823  0  0  -0.00759383  0.0395059
-3.14159  0  0  -0.0106248  0.0450958
-1.88496  0  0  -0.0146716  0.046424
-0.628319  0  0  -0.0189283  0.0288786
0.628319  0  0  -0.0189283  -0.0288786
1.88496  0  0  -0.0146716  -0.046424
3.14159  0  0  -0.0106248  -0.0450958
4.39823  0  0  -0.00759384  -0.0395059
5.65487  0  0  -0.00547206  -0.0339359
6.9115  0  0  -0.00401161  -0.0292675
8.16814  0  0  -0.00300281  -0.0255091
10.6814  0  0  -0.00179423  -0.0200574
15.708  0  0  -0.000799207  -0.013841
33.3009  0  0  -0.000159915  -0.00654064
-54.6637  0  3.14159  -1.84853e-10  0.00398261
-27.0177  0  3.14159  7.88353e-10  0.0080825
-13.1947  0  3.14159  1.68363e-09  0.0165541
-10.6814  0  3.14159  1.30686e-09  0.0203112
-8.16814  0  3.14159  2.13479e-09  0.0259866
-6.9115  0  3.14159  3.20132e-09  0.029954
-5.65487  0  3.14159  2.4124e-09  0.0349964
-4.39823  0  3.14159  2.54723e-09  0.0414169
-3.14159  0  3.14159  2.68526e-09  0.0495511
-1.88496  0  3.14159  2.69264e-09  0.0597356
-0.628319  0  3.14159  2.25057e-09  0.0690626
0.628319  0  3.14159  -1.85681e-09  -0.0690626
1.88496  0  3.14159  -2.37047e-09  -0.0597356
3.14159  0  3.14159  -2.40838e-09  -0.0495511
4.39823  0  3.14159  -2.33976e-09  -0.0414169
5.65487  0  3.14159  -2.09145e-09  -0.0349964
6.9115  0  3.14159  2.97908e-09  -0.029954
8.16814  0  3.14159  1.55565e-09  -0.0259866
10.6814  0  3.14159  -2.88365e-09  -0.0203112
15.708  0  3.14159  -2.35849e-09  -0.0139299
33.3009  0  3.14159  8.21903e-10  -0.00654972
-54.6637  3.14159  0  -1.84853e-10  0.00398261
-27.0177  3.14159  0  7.88353e-10  0.0080825
-13.1947  3.14159  0  1.68363e-09  0.0165541
-10.6814  3.14159  0  1.30686e-09  0.0203112
-8.16814  3.14159  0  2.13479e-09  0.0259866
-6.9115  3.14159  0  3.20132e-09  0.029954
-5.65487  3.14159  0  2.4124e-09  0.0349964
-4.39823  3.14159  0  2.54723e-09  0.0414169
-3.14159  3.14159  0  2.68526e-09  0.0495511
-1.88496  3.14159  0  2.69264e-09  0.0597356
-0.628319  3.14159  0  2.25057e-09  0.0690626
0.628319  3.14159  0  -1.85681e-09  -0.0690626
1.88496  3.14159  0  -2.37047e-09  -0.0597356
3.14159  3.14159  0  -2.40838e-09  -0.0495511
4.39823  3.14159  0  -2.33976e-09  -0.0414169
5.65487  3.14159  0  -2.09145e-09  -0.0349964
6.9115  3.14159  0  2.97908e-09  -0.029954
8.16814  3.14159  0  1.55565e-09  -0.0259866
10.6814  3.14159  0  -2.88365e-09  -0.0203112
15.708  3.14159  0  -2.35849e-09  -0.0139299
33.3009  3.14159  0  8.21903e-10  -0.00654972
-54.6637  3.14159  3.14159  5.73096e-05  0.00398062
-27.0177  3.14159  3.14159  0.00024882  0.00806521
-13.1947  3.14159  3.14159  0.00115932  0.0164086
-10.6814  3.14159  3.14159  0.00179423  0.0200574
-8.16814  3.14159  3.14159  0.00300281  0.0255091
-6.9115  3.14159  3.14159  0.00401161  0.0292675
-5.65487  3.14159  3.14159  0.00547206  0.0339359
-4.39823  3.14159  3.14159  0.00759384  0.0395059
-3.14159  3.14159  3.14159  0.0106248  0.0450958
-1.88496  3.14159  3.14159  0.0146716  0.046424
-0.628319  3.14159  3.14159  0.0189283  0.0288786
0.628319  3.14159  3.14159  0.0189283  -0.0288786
1.88496  3.14159  3.14159  0.0146716  -0.046424
3.14159  3.14159  3.14159  0.0106248  -0.0450958
4.39823  3.14159  3.14159  0.00759383  -0.0395059
5.65487  3.14159  3.14159  0.00547206  -0.0339359
6.9115  3.14159  3.14159  0.0040116  -0.0292675
8.16814  3.14159  3.14159  0.00300281  -0.0255091
10.6814  3.14159  3.14159  0.00179423  -0.0200574
15.708  3.14159  3.14159  0.000799206  -0.013841
33.3009  3.14159  3.14159  0.000159912  -0.00654064
