-54.6637  0  0  3.99522e-06  -0.00158316
-27.0177  0  0  1.2718e-05  -0.00304117
-13.1947  0  0  2.66907e-05  -0.00522841
-10.6814  0  0  3.57941e-05  -0.00587724
-8.16814  0  0  6.99484e-05  -0.00657929
-6.9115  0  0  0.000118055  -0.00691426
-5.65487  0  0  0.000218845  -0.00719615
-4.39823  0  0  0.000425848  -0.00736882
-3.14159  0  0  0.00083079  -0.00733492
-1.88496  0  0  0.0015405  -0.00679374
-0.628319  0  0  0.00246665  -0.00423822
0.628319  0  0  0.00246666  0.00423822
1.88496  0  0  0.0015405  0.00679374
3.14159  0  0  0.000830792  0.00733492
4.39823  0  0  0.000425849  0.00736882
5.65487  0  0  0.000218847  0.00719615
6.9115  0  0  0.000118055  0.00691426
8.16814  0  0  6.99488e-05  0.00657929
10.6814  0  0  3.57942e-05  0.00587724
15.708  0  0  2.27889e-05  0.00466763
33.3009  0  0  9.34579e-06  0.00252424
-54.6637  0  3.14159  2.99021e-09  -0.00158408
-27.0177  0  3.14159  5.48603e-09  -0.00304924
-13.1947  0  3.14159  3.12356e-09  -0.00530827
-10.6814  0  3.14159  3.03396e-10  -0.00603341
-8.16814  0  3.14159  -2.76204e-09  -0.00692796
-6.9115  0  3.14159  -2.94107e-09  -0.00746347
-5.65487  0  3.14159  -1.19262e-09  -0.00808812
-4.39823  0  3.14159  -1.0675e-09  -0.00884739
-3.14159  0  3.14159  -1.15885e-09  -0.00980525
-1.88496  0  3.14159  -1.36359e-09  -0.0110056
-0.628319  0  3.14159  -1.58466e-09  -0.0123053
0.628319  0  3.14159  1.56986e-09  0.0123053
1.88496  0  3.14159  1.3165e-09  0.0110056
3.14159  0  3.14159  1.03696e-09  0.00980525
4.39823  0  3.14159  7.68163e-10  0.00884739
5.65487  0  3.14159  4.34615e-10  0.00808812
6.9115  0  3.14159  -7.44714e-10  0.00746347
8.16814  0  3.14159  -7.20367e-10  0.00692796
10.6814  0  3.14159  4.01363e-10  0.00603341
15.708  0  3.14159  1.06726e-09  0.00471314
33.3009  0  3.14159  -6.19488e-10  0.00252844
-54.6637  3.14159  0  2.99021e-09  -0.00158408
-27.0177  3.14159  0  5.48603e-09  -0.00304924
-13.1947  3.14159  0  3.12356e-09  -0.00530827
-10.6814  3.14159  0  3.03396e-10  -0.00603341
-8.16814  3.14159  0  -2.76204e-09  -0.00692796
-6.9115  3.14159  0  -2.94107e-09  -0.00746347
-5.65487  3.14159  0  -1.19262e-09  -0.00808812
-4.39823  3.14159  0  -1.0675e-09  -0.00884739
-3.14159  3.14159  0  -1.15885e-09  -0.00980525
-1.88496  3.14159  0  -1.36359e-09  -0.0110056
-0.628319  3.14159  0  -1.58466e-09  -0.0123053
0.628319  3.14159  0  1.56986e-09  0.0123053
1.88496  3.14159  0  1.3165e-09  0.0110056
3.14159  3.14159  0  1.03696e-09  0.00980525
4.39823  3.14159  0  7.68163e-10  0.00884739
5.65487  3.14159  0  4.34615e-10  0.00808812
6.9115  3.14159  0  -7.44714e-10  0.00746347
8.16814  3.14159  0  -7.20367e-10  0.00692796
10.6814  3.14159  0  4.01363e-10  0.00603341
15.708  3.14159  0  1.06726e-09  0.00471314
33.3009  3.14159  0  -6.19488e-10  0.00252844
-54.6637  3.14159  3.14159  -3.99308e-06  -0.00158316
-27.0177  3.14159  3.14159  -1.27149e-05  -0.00304117
-13.1947  3.14159  3.14159  -2.66897e-05  -0.00522841
-10.6814  3.14159  3.14159  -3.57935e-05  -0.00587724
-8.16814  3.14159  3.14159  -6.99481e-05  -0.00657929
-6.9115  3.14159  3.14159  -0.000118055  -0.00691426
-5.65487  3.14159  3.14159  -0.000218846  -0.00719615
-4.39823  3.14159  3.14159  -0.000425849  -0.00736882
-3.14159  3.14159  3.14159  -0.000830792  -0.00733492
-1.88496  3.14159  3.14159  -0.0015405  -0.00679374
-0.628319  3.14159  3.14159  -0.00246666  -0.00423822
0.628319  3.14159  3.14159  -0.00246665  0.00423822
1.88496  3.14159  3.14159  -0.0015405  0.00679374
3.14159  3.14159  3.14159  -0.00083079  0.00733492
4.39823  3.14159  3.14159  -0.000425848  0.00736882
5.65487  3.14159  3.14159  -0.000218845  0.00719615
6.9115  3.14159  3.14159  -0.000118054  0.00691426
8.16814  3.14159  3.14159  -6.99473e-05  0.00657929
10.6814  3.14159  3.14159  -3.57932e-05  0.00587724
15.708  3.14159  3.14159  -2.27882e-05  0.00466763
33.3009  3.14159  3.14159  -9.34591e-06  0.00252424
