-54.6637  0  0  -5.73081e-05  0.00398051
-27.0177  0  0  -0.000248819  0.00806499
-13.1947  0  0  -0.00115932  0.0164081
-10.6814  0  0  -0.00179423  0.0200569
-8.16814  0  0  -0.00300281  0.0255084
-6.9115  0  0  -0.00401162  0.0292667
-5.65487  0  0  -0.00547208  0.0339349
-4.39823  0  0  -0.00759386  0.0395047
-3.14159  0  0  -0.0106248  0.0450942
-1.88496  0  0  -0.0146716  0.046422
-0.628319  0  0  -0.0189282  0.0288767
0.628319  0  0  -0.0189282  -0.0288767
1.88496  0  0  -0.0146716  -0.046422
3.14159  0  0  -0.0106248  -0.0450942
4.39823  0  0  -0.00759387  -0.0395047
5.65487  0  0  -0.00547208  -0.0339349
6.9115  0  0  -0.00401163  -0.0292667
8.16814  0  0  -0.00300282  -0.0255084
10.6814  0  0  -0.00179423  -0.0200569
15.708  0  0  -0.000799207  -0.0138407
33.3009  0  0  -0.000159915  -0.00654046
-54.6637  0  3.14159  -1.84736e-10  0.0039825
-27.0177  0  3.14159  7.88759e-10  0.00808228
-13.1947  0  3.14159  1.68434e-09  0.0165537
-10.6814  0  3.14159  1.3077e-09  0.0203106
-8.16814  0  3.14159  2.13613e-09  0.0259859
-6.9115  0  3.14159  3.203e-09  0.0299531
-5.65487  0  3.14159  2.41447e-09  0.0349954
-4.39823  0  3.14159  2.55022e-09  0.0414156
-3.14159  0  3.14159  2.69019e-09  0.0495492
-1.88496  0  3.14159  2.6997e-09  0.0597323
-0.628319  0  3.14159  2.2558e-09  0.0690531
0.628319  0  3.14159  -1.85327e-09  -0.0690531
1.88496  0  3.14159  -2.36589e-09  -0.0597323
3.14159  0  3.14159  -2.40601e-09  -0.0495492
4.39823  0  3.14159  -2.33924e-09  -0.0414156
5.65487  0  3.14159  -2.09163e-09  -0.0349954
6.9115  0  3.14159  2.97862e-09  -0.0299531
8.16814  0  3.14159  1.55512e-09  -0.0259859
10.6814  0  3.14159  -2.88443e-09  -0.0203106
15.708  0  3.14159  -2.35918e-09  -0.0139296
33.3009  0  3.14159  8.21813e-10  -0.00654954
-54.6637  3.14159  0  -1.84736e-10  0.0039825
-27.0177  3.14159  0  7.88759e-10  0.00808228
-13.1947  3.14159  0  1.68434e-09  0.0165537
-10.6814  3.14159  0  1.3077e-09  0.0203106
-8.16814  3.14159  0  2.13613e-09  0.0259859
-6.9115  3.14159  0  3.203e-09  0.0299531
-5.65487  3.14159  0  2.41447e-09  0.0349954
-4.39823  3.14159  0  2.55022e-09  0.0414156
-3.14159  3.14159  0  2.69019e-09  0.0495492
-1.88496  3.14159  0  2.6997e-09  0.0597323
-0.628319  3.14159  0  2.2558e-09  0.0690531
0.628319  3.14159  0  -1.85327e-09  -0.0690531
1.88496  3.14159  0  -2.36589e-09  -0.0597323
3.14159  3.14159  0  -2.40601e-09  -0.0495492
4.39823  3.14159  0  -2.33924e-09  -0.0414156
5.65487  3.14159  0  -2.09163e-09  -0.0349954
6.9115  3.14159  0  2.97862e-09  -0.0299531
8.16814  3.14159  0  1.55512e-09  -0.0259859
10.6814  3.14159  0  -2.88443e-09  -0.0203106
15.708  3.14159  0  -2.35918e-09  -0.0139296
33.3009  3.14159  0  8.21813e-10  -0.00654954
-54.6637  3.14159  3.14159  5.73095e-05  0.00398051
-27.0177  3.14159  3.14159  0.00024882  0.00806498
-13.1947  3.14159  3.14159  0.00115932  0.0164081
-10.6814  3.14159  3.14159  0.00179424  0.0200569
-8.16814  3.14159  3.14159  0.00300282  0.0255084
-6.9115  3.14159  3.14159  0.00401162  0.0292667
-5.65487  3.14159  3.14159  0.00547208  0.0339349
-4.39823  3.14159  3.14159  0.00759387  0.0395047
-3.14159  3.14159  3.14159  0.0106248  0.0450942
-1.88496  3.14159  3.14159  0.0146716  0.046422
-0.628319  3.14159  3.14159  0.0189282  0.0288767
0.628319  3.14159  3.14159  0.0189282  -0.0288767
1.88496  3.14159  3.14159  0.0146716  -0.046422
3.14159  3.14159  3.14159  0.0106248  -0.0450942
4.39823  3.14159  3.14159  0.00759386  -0.0395047
5.65487  3.14159  3.14159  0.00547208  -0.0339349
6.9115  3.14159  3.14159  0.00401162  -0.0292667
8.16814  3.14159  3.14159  0.00300281  -0.0255084
10.6814  3.14159  3.14159  0.00179423  -0.0200569
15.708  3.14159  3.14159  0.000799207  -0.0138407
33.3009  3.14159  3.14159  0.000159912  -0.00654046
