-54.6637  0  0  -0.000675877  0.0181667
-27.0177  0  0  -0.00263639  0.0360124
-13.1947  0  0  -0.00923061  0.0685903
-10.6814  0  0  -0.0126874  0.0807986
-8.16814  0  0  -0.0182197  0.0973831
-6.9115  0  0  -0.0221894  0.107451
-5.65487  0  0  -0.0272715  0.11852
-4.39823  0  0  -0.0339184  0.129089
-3.14159  0  0  -0.0428231  0.135651
-1.88496  0  0  -0.0543317  0.126395
-0.628319  0  0  -0.0679714  0.0719121
0.628319  0  0  -0.0678904  -0.0719164
1.88496  0  0  -0.0543864  -0.126436
3.14159  0  0  -0.0428639  -0.135652
4.39823  0  0  -0.0339084  -0.129086
5.65487  0  0  -0.0272785  -0.118533
6.9115  0  0  -0.0222075  -0.10745
8.16814  0  0  -0.018192  -0.0973895
10.6814  0  0  -0.0126799  -0.0808035
15.708  0  0  -0.0069559  -0.0591695
33.3009  0  0  -0.00176617  -0.0294807
-54.6637  0  3.14159  1.36405e-06  0.0182194
-27.0177  0  3.14159  7.69228e-06  0.0361366
-13.1947  0  3.14159  5.91883e-05  0.0683857
-10.6814  0  3.14159  -4.72582e-05  0.0807711
-8.16814  0  3.14159  -0.00012955  0.0967604
-6.9115  0  3.14159  4.01422e-05  0.107054
-5.65487  0  3.14159  -4.39591e-06  0.116729
-4.39823  0  3.14159  0.000236939  0.128055
-3.14159  0  3.14159  0.00035715  0.137924
-1.88496  0  3.14159  -0.000161533  0.143201
-0.628319  0  3.14159  0.000802489  0.136271
0.628319  0  3.14159  0.00125541  -0.136386
1.88496  0  3.14159  -0.000297416  -0.143291
3.14159  0  3.14159  0.000192321  -0.137904
4.39823  0  3.14159  0.000264609  -0.128049
5.65487  0  3.14159  -5.87464e-05  -0.11676
6.9115  0  3.14159  -3.18863e-05  -0.107062
8.16814  0  3.14159  -2.28582e-05  -0.0967959
10.6814  0  3.14159  -1.10604e-05  -0.0807946
15.708  0  3.14159  -3.52951e-05  -0.0589952
33.3009  0  3.14159  2.19587e-05  -0.0296612
-54.6637  3.14159  0  1.36405e-06  0.0182194
-27.0177  3.14159  0  7.69228e-06  0.0361366
-13.1947  3.14159  0  5.91883e-05  0.0683857
-10.6814  3.14159  0  -4.72582e-05  0.0807711
-8.16814  3.14159  0  -0.00012955  0.0967604
-6.9115  3.14159  0  4.01422e-05  0.107054
-5.65487  3.14159  0  -4.39591e-06  0.116729
-4.39823  3.14159  0  0.000236939  0.128055
-3.14159  3.14159  0  0.00035715  0.137924
-1.88496  3.14159  0  -0.000161533  0.143201
-0.628319  3.14159  0  0.000802489  0.136271
0.628319  3.14159  0  0.00125541  -0.136386
1.88496  3.14159  0  -0.000297416  -0.143291
3.14159  3.14159  0  0.000192321  -0.137904
4.39823  3.14159  0  0.000264609  -0.128049
5.65487  3.14159  0  -5.87464e-05  -0.11676
6.9115  3.14159  0  -3.18863e-05  -0.107062
8.16814  3.14159  0  -2.28582e-05  -0.0967959
10.6814  3.14159  0  -1.10604e-05  -0.0807946
15.708  3.14159  0  -3.52951e-05  -0.0589952
33.3009  3.14159  0  2.19587e-05  -0.0296612
-54.6637  3.14159  3.14159  0.000680353  0.0181666
-27.0177  3.14159  3.14159  0.00264378  0.0360115
-13.1947  3.14159  3.14159  0.00925669  0.0685847
-10.6814  3.14159  3.14159  0.0127642  0.0807898
-8.16814  3.14159  3.14159  0.0182783  0.0973682
-6.9115  3.14159  3.14159  0.0222455  0.107431
-5.65487  3.14159  3.14159  0.0274407  0.118494
-4.39823  3.14159  3.14159  0.0342097  0.129053
-3.14159  3.14159  3.14159  0.0429304  0.135603
-1.88496  3.14159  3.14159  0.0544191  0.126338
-0.628319  3.14159  3.14159  0.0684844  0.0718645
0.628319  3.14159  3.14159  0.068567  -0.071859
1.88496  3.14159  3.14159  0.054366  -0.126373
3.14159  3.14159  3.14159  0.0428907  -0.135603
4.39823  3.14159  3.14159  0.0342204  -0.129049
5.65487  3.14159  3.14159  0.0274344  -0.118506
6.9115  3.14159  3.14159  0.0222278  -0.107429
8.16814  3.14159  3.14159  0.0183062  -0.0973744
10.6814  3.14159  3.14159  0.0127718  -0.0807947
15.708  3.14159  3.14159  0.00695815  -0.0591659
33.3009  3.14159  3.14159  0.00178763  -0.0294802
