-54.6637  0  0  0.000828567  0.018251
-27.0177  0  0  0.00336231  0.0366632
-13.1947  0  0  0.0136036  0.072907
-10.6814  0  0  0.0202754  0.0883337
-8.16814  0  0  0.0331107  0.111208
-6.9115  0  0  0.0443735  0.127016
-5.65487  0  0  0.0620187  0.146915
-4.39823  0  0  0.0913016  0.171533
-3.14159  0  0  0.14296  0.19903
-1.88496  0  0  0.238178  0.21568
-0.628319  0  0  0.406833  0.159412
0.628319  0  0  0.406832  -0.159413
1.88496  0  0  0.238178  -0.21568
3.14159  0  0  0.14296  -0.19903
4.39823  0  0  0.0913016  -0.171533
5.65487  0  0  0.0620187  -0.146915
6.9115  0  0  0.0443735  -0.127016
8.16814  0  0  0.0331107  -0.111208
10.6814  0  0  0.0202754  -0.0883337
15.708  0  0  0.00972972  -0.0619277
33.3009  0  0  0.00222194  -0.0298417
-54.6637  0  3.14159  4.82462e-07  0.0182886
-27.0177  0  3.14159  1.97e-06  0.0369713
-13.1947  0  3.14159  8.17409e-06  0.0754365
-10.6814  0  3.14159  1.23842e-05  0.0929632
-8.16814  0  3.14159  2.08762e-05  0.12098
-6.9115  0  3.14159  2.87939e-05  0.142333
-5.65487  0  3.14159  4.20843e-05  0.172642
-4.39823  0  3.14159  6.69638e-05  0.218814
-3.14159  0  3.14159  0.000120898  0.296845
-1.88496  0  3.14159  0.00026564  0.452264
-0.628319  0  3.14159  0.000973918  0.876012
0.628319  0  3.14159  0.000994513  -0.876017
1.88496  0  3.14159  0.000264832  -0.452265
3.14159  0  3.14159  0.000120657  -0.296845
4.39823  0  3.14159  6.6979e-05  -0.218814
5.65487  0  3.14159  4.2074e-05  -0.172642
6.9115  0  3.14159  2.87872e-05  -0.142333
8.16814  0  3.14159  2.08816e-05  -0.12098
10.6814  0  3.14159  1.23848e-05  -0.0929632
15.708  0  3.14159  5.79034e-06  -0.0634526
33.3009  0  3.14159  1.29822e-06  -0.0300071
-54.6637  3.14159  0  4.82462e-07  0.0182886
-27.0177  3.14159  0  1.97e-06  0.0369713
-13.1947  3.14159  0  8.17409e-06  0.0754365
-10.6814  3.14159  0  1.23842e-05  0.0929632
-8.16814  3.14159  0  2.08762e-05  0.12098
-6.9115  3.14159  0  2.87939e-05  0.142333
-5.65487  3.14159  0  4.20843e-05  0.172642
-4.39823  3.14159  0  6.69638e-05  0.218814
-3.14159  3.14159  0  0.000120898  0.296845
-1.88496  3.14159  0  0.00026564  0.452264
-0.628319  3.14159  0  0.000973918  0.876012
0.628319  3.14159  0  0.000994513  -0.876017
1.88496  3.14159  0  0.000264832  -0.452265
3.14159  3.14159  0  0.000120657  -0.296845
4.39823  3.14159  0  6.6979e-05  -0.218814
5.65487  3.14159  0  4.2074e-05  -0.172642
6.9115  3.14159  0  2.87872e-05  -0.142333
8.16814  3.14159  0  2.08816e-05  -0.12098
10.6814  3.14159  0  1.23848e-05  -0.0929632
15.708  3.14159  0  5.79034e-06  -0.0634526
33.3009  3.14159  0  1.29822e-06  -0.0300071
-54.6637  3.14159  3.14159  -0.000827608  0.0182511
-27.0177  3.14159  3.14159  -0.00335847  0.0366639
-13.1947  3.14159  3.14159  -0.0135889  0.0729126
-10.6814  3.14159  3.14159  -0.0202541  0.0883439
-8.16814  3.14159  3.14159  -0.0330783  0.111229
-6.9115  3.14159  3.14159  -0.0443328  0.127048
-5.65487  3.14159  3.14159  -0.0619676  0.146966
-4.39823  3.14159  3.14159  -0.09124  0.171621
-3.14159  3.14159  3.14159  -0.1429  0.199189
-1.88496  3.14159  3.14159  -0.238184  0.215973
-0.628319  3.14159  3.14159  -0.407184  0.159877
0.628319  3.14159  3.14159  -0.407184  -0.159876
1.88496  3.14159  3.14159  -0.238184  -0.215973
3.14159  3.14159  3.14159  -0.1429  -0.199189
4.39823  3.14159  3.14159  -0.09124  -0.171621
5.65487  3.14159  3.14159  -0.0619676  -0.146966
6.9115  3.14159  3.14159  -0.0443328  -0.127048
8.16814  3.14159  3.14159  -0.0330783  -0.111229
10.6814  3.14159  3.14159  -0.0202541  -0.0883439
15.708  3.14159  3.14159  -0.00971896  -0.0619311
33.3009  3.14159  3.14159  -0.00221938  -0.0298421
