-54.6637  0  0  0.000828189  0.0182511
-27.0177  0  0  0.0033608  0.0366635
-13.1947  0  0  0.0135978  0.0729092
-10.6814  0  0  0.020267  0.0883377
-8.16814  0  0  0.0330979  0.111216
-6.9115  0  0  0.0443575  0.127029
-5.65487  0  0  0.0619984  0.146935
-4.39823  0  0  0.0912767  0.171568
-3.14159  0  0  0.142934  0.199094
-1.88496  0  0  0.238172  0.215808
-0.628319  0  0  0.407003  0.159678
0.628319  0  0  0.407003  -0.159678
1.88496  0  0  0.238172  -0.215808
3.14159  0  0  0.142934  -0.199094
4.39823  0  0  0.0912767  -0.171568
5.65487  0  0  0.0619984  -0.146935
6.9115  0  0  0.0443575  -0.127029
8.16814  0  0  0.0330979  -0.111216
10.6814  0  0  0.020267  -0.0883377
15.708  0  0  0.00972548  -0.061929
33.3009  0  0  0.00222093  -0.0298419
-54.6637  0  3.14159  1.02526e-07  0.0182886
-27.0177  0  3.14159  4.18639e-07  0.0369713
-13.1947  0  3.14159  1.73705e-06  0.0754365
-10.6814  0  3.14159  2.63214e-06  0.0929632
-8.16814  0  3.14159  4.43864e-06  0.12098
-6.9115  0  3.14159  6.12073e-06  0.142333
-5.65487  0  3.14159  8.9502e-06  0.172641
-4.39823  0  3.14159  1.42307e-05  0.218814
-3.14159  0  3.14159  2.5682e-05  0.296842
-1.88496  0  3.14159  5.72016e-05  0.452234
-0.628319  0  3.14159  0.000205972  0.874984
0.628319  0  3.14159  0.00020672  -0.874984
1.88496  0  3.14159  5.7187e-05  -0.452234
3.14159  0  3.14159  2.56764e-05  -0.296842
4.39823  0  3.14159  1.42312e-05  -0.218814
5.65487  0  3.14159  8.94996e-06  -0.172641
6.9115  0  3.14159  6.12058e-06  -0.142333
8.16814  0  3.14159  4.43878e-06  -0.12098
10.6814  0  3.14159  2.63216e-06  -0.0929632
15.708  0  3.14159  1.23054e-06  -0.0634526
33.3009  0  3.14159  2.7588e-07  -0.0300071
-54.6637  3.14159  0  1.02526e-07  0.0182886
-27.0177  3.14159  0  4.18639e-07  0.0369713
-13.1947  3.14159  0  1.73705e-06  0.0754365
-10.6814  3.14159  0  2.63214e-06  0.0929632
-8.16814  3.14159  0  4.43864e-06  0.12098
-6.9115  3.14159  0  6.12073e-06  0.142333
-5.65487  3.14159  0  8.9502e-06  0.172641
-4.39823  3.14159  0  1.42307e-05  0.218814
-3.14159  3.14159  0  2.5682e-05  0.296842
-1.88496  3.14159  0  5.72016e-05  0.452234
-0.628319  3.14159  0  0.000205972  0.874984
0.628319  3.14159  0  0.00020672  -0.874984
1.88496  3.14159  0  5.7187e-05  -0.452234
3.14159  3.14159  0  2.56764e-05  -0.296842
4.39823  3.14159  0  1.42312e-05  -0.218814
5.65487  3.14159  0  8.94996e-06  -0.172641
6.9115  3.14159  0  6.12058e-06  -0.142333
8.16814  3.14159  0  4.43878e-06  -0.12098
10.6814  3.14159  0  2.63216e-06  -0.0929632
15.708  3.14159  0  1.23054e-06  -0.0634526
33.3009  3.14159  0  2.7588e-07  -0.0300071
-54.6637  3.14159  3.14159  -0.000827986  0.0182511
-27.0177  3.14159  3.14159  -0.00335999  0.0366636
-13.1947  3.14159  3.14159  -0.0135947  0.0729104
-10.6814  3.14159  3.14159  -0.0202625  0.0883399
-8.16814  3.14159  3.14159  -0.0330911  0.111221
-6.9115  3.14159  3.14159  -0.0443488  0.127036
-5.65487  3.14159  3.14159  -0.0619875  0.146946
-4.39823  3.14159  3.14159  -0.0912636  0.171586
-3.14159  3.14159  3.14159  -0.142921  0.199127
-1.88496  3.14159  3.14159  -0.238173  0.215871
-0.628319  3.14159  3.14159  -0.407079  0.159776
0.628319  3.14159  3.14159  -0.407079  -0.159776
1.88496  3.14159  3.14159  -0.238173  -0.215871
3.14159  3.14159  3.14159  -0.142921  -0.199127
4.39823  3.14159  3.14159  -0.0912636  -0.171586
5.65487  3.14159  3.14159  -0.0619875  -0.146946
6.9115  3.14159  3.14159  -0.0443488  -0.127036
8.16814  3.14159  3.14159  -0.0330911  -0.111221
10.6814  3.14159  3.14159  -0.0202625  -0.0883399
15.708  3.14159  3.14159  -0.0097232  -0.0619298
33.3009  3.14159  3.14159  -0.00222039  -0.0298419
