-29.531  0  0  -0.019567  0.209249
-14.4513  0  0  -0.0721584  0.411427
-8.16814  0  0  -0.173546  0.667883
-5.65487  0  0  -0.273175  0.860798
-4.39823  0  0  -0.352585  0.984821
-3.14159  0  0  -0.461648  1.11794
-1.88496  0  0  -0.604944  1.15068
-0.628319  0  0  -0.735169  0.723869
0.628319  0  0  -0.735169  -0.723869
1.88496  0  0  -0.604944  -1.15068
3.14159  0  0  -0.461648  -1.11794
4.39823  0  0  -0.352585  -0.984821
5.65487  0  0  -0.273175  -0.860798
8.16814  0  0  -0.173546  -0.667883
10.6814  0  0  -0.117855  -0.535336
14.4513  0  0  -0.0721584  -0.411427
33.3009  0  0  -0.0155402  -0.185782
-29.531  0  3.14159  0  0.209982
-14.4513  0  3.14159  0  0.409854
-8.16814  0  3.14159  0  0.663142
-5.65487  0  3.14159  0  0.833676
-4.39823  0  3.14159  0  0.968463
-3.14159  0  3.14159  0  1.128
-1.88496  0  3.14159  0  1.4044
-0.628319  0  3.14159  0  4.47954
0.628319  0  3.14159  0  -4.47954
1.88496  0  3.14159  0  -1.4044
3.14159  0  3.14159  0  -1.128
4.39823  0  3.14159  0  -0.968463
5.65487  0  3.14159  0  -0.833676
8.16814  0  3.14159  0  -0.663142
10.6814  0  3.14159  0  -0.536114
14.4513  0  3.14159  0  -0.409854
33.3009  0  3.14159  0  -0.187089
-29.531  3.14159  0  0  0.209982
-14.4513  3.14159  0  0  0.409854
-8.16814  3.14159  0  0  0.663142
-5.65487  3.14159  0  0  0.833676
-4.39823  3.14159  0  0  0.968463
-3.14159  3.14159  0  0  1.128
-1.88496  3.14159  0  0  1.4044
-0.628319  3.14159  0  0  4.47954
0.628319  3.14159  0  0  -4.47954
1.88496  3.14159  0  0  -1.4044
3.14159  3.14159  0  0  -1.128
4.39823  3.14159  0  0  -0.968463
5.65487  3.14159  0  0  -0.833676
8.16814  3.14159  0  0  -0.663142
10.6814  3.14159  0  0  -0.536114
14.4513  3.14159  0  0  -0.409854
33.3009  3.14159  0  0  -0.187089
-29.531  3.14159  3.14159  0.0191284  0.209284
-14.4513  3.14159  3.14159  0.0702549  0.411685
-8.16814  3.14159  3.14159  0.169535  0.66887
-5.65487  3.14159  3.14159  0.267562  0.86291
-4.39823  3.14159  3.14159  0.347209  0.988085
-3.14159  3.14159  3.14159  0.463677  1.12327
-1.88496  3.14159  3.14159  0.62364  1.15936
-0.628319  3.14159  3.14159  0.778335  0.735983
0.628319  3.14159  3.14159  0.778335  -0.735983
1.88496  3.14159  3.14159  0.62364  -1.15936
3.14159  3.14159  3.14159  0.463677  -1.12327
4.39823  3.14159  3.14159  0.347209  -0.988085
5.65487  3.14159  3.14159  0.267562  -0.86291
8.16814  3.14159  3.14159  0.169535  -0.66887
10.6814  3.14159  3.14159  0.114587  -0.535886
14.4513  3.14159  3.14159  0.0702549  -0.411685
33.3009  3.14159  3.14159  0.0151789  -0.185809
