-29.531  0  0  -0.0191177  0.209146
-14.4513  0  0  -0.0702998  0.411052
-8.16814  0  0  -0.168308  0.664833
-5.65487  0  0  -0.263644  0.853918
-4.39823  0  0  -0.338965  0.973557
-3.14159  0  0  -0.441639  1.09661
-1.88496  0  0  -0.574969  1.11584
-0.628319  0  0  -0.696898  0.690815
0.628319  0  0  -0.696898  -0.690815
1.88496  0  0  -0.574969  -1.11584
3.14159  0  0  -0.441639  -1.09661
4.39823  0  0  -0.338965  -0.973557
5.65487  0  0  -0.263644  -0.853918
8.16814  0  0  -0.168308  -0.664833
10.6814  0  0  -0.114554  -0.534445
14.4513  0  0  -0.0702998  -0.411052
33.3009  0  0  -0.0151847  -0.185754
-29.531  0  3.14159  0  0.209559
-14.4513  0  3.14159  0  0.410929
-8.16814  0  3.14159  0  0.660865
-5.65487  0  3.14159  0  0.832343
-4.39823  0  3.14159  0  0.957697
-3.14159  0  3.14159  0  1.11315
-1.88496  0  3.14159  0  1.39447
-0.628319  0  3.14159  0  3.92462
0.628319  0  3.14159  0  -3.92462
1.88496  0  3.14159  0  -1.39447
3.14159  0  3.14159  0  -1.11315
4.39823  0  3.14159  0  -0.957697
5.65487  0  3.14159  0  -0.832343
8.16814  0  3.14159  0  -0.660865
10.6814  0  3.14159  0  -0.535287
14.4513  0  3.14159  0  -0.410929
33.3009  0  3.14159  0  -0.186411
-29.531  3.14159  0  0  0.209559
-14.4513  3.14159  0  0  0.410929
-8.16814  3.14159  0  0  0.660865
-5.65487  3.14159  0  0  0.832343
-4.39823  3.14159  0  0  0.957697
-3.14159  3.14159  0  0  1.11315
-1.88496  3.14159  0  0  1.39447
-0.628319  3.14159  0  0  3.92462
0.628319  3.14159  0  0  -3.92462
1.88496  3.14159  0  0  -1.39447
3.14159  3.14159  0  0  -1.11315
4.39823  3.14159  0  0  -0.957697
5.65487  3.14159  0  0  -0.832343
8.16814  3.14159  0  0  -0.660865
10.6814  3.14159  0  0  -0.535287
14.4513  3.14159  0  0  -0.410929
33.3009  3.14159  0  0  -0.186411
-29.531  3.14159  3.14159  0.0188063  0.209171
-14.4513  3.14159  3.14159  0.0689748  0.411241
-8.16814  3.14159  3.14159  0.165609  0.665553
-5.65487  3.14159  3.14159  0.259813  0.855451
-4.39823  3.14159  3.14159  0.335274  0.975919
-3.14159  3.14159  3.14159  0.443584  1.10044
-1.88496  3.14159  3.14159  0.588958  1.12202
-0.628319  3.14159  3.14159  0.726628  0.698828
0.628319  3.14159  3.14159  0.726628  -0.698828
1.88496  3.14159  3.14159  0.588958  -1.12202
3.14159  3.14159  3.14159  0.443584  -1.10044
4.39823  3.14159  3.14159  0.335274  -0.975919
5.65487  3.14159  3.14159  0.259813  -0.855451
8.16814  3.14159  3.14159  0.165609  -0.665553
10.6814  3.14159  3.14159  0.1123  -0.534848
14.4513  3.14159  3.14159  0.0689748  -0.411241
33.3009  3.14159  3.14159  0.0149267  -0.185773
