-29.531  0  0  0.0028815  0.0335864
-14.4513  0  0  0.0116761  0.066923
-8.16814  0  0  0.0338445  0.110919
-5.65487  0  0  0.0634962  0.146153
-4.39823  0  0  0.0936576  0.170006
-3.14159  0  0  0.146934  0.195124
-1.88496  0  0  0.242877  0.203327
-0.628319  0  0  0.389989  0.126968
0.628319  0  0  0.389989  -0.126968
1.88496  0  0  0.242877  -0.203327
3.14159  0  0  0.146934  -0.195124
4.39823  0  0  0.0936576  -0.170006
5.65487  0  0  0.0634962  -0.146153
8.16814  0  0  0.0338445  -0.110919
10.6814  0  0  0.0207172  -0.088191
14.4513  0  0  0.0116761  -0.066923
33.3009  0  0  0.00227073  -0.029836
-29.531  0  3.14159  -8.5879e-06  0.0338335
-14.4513  0  3.14159  -3.55809e-05  0.0689547
-8.16814  0  3.14159  -0.000109205  0.121166
-5.65487  0  3.14159  -0.000221818  0.173334
-4.39823  0  3.14159  -0.000356389  0.220497
-3.14159  0  3.14159  -0.000660747  0.302056
-1.88496  0  3.14159  -0.00161556  0.476916
-0.628319  0  3.14159  -0.0115883  1.26341
0.628319  0  3.14159  -0.0115883  -1.26341
1.88496  0  3.14159  -0.00161556  -0.476916
3.14159  0  3.14159  -0.000660747  -0.302056
4.39823  0  3.14159  -0.000356389  -0.220497
5.65487  0  3.14159  -0.000221818  -0.173334
8.16814  0  3.14159  -0.000109205  -0.121166
10.6814  0  3.14159  -6.46086e-05  -0.0930347
14.4513  0  3.14159  -3.55809e-05  -0.0689547
33.3009  0  3.14159  -6.75723e-06  -0.0300088
-29.531  3.14159  0  -8.5879e-06  0.0338335
-14.4513  3.14159  0  -3.55809e-05  0.0689547
-8.16814  3.14159  0  -0.000109205  0.121166
-5.65487  3.14159  0  -0.000221818  0.173334
-4.39823  3.14159  0  -0.000356389  0.220497
-3.14159  3.14159  0  -0.000660747  0.302056
-1.88496  3.14159  0  -0.00161556  0.476916
-0.628319  3.14159  0  -0.0115883  1.26341
0.628319  3.14159  0  -0.0115883  -1.26341
1.88496  3.14159  0  -0.00161556  -0.476916
3.14159  3.14159  0  -0.000660747  -0.302056
4.39823  3.14159  0  -0.000356389  -0.220497
5.65487  3.14159  0  -0.000221818  -0.173334
8.16814  3.14159  0  -0.000109205  -0.121166
10.6814  3.14159  0  -6.46086e-05  -0.0930347
14.4513  3.14159  0  -3.55809e-05  -0.0689547
33.3009  3.14159  0  -6.75723e-06  -0.0300088
-29.531  3.14159  3.14159  -0.0028983  0.0335835
-14.4513  3.14159  3.14159  -0.0117411  0.0668996
-8.16814  3.14159  3.14159  -0.0340112  0.110808
-5.65487  3.14159  3.14159  -0.0637559  0.145878
-4.39823  3.14159  3.14159  -0.0939623  0.169536
-3.14159  3.14159  3.14159  -0.147203  0.19428
-1.88496  3.14159  3.14159  -0.242733  0.201831
-0.628319  3.14159  3.14159  -0.387979  0.124845
0.628319  3.14159  3.14159  -0.387979  -0.124845
1.88496  3.14159  3.14159  -0.242733  -0.201831
3.14159  3.14159  3.14159  -0.147203  -0.19428
4.39823  3.14159  3.14159  -0.0939623  -0.169536
5.65487  3.14159  3.14159  -0.0637559  -0.145878
8.16814  3.14159  3.14159  -0.0340112  -0.110808
10.6814  3.14159  3.14159  -0.0208271  -0.0881365
14.4513  3.14159  3.14159  -0.0117411  -0.0668996
33.3009  3.14159  3.14159  -0.00228401  -0.029834
