-29.531  0  0  -0.0189841  0.209108
-14.4513  0  0  -0.0697343  0.410881
-8.16814  0  0  -0.166673  0.663713
-5.65487  0  0  -0.260598  0.851333
-4.39823  0  0  -0.334506  0.969278
-3.14159  0  0  -0.434812  1.08881
-1.88496  0  0  -0.564147  1.10326
-0.628319  0  0  -0.681999  0.678667
0.628319  0  0  -0.681999  -0.678667
1.88496  0  0  -0.564147  -1.10326
3.14159  0  0  -0.434812  -1.08881
4.39823  0  0  -0.334506  -0.969278
5.65487  0  0  -0.260598  -0.851333
8.16814  0  0  -0.166673  -0.663713
10.6814  0  0  -0.113539  -0.534033
14.4513  0  0  -0.0697343  -0.410881
33.3009  0  0  -0.0150795  -0.185735
-29.531  0  3.14159  0  0.20942
-14.4513  0  3.14159  0  0.411181
-8.16814  0  3.14159  0  0.660048
-5.65487  0  3.14159  0  0.831446
-4.39823  0  3.14159  0  0.953952
-3.14159  0  3.14159  0  1.1078
-1.88496  0  3.14159  0  1.38961
-0.628319  0  3.14159  0  3.74193
0.628319  0  3.14159  0  -3.74193
1.88496  0  3.14159  0  -1.38961
3.14159  0  3.14159  0  -1.1078
4.39823  0  3.14159  0  -0.953952
5.65487  0  3.14159  0  -0.831446
8.16814  0  3.14159  0  -0.660048
10.6814  0  3.14159  0  -0.53493
14.4513  0  3.14159  0  -0.411181
33.3009  0  3.14159  0  -0.186196
-29.531  3.14159  0  0  0.20942
-14.4513  3.14159  0  0  0.411181
-8.16814  3.14159  0  0  0.660048
-5.65487  3.14159  0  0  0.831446
-4.39823  3.14159  0  0  0.953952
-3.14159  3.14159  0  0  1.1078
-1.88496  3.14159  0  0  1.38961
-0.628319  3.14159  0  0  3.74193
0.628319  3.14159  0  0  -3.74193
1.88496  3.14159  0  0  -1.38961
3.14159  3.14159  0  0  -1.1078
4.39823  3.14159  0  0  -0.953952
5.65487  3.14159  0  0  -0.831446
8.16814  3.14159  0  0  -0.660048
10.6814  3.14159  0  0  -0.53493
14.4513  3.14159  0  0  -0.411181
33.3009  3.14159  0  0  -0.186196
-29.531  3.14159  3.14159  0.0186748  0.209133
-14.4513  3.14159  3.14159  0.0684603  0.411069
-8.16814  3.14159  3.14159  0.164087  0.664425
-5.65487  3.14159  3.14159  0.256905  0.852845
-4.39823  3.14159  3.14159  0.330926  0.971605
-3.14159  3.14159  3.14159  0.436603  1.09258
-1.88496  3.14159  3.14159  0.577564  1.10931
-0.628319  3.14159  3.14159  0.7106  0.686419
0.628319  3.14159  3.14159  0.7106  -0.686419
1.88496  3.14159  3.14159  0.577564  -1.10931
3.14159  3.14159  3.14159  0.436603  -1.09258
4.39823  3.14159  3.14159  0.330926  -0.971605
5.65487  3.14159  3.14159  0.256905  -0.852845
8.16814  3.14159  3.14159  0.164087  -0.664425
10.6814  3.14159  3.14159  0.11139  -0.53443
14.4513  3.14159  3.14159  0.0684603  -0.411069
33.3009  3.14159  3.14159  0.0148231  -0.185755
