-29.531  0  0  -0.0189498  0.209098
-14.4513  0  0  -0.0695895  0.410837
-8.16814  0  0  -0.166255  0.663422
-5.65487  0  0  -0.259818  0.850664
-4.39823  0  0  -0.333364  0.968177
-3.14159  0  0  -0.433066  1.0868
-1.88496  0  0  -0.561381  1.10003
-0.628319  0  0  -0.678172  0.675536
0.628319  0  0  -0.678172  -0.675536
1.88496  0  0  -0.561381  -1.10003
3.14159  0  0  -0.433066  -1.0868
4.39823  0  0  -0.333364  -0.968177
5.65487  0  0  -0.259818  -0.850664
8.16814  0  0  -0.166255  -0.663422
10.6814  0  0  -0.11328  -0.533929
14.4513  0  0  -0.0695895  -0.410837
33.3009  0  0  -0.0150525  -0.185731
-29.531  0  3.14159  0  0.209389
-14.4513  0  3.14159  0  0.411232
-8.16814  0  3.14159  0  0.659822
-5.65487  0  3.14159  0  0.831191
-4.39823  0  3.14159  0  0.953004
-3.14159  0  3.14159  0  1.10644
-1.88496  0  3.14159  0  1.38818
-0.628319  0  3.14159  0  3.69592
0.628319  0  3.14159  0  -3.69592
1.88496  0  3.14159  0  -1.38818
3.14159  0  3.14159  0  -1.10644
4.39823  0  3.14159  0  -0.953004
5.65487  0  3.14159  0  -0.831191
8.16814  0  3.14159  0  -0.659822
10.6814  0  3.14159  0  -0.534833
14.4513  0  3.14159  0  -0.411232
33.3009  0  3.14159  0  -0.186148
-29.531  3.14159  0  0  0.209389
-14.4513  3.14159  0  0  0.411232
-8.16814  3.14159  0  0  0.659822
-5.65487  3.14159  0  0  0.831191
-4.39823  3.14159  0  0  0.953004
-3.14159  3.14159  0  0  1.10644
-1.88496  3.14159  0  0  1.38818
-0.628319  3.14159  0  0  3.69592
0.628319  3.14159  0  0  -3.69592
1.88496  3.14159  0  0  -1.38818
3.14159  3.14159  0  0  -1.10644
4.39823  3.14159  0  0  -0.953004
5.65487  3.14159  0  0  -0.831191
8.16814  3.14159  0  0  -0.659822
10.6814  3.14159  0  0  -0.534833
14.4513  3.14159  0  0  -0.411232
33.3009  3.14159  0  0  -0.186148
-29.531  3.14159  3.14159  0.018641  0.209123
-14.4513  3.14159  3.14159  0.0683281  0.411024
-8.16814  3.14159  3.14159  0.163695  0.664132
-5.65487  3.14159  3.14159  0.256158  0.85217
-4.39823  3.14159  3.14159  0.32981  0.970496
-3.14159  3.14159  3.14159  0.434809  1.09055
-1.88496  3.14159  3.14159  0.574639  1.10604
-0.628319  3.14159  3.14159  0.706505  0.683236
0.628319  3.14159  3.14159  0.706505  -0.683236
1.88496  3.14159  3.14159  0.574639  -1.10604
3.14159  3.14159  3.14159  0.434809  -1.09055
4.39823  3.14159  3.14159  0.32981  -0.970496
5.65487  3.14159  3.14159  0.256158  -0.85217
8.16814  3.14159  3.14159  0.163695  -0.664132
10.6814  3.14159  3.14159  0.111156  -0.534325
14.4513  3.14159  3.14159  0.0683281  -0.411024
33.3009  3.14159  3.14159  0.0147965  -0.18575
