-29.531  0  0  0.0028815  0.0335864
-14.4513  0  0  0.0116761  0.066923
-8.16814  0  0  0.0338445  0.110919
-5.65487  0  0  0.0634957  0.146152
-4.39823  0  0  0.0936553  0.170005
-3.14159  0  0  0.146924  0.195124
-1.88496  0  0  0.242849  0.203355
-0.628319  0  0  0.390058  0.12711
0.628319  0  0  0.390058  -0.12711
1.88496  0  0  0.242849  -0.203355
3.14159  0  0  0.146924  -0.195124
4.39823  0  0  0.0936553  -0.170005
5.65487  0  0  0.0634957  -0.146152
8.16814  0  0  0.0338445  -0.110919
10.6814  0  0  0.0207172  -0.088191
14.4513  0  0  0.0116761  -0.066923
33.3009  0  0  0.00227073  -0.029836
-29.531  0  3.14159  -8.5879e-06  0.0338335
-14.4513  0  3.14159  -3.55809e-05  0.0689547
-8.16814  0  3.14159  -0.000109205  0.121166
-5.65487  0  3.14159  -0.000221817  0.173333
-4.39823  0  3.14159  -0.000356375  0.220495
-3.14159  0  3.14159  -0.000660678  0.302047
-1.88496  0  3.14159  -0.00161519  0.47688
-0.628319  0  3.14159  -0.0114756  1.2581
0.628319  0  3.14159  -0.0114756  -1.2581
1.88496  0  3.14159  -0.00161519  -0.47688
3.14159  0  3.14159  -0.000660678  -0.302047
4.39823  0  3.14159  -0.000356375  -0.220495
5.65487  0  3.14159  -0.000221817  -0.173333
8.16814  0  3.14159  -0.000109205  -0.121166
10.6814  0  3.14159  -6.46085e-05  -0.0930347
14.4513  0  3.14159  -3.55809e-05  -0.0689547
33.3009  0  3.14159  -6.75723e-06  -0.0300088
-29.531  3.14159  0  -8.5879e-06  0.0338335
-14.4513  3.14159  0  -3.55809e-05  0.0689547
-8.16814  3.14159  0  -0.000109205  0.121166
-5.65487  3.14159  0  -0.000221817  0.173333
-4.39823  3.14159  0  -0.000356375  0.220495
-3.14159  3.14159  0  -0.000660678  0.302047
-1.88496  3.14159  0  -0.00161519  0.47688
-0.628319  3.14159  0  -0.0114756  1.2581
0.628319  3.14159  0  -0.0114756  -1.2581
1.88496  3.14159  0  -0.00161519  -0.47688
3.14159  3.14159  0  -0.000660678  -0.302047
4.39823  3.14159  0  -0.000356375  -0.220495
5.65487  3.14159  0  -0.000221817  -0.173333
8.16814  3.14159  0  -0.000109205  -0.121166
10.6814  3.14159  0  -6.46085e-05  -0.0930347
14.4513  3.14159  0  -3.55809e-05  -0.0689547
33.3009  3.14159  0  -6.75723e-06  -0.0300088
-29.531  3.14159  3.14159  -0.0028983  0.0335835
-14.4513  3.14159  3.14159  -0.0117411  0.0668996
-8.16814  3.14159  3.14159  -0.0340112  0.110808
-5.65487  3.14159  3.14159  -0.0637554  0.145878
-4.39823  3.14159  3.14159  -0.09396  0.169535
-3.14159  3.14159  3.14159  -0.147193  0.19428
-1.88496  3.14159  3.14159  -0.242705  0.20186
-0.628319  3.14159  3.14159  -0.388049  0.124988
0.628319  3.14159  3.14159  -0.388049  -0.124988
1.88496  3.14159  3.14159  -0.242705  -0.20186
3.14159  3.14159  3.14159  -0.147193  -0.19428
4.39823  3.14159  3.14159  -0.09396  -0.169535
5.65487  3.14159  3.14159  -0.0637554  -0.145878
8.16814  3.14159  3.14159  -0.0340112  -0.110808
10.6814  3.14159  3.14159  -0.0208271  -0.0881365
14.4513  3.14159  3.14159  -0.0117411  -0.0668996
33.3009  3.14159  3.14159  -0.00228401  -0.029834
