-29.531  0  0  0.00287867  0.0335869
-14.4513  0  0  0.0116649  0.066927
-8.16814  0  0  0.0338132  0.110941
-5.65487  0  0  0.0634491  0.14622
-4.39823  0  0  0.0936186  0.17014
-3.14159  0  0  0.147  0.195386
-1.88496  0  0  0.243482  0.203599
-0.628319  0  0  0.390345  0.124917
0.628319  0  0  0.390345  -0.124917
1.88496  0  0  0.243482  -0.203599
3.14159  0  0  0.147  -0.195386
4.39823  0  0  0.0936186  -0.17014
5.65487  0  0  0.0634491  -0.14622
8.16814  0  0  0.0338132  -0.110941
10.6814  0  0  0.0206975  -0.0882009
14.4513  0  0  0.0116649  -0.066927
33.3009  0  0  0.0022685  -0.0298364
-29.531  0  3.14159  -1.14759e-05  0.0338335
-14.4513  0  3.14159  -4.75459e-05  0.0689545
-8.16814  0  3.14159  -0.000145912  0.121162
-5.65487  0  3.14159  -0.000296218  0.173303
-4.39823  0  3.14159  -0.000475728  0.22043
-3.14159  0  3.14159  -0.000881353  0.301893
-1.88496  0  3.14159  -0.00216225  0.477161
-0.628319  0  3.14159  -0.0203553  1.42891
0.628319  0  3.14159  -0.0203553  -1.42891
1.88496  0  3.14159  -0.00216225  -0.477161
3.14159  0  3.14159  -0.000881353  -0.301893
4.39823  0  3.14159  -0.000475728  -0.22043
5.65487  0  3.14159  -0.000296218  -0.173303
8.16814  0  3.14159  -0.000145912  -0.121162
10.6814  0  3.14159  -8.63321e-05  -0.0930337
14.4513  0  3.14159  -4.75459e-05  -0.0689545
33.3009  0  3.14159  -9.0296e-06  -0.0300088
-29.531  3.14159  0  -1.14759e-05  0.0338335
-14.4513  3.14159  0  -4.75459e-05  0.0689545
-8.16814  3.14159  0  -0.000145912  0.121162
-5.65487  3.14159  0  -0.000296218  0.173303
-4.39823  3.14159  0  -0.000475728  0.22043
-3.14159  3.14159  0  -0.000881353  0.301893
-1.88496  3.14159  0  -0.00216225  0.477161
-0.628319  3.14159  0  -0.0203553  1.42891
0.628319  3.14159  0  -0.0203553  -1.42891
1.88496  3.14159  0  -0.00216225  -0.477161
3.14159  3.14159  0  -0.000881353  -0.301893
4.39823  3.14159  0  -0.000475728  -0.22043
5.65487  3.14159  0  -0.000296218  -0.173303
8.16814  3.14159  0  -0.000145912  -0.121162
10.6814  3.14159  0  -8.63321e-05  -0.0930337
14.4513  3.14159  0  -4.75459e-05  -0.0689545
33.3009  3.14159  0  -9.0296e-06  -0.0300088
-29.531  3.14159  3.14159  -0.00290112  0.033583
-14.4513  3.14159  3.14159  -0.0117518  0.0668957
-8.16814  3.14159  3.14159  -0.034036  0.110792
-5.65487  3.14159  3.14159  -0.0637962  0.145854
-4.39823  3.14159  3.14159  -0.0940256  0.169511
-3.14159  3.14159  3.14159  -0.147363  0.194264
-1.88496  3.14159  3.14159  -0.243289  0.201593
-0.628319  3.14159  3.14159  -0.38767  0.122007
0.628319  3.14159  3.14159  -0.38767  -0.122007
1.88496  3.14159  3.14159  -0.243289  -0.201593
3.14159  3.14159  3.14159  -0.147363  -0.194264
4.39823  3.14159  3.14159  -0.0940256  -0.169511
5.65487  3.14159  3.14159  -0.0637962  -0.145854
8.16814  3.14159  3.14159  -0.034036  -0.110792
10.6814  3.14159  3.14159  -0.0208444  -0.0881279
14.4513  3.14159  3.14159  -0.0117518  -0.0668957
33.3009  3.14159  3.14159  -0.00228624  -0.0298337
