-29.531  0  0  -0.0189197  0.209089
-14.4513  0  0  -0.069462  0.410798
-8.16814  0  0  -0.165887  0.663164
-5.65487  0  0  -0.259131  0.850071
-4.39823  0  0  -0.332358  0.967205
-3.14159  0  0  -0.43153  1.08502
-1.88496  0  0  -0.558949  1.09717
-0.628319  0  0  -0.674802  0.672775
0.628319  0  0  -0.674802  -0.672775
1.88496  0  0  -0.558949  -1.09717
3.14159  0  0  -0.43153  -1.08502
4.39823  0  0  -0.332358  -0.967205
5.65487  0  0  -0.259131  -0.850071
8.16814  0  0  -0.165887  -0.663164
10.6814  0  0  -0.113051  -0.533838
14.4513  0  0  -0.069462  -0.410798
33.3009  0  0  -0.0150287  -0.185727
-29.531  0  3.14159  0  0.209363
-14.4513  0  3.14159  0  0.411273
-8.16814  0  3.14159  0  0.659616
-5.65487  0  3.14159  0  0.830957
-4.39823  0  3.14159  0  0.952174
-3.14159  0  3.14159  0  1.10524
-1.88496  0  3.14159  0  1.38687
-0.628319  0  3.14159  0  3.65568
0.628319  0  3.14159  0  -3.65568
1.88496  0  3.14159  0  -1.38687
3.14159  0  3.14159  0  -1.10524
4.39823  0  3.14159  0  -0.952174
5.65487  0  3.14159  0  -0.830957
8.16814  0  3.14159  0  -0.659616
10.6814  0  3.14159  0  -0.534746
14.4513  0  3.14159  0  -0.411273
33.3009  0  3.14159  0  -0.186109
-29.531  3.14159  0  0  0.209363
-14.4513  3.14159  0  0  0.411273
-8.16814  3.14159  0  0  0.659616
-5.65487  3.14159  0  0  0.830957
-4.39823  3.14159  0  0  0.952174
-3.14159  3.14159  0  0  1.10524
-1.88496  3.14159  0  0  1.38687
-0.628319  3.14159  0  0  3.65568
0.628319  3.14159  0  0  -3.65568
1.88496  3.14159  0  0  -1.38687
3.14159  3.14159  0  0  -1.10524
4.39823  3.14159  0  0  -0.952174
5.65487  3.14159  0  0  -0.830957
8.16814  3.14159  0  0  -0.659616
10.6814  3.14159  0  0  -0.534746
14.4513  3.14159  0  0  -0.411273
33.3009  3.14159  0  0  -0.186109
-29.531  3.14159  3.14159  0.0186113  0.209115
-14.4513  3.14159  3.14159  0.0682117  0.410985
-8.16814  3.14159  3.14159  0.16335  0.663873
-5.65487  3.14159  3.14159  0.2555  0.851574
-4.39823  3.14159  3.14159  0.328827  0.969519
-3.14159  3.14159  3.14159  0.433228  1.08876
-1.88496  3.14159  3.14159  0.572061  1.10316
-0.628319  3.14159  3.14159  0.702899  0.680432
0.628319  3.14159  3.14159  0.702899  -0.680432
1.88496  3.14159  3.14159  0.572061  -1.10316
3.14159  3.14159  3.14159  0.433228  -1.08876
4.39823  3.14159  3.14159  0.328827  -0.969519
5.65487  3.14159  3.14159  0.2555  -0.851574
8.16814  3.14159  3.14159  0.16335  -0.663873
10.6814  3.14159  3.14159  0.11095  -0.534233
14.4513  3.14159  3.14159  0.0682117  -0.410985
33.3009  3.14159  3.14159  0.0147731  -0.185746
