-29.531  0  0  0.0028815  0.0335864
-14.4513  0  0  0.0116761  0.066923
-8.16814  0  0  0.0338445  0.110919
-5.65487  0  0  0.0634952  0.146152
-4.39823  0  0  0.0936529  0.170004
-3.14159  0  0  0.146914  0.195124
-1.88496  0  0  0.242818  0.203386
-0.628319  0  0  0.390136  0.127266
0.628319  0  0  0.390136  -0.127266
1.88496  0  0  0.242818  -0.203386
3.14159  0  0  0.146914  -0.195124
4.39823  0  0  0.0936529  -0.170004
5.65487  0  0  0.0634952  -0.146152
8.16814  0  0  0.0338445  -0.110919
10.6814  0  0  0.0207172  -0.088191
14.4513  0  0  0.0116761  -0.066923
33.3009  0  0  0.00227073  -0.029836
-29.531  0  3.14159  -8.5879e-06  0.0338335
-14.4513  0  3.14159  -3.5581e-05  0.0689547
-8.16814  0  3.14159  -0.000109205  0.121166
-5.65487  0  3.14159  -0.000221815  0.173333
-4.39823  0  3.14159  -0.00035636  0.220492
-3.14159  0  3.14159  -0.000660602  0.302036
-1.88496  0  3.14159  -0.00161473  0.476835
-0.628319  0  3.14159  -0.0113507  1.25219
0.628319  0  3.14159  -0.0113507  -1.25219
1.88496  0  3.14159  -0.00161473  -0.476835
3.14159  0  3.14159  -0.000660602  -0.302036
4.39823  0  3.14159  -0.00035636  -0.220492
5.65487  0  3.14159  -0.000221815  -0.173333
8.16814  0  3.14159  -0.000109205  -0.121166
10.6814  0  3.14159  -6.46085e-05  -0.0930347
14.4513  0  3.14159  -3.5581e-05  -0.0689547
33.3009  0  3.14159  -6.75723e-06  -0.0300088
-29.531  3.14159  0  -8.5879e-06  0.0338335
-14.4513  3.14159  0  -3.5581e-05  0.0689547
-8.16814  3.14159  0  -0.000109205  0.121166
-5.65487  3.14159  0  -0.000221815  0.173333
-4.39823  3.14159  0  -0.00035636  0.220492
-3.14159  3.14159  0  -0.000660602  0.302036
-1.88496  3.14159  0  -0.00161473  0.476835
-0.628319  3.14159  0  -0.0113507  1.25219
0.628319  3.14159  0  -0.0113507  -1.25219
1.88496  3.14159  0  -0.00161473  -0.476835
3.14159  3.14159  0  -0.000660602  -0.302036
4.39823  3.14159  0  -0.00035636  -0.220492
5.65487  3.14159  0  -0.000221815  -0.173333
8.16814  3.14159  0  -0.000109205  -0.121166
10.6814  3.14159  0  -6.46085e-05  -0.0930347
14.4513  3.14159  0  -3.5581e-05  -0.0689547
33.3009  3.14159  0  -6.75723e-06  -0.0300088
-29.531  3.14159  3.14159  -0.0028983  0.0335835
-14.4513  3.14159  3.14159  -0.0117412  0.0668996
-8.16814  3.14159  3.14159  -0.0340112  0.110807
-5.65487  3.14159  3.14159  -0.0637549  0.145877
-4.39823  3.14159  3.14159  -0.0939576  0.169533
-3.14159  3.14159  3.14159  -0.147182  0.194281
-1.88496  3.14159  3.14159  -0.242673  0.201891
-0.628319  3.14159  3.14159  -0.388127  0.125147
0.628319  3.14159  3.14159  -0.388127  -0.125147
1.88496  3.14159  3.14159  -0.242673  -0.201891
3.14159  3.14159  3.14159  -0.147182  -0.194281
4.39823  3.14159  3.14159  -0.0939576  -0.169533
5.65487  3.14159  3.14159  -0.0637549  -0.145877
8.16814  3.14159  3.14159  -0.0340112  -0.110807
10.6814  3.14159  3.14159  -0.0208271  -0.0881364
14.4513  3.14159  3.14159  -0.0117412  -0.0668996
33.3009  3.14159  3.14159  -0.00228401  -0.029834
