-29.531  0  0  -0.0188696  0.209075
-14.4513  0  0  -0.0692504  0.410734
-8.16814  0  0  -0.165276  0.662734
-5.65487  0  0  -0.257991  0.849084
-4.39823  0  0  -0.330689  0.965592
-3.14159  0  0  -0.428987  1.08207
-1.88496  0  0  -0.554924  1.09243
-0.628319  0  0  -0.669219  0.668192
0.628319  0  0  -0.669219  -0.668192
1.88496  0  0  -0.554924  -1.09243
3.14159  0  0  -0.428987  -1.08207
4.39823  0  0  -0.330689  -0.965592
5.65487  0  0  -0.257991  -0.849084
8.16814  0  0  -0.165276  -0.662734
10.6814  0  0  -0.112671  -0.533688
14.4513  0  0  -0.0692504  -0.410734
33.3009  0  0  -0.0149892  -0.185722
-29.531  0  3.14159  0  0.209322
-14.4513  0  3.14159  0  0.411329
-8.16814  0  3.14159  0  0.65926
-5.65487  0  3.14159  0  0.830549
-4.39823  0  3.14159  0  0.95081
-3.14159  0  3.14159  0  1.10327
-1.88496  0  3.14159  0  1.38456
-0.628319  0  3.14159  0  3.58955
0.628319  0  3.14159  0  -3.58955
1.88496  0  3.14159  0  -1.38456
3.14159  0  3.14159  0  -1.10327
4.39823  0  3.14159  0  -0.95081
5.65487  0  3.14159  0  -0.830549
8.16814  0  3.14159  0  -0.65926
10.6814  0  3.14159  0  -0.534596
14.4513  0  3.14159  0  -0.411329
33.3009  0  3.14159  0  -0.186049
-29.531  3.14159  0  0  0.209322
-14.4513  3.14159  0  0  0.411329
-8.16814  3.14159  0  0  0.65926
-5.65487  3.14159  0  0  0.830549
-4.39823  3.14159  0  0  0.95081
-3.14159  3.14159  0  0  1.10327
-1.88496  3.14159  0  0  1.38456
-0.628319  3.14159  0  0  3.58955
0.628319  3.14159  0  0  -3.58955
1.88496  3.14159  0  0  -1.38456
3.14159  3.14159  0  0  -1.10327
4.39823  3.14159  0  0  -0.95081
5.65487  3.14159  0  0  -0.830549
8.16814  3.14159  0  0  -0.65926
10.6814  3.14159  0  0  -0.534596
14.4513  3.14159  0  0  -0.411329
33.3009  3.14159  0  0  -0.186049
-29.531  3.14159  3.14159  0.0185621  0.2091
-14.4513  3.14159  3.14159  0.0680186  0.41092
-8.16814  3.14159  3.14159  0.162777  0.66344
-5.65487  3.14159  3.14159  0.254408  0.850581
-4.39823  3.14159  3.14159  0.327197  0.967896
-3.14159  3.14159  3.14159  0.430602  1.08579
-1.88496  3.14159  3.14159  0.56778  1.09838
-0.628319  3.14159  3.14159  0.696922  0.675777
0.628319  3.14159  3.14159  0.696922  -0.675777
1.88496  3.14159  3.14159  0.56778  -1.09838
3.14159  3.14159  3.14159  0.430602  -1.08579
4.39823  3.14159  3.14159  0.327197  -0.967896
5.65487  3.14159  3.14159  0.254408  -0.850581
8.16814  3.14159  3.14159  0.162777  -0.66344
10.6814  3.14159  3.14159  0.110608  -0.534081
14.4513  3.14159  3.14159  0.0680186  -0.41092
33.3009  3.14159  3.14159  0.0147344  -0.185741
