-29.531  0  0  -0.0188488  0.209069
-14.4513  0  0  -0.069163  0.410707
-8.16814  0  0  -0.165024  0.662556
-5.65487  0  0  -0.25752  0.848675
-4.39823  0  0  -0.33  0.964925
-3.14159  0  0  -0.427938  1.08084
-1.88496  0  0  -0.553264  1.09047
-0.628319  0  0  -0.666914  0.666296
0.628319  0  0  -0.666914  -0.666296
1.88496  0  0  -0.553264  -1.09047
3.14159  0  0  -0.427938  -1.08084
4.39823  0  0  -0.33  -0.964925
5.65487  0  0  -0.25752  -0.848675
8.16814  0  0  -0.165024  -0.662556
10.6814  0  0  -0.112514  -0.533627
14.4513  0  0  -0.069163  -0.410707
33.3009  0  0  -0.0149728  -0.185719
-29.531  0  3.14159  0  0.209307
-14.4513  0  3.14159  0  0.411348
-8.16814  0  3.14159  0  0.659108
-5.65487  0  3.14159  0  0.830372
-4.39823  0  3.14159  0  0.95025
-3.14159  0  3.14159  0  1.10246
-1.88496  0  3.14159  0  1.38356
-0.628319  0  3.14159  0  3.56244
0.628319  0  3.14159  0  -3.56244
1.88496  0  3.14159  0  -1.38356
3.14159  0  3.14159  0  -1.10246
4.39823  0  3.14159  0  -0.95025
5.65487  0  3.14159  0  -0.830372
8.16814  0  3.14159  0  -0.659108
10.6814  0  3.14159  0  -0.534532
14.4513  0  3.14159  0  -0.411348
33.3009  0  3.14159  0  -0.186027
-29.531  3.14159  0  0  0.209307
-14.4513  3.14159  0  0  0.411348
-8.16814  3.14159  0  0  0.659108
-5.65487  3.14159  0  0  0.830372
-4.39823  3.14159  0  0  0.95025
-3.14159  3.14159  0  0  1.10246
-1.88496  3.14159  0  0  1.38356
-0.628319  3.14159  0  0  3.56244
0.628319  3.14159  0  0  -3.56244
1.88496  3.14159  0  0  -1.38356
3.14159  3.14159  0  0  -1.10246
4.39823  3.14159  0  0  -0.95025
5.65487  3.14159  0  0  -0.830372
8.16814  3.14159  0  0  -0.659108
10.6814  3.14159  0  0  -0.534532
14.4513  3.14159  0  0  -0.411348
33.3009  3.14159  0  0  -0.186027
-29.531  3.14159  3.14159  0.0185418  0.209094
-14.4513  3.14159  3.14159  0.0679389  0.410893
-8.16814  3.14159  3.14159  0.162541  0.663261
-5.65487  3.14159  3.14159  0.253957  0.850169
-4.39823  3.14159  3.14159  0.326523  0.967224
-3.14159  3.14159  3.14159  0.429516  1.08456
-1.88496  3.14159  3.14159  0.56601  1.09641
-0.628319  3.14159  3.14159  0.694452  0.673852
0.628319  3.14159  3.14159  0.694452  -0.673852
1.88496  3.14159  3.14159  0.56601  -1.09641
3.14159  3.14159  3.14159  0.429516  -1.08456
4.39823  3.14159  3.14159  0.326523  -0.967224
5.65487  3.14159  3.14159  0.253957  -0.850169
8.16814  3.14159  3.14159  0.162541  -0.663261
10.6814  3.14159  3.14159  0.110467  -0.534019
14.4513  3.14159  3.14159  0.0679389  -0.410893
33.3009  3.14159  3.14159  0.0147185  -0.185738
