-29.531  0  0  -0.0188305  0.209063
-14.4513  0  0  -0.0690858  0.410684
-8.16814  0  0  -0.164802  0.662398
-5.65487  0  0  -0.257105  0.848313
-4.39823  0  0  -0.329392  0.964336
-3.14159  0  0  -0.427013  1.07976
-1.88496  0  0  -0.551802  1.08874
-0.628319  0  0  -0.664882  0.664624
0.628319  0  0  -0.664882  -0.664624
1.88496  0  0  -0.551802  -1.08874
3.14159  0  0  -0.427013  -1.07976
4.39823  0  0  -0.329392  -0.964336
5.65487  0  0  -0.257105  -0.848313
8.16814  0  0  -0.164802  -0.662398
10.6814  0  0  -0.112376  -0.533573
14.4513  0  0  -0.0690858  -0.410684
33.3009  0  0  -0.0149584  -0.185717
-29.531  0  3.14159  0  0.209294
-14.4513  0  3.14159  0  0.411363
-8.16814  0  3.14159  0  0.658971
-5.65487  0  3.14159  0  0.830213
-4.39823  0  3.14159  0  0.949759
-3.14159  0  3.14159  0  1.10175
-1.88496  0  3.14159  0  1.38265
-0.628319  0  3.14159  0  3.53864
0.628319  0  3.14159  0  -3.53864
1.88496  0  3.14159  0  -1.38265
3.14159  0  3.14159  0  -1.10175
4.39823  0  3.14159  0  -0.949759
5.65487  0  3.14159  0  -0.830213
8.16814  0  3.14159  0  -0.658971
10.6814  0  3.14159  0  -0.534475
14.4513  0  3.14159  0  -0.411363
33.3009  0  3.14159  0  -0.186008
-29.531  3.14159  0  0  0.209294
-14.4513  3.14159  0  0  0.411363
-8.16814  3.14159  0  0  0.658971
-5.65487  3.14159  0  0  0.830213
-4.39823  3.14159  0  0  0.949759
-3.14159  3.14159  0  0  1.10175
-1.88496  3.14159  0  0  1.38265
-0.628319  3.14159  0  0  3.53864
0.628319  3.14159  0  0  -3.53864
1.88496  3.14159  0  0  -1.38265
3.14159  3.14159  0  0  -1.10175
4.39823  3.14159  0  0  -0.949759
5.65487  3.14159  0  0  -0.830213
8.16814  3.14159  0  0  -0.658971
10.6814  3.14159  0  0  -0.534475
14.4513  3.14159  0  0  -0.411363
33.3009  3.14159  0  0  -0.186008
-29.531  3.14159  3.14159  0.0185239  0.209089
-14.4513  3.14159  3.14159  0.0678686  0.41087
-8.16814  3.14159  3.14159  0.162332  0.663102
-5.65487  3.14159  3.14159  0.253559  0.849804
-4.39823  3.14159  3.14159  0.325929  0.966632
-3.14159  3.14159  3.14159  0.428557  1.08347
-1.88496  3.14159  3.14159  0.564447  1.09466
-0.628319  3.14159  3.14159  0.692274  0.672153
0.628319  3.14159  3.14159  0.692274  -0.672153
1.88496  3.14159  3.14159  0.564447  -1.09466
3.14159  3.14159  3.14159  0.428557  -1.08347
4.39823  3.14159  3.14159  0.325929  -0.966632
5.65487  3.14159  3.14159  0.253559  -0.849804
8.16814  3.14159  3.14159  0.162332  -0.663102
10.6814  3.14159  3.14159  0.110343  -0.533965
14.4513  3.14159  3.14159  0.0678686  -0.41087
33.3009  3.14159  3.14159  0.0147044  -0.185736
