-29.531  0  0  -0.0188  0.209055
-14.4513  0  0  -0.0689576  0.410645
-8.16814  0  0  -0.164433  0.662134
-5.65487  0  0  -0.256415  0.847709
-4.39823  0  0  -0.328381  0.963357
-3.14159  0  0  -0.425478  1.07796
-1.88496  0  0  -0.549376  1.08586
-0.628319  0  0  -0.661509  0.661845
0.628319  0  0  -0.661509  -0.661845
1.88496  0  0  -0.549376  -1.08586
3.14159  0  0  -0.425478  -1.07796
4.39823  0  0  -0.328381  -0.963357
5.65487  0  0  -0.256415  -0.847709
8.16814  0  0  -0.164433  -0.662134
10.6814  0  0  -0.112146  -0.533484
14.4513  0  0  -0.0689576  -0.410645
33.3009  0  0  -0.0149343  -0.185714
-29.531  0  3.14159  0  0.209274
-14.4513  0  3.14159  0  0.411383
-8.16814  0  3.14159  0  0.658739
-5.65487  0  3.14159  0  0.82994
-4.39823  0  3.14159  0  0.948947
-3.14159  0  3.14159  0  1.10057
-1.88496  0  3.14159  0  1.38111
-0.628319  0  3.14159  0  3.49933
0.628319  0  3.14159  0  -3.49933
1.88496  0  3.14159  0  -1.38111
3.14159  0  3.14159  0  -1.10057
4.39823  0  3.14159  0  -0.948947
5.65487  0  3.14159  0  -0.82994
8.16814  0  3.14159  0  -0.658739
10.6814  0  3.14159  0  -0.534378
14.4513  0  3.14159  0  -0.411383
33.3009  0  3.14159  0  -0.18598
-29.531  3.14159  0  0  0.209274
-14.4513  3.14159  0  0  0.411383
-8.16814  3.14159  0  0  0.658739
-5.65487  3.14159  0  0  0.82994
-4.39823  3.14159  0  0  0.948947
-3.14159  3.14159  0  0  1.10057
-1.88496  3.14159  0  0  1.38111
-0.628319  3.14159  0  0  3.49933
0.628319  3.14159  0  0  -3.49933
1.88496  3.14159  0  0  -1.38111
3.14159  3.14159  0  0  -1.10057
4.39823  3.14159  0  0  -0.948947
5.65487  3.14159  0  0  -0.82994
8.16814  3.14159  0  0  -0.658739
10.6814  3.14159  0  0  -0.534378
14.4513  3.14159  0  0  -0.411383
33.3009  3.14159  0  0  -0.18598
-29.531  3.14159  3.14159  0.0184943  0.20908
-14.4513  3.14159  3.14159  0.0677519  0.41083
-8.16814  3.14159  3.14159  0.161985  0.662837
-5.65487  3.14159  3.14159  0.252899  0.849197
-4.39823  3.14159  3.14159  0.324943  0.965647
-3.14159  3.14159  3.14159  0.426964  1.08166
-1.88496  3.14159  3.14159  0.56185  1.09176
-0.628319  3.14159  3.14159  0.688656  0.669331
0.628319  3.14159  3.14159  0.688656  -0.669331
1.88496  3.14159  3.14159  0.56185  -1.09176
3.14159  3.14159  3.14159  0.426964  -1.08166
4.39823  3.14159  3.14159  0.324943  -0.965647
5.65487  3.14159  3.14159  0.252899  -0.849197
8.16814  3.14159  3.14159  0.161985  -0.662837
10.6814  3.14159  3.14159  0.110136  -0.533875
14.4513  3.14159  3.14159  0.0677519  -0.41083
33.3009  3.14159  3.14159  0.0146811  -0.185733
