-29.531  0  0  -0.0187874  0.209051
-14.4513  0  0  -0.0689046  0.410628
-8.16814  0  0  -0.16428  0.662024
-5.65487  0  0  -0.25613  0.847459
-4.39823  0  0  -0.327963  0.962952
-3.14159  0  0  -0.424844  1.07721
-1.88496  0  0  -0.548375  1.08467
-0.628319  0  0  -0.660115  0.660695
0.628319  0  0  -0.660115  -0.660695
1.88496  0  0  -0.548375  -1.08467
3.14159  0  0  -0.424844  -1.07721
4.39823  0  0  -0.327963  -0.962952
5.65487  0  0  -0.25613  -0.847459
8.16814  0  0  -0.16428  -0.662024
10.6814  0  0  -0.112051  -0.533447
14.4513  0  0  -0.0689046  -0.410628
33.3009  0  0  -0.0149243  -0.185713
-29.531  0  3.14159  0  0.209266
-14.4513  0  3.14159  0  0.41139
-8.16814  0  3.14159  0  0.658641
-5.65487  0  3.14159  0  0.829824
-4.39823  0  3.14159  0  0.948613
-3.14159  0  3.14159  0  1.10008
-1.88496  0  3.14159  0  1.38045
-0.628319  0  3.14159  0  3.48315
0.628319  0  3.14159  0  -3.48315
1.88496  0  3.14159  0  -1.38045
3.14159  0  3.14159  0  -1.10008
4.39823  0  3.14159  0  -0.948613
5.65487  0  3.14159  0  -0.829824
8.16814  0  3.14159  0  -0.658641
10.6814  0  3.14159  0  -0.534337
14.4513  0  3.14159  0  -0.41139
33.3009  0  3.14159  0  -0.185969
-29.531  3.14159  0  0  0.209266
-14.4513  3.14159  0  0  0.41139
-8.16814  3.14159  0  0  0.658641
-5.65487  3.14159  0  0  0.829824
-4.39823  3.14159  0  0  0.948613
-3.14159  3.14159  0  0  1.10008
-1.88496  3.14159  0  0  1.38045
-0.628319  3.14159  0  0  3.48315
0.628319  3.14159  0  0  -3.48315
1.88496  3.14159  0  0  -1.38045
3.14159  3.14159  0  0  -1.10008
4.39823  3.14159  0  0  -0.948613
5.65487  3.14159  0  0  -0.829824
8.16814  3.14159  0  0  -0.658641
10.6814  3.14159  0  0  -0.534337
14.4513  3.14159  0  0  -0.41139
33.3009  3.14159  0  0  -0.185969
-29.531  3.14159  3.14159  0.0184821  0.209076
-14.4513  3.14159  3.14159  0.0677036  0.410814
-8.16814  3.14159  3.14159  0.161841  0.662727
-5.65487  3.14159  3.14159  0.252625  0.848945
-4.39823  3.14159  3.14159  0.324535  0.965239
-3.14159  3.14159  3.14159  0.426305  1.08091
-1.88496  3.14159  3.14159  0.560775  1.09056
-0.628319  3.14159  3.14159  0.68716  0.668164
0.628319  3.14159  3.14159  0.68716  -0.668164
1.88496  3.14159  3.14159  0.560775  -1.09056
3.14159  3.14159  3.14159  0.426305  -1.08091
4.39823  3.14159  3.14159  0.324535  -0.965239
5.65487  3.14159  3.14159  0.252625  -0.848945
8.16814  3.14159  3.14159  0.161841  -0.662727
10.6814  3.14159  3.14159  0.110051  -0.533838
14.4513  3.14159  3.14159  0.0677036  -0.410814
33.3009  3.14159  3.14159  0.0146715  -0.185732
