-29.531  0  0  -0.0187762  0.209048
-14.4513  0  0  -0.0688577  0.410614
-8.16814  0  0  -0.164145  0.661928
-5.65487  0  0  -0.255878  0.847238
-4.39823  0  0  -0.327594  0.962594
-3.14159  0  0  -0.424284  1.07655
-1.88496  0  0  -0.547491  1.08362
-0.628319  0  0  -0.658886  0.659681
0.628319  0  0  -0.658886  -0.659681
1.88496  0  0  -0.547491  -1.08362
3.14159  0  0  -0.424284  -1.07655
4.39823  0  0  -0.327594  -0.962594
5.65487  0  0  -0.255878  -0.847238
8.16814  0  0  -0.164145  -0.661928
10.6814  0  0  -0.111967  -0.533415
14.4513  0  0  -0.0688577  -0.410614
33.3009  0  0  -0.0149155  -0.185712
-29.531  0  3.14159  0  0.209259
-14.4513  0  3.14159  0  0.411395
-8.16814  0  3.14159  0  0.658553
-5.65487  0  3.14159  0  0.82972
-4.39823  0  3.14159  0  0.948319
-3.14159  0  3.14159  0  1.09965
-1.88496  0  3.14159  0  1.37986
-0.628319  0  3.14159  0  3.46892
0.628319  0  3.14159  0  -3.46892
1.88496  0  3.14159  0  -1.37986
3.14159  0  3.14159  0  -1.09965
4.39823  0  3.14159  0  -0.948319
5.65487  0  3.14159  0  -0.82972
8.16814  0  3.14159  0  -0.658553
10.6814  0  3.14159  0  -0.534301
14.4513  0  3.14159  0  -0.411395
33.3009  0  3.14159  0  -0.185959
-29.531  3.14159  0  0  0.209259
-14.4513  3.14159  0  0  0.411395
-8.16814  3.14159  0  0  0.658553
-5.65487  3.14159  0  0  0.82972
-4.39823  3.14159  0  0  0.948319
-3.14159  3.14159  0  0  1.09965
-1.88496  3.14159  0  0  1.37986
-0.628319  3.14159  0  0  3.46892
0.628319  3.14159  0  0  -3.46892
1.88496  3.14159  0  0  -1.37986
3.14159  3.14159  0  0  -1.09965
4.39823  3.14159  0  0  -0.948319
5.65487  3.14159  0  0  -0.82972
8.16814  3.14159  0  0  -0.658553
10.6814  3.14159  0  0  -0.534301
14.4513  3.14159  0  0  -0.411395
33.3009  3.14159  0  0  -0.185959
-29.531  3.14159  3.14159  0.0184713  0.209073
-14.4513  3.14159  3.14159  0.067661  0.410799
-8.16814  3.14159  3.14159  0.161715  0.662629
-5.65487  3.14159  3.14159  0.252384  0.848723
-4.39823  3.14159  3.14159  0.324175  0.96488
-3.14159  3.14159  3.14159  0.425723  1.08024
-1.88496  3.14159  3.14159  0.559826  1.0895
-0.628319  3.14159  3.14159  0.685839  0.667133
0.628319  3.14159  3.14159  0.685839  -0.667133
1.88496  3.14159  3.14159  0.559826  -1.0895
3.14159  3.14159  3.14159  0.425723  -1.08024
4.39823  3.14159  3.14159  0.324175  -0.96488
5.65487  3.14159  3.14159  0.252384  -0.848723
8.16814  3.14159  3.14159  0.161715  -0.662629
10.6814  3.14159  3.14159  0.109975  -0.533806
14.4513  3.14159  3.14159  0.067661  -0.410799
33.3009  3.14159  3.14159  0.014663  -0.185731
