-29.531  0  0  0.0028815  0.0335864
-14.4513  0  0  0.0116761  0.066923
-8.16814  0  0  0.0338445  0.110919
-5.65487  0  0  0.0634944  0.146151
-4.39823  0  0  0.0936498  0.170002
-3.14159  0  0  0.1469  0.195125
-1.88496  0  0  0.242779  0.203426
-0.628319  0  0  0.390236  0.127469
0.628319  0  0  0.390236  -0.127469
1.88496  0  0  0.242779  -0.203426
3.14159  0  0  0.1469  -0.195125
4.39823  0  0  0.0936498  -0.170002
5.65487  0  0  0.0634944  -0.146151
8.16814  0  0  0.0338445  -0.110919
10.6814  0  0  0.0207172  -0.0881909
14.4513  0  0  0.0116761  -0.066923
33.3009  0  0  0.00227073  -0.029836
-29.531  0  3.14159  -8.5879e-06  0.0338335
-14.4513  0  3.14159  -3.5581e-05  0.0689547
-8.16814  0  3.14159  -0.000109204  0.121166
-5.65487  0  3.14159  -0.000221813  0.173333
-4.39823  0  3.14159  -0.000356342  0.220489
-3.14159  0  3.14159  -0.000660506  0.302024
-1.88496  0  3.14159  -0.00161407  0.476771
-0.628319  0  3.14159  -0.0111889  1.24452
0.628319  0  3.14159  -0.0111889  -1.24452
1.88496  0  3.14159  -0.00161407  -0.476771
3.14159  0  3.14159  -0.000660506  -0.302024
4.39823  0  3.14159  -0.000356342  -0.220489
5.65487  0  3.14159  -0.000221813  -0.173333
8.16814  0  3.14159  -0.000109204  -0.121166
10.6814  0  3.14159  -6.46085e-05  -0.0930347
14.4513  0  3.14159  -3.5581e-05  -0.0689547
33.3009  0  3.14159  -6.75723e-06  -0.0300088
-29.531  3.14159  0  -8.5879e-06  0.0338335
-14.4513  3.14159  0  -3.5581e-05  0.0689547
-8.16814  3.14159  0  -0.000109204  0.121166
-5.65487  3.14159  0  -0.000221813  0.173333
-4.39823  3.14159  0  -0.000356342  0.220489
-3.14159  3.14159  0  -0.000660506  0.302024
-1.88496  3.14159  0  -0.00161407  0.476771
-0.628319  3.14159  0  -0.0111889  1.24452
0.628319  3.14159  0  -0.0111889  -1.24452
1.88496  3.14159  0  -0.00161407  -0.476771
3.14159  3.14159  0  -0.000660506  -0.302024
4.39823  3.14159  0  -0.000356342  -0.220489
5.65487  3.14159  0  -0.000221813  -0.173333
8.16814  3.14159  0  -0.000109204  -0.121166
10.6814  3.14159  0  -6.46085e-05  -0.0930347
14.4513  3.14159  0  -3.5581e-05  -0.0689547
33.3009  3.14159  0  -6.75723e-06  -0.0300088
-29.531  3.14159  3.14159  -0.0028983  0.0335835
-14.4513  3.14159  3.14159  -0.0117412  0.0668996
-8.16814  3.14159  3.14159  -0.0340112  0.110807
-5.65487  3.14159  3.14159  -0.0637541  0.145876
-4.39823  3.14159  3.14159  -0.0939545  0.169531
-3.14159  3.14159  3.14159  -0.147168  0.194281
-1.88496  3.14159  3.14159  -0.242633  0.201931
-0.628319  3.14159  3.14159  -0.388228  0.125351
0.628319  3.14159  3.14159  -0.388228  -0.125351
1.88496  3.14159  3.14159  -0.242633  -0.201931
3.14159  3.14159  3.14159  -0.147168  -0.194281
4.39823  3.14159  3.14159  -0.0939545  -0.169531
5.65487  3.14159  3.14159  -0.0637541  -0.145876
8.16814  3.14159  3.14159  -0.0340112  -0.110807
10.6814  3.14159  3.14159  -0.0208271  -0.0881364
14.4513  3.14159  3.14159  -0.0117412  -0.0668996
33.3009  3.14159  3.14159  -0.00228401  -0.029834
