-29.531  0  0  0.00286537  0.0335892
-14.4513  0  0  0.0116135  0.0669454
-8.16814  0  0  0.0336832  0.111029
-5.65487  0  0  0.063252  0.146435
-4.39823  0  0  0.0933973  0.170504
-3.14159  0  0  0.146874  0.195986
-1.88496  0  0  0.24372  0.204304
-0.628319  0  0  0.390786  0.125462
0.628319  0  0  0.390786  -0.125462
1.88496  0  0  0.24372  -0.204304
3.14159  0  0  0.146874  -0.195986
4.39823  0  0  0.0933973  -0.170504
5.65487  0  0  0.063252  -0.146435
8.16814  0  0  0.0336832  -0.111029
10.6814  0  0  0.0206108  -0.0882437
14.4513  0  0  0.0116135  -0.0669454
33.3009  0  0  0.00225798  -0.029838
-29.531  0  3.14159  -2.50708e-05  0.0338335
-14.4513  0  3.14159  -0.00010387  0.0689542
-8.16814  0  3.14159  -0.000318794  0.121164
-5.65487  0  3.14159  -0.000647203  0.173306
-4.39823  0  3.14159  -0.00104074  0.220513
-3.14159  0  3.14159  -0.00193111  0.30215
-1.88496  0  3.14159  -0.00472966  0.477333
-0.628319  0  3.14159  -0.0427947  1.40299
0.628319  0  3.14159  -0.0427947  -1.40299
1.88496  0  3.14159  -0.00472966  -0.477333
3.14159  0  3.14159  -0.00193111  -0.30215
4.39823  0  3.14159  -0.00104074  -0.220513
5.65487  0  3.14159  -0.000647203  -0.173306
8.16814  0  3.14159  -0.000318794  -0.121164
10.6814  0  3.14159  -0.000188608  -0.0930338
14.4513  0  3.14159  -0.00010387  -0.0689542
33.3009  0  3.14159  -1.97265e-05  -0.0300088
-29.531  3.14159  0  -2.50708e-05  0.0338335
-14.4513  3.14159  0  -0.00010387  0.0689542
-8.16814  3.14159  0  -0.000318794  0.121164
-5.65487  3.14159  0  -0.000647203  0.173306
-4.39823  3.14159  0  -0.00104074  0.220513
-3.14159  3.14159  0  -0.00193111  0.30215
-1.88496  3.14159  0  -0.00472966  0.477333
-0.628319  3.14159  0  -0.0427947  1.40299
0.628319  3.14159  0  -0.0427947  -1.40299
1.88496  3.14159  0  -0.00472966  -0.477333
3.14159  3.14159  0  -0.00193111  -0.30215
4.39823  3.14159  0  -0.00104074  -0.220513
5.65487  3.14159  0  -0.000647203  -0.173306
8.16814  3.14159  0  -0.000318794  -0.121164
10.6814  3.14159  0  -0.000188608  -0.0930338
14.4513  3.14159  0  -0.00010387  -0.0689542
33.3009  3.14159  0  -1.97265e-05  -0.0300088
-29.531  3.14159  3.14159  -0.00291441  0.0335807
-14.4513  3.14159  3.14159  -0.0118033  0.0668771
-8.16814  3.14159  3.14159  -0.0341697  0.110704
-5.65487  3.14159  3.14159  -0.0640096  0.145635
-4.39823  3.14159  3.14159  -0.0942855  0.169132
-3.14159  3.14159  3.14159  -0.147656  0.193532
-1.88496  3.14159  3.14159  -0.243283  0.199963
-0.628319  3.14159  3.14159  -0.384939  0.11991
0.628319  3.14159  3.14159  -0.384939  -0.11991
1.88496  3.14159  3.14159  -0.243283  -0.199963
3.14159  3.14159  3.14159  -0.147656  -0.193532
4.39823  3.14159  3.14159  -0.0942855  -0.169132
5.65487  3.14159  3.14159  -0.0640096  -0.145635
8.16814  3.14159  3.14159  -0.0341697  -0.110704
10.6814  3.14159  3.14159  -0.0209315  -0.0880845
14.4513  3.14159  3.14159  -0.0118033  -0.0668771
33.3009  3.14159  3.14159  -0.00229675  -0.029832
