-29.531  0  0  0.00287458  0.0335876
-14.4513  0  0  0.0116493  0.0669326
-8.16814  0  0  0.0337759  0.110967
-5.65487  0  0  0.0633972  0.146278
-4.39823  0  0  0.0935704  0.170225
-3.14159  0  0  0.146993  0.195478
-1.88496  0  0  0.243448  0.20347
-0.628319  0  0  0.389685  0.125478
0.628319  0  0  0.389685  -0.125478
1.88496  0  0  0.243448  -0.20347
3.14159  0  0  0.146993  -0.195478
4.39823  0  0  0.0935704  -0.170225
5.65487  0  0  0.0633972  -0.146278
8.16814  0  0  0.0337759  -0.110967
10.6814  0  0  0.0206718  -0.0882139
14.4513  0  0  0.0116493  -0.0669326
33.3009  0  0  0.00226527  -0.0298369
-29.531  0  3.14159  -1.56552e-05  0.0338335
-14.4513  0  3.14159  -6.48617e-05  0.0689546
-8.16814  0  3.14159  -0.00019908  0.121167
-5.65487  0  3.14159  -0.000404403  0.173338
-4.39823  0  3.14159  -0.000650059  0.220533
-3.14159  0  3.14159  -0.00120636  0.302193
-1.88496  0  3.14159  -0.00294442  0.476873
-0.628319  0  3.14159  -0.0244532  1.34755
0.628319  0  3.14159  -0.0244532  -1.34755
1.88496  0  3.14159  -0.00294442  -0.476873
3.14159  0  3.14159  -0.00120636  -0.302193
4.39823  0  3.14159  -0.000650059  -0.220533
5.65487  0  3.14159  -0.000404403  -0.173338
8.16814  0  3.14159  -0.00019908  -0.121167
10.6814  0  3.14159  -0.000117778  -0.0930348
14.4513  0  3.14159  -6.48617e-05  -0.0689546
33.3009  0  3.14159  -1.2318e-05  -0.0300088
-29.531  3.14159  0  -1.56552e-05  0.0338335
-14.4513  3.14159  0  -6.48617e-05  0.0689546
-8.16814  3.14159  0  -0.00019908  0.121167
-5.65487  3.14159  0  -0.000404403  0.173338
-4.39823  3.14159  0  -0.000650059  0.220533
-3.14159  3.14159  0  -0.00120636  0.302193
-1.88496  3.14159  0  -0.00294442  0.476873
-0.628319  3.14159  0  -0.0244532  1.34755
0.628319  3.14159  0  -0.0244532  -1.34755
1.88496  3.14159  0  -0.00294442  -0.476873
3.14159  3.14159  0  -0.00120636  -0.302193
4.39823  3.14159  0  -0.000650059  -0.220533
5.65487  3.14159  0  -0.000404403  -0.173338
8.16814  3.14159  0  -0.00019908  -0.121167
10.6814  3.14159  0  -0.000117778  -0.0930348
14.4513  3.14159  0  -6.48617e-05  -0.0689546
33.3009  3.14159  0  -1.2318e-05  -0.0300088
-29.531  3.14159  3.14159  -0.00290521  0.0335823
-14.4513  3.14159  3.14159  -0.0117678  0.06689
-8.16814  3.14159  3.14159  -0.0340799  0.110764
-5.65487  3.14159  3.14159  -0.0638709  0.145776
-4.39823  3.14159  3.14159  -0.0941257  0.169365
-3.14159  3.14159  3.14159  -0.147476  0.193931
-1.88496  3.14159  3.14159  -0.24315  0.200734
-0.628319  3.14159  3.14159  -0.385996  0.121579
0.628319  3.14159  3.14159  -0.385996  -0.121579
1.88496  3.14159  3.14159  -0.24315  -0.200734
3.14159  3.14159  3.14159  -0.147476  -0.193931
4.39823  3.14159  3.14159  -0.0941257  -0.169365
5.65487  3.14159  3.14159  -0.0638709  -0.145776
8.16814  3.14159  3.14159  -0.0340799  -0.110764
10.6814  3.14159  3.14159  -0.0208721  -0.0881144
14.4513  3.14159  3.14159  -0.0117678  -0.06689
33.3009  3.14159  3.14159  -0.00228948  -0.0298332
