-29.531  0  0  -0.0203534  0.209418
-14.4513  0  0  -0.0753905  0.41132
-8.16814  0  0  -0.182336  0.672553
-5.65487  0  0  -0.289073  0.869967
-4.39823  0  0  -0.375075  0.998043
-3.14159  0  0  -0.49287  1.14896
-1.88496  0  0  -0.64963  1.20322
-0.628319  0  0  -0.795069  0.776465
0.628319  0  0  -0.795069  -0.776465
1.88496  0  0  -0.64963  -1.20322
3.14159  0  0  -0.49287  -1.14896
4.39823  0  0  -0.375075  -0.998043
5.65487  0  0  -0.289073  -0.869967
8.16814  0  0  -0.182336  -0.672553
10.6814  0  0  -0.123601  -0.534824
14.4513  0  0  -0.0753905  -0.41132
33.3009  0  0  -0.016171  -0.185641
-29.531  0  3.14159  0  0.210996
-14.4513  0  3.14159  0  0.404447
-8.16814  0  3.14159  0  0.665444
-5.65487  0  3.14159  0  0.824112
-4.39823  0  3.14159  0  0.987076
-3.14159  0  3.14159  0  1.15211
-1.88496  0  3.14159  0  1.41871
-0.628319  0  3.14159  0  5.48842
0.628319  0  3.14159  0  -5.48842
1.88496  0  3.14159  0  -1.41871
3.14159  0  3.14159  0  -1.15211
4.39823  0  3.14159  0  -0.987076
5.65487  0  3.14159  0  -0.824112
8.16814  0  3.14159  0  -0.665444
10.6814  0  3.14159  0  -0.535201
14.4513  0  3.14159  0  -0.404447
33.3009  0  3.14159  0  -0.18891
-29.531  3.14159  0  0  0.210996
-14.4513  3.14159  0  0  0.404447
-8.16814  3.14159  0  0  0.665444
-5.65487  3.14159  0  0  0.824112
-4.39823  3.14159  0  0  0.987076
-3.14159  3.14159  0  0  1.15211
-1.88496  3.14159  0  0  1.41871
-0.628319  3.14159  0  0  5.48842
0.628319  3.14159  0  0  -5.48842
1.88496  3.14159  0  0  -1.41871
3.14159  3.14159  0  0  -1.15211
4.39823  3.14159  0  0  -0.987076
5.65487  3.14159  0  0  -0.824112
8.16814  3.14159  0  0  -0.665444
10.6814  3.14159  0  0  -0.535201
14.4513  3.14159  0  0  -0.404447
33.3009  3.14159  0  0  -0.18891
-29.531  3.14159  3.14159  0.0196807  0.209466
-14.4513  3.14159  3.14159  0.0723476  0.411688
-8.16814  3.14159  3.14159  0.175953  0.673971
-5.65487  3.14159  3.14159  0.280061  0.873015
-4.39823  3.14159  3.14159  0.366528  1.00276
-3.14159  3.14159  3.14159  0.49781  1.15673
-1.88496  3.14159  3.14159  0.684204  1.21599
-0.628319  3.14159  3.14159  0.864861  0.793713
0.628319  3.14159  3.14159  0.864861  -0.793713
1.88496  3.14159  3.14159  0.684204  -1.21599
3.14159  3.14159  3.14159  0.49781  -1.15673
4.39823  3.14159  3.14159  0.366528  -1.00276
5.65487  3.14159  3.14159  0.280061  -0.873015
8.16814  3.14159  3.14159  0.175953  -0.673971
10.6814  3.14159  3.14159  0.118207  -0.535613
14.4513  3.14159  3.14159  0.0723476  -0.411688
33.3009  3.14159  3.14159  0.0156053  -0.185677
