-29.531  0  0  -0.020144  0.209316
-14.4513  0  0  -0.0743719  0.412145
-8.16814  0  0  -0.179765  0.670997
-5.65487  0  0  -0.284333  0.868507
-4.39823  0  0  -0.368419  0.998357
-3.14159  0  0  -0.485357  1.14091
-1.88496  0  0  -0.639459  1.18932
-0.628319  0  0  -0.775288  0.759237
0.628319  0  0  -0.775288  -0.759237
1.88496  0  0  -0.639459  -1.18932
3.14159  0  0  -0.485357  -1.14091
4.39823  0  0  -0.368419  -0.998357
5.65487  0  0  -0.284333  -0.868507
8.16814  0  0  -0.179765  -0.670997
10.6814  0  0  -0.121703  -0.537158
14.4513  0  0  -0.0743719  -0.412145
33.3009  0  0  -0.0159968  -0.185863
-29.531  0  3.14159  0  0.210258
-14.4513  0  3.14159  0  0.410556
-8.16814  0  3.14159  0  0.666673
-5.65487  0  3.14159  0  0.840074
-4.39823  0  3.14159  0  0.978545
-3.14159  0  3.14159  0  1.14029
-1.88496  0  3.14159  0  1.40109
-0.628319  0  3.14159  0  5.14
0.628319  0  3.14159  0  -5.14
1.88496  0  3.14159  0  -1.40109
3.14159  0  3.14159  0  -1.14029
4.39823  0  3.14159  0  -0.978545
5.65487  0  3.14159  0  -0.840074
8.16814  0  3.14159  0  -0.666673
10.6814  0  3.14159  0  -0.538127
14.4513  0  3.14159  0  -0.410556
33.3009  0  3.14159  0  -0.187393
-29.531  3.14159  0  0  0.210258
-14.4513  3.14159  0  0  0.410556
-8.16814  3.14159  0  0  0.666673
-5.65487  3.14159  0  0  0.840074
-4.39823  3.14159  0  0  0.978545
-3.14159  3.14159  0  0  1.14029
-1.88496  3.14159  0  0  1.40109
-0.628319  3.14159  0  0  5.14
0.628319  3.14159  0  0  -5.14
1.88496  3.14159  0  0  -1.40109
3.14159  3.14159  0  0  -1.14029
4.39823  3.14159  0  0  -0.978545
5.65487  3.14159  0  0  -0.840074
8.16814  3.14159  0  0  -0.666673
10.6814  3.14159  0  0  -0.538127
14.4513  3.14159  0  0  -0.410556
33.3009  3.14159  0  0  -0.187393
-29.531  3.14159  3.14159  0.0194461  0.209365
-14.4513  3.14159  3.14159  0.0716346  0.412506
-8.16814  3.14159  3.14159  0.17368  0.672391
-5.65487  3.14159  3.14159  0.275844  0.871484
-4.39823  3.14159  3.14159  0.360056  1.00298
-3.14159  3.14159  3.14159  0.4849  1.14848
-1.88496  3.14159  3.14159  0.661566  1.20172
-0.628319  3.14159  3.14159  0.838992  0.775878
0.628319  3.14159  3.14159  0.838992  -0.775878
1.88496  3.14159  3.14159  0.661566  -1.20172
3.14159  3.14159  3.14159  0.4849  -1.14848
4.39823  3.14159  3.14159  0.360056  -1.00298
5.65487  3.14159  3.14159  0.275844  -0.871484
8.16814  3.14159  3.14159  0.17368  -0.672391
10.6814  3.14159  3.14159  0.117093  -0.537927
14.4513  3.14159  3.14159  0.0716346  -0.412506
33.3009  3.14159  3.14159  0.0154282  -0.1859
