-29.531  0  0  -0.0236531  0.231368
-14.4513  0  0  -0.0881482  0.456513
-8.16814  0  0  -0.215591  0.753152
-5.65487  0  0  -0.3449  0.982727
-4.39823  0  0  -0.45001  1.13685
-3.14159  0  0  -0.597103  1.32117
-1.88496  0  0  -0.792107  1.39939
-0.628319  0  0  -0.964909  0.904887
0.628319  0  0  -0.964909  -0.904887
1.88496  0  0  -0.792107  -1.39939
3.14159  0  0  -0.597103  -1.32117
4.39823  0  0  -0.45001  -1.13685
5.65487  0  0  -0.3449  -0.982727
8.16814  0  0  -0.215591  -0.753152
10.6814  0  0  -0.145203  -0.596426
14.4513  0  0  -0.0881482  -0.456513
33.3009  0  0  -0.018779  -0.205099
-29.531  0  3.14159  0  0.232999
-14.4513  0  3.14159  0  0.450748
-8.16814  0  3.14159  0  0.747044
-5.65487  0  3.14159  0  0.935256
-4.39823  0  3.14159  0  1.11835
-3.14159  0  3.14159  0  1.31394
-1.88496  0  3.14159  0  1.63701
-0.628319  0  3.14159  0  6.85245
0.628319  0  3.14159  0  -6.85245
1.88496  0  3.14159  0  -1.63701
3.14159  0  3.14159  0  -1.31394
4.39823  0  3.14159  0  -1.11835
5.65487  0  3.14159  0  -0.935256
8.16814  0  3.14159  0  -0.747044
10.6814  0  3.14159  0  -0.598065
14.4513  0  3.14159  0  -0.450748
33.3009  0  3.14159  0  -0.208323
-29.531  3.14159  0  0  0.232999
-14.4513  3.14159  0  0  0.450748
-8.16814  3.14159  0  0  0.747044
-5.65487  3.14159  0  0  0.935256
-4.39823  3.14159  0  0  1.11835
-3.14159  3.14159  0  0  1.31394
-1.88496  3.14159  0  0  1.63701
-0.628319  3.14159  0  0  6.85245
0.628319  3.14159  0  0  -6.85245
1.88496  3.14159  0  0  -1.63701
3.14159  3.14159  0  0  -1.31394
4.39823  3.14159  0  0  -1.11835
5.65487  3.14159  0  0  -0.935256
8.16814  3.14159  0  0  -0.747044
10.6814  3.14159  0  0  -0.598065
14.4513  3.14159  0  0  -0.450748
33.3009  3.14159  0  0  -0.208323
-29.531  3.14159  3.14159  0.0226448  0.231437
-14.4513  3.14159  3.14159  0.0837582  0.457046
-8.16814  3.14159  3.14159  0.205769  0.755225
-5.65487  3.14159  3.14159  0.330881  0.987237
-4.39823  3.14159  3.14159  0.436966  1.14391
-3.14159  3.14159  3.14159  0.598926  1.33288
-1.88496  3.14159  3.14159  0.834288  1.41871
-0.628319  3.14159  3.14159  1.06954  0.932064
0.628319  3.14159  3.14159  1.06954  -0.932064
1.88496  3.14159  3.14159  0.834288  -1.41871
3.14159  3.14159  3.14159  0.598926  -1.33288
4.39823  3.14159  3.14159  0.436966  -1.14391
5.65487  3.14159  3.14159  0.330881  -0.987237
8.16814  3.14159  3.14159  0.205769  -0.755225
10.6814  3.14159  3.14159  0.137552  -0.597571
14.4513  3.14159  3.14159  0.0837582  -0.457046
33.3009  3.14159  3.14159  0.0179507  -0.205151
