-29.531  0  0  0.00287366  0.0335878
-14.4513  0  0  0.011646  0.0669346
-8.16814  0  0  0.0337735  0.110981
-5.65487  0  0  0.0634223  0.146314
-4.39823  0  0  0.0936599  0.170271
-3.14159  0  0  0.147264  0.195455
-1.88496  0  0  0.243974  0.202896
-0.628319  0  0  0.388863  0.123524
0.628319  0  0  0.388863  -0.123524
1.88496  0  0  0.243974  -0.202896
3.14159  0  0  0.147264  -0.195455
4.39823  0  0  0.0936599  -0.170271
5.65487  0  0  0.0634223  -0.146314
8.16814  0  0  0.0337735  -0.110981
10.6814  0  0  0.0206673  -0.0882194
14.4513  0  0  0.011646  -0.0669346
33.3009  0  0  0.00226454  -0.029837
-29.531  0  3.14159  -1.65987e-05  0.0338335
-14.4513  0  3.14159  -6.87734e-05  0.0689554
-8.16814  0  3.14159  -0.00021115  0.121178
-5.65487  0  3.14159  -0.000429265  0.173392
-4.39823  0  3.14159  -0.0006908  0.220674
-3.14159  0  3.14159  -0.00128582  0.302671
-1.88496  0  3.14159  -0.00317485  0.479547
-0.628319  0  3.14159  -0.026958  1.3716
0.628319  0  3.14159  -0.026958  -1.3716
1.88496  0  3.14159  -0.00317485  -0.479547
3.14159  0  3.14159  -0.00128582  -0.302671
4.39823  0  3.14159  -0.0006908  -0.220674
5.65487  0  3.14159  -0.000429265  -0.173392
8.16814  0  3.14159  -0.00021115  -0.121178
10.6814  0  3.14159  -0.000124892  -0.093038
14.4513  0  3.14159  -6.87734e-05  -0.0689554
33.3009  0  3.14159  -1.30603e-05  -0.0300088
-29.531  3.14159  0  -1.65987e-05  0.0338335
-14.4513  3.14159  0  -6.87734e-05  0.0689554
-8.16814  3.14159  0  -0.00021115  0.121178
-5.65487  3.14159  0  -0.000429265  0.173392
-4.39823  3.14159  0  -0.0006908  0.220674
-3.14159  3.14159  0  -0.00128582  0.302671
-1.88496  3.14159  0  -0.00317485  0.479547
-0.628319  3.14159  0  -0.026958  1.3716
0.628319  3.14159  0  -0.026958  -1.3716
1.88496  3.14159  0  -0.00317485  -0.479547
3.14159  3.14159  0  -0.00128582  -0.302671
4.39823  3.14159  0  -0.0006908  -0.220674
5.65487  3.14159  0  -0.000429265  -0.173392
8.16814  3.14159  0  -0.00021115  -0.121178
10.6814  3.14159  0  -0.000124892  -0.093038
14.4513  3.14159  0  -6.87734e-05  -0.0689554
33.3009  3.14159  0  -1.30603e-05  -0.0300088
-29.531  3.14159  3.14159  -0.00290613  0.0335822
-14.4513  3.14159  3.14159  -0.0117717  0.0668893
-8.16814  3.14159  3.14159  -0.034096  0.110765
-5.65487  3.14159  3.14159  -0.0639249  0.14578
-4.39823  3.14159  3.14159  -0.0942484  0.169355
-3.14159  3.14159  3.14159  -0.147771  0.193806
-1.88496  3.14159  3.14159  -0.243642  0.19999
-0.628319  3.14159  3.14159  -0.384909  0.119409
0.628319  3.14159  3.14159  -0.384909  -0.119409
1.88496  3.14159  3.14159  -0.243642  -0.19999
3.14159  3.14159  3.14159  -0.147771  -0.193806
4.39823  3.14159  3.14159  -0.0942484  -0.169355
5.65487  3.14159  3.14159  -0.0639249  -0.14578
8.16814  3.14159  3.14159  -0.034096  -0.110765
10.6814  3.14159  3.14159  -0.0208798  -0.0881139
14.4513  3.14159  3.14159  -0.0117717  -0.0668893
33.3009  3.14159  3.14159  -0.00229021  -0.0298331
