-29.531  0  0  -0.0235369  0.231383
-14.4513  0  0  -0.0877153  0.456058
-8.16814  0  0  -0.214375  0.753321
-5.65487  0  0  -0.343132  0.981598
-4.39823  0  0  -0.447712  1.1329
-3.14159  0  0  -0.593195  1.31825
-1.88496  0  0  -0.786554  1.39528
-0.628319  0  0  -0.965667  0.902625
0.628319  0  0  -0.965667  -0.902625
1.88496  0  0  -0.786554  -1.39528
3.14159  0  0  -0.593195  -1.31825
4.39823  0  0  -0.447712  -1.1329
5.65487  0  0  -0.343132  -0.981598
8.16814  0  0  -0.214375  -0.753321
10.6814  0  0  -0.144522  -0.594994
14.4513  0  0  -0.0877153  -0.456058
33.3009  0  0  -0.0186941  -0.20494
-29.531  0  3.14159  0  0.232805
-14.4513  0  3.14159  0  0.449614
-8.16814  0  3.14159  0  0.747801
-5.65487  0  3.14159  0  0.929762
-4.39823  0  3.14159  0  1.11706
-3.14159  0  3.14159  0  1.3115
-1.88496  0  3.14159  0  1.64927
-0.628319  0  3.14159  0  6.76801
0.628319  0  3.14159  0  -6.76801
1.88496  0  3.14159  0  -1.64927
3.14159  0  3.14159  0  -1.3115
4.39823  0  3.14159  0  -1.11706
5.65487  0  3.14159  0  -0.929762
8.16814  0  3.14159  0  -0.747801
10.6814  0  3.14159  0  -0.597115
14.4513  0  3.14159  0  -0.449614
33.3009  0  3.14159  0  -0.208069
-29.531  3.14159  0  0  0.232805
-14.4513  3.14159  0  0  0.449614
-8.16814  3.14159  0  0  0.747801
-5.65487  3.14159  0  0  0.929762
-4.39823  3.14159  0  0  1.11706
-3.14159  3.14159  0  0  1.3115
-1.88496  3.14159  0  0  1.64927
-0.628319  3.14159  0  0  6.76801
0.628319  3.14159  0  0  -6.76801
1.88496  3.14159  0  0  -1.64927
3.14159  3.14159  0  0  -1.3115
4.39823  3.14159  0  0  -1.11706
5.65487  3.14159  0  0  -0.929762
8.16814  3.14159  0  0  -0.747801
10.6814  3.14159  0  0  -0.597115
14.4513  3.14159  0  0  -0.449614
33.3009  3.14159  0  0  -0.208069
-29.531  3.14159  3.14159  0.0226717  0.231443
-14.4513  3.14159  3.14159  0.0838287  0.456524
-8.16814  3.14159  3.14159  0.205928  0.755125
-5.65487  3.14159  3.14159  0.330654  0.985533
-4.39823  3.14159  3.14159  0.436308  1.13905
-3.14159  3.14159  3.14159  0.598169  1.32844
-1.88496  3.14159  3.14159  0.832283  1.41209
-0.628319  3.14159  3.14159  1.05837  0.92557
0.628319  3.14159  3.14159  1.05837  -0.92557
1.88496  3.14159  3.14159  0.832283  -1.41209
3.14159  3.14159  3.14159  0.598169  -1.32844
4.39823  3.14159  3.14159  0.436308  -1.13905
5.65487  3.14159  3.14159  0.330654  -0.985533
8.16814  3.14159  3.14159  0.205928  -0.755125
10.6814  3.14159  3.14159  0.137588  -0.595997
14.4513  3.14159  3.14159  0.0838287  -0.456524
33.3009  3.14159  3.14159  0.0179653  -0.204985
