-29.531  0  0  0.00287366  0.0335878
-14.4513  0  0  0.011646  0.0669346
-8.16814  0  0  0.0337735  0.110981
-5.65487  0  0  0.0634221  0.146313
-4.39823  0  0  0.0936583  0.170271
-3.14159  0  0  0.147259  0.195455
-1.88496  0  0  0.24396  0.202907
-0.628319  0  0  0.388889  0.123549
0.628319  0  0  0.388889  -0.123549
1.88496  0  0  0.24396  -0.202907
3.14159  0  0  0.147259  -0.195455
4.39823  0  0  0.0936583  -0.170271
5.65487  0  0  0.0634221  -0.146313
8.16814  0  0  0.0337735  -0.110981
10.6814  0  0  0.0206673  -0.0882193
14.4513  0  0  0.011646  -0.0669346
33.3009  0  0  0.00226454  -0.029837
-29.531  0  3.14159  -1.65987e-05  0.0338335
-14.4513  0  3.14159  -6.87734e-05  0.0689554
-8.16814  0  3.14159  -0.000211151  0.121178
-5.65487  0  3.14159  -0.000429262  0.173392
-4.39823  0  3.14159  -0.000690781  0.220673
-3.14159  0  3.14159  -0.0012857  0.302662
-1.88496  0  3.14159  -0.00317608  0.479609
-0.628319  0  3.14159  -0.0268804  1.36979
0.628319  0  3.14159  -0.0268804  -1.36979
1.88496  0  3.14159  -0.00317608  -0.479609
3.14159  0  3.14159  -0.0012857  -0.302662
4.39823  0  3.14159  -0.000690781  -0.220673
5.65487  0  3.14159  -0.000429262  -0.173392
8.16814  0  3.14159  -0.000211151  -0.121178
10.6814  0  3.14159  -0.000124892  -0.0930379
14.4513  0  3.14159  -6.87734e-05  -0.0689554
33.3009  0  3.14159  -1.30603e-05  -0.0300088
-29.531  3.14159  0  -1.65987e-05  0.0338335
-14.4513  3.14159  0  -6.87734e-05  0.0689554
-8.16814  3.14159  0  -0.000211151  0.121178
-5.65487  3.14159  0  -0.000429262  0.173392
-4.39823  3.14159  0  -0.000690781  0.220673
-3.14159  3.14159  0  -0.0012857  0.302662
-1.88496  3.14159  0  -0.00317608  0.479609
-0.628319  3.14159  0  -0.0268804  1.36979
0.628319  3.14159  0  -0.0268804  -1.36979
1.88496  3.14159  0  -0.00317608  -0.479609
3.14159  3.14159  0  -0.0012857  -0.302662
4.39823  3.14159  0  -0.000690781  -0.220673
5.65487  3.14159  0  -0.000429262  -0.173392
8.16814  3.14159  0  -0.000211151  -0.121178
10.6814  3.14159  0  -0.000124892  -0.0930379
14.4513  3.14159  0  -6.87734e-05  -0.0689554
33.3009  3.14159  0  -1.30603e-05  -0.0300088
-29.531  3.14159  3.14159  -0.00290613  0.0335822
-14.4513  3.14159  3.14159  -0.0117717  0.0668893
-8.16814  3.14159  3.14159  -0.034096  0.110764
-5.65487  3.14159  3.14159  -0.0639246  0.14578
-4.39823  3.14159  3.14159  -0.0942467  0.169355
-3.14159  3.14159  3.14159  -0.147767  0.193808
-1.88496  3.14159  3.14159  -0.243632  0.200004
-0.628319  3.14159  3.14159  -0.384949  0.119492
0.628319  3.14159  3.14159  -0.384949  -0.119492
1.88496  3.14159  3.14159  -0.243632  -0.200004
3.14159  3.14159  3.14159  -0.147767  -0.193808
4.39823  3.14159  3.14159  -0.0942467  -0.169355
5.65487  3.14159  3.14159  -0.0639246  -0.14578
8.16814  3.14159  3.14159  -0.034096  -0.110764
10.6814  3.14159  3.14159  -0.0208798  -0.0881139
14.4513  3.14159  3.14159  -0.0117717  -0.0668893
33.3009  3.14159  3.14159  -0.00229021  -0.0298331
