-29.531  0  0  -0.0234967  0.231371
-14.4513  0  0  -0.0875267  0.456294
-8.16814  0  0  -0.213899  0.752907
-5.65487  0  0  -0.342149  0.981532
-4.39823  0  0  -0.446421  1.13391
-3.14159  0  0  -0.592064  1.31745
-1.88496  0  0  -0.786076  1.39336
-0.628319  0  0  -0.963681  0.900862
0.628319  0  0  -0.963681  -0.900862
1.88496  0  0  -0.786076  -1.39336
3.14159  0  0  -0.592064  -1.31745
4.39823  0  0  -0.446421  -1.13391
5.65487  0  0  -0.342149  -0.981532
8.16814  0  0  -0.213899  -0.752907
10.6814  0  0  -0.144156  -0.595751
14.4513  0  0  -0.0875267  -0.456294
33.3009  0  0  -0.0186587  -0.205038
-29.531  0  3.14159  0  0.232713
-14.4513  0  3.14159  0  0.450981
-8.16814  0  3.14159  0  0.747633
-5.65487  0  3.14159  0  0.933887
-4.39823  0  3.14159  0  1.11547
-3.14159  0  3.14159  0  1.30973
-1.88496  0  3.14159  0  1.64375
-0.628319  0  3.14159  0  6.71383
0.628319  0  3.14159  0  -6.71383
1.88496  0  3.14159  0  -1.64375
3.14159  0  3.14159  0  -1.30973
4.39823  0  3.14159  0  -1.11547
5.65487  0  3.14159  0  -0.933887
8.16814  0  3.14159  0  -0.747633
10.6814  0  3.14159  0  -0.59779
14.4513  0  3.14159  0  -0.450981
33.3009  0  3.14159  0  -0.207853
-29.531  3.14159  0  0  0.232713
-14.4513  3.14159  0  0  0.450981
-8.16814  3.14159  0  0  0.747633
-5.65487  3.14159  0  0  0.933887
-4.39823  3.14159  0  0  1.11547
-3.14159  3.14159  0  0  1.30973
-1.88496  3.14159  0  0  1.64375
-0.628319  3.14159  0  0  6.71383
0.628319  3.14159  0  0  -6.71383
1.88496  3.14159  0  0  -1.64375
3.14159  3.14159  0  0  -1.30973
4.39823  3.14159  0  0  -1.11547
5.65487  3.14159  0  0  -0.933887
8.16814  3.14159  0  0  -0.747633
10.6814  3.14159  0  0  -0.59779
14.4513  3.14159  0  0  -0.450981
33.3009  3.14159  0  0  -0.207853
-29.531  3.14159  3.14159  0.0226464  0.231429
-14.4513  3.14159  3.14159  0.0837496  0.456748
-8.16814  3.14159  3.14159  0.205622  0.754667
-5.65487  3.14159  3.14159  0.33016  0.985366
-4.39823  3.14159  3.14159  0.435407  1.1399
-3.14159  3.14159  3.14159  0.595847  1.32736
-1.88496  3.14159  3.14159  0.827146  1.40971
-0.628319  3.14159  3.14159  1.05257  0.922716
0.628319  3.14159  3.14159  1.05257  -0.922716
1.88496  3.14159  3.14159  0.827146  -1.40971
3.14159  3.14159  3.14159  0.595847  -1.32736
4.39823  3.14159  3.14159  0.435407  -1.1399
5.65487  3.14159  3.14159  0.33016  -0.985366
8.16814  3.14159  3.14159  0.205622  -0.754667
10.6814  3.14159  3.14159  0.137477  -0.596728
14.4513  3.14159  3.14159  0.0837496  -0.456748
33.3009  3.14159  3.14159  0.0179491  -0.205083
