-29.531  0  0  0.00287366  0.0335878
-14.4513  0  0  0.011646  0.0669346
-8.16814  0  0  0.0337735  0.110981
-5.65487  0  0  0.0634212  0.146313
-4.39823  0  0  0.0936536  0.170271
-3.14159  0  0  0.147252  0.195453
-1.88496  0  0  0.243933  0.202922
-0.628319  0  0  0.388871  0.123572
0.628319  0  0  0.388871  -0.123572
1.88496  0  0  0.243933  -0.202922
3.14159  0  0  0.147252  -0.195453
4.39823  0  0  0.0936536  -0.170271
5.65487  0  0  0.0634212  -0.146313
8.16814  0  0  0.0337735  -0.110981
10.6814  0  0  0.0206672  -0.0882193
14.4513  0  0  0.011646  -0.0669346
33.3009  0  0  0.00226454  -0.029837
-29.531  0  3.14159  -1.65987e-05  0.0338335
-14.4513  0  3.14159  -6.8773e-05  0.0689553
-8.16814  0  3.14159  -0.000211149  0.121178
-5.65487  0  3.14159  -0.000429186  0.173384
-4.39823  0  3.14159  -0.000690818  0.220676
-3.14159  0  3.14159  -0.00128593  0.302678
-1.88496  0  3.14159  -0.00318087  0.479851
-0.628319  0  3.14159  -0.0268691  1.36953
0.628319  0  3.14159  -0.0268691  -1.36953
1.88496  0  3.14159  -0.00318087  -0.479851
3.14159  0  3.14159  -0.00128593  -0.302678
4.39823  0  3.14159  -0.000690818  -0.220676
5.65487  0  3.14159  -0.000429186  -0.173384
8.16814  0  3.14159  -0.000211149  -0.121178
10.6814  0  3.14159  -0.000124891  -0.0930378
14.4513  0  3.14159  -6.8773e-05  -0.0689553
33.3009  0  3.14159  -1.30603e-05  -0.0300088
-29.531  3.14159  0  -1.65987e-05  0.0338335
-14.4513  3.14159  0  -6.8773e-05  0.0689553
-8.16814  3.14159  0  -0.000211149  0.121178
-5.65487  3.14159  0  -0.000429186  0.173384
-4.39823  3.14159  0  -0.000690818  0.220676
-3.14159  3.14159  0  -0.00128593  0.302678
-1.88496  3.14159  0  -0.00318087  0.479851
-0.628319  3.14159  0  -0.0268691  1.36953
0.628319  3.14159  0  -0.0268691  -1.36953
1.88496  3.14159  0  -0.00318087  -0.479851
3.14159  3.14159  0  -0.00128593  -0.302678
4.39823  3.14159  0  -0.000690818  -0.220676
5.65487  3.14159  0  -0.000429186  -0.173384
8.16814  3.14159  0  -0.000211149  -0.121178
10.6814  3.14159  0  -0.000124891  -0.0930378
14.4513  3.14159  0  -6.8773e-05  -0.0689553
33.3009  3.14159  0  -1.30603e-05  -0.0300088
-29.531  3.14159  3.14159  -0.00290613  0.0335822
-14.4513  3.14159  3.14159  -0.0117717  0.0668893
-8.16814  3.14159  3.14159  -0.034096  0.110764
-5.65487  3.14159  3.14159  -0.0639237  0.145779
-4.39823  3.14159  3.14159  -0.0942421  0.169356
-3.14159  3.14159  3.14159  -0.147765  0.193813
-1.88496  3.14159  3.14159  -0.243646  0.200022
-0.628319  3.14159  3.14159  -0.384938  0.11951
0.628319  3.14159  3.14159  -0.384938  -0.11951
1.88496  3.14159  3.14159  -0.243646  -0.200022
3.14159  3.14159  3.14159  -0.147765  -0.193813
4.39823  3.14159  3.14159  -0.0942421  -0.169356
5.65487  3.14159  3.14159  -0.0639237  -0.145779
8.16814  3.14159  3.14159  -0.034096  -0.110764
10.6814  3.14159  3.14159  -0.0208797  -0.0881137
14.4513  3.14159  3.14159  -0.0117717  -0.0668893
33.3009  3.14159  3.14159  -0.00229021  -0.0298331
