-29.531  0  0  -0.0234731  0.231371
-14.4513  0  0  -0.0874357  0.456106
-8.16814  0  0  -0.2136  0.752889
-5.65487  0  0  -0.341686  0.980928
-4.39823  0  0  -0.445713  1.13212
-3.14159  0  0  -0.590506  1.31586
-1.88496  0  0  -0.783071  1.39101
-0.628319  0  0  -0.961278  0.899013
0.628319  0  0  -0.961278  -0.899013
1.88496  0  0  -0.783071  -1.39101
3.14159  0  0  -0.590506  -1.31586
4.39823  0  0  -0.445713  -1.13212
5.65487  0  0  -0.341686  -0.980928
8.16814  0  0  -0.2136  -0.752889
10.6814  0  0  -0.144014  -0.59516
14.4513  0  0  -0.0874357  -0.456106
33.3009  0  0  -0.0186427  -0.204971
-29.531  0  3.14159  0  0.232621
-14.4513  0  3.14159  0  0.450602
-8.16814  0  3.14159  0  0.747952
-5.65487  0  3.14159  0  0.931849
-4.39823  0  3.14159  0  1.1148
-3.14159  0  3.14159  0  1.30856
-1.88496  0  3.14159  0  1.64838
-0.628319  0  3.14159  0  6.67554
0.628319  0  3.14159  0  -6.67554
1.88496  0  3.14159  0  -1.64838
3.14159  0  3.14159  0  -1.30856
4.39823  0  3.14159  0  -1.1148
5.65487  0  3.14159  0  -0.931849
8.16814  0  3.14159  0  -0.747952
10.6814  0  3.14159  0  -0.597439
14.4513  0  3.14159  0  -0.450602
33.3009  0  3.14159  0  -0.207725
-29.531  3.14159  0  0  0.232621
-14.4513  3.14159  0  0  0.450602
-8.16814  3.14159  0  0  0.747952
-5.65487  3.14159  0  0  0.931849
-4.39823  3.14159  0  0  1.1148
-3.14159  3.14159  0  0  1.30856
-1.88496  3.14159  0  0  1.64838
-0.628319  3.14159  0  0  6.67554
0.628319  3.14159  0  0  -6.67554
1.88496  3.14159  0  0  -1.64838
3.14159  3.14159  0  0  -1.30856
4.39823  3.14159  0  0  -1.1148
5.65487  3.14159  0  0  -0.931849
8.16814  3.14159  0  0  -0.747952
10.6814  3.14159  0  0  -0.597439
14.4513  3.14159  0  0  -0.450602
33.3009  3.14159  0  0  -0.207725
-29.531  3.14159  3.14159  0.0226282  0.231429
-14.4513  3.14159  3.14159  0.0836708  0.456558
-8.16814  3.14159  3.14159  0.205425  0.754639
-5.65487  3.14159  3.14159  0.329685  0.98474
-4.39823  3.14159  3.14159  0.434728  1.13807
-3.14159  3.14159  3.14159  0.59522  1.32571
-1.88496  3.14159  3.14159  0.826617  1.40725
-0.628319  3.14159  3.14159  1.05009  0.920559
0.628319  3.14159  3.14159  1.05009  -0.920559
1.88496  3.14159  3.14159  0.826617  -1.40725
3.14159  3.14159  3.14159  0.59522  -1.32571
4.39823  3.14159  3.14159  0.434728  -1.13807
5.65487  3.14159  3.14159  0.329685  -0.98474
8.16814  3.14159  3.14159  0.205425  -0.754639
10.6814  3.14159  3.14159  0.137317  -0.596132
14.4513  3.14159  3.14159  0.0836708  -0.456558
33.3009  3.14159  3.14159  0.0179321  -0.205015
