-29.531  0  0  0.00287366  0.0335878
-14.4513  0  0  0.011646  0.0669346
-8.16814  0  0  0.0337735  0.110981
-5.65487  0  0  0.063421  0.146313
-4.39823  0  0  0.0936522  0.170271
-3.14159  0  0  0.147248  0.195453
-1.88496  0  0  0.243921  0.202931
-0.628319  0  0  0.388886  0.123603
0.628319  0  0  0.388886  -0.123603
1.88496  0  0  0.243921  -0.202931
3.14159  0  0  0.147248  -0.195453
4.39823  0  0  0.0936522  -0.170271
5.65487  0  0  0.063421  -0.146313
8.16814  0  0  0.0337735  -0.110981
10.6814  0  0  0.0206672  -0.0882192
14.4513  0  0  0.011646  -0.0669346
33.3009  0  0  0.00226454  -0.029837
-29.531  0  3.14159  -1.65987e-05  0.0338335
-14.4513  0  3.14159  -6.8773e-05  0.0689553
-8.16814  0  3.14159  -0.00021115  0.121178
-5.65487  0  3.14159  -0.000429177  0.173383
-4.39823  0  3.14159  -0.00069081  0.220675
-3.14159  0  3.14159  -0.00128588  0.302675
-1.88496  0  3.14159  -0.00318188  0.479903
-0.628319  0  3.14159  -0.026828  1.36858
0.628319  0  3.14159  -0.026828  -1.36858
1.88496  0  3.14159  -0.00318188  -0.479903
3.14159  0  3.14159  -0.00128588  -0.302675
4.39823  0  3.14159  -0.00069081  -0.220675
5.65487  0  3.14159  -0.000429177  -0.173383
8.16814  0  3.14159  -0.00021115  -0.121178
10.6814  0  3.14159  -0.000124891  -0.0930378
14.4513  0  3.14159  -6.8773e-05  -0.0689553
33.3009  0  3.14159  -1.30603e-05  -0.0300088
-29.531  3.14159  0  -1.65987e-05  0.0338335
-14.4513  3.14159  0  -6.8773e-05  0.0689553
-8.16814  3.14159  0  -0.00021115  0.121178
-5.65487  3.14159  0  -0.000429177  0.173383
-4.39823  3.14159  0  -0.00069081  0.220675
-3.14159  3.14159  0  -0.00128588  0.302675
-1.88496  3.14159  0  -0.00318188  0.479903
-0.628319  3.14159  0  -0.026828  1.36858
0.628319  3.14159  0  -0.026828  -1.36858
1.88496  3.14159  0  -0.00318188  -0.479903
3.14159  3.14159  0  -0.00128588  -0.302675
4.39823  3.14159  0  -0.00069081  -0.220675
5.65487  3.14159  0  -0.000429177  -0.173383
8.16814  3.14159  0  -0.00021115  -0.121178
10.6814  3.14159  0  -0.000124891  -0.0930378
14.4513  3.14159  0  -6.8773e-05  -0.0689553
33.3009  3.14159  0  -1.30603e-05  -0.0300088
-29.531  3.14159  3.14159  -0.00290613  0.0335822
-14.4513  3.14159  3.14159  -0.0117717  0.0668893
-8.16814  3.14159  3.14159  -0.034096  0.110764
-5.65487  3.14159  3.14159  -0.0639235  0.145779
-4.39823  3.14159  3.14159  -0.0942407  0.169356
-3.14159  3.14159  3.14159  -0.147763  0.193814
-1.88496  3.14159  3.14159  -0.243643  0.200031
-0.628319  3.14159  3.14159  -0.384957  0.11954
0.628319  3.14159  3.14159  -0.384957  -0.11954
1.88496  3.14159  3.14159  -0.243643  -0.200031
3.14159  3.14159  3.14159  -0.147763  -0.193814
4.39823  3.14159  3.14159  -0.0942407  -0.169356
5.65487  3.14159  3.14159  -0.0639235  -0.145779
8.16814  3.14159  3.14159  -0.034096  -0.110764
10.6814  3.14159  3.14159  -0.0208796  -0.0881137
14.4513  3.14159  3.14159  -0.0117717  -0.0668893
33.3009  3.14159  3.14159  -0.00229021  -0.0298331
