-29.531  0  0  -0.0293458  0.228935
-14.4513  0  0  -0.104311  0.448907
-8.16814  0  0  -0.243076  0.729801
-5.65487  0  0  -0.377504  0.95555
-4.39823  0  0  -0.491829  1.10236
-3.14159  0  0  -0.645938  1.25381
-1.88496  0  0  -0.856061  1.29183
-0.628319  0  0  -1.03468  0.836762
0.628319  0  0  -1.03468  -0.836762
1.88496  0  0  -0.856061  -1.29183
3.14159  0  0  -0.645938  -1.25381
4.39823  0  0  -0.491829  -1.10236
5.65487  0  0  -0.377504  -0.95555
8.16814  0  0  -0.243076  -0.729801
10.6814  0  0  -0.167403  -0.585485
14.4513  0  0  -0.104311  -0.448907
33.3009  0  0  -0.0233922  -0.203705
-29.531  0  3.14159  0  0.230151
-14.4513  0  3.14159  0  0.446835
-8.16814  0  3.14159  0  0.710207
-5.65487  0  3.14159  0  0.876215
-4.39823  0  3.14159  0  1.01523
-3.14159  0  3.14159  0  1.20032
-1.88496  0  3.14159  0  1.59928
-0.628319  0  3.14159  0  12.2395
0.628319  0  3.14159  0  -12.2395
1.88496  0  3.14159  0  -1.59928
3.14159  0  3.14159  0  -1.20032
4.39823  0  3.14159  0  -1.01523
5.65487  0  3.14159  0  -0.876215
8.16814  0  3.14159  0  -0.710207
10.6814  0  3.14159  0  -0.577822
14.4513  0  3.14159  0  -0.446835
33.3009  0  3.14159  0  -0.204625
-29.531  3.14159  0  0  0.230151
-14.4513  3.14159  0  0  0.446835
-8.16814  3.14159  0  0  0.710207
-5.65487  3.14159  0  0  0.876215
-4.39823  3.14159  0  0  1.01523
-3.14159  3.14159  0  0  1.20032
-1.88496  3.14159  0  0  1.59928
-0.628319  3.14159  0  0  12.2395
0.628319  3.14159  0  0  -12.2395
1.88496  3.14159  0  0  -1.59928
3.14159  3.14159  0  0  -1.20032
4.39823  3.14159  0  0  -1.01523
5.65487  3.14159  0  0  -0.876215
8.16814  3.14159  0  0  -0.710207
10.6814  3.14159  0  0  -0.577822
14.4513  3.14159  0  0  -0.446835
33.3009  3.14159  0  0  -0.204625
-29.531  3.14159  3.14159  0.0284942  0.228933
-14.4513  3.14159  3.14159  0.100775  0.449329
-8.16814  3.14159  3.14159  0.236686  0.731627
-5.65487  3.14159  3.14159  0.375641  0.958156
-4.39823  3.14159  3.14159  0.485383  1.10545
-3.14159  3.14159  3.14159  0.651637  1.25899
-1.88496  3.14159  3.14159  0.875892  1.30241
-0.628319  3.14159  3.14159  1.11047  0.84536
0.628319  3.14159  3.14159  1.11047  -0.84536
1.88496  3.14159  3.14159  0.875892  -1.30241
3.14159  3.14159  3.14159  0.651637  -1.25899
4.39823  3.14159  3.14159  0.485383  -1.10545
5.65487  3.14159  3.14159  0.375641  -0.958156
8.16814  3.14159  3.14159  0.236686  -0.731627
10.6814  3.14159  3.14159  0.161262  -0.586129
14.4513  3.14159  3.14159  0.100775  -0.449329
33.3009  3.14159  3.14159  0.0226989  -0.203616
