-29.531  0  0  0.00282809  0.0335956
-14.4513  0  0  0.0114692  0.0669973
-8.16814  0  0  0.0333177  0.111282
-5.65487  0  0  0.0627081  0.147066
-4.39823  0  0  0.0928089  0.171581
-3.14159  0  0  0.146586  0.197824
-1.88496  0  0  0.244763  0.206878
-0.628319  0  0  0.394312  0.126549
0.628319  0  0  0.394312  -0.126549
1.88496  0  0  0.244763  -0.206878
3.14159  0  0  0.146586  -0.197824
4.39823  0  0  0.0928089  -0.171581
5.65487  0  0  0.0627081  -0.147066
8.16814  0  0  0.0333177  -0.111282
10.6814  0  0  0.0203672  -0.0883655
14.4513  0  0  0.0114692  -0.0669973
33.3009  0  0  0.00222851  -0.0298425
-29.531  0  3.14159  -6.31622e-05  0.0338334
-14.4513  0  3.14159  -0.00026169  0.0689539
-8.16814  0  3.14159  -0.00080343  0.121172
-5.65487  0  3.14159  -0.00163146  0.173324
-4.39823  0  3.14159  -0.00262802  0.220638
-3.14159  0  3.14159  -0.00488987  0.302563
-1.88496  0  3.14159  -0.0121508  0.480285
-0.628319  0  3.14159  -0.112702  1.42837
0.628319  0  3.14159  -0.112702  -1.42837
1.88496  0  3.14159  -0.0121508  -0.480285
3.14159  0  3.14159  -0.00488987  -0.302563
4.39823  0  3.14159  -0.00262802  -0.220638
5.65487  0  3.14159  -0.00163146  -0.173324
8.16814  0  3.14159  -0.00080343  -0.121172
10.6814  0  3.14159  -0.000475215  -0.0930346
14.4513  0  3.14159  -0.00026169  -0.0689539
33.3009  0  3.14159  -4.9698e-05  -0.0300087
-29.531  3.14159  0  -6.31622e-05  0.0338334
-14.4513  3.14159  0  -0.00026169  0.0689539
-8.16814  3.14159  0  -0.00080343  0.121172
-5.65487  3.14159  0  -0.00163146  0.173324
-4.39823  3.14159  0  -0.00262802  0.220638
-3.14159  3.14159  0  -0.00488987  0.302563
-1.88496  3.14159  0  -0.0121508  0.480285
-0.628319  3.14159  0  -0.112702  1.42837
0.628319  3.14159  0  -0.112702  -1.42837
1.88496  3.14159  0  -0.0121508  -0.480285
3.14159  3.14159  0  -0.00488987  -0.302563
4.39823  3.14159  0  -0.00262802  -0.220638
5.65487  3.14159  0  -0.00163146  -0.173324
8.16814  3.14159  0  -0.00080343  -0.121172
10.6814  3.14159  0  -0.000475215  -0.0930346
14.4513  3.14159  0  -0.00026169  -0.0689539
33.3009  3.14159  0  -4.9698e-05  -0.0300087
-29.531  3.14159  3.14159  -0.00295165  0.0335742
-14.4513  3.14159  3.14159  -0.0119473  0.0668252
-8.16814  3.14159  3.14159  -0.0345431  0.110462
-5.65487  3.14159  3.14159  -0.0646164  0.145047
-4.39823  3.14159  3.14159  -0.095044  0.168121
-3.14159  3.14159  3.14159  -0.14852  0.191612
-1.88496  3.14159  3.14159  -0.243466  0.195977
-0.628319  3.14159  3.14159  -0.379501  0.113884
0.628319  3.14159  3.14159  -0.379501  -0.113884
1.88496  3.14159  3.14159  -0.243466  -0.195977
3.14159  3.14159  3.14159  -0.14852  -0.191612
4.39823  3.14159  3.14159  -0.095044  -0.168121
5.65487  3.14159  3.14159  -0.0646164  -0.145047
8.16814  3.14159  3.14159  -0.0345431  -0.110462
10.6814  3.14159  3.14159  -0.0211751  -0.0879647
14.4513  3.14159  3.14159  -0.0119473  -0.0668252
33.3009  3.14159  3.14159  -0.00232619  -0.0298275
