-29.531  0  0  -0.0250005  0.231549
-14.4513  0  0  -0.0936839  0.453385
-8.16814  0  0  -0.229671  0.756444
-5.65487  0  0  -0.368618  0.983461
-4.39823  0  0  -0.479713  1.13365
-3.14159  0  0  -0.629777  1.34084
-1.88496  0  0  -0.819107  1.43732
-0.628319  0  0  -0.980662  0.947394
0.628319  0  0  -0.980662  -0.947394
1.88496  0  0  -0.819107  -1.43732
3.14159  0  0  -0.629777  -1.34084
4.39823  0  0  -0.479713  -1.13365
5.65487  0  0  -0.368618  -0.983461
8.16814  0  0  -0.229671  -0.756444
10.6814  0  0  -0.154989  -0.58896
14.4513  0  0  -0.0936839  -0.453385
33.3009  0  0  -0.019876  -0.204421
-29.531  0  3.14159  0  0.234205
-14.4513  0  3.14159  0  0.437066
-8.16814  0  3.14159  0  0.751789
-5.65487  0  3.14159  0  0.895616
-4.39823  0  3.14159  0  1.13865
-3.14159  0  3.14159  0  1.33189
-1.88496  0  3.14159  0  1.68296
-0.628319  0  3.14159  0  8.04208
0.628319  0  3.14159  0  -8.04208
1.88496  0  3.14159  0  -1.68296
3.14159  0  3.14159  0  -1.33189
4.39823  0  3.14159  0  -1.13865
5.65487  0  3.14159  0  -0.895616
8.16814  0  3.14159  0  -0.751789
10.6814  0  3.14159  0  -0.592105
14.4513  0  3.14159  0  -0.437066
33.3009  0  3.14159  0  -0.210717
-29.531  3.14159  0  0  0.234205
-14.4513  3.14159  0  0  0.437066
-8.16814  3.14159  0  0  0.751789
-5.65487  3.14159  0  0  0.895616
-4.39823  3.14159  0  0  1.13865
-3.14159  3.14159  0  0  1.33189
-1.88496  3.14159  0  0  1.68296
-0.628319  3.14159  0  0  8.04208
0.628319  3.14159  0  0  -8.04208
1.88496  3.14159  0  0  -1.68296
3.14159  3.14159  0  0  -1.33189
4.39823  3.14159  0  0  -1.13865
5.65487  3.14159  0  0  -0.895616
8.16814  3.14159  0  0  -0.751789
10.6814  3.14159  0  0  -0.592105
14.4513  3.14159  0  0  -0.437066
33.3009  3.14159  0  0  -0.210717
-29.531  3.14159  3.14159  0.0228723  0.231686
-14.4513  3.14159  3.14159  0.0842624  0.454448
-8.16814  3.14159  3.14159  0.208318  0.760616
-5.65487  3.14159  3.14159  0.337679  0.992545
-4.39823  3.14159  3.14159  0.451801  1.14792
-3.14159  3.14159  3.14159  0.635378  1.36463
-1.88496  3.14159  3.14159  0.918038  1.47682
-0.628319  3.14159  3.14159  1.20686  1.00189
0.628319  3.14159  3.14159  1.20686  -1.00189
1.88496  3.14159  3.14159  0.918038  -1.47682
3.14159  3.14159  3.14159  0.635378  -1.36463
4.39823  3.14159  3.14159  0.451801  -1.14792
5.65487  3.14159  3.14159  0.337679  -0.992545
8.16814  3.14159  3.14159  0.208318  -0.760616
10.6814  3.14159  3.14159  0.138177  -0.591251
14.4513  3.14159  3.14159  0.0842624  -0.454448
33.3009  3.14159  3.14159  0.0181019  -0.204523
