-29.531  0  0  0.00283906  0.0335937
-14.4513  0  0  0.0115118  0.0669822
-8.16814  0  0  0.0334281  0.11121
-5.65487  0  0  0.0628809  0.146884
-4.39823  0  0  0.0930218  0.171258
-3.14159  0  0  0.146762  0.197221
-1.88496  0  0  0.244505  0.205845
-0.628319  0  0  0.39254  0.126637
0.628319  0  0  0.39254  -0.126637
1.88496  0  0  0.244505  -0.205845
3.14159  0  0  0.146762  -0.197221
4.39823  0  0  0.0930218  -0.171258
5.65487  0  0  0.0628809  -0.146884
8.16814  0  0  0.0334281  -0.11121
10.6814  0  0  0.0204397  -0.0883305
14.4513  0  0  0.0115118  -0.0669822
33.3009  0  0  0.00223719  -0.0298412
-29.531  0  3.14159  -5.19524e-05  0.0338334
-14.4513  0  3.14159  -0.000215249  0.0689544
-8.16814  0  3.14159  -0.000660874  0.121175
-5.65487  0  3.14159  -0.00134271  0.173356
-4.39823  0  3.14159  -0.0021629  0.220683
-3.14159  0  3.14159  -0.00402716  0.302697
-1.88496  0  3.14159  -0.00997887  0.480101
-0.628319  0  3.14159  -0.0876898  1.39344
0.628319  0  3.14159  -0.0876898  -1.39344
1.88496  0  3.14159  -0.00997887  -0.480101
3.14159  0  3.14159  -0.00402716  -0.302697
4.39823  0  3.14159  -0.0021629  -0.220683
5.65487  0  3.14159  -0.00134271  -0.173356
8.16814  0  3.14159  -0.000660874  -0.121175
10.6814  0  3.14159  -0.000390889  -0.093036
14.4513  0  3.14159  -0.000215249  -0.0689544
33.3009  0  3.14159  -4.08778e-05  -0.0300087
-29.531  3.14159  0  -5.19524e-05  0.0338334
-14.4513  3.14159  0  -0.000215249  0.0689544
-8.16814  3.14159  0  -0.000660874  0.121175
-5.65487  3.14159  0  -0.00134271  0.173356
-4.39823  3.14159  0  -0.0021629  0.220683
-3.14159  3.14159  0  -0.00402716  0.302697
-1.88496  3.14159  0  -0.00997887  0.480101
-0.628319  3.14159  0  -0.0876898  1.39344
0.628319  3.14159  0  -0.0876898  -1.39344
1.88496  3.14159  0  -0.00997887  -0.480101
3.14159  3.14159  0  -0.00402716  -0.302697
4.39823  3.14159  0  -0.0021629  -0.220683
5.65487  3.14159  0  -0.00134271  -0.173356
8.16814  3.14159  0  -0.000660874  -0.121175
10.6814  3.14159  0  -0.000390889  -0.093036
14.4513  3.14159  0  -0.000215249  -0.0689544
33.3009  3.14159  0  -4.08778e-05  -0.0300087
-29.531  3.14159  3.14159  -0.0029407  0.0335761
-14.4513  3.14159  3.14159  -0.0119051  0.0668406
-8.16814  3.14159  3.14159  -0.0344371  0.110534
-5.65487  3.14159  3.14159  -0.0644529  0.145216
-4.39823  3.14159  3.14159  -0.0948627  0.1684
-3.14159  3.14159  3.14159  -0.148353  0.192082
-1.88496  3.14159  3.14159  -0.243454  0.196802
-0.628319  3.14159  3.14159  -0.380282  0.114831
0.628319  3.14159  3.14159  -0.380282  -0.114831
1.88496  3.14159  3.14159  -0.243454  -0.196802
3.14159  3.14159  3.14159  -0.148353  -0.192082
4.39823  3.14159  3.14159  -0.0948627  -0.1684
5.65487  3.14159  3.14159  -0.0644529  -0.145216
8.16814  3.14159  3.14159  -0.0344371  -0.110534
10.6814  3.14159  3.14159  -0.0211046  -0.0880004
14.4513  3.14159  3.14159  -0.0119051  -0.0668406
33.3009  3.14159  3.14159  -0.00231753  -0.0298288
