-29.531  0  0  0.00286375  0.0335895
-14.4513  0  0  0.0116076  0.0669483
-8.16814  0  0  0.0336745  0.111047
-5.65487  0  0  0.0632684  0.146481
-4.39823  0  0  0.0934842  0.170561
-3.14159  0  0  0.147138  0.195969
-1.88496  0  0  0.244139  0.203717
-0.628319  0  0  0.389847  0.124797
0.628319  0  0  0.389847  -0.124797
1.88496  0  0  0.244139  -0.203717
3.14159  0  0  0.147138  -0.195969
4.39823  0  0  0.0934842  -0.170561
5.65487  0  0  0.0632684  -0.146481
8.16814  0  0  0.0336745  -0.111047
10.6814  0  0  0.0206022  -0.0882515
14.4513  0  0  0.0116076  -0.0669483
33.3009  0  0  0.00225671  -0.0298382
-29.531  0  3.14159  -2.67239e-05  0.0338335
-14.4513  0  3.14159  -0.000110725  0.0689552
-8.16814  0  3.14159  -0.000339955  0.121178
-5.65487  0  3.14159  -0.000691099  0.17339
-4.39823  0  3.14159  -0.0011123  0.220678
-3.14159  0  3.14159  -0.00207055  0.302681
-1.88496  0  3.14159  -0.00511022  0.479484
-0.628319  0  3.14159  -0.0442391  1.38319
0.628319  0  3.14159  -0.0442391  -1.38319
1.88496  0  3.14159  -0.00511022  -0.479484
3.14159  0  3.14159  -0.00207055  -0.302681
4.39823  0  3.14159  -0.0011123  -0.220678
5.65487  0  3.14159  -0.000691099  -0.17339
8.16814  0  3.14159  -0.000339955  -0.121178
10.6814  0  3.14159  -0.000201076  -0.0930377
14.4513  0  3.14159  -0.000110725  -0.0689552
33.3009  0  3.14159  -2.10272e-05  -0.0300088
-29.531  3.14159  0  -2.67239e-05  0.0338335
-14.4513  3.14159  0  -0.000110725  0.0689552
-8.16814  3.14159  0  -0.000339955  0.121178
-5.65487  3.14159  0  -0.000691099  0.17339
-4.39823  3.14159  0  -0.0011123  0.220678
-3.14159  3.14159  0  -0.00207055  0.302681
-1.88496  3.14159  0  -0.00511022  0.479484
-0.628319  3.14159  0  -0.0442391  1.38319
0.628319  3.14159  0  -0.0442391  -1.38319
1.88496  3.14159  0  -0.00511022  -0.479484
3.14159  3.14159  0  -0.00207055  -0.302681
4.39823  3.14159  0  -0.0011123  -0.220678
5.65487  3.14159  0  -0.000691099  -0.17339
8.16814  3.14159  0  -0.000339955  -0.121178
10.6814  3.14159  0  -0.000201076  -0.0930377
14.4513  3.14159  0  -0.000110725  -0.0689552
33.3009  3.14159  0  -2.10272e-05  -0.0300088
-29.531  3.14159  3.14159  -0.00291603  0.0335804
-14.4513  3.14159  3.14159  -0.01181  0.0668754
-8.16814  3.14159  3.14159  -0.0341943  0.110698
-5.65487  3.14159  3.14159  -0.064079  0.145617
-4.39823  3.14159  3.14159  -0.094433  0.169078
-3.14159  3.14159  3.14159  -0.147958  0.193299
-1.88496  3.14159  3.14159  -0.243662  0.198993
-0.628319  3.14159  3.14159  -0.383438  0.117413
0.628319  3.14159  3.14159  -0.383438  -0.117413
1.88496  3.14159  3.14159  -0.243662  -0.198993
3.14159  3.14159  3.14159  -0.147958  -0.193299
4.39823  3.14159  3.14159  -0.094433  -0.169078
5.65487  3.14159  3.14159  -0.064079  -0.145617
8.16814  3.14159  3.14159  -0.0341943  -0.110698
10.6814  3.14159  3.14159  -0.0209444  -0.0880815
14.4513  3.14159  3.14159  -0.01181  -0.0668754
33.3009  3.14159  3.14159  -0.00229803  -0.0298319
