-29.531  0  0  -0.0246823  0.231315
-14.4513  0  0  -0.0918934  0.45722
-8.16814  0  0  -0.225189  0.753677
-5.65487  0  0  -0.359876  0.985956
-4.39823  0  0  -0.468426  1.14492
-3.14159  0  0  -0.618416  1.33113
-1.88496  0  0  -0.805644  1.41656
-0.628319  0  0  -0.937681  0.913504
0.628319  0  0  -0.937681  -0.913504
1.88496  0  0  -0.805644  -1.41656
3.14159  0  0  -0.618416  -1.33113
4.39823  0  0  -0.468426  -1.14492
5.65487  0  0  -0.359876  -0.985956
8.16814  0  0  -0.225189  -0.753677
10.6814  0  0  -0.151395  -0.598442
14.4513  0  0  -0.0918934  -0.45722
33.3009  0  0  -0.0195911  -0.205234
-29.531  0  3.14159  0  0.232623
-14.4513  0  3.14159  0  0.455475
-8.16814  0  3.14159  0  0.751929
-5.65487  0  3.14159  0  0.950205
-4.39823  0  3.14159  0  1.1207
-3.14159  0  3.14159  0  1.31356
-1.88496  0  3.14159  0  1.61374
-0.628319  0  3.14159  0  7.33672
0.628319  0  3.14159  0  -7.33672
1.88496  0  3.14159  0  -1.61374
3.14159  0  3.14159  0  -1.31356
4.39823  0  3.14159  0  -1.1207
5.65487  0  3.14159  0  -0.950205
8.16814  0  3.14159  0  -0.751929
10.6814  0  3.14159  0  -0.601337
14.4513  0  3.14159  0  -0.455475
33.3009  0  3.14159  0  -0.207259
-29.531  3.14159  0  0  0.232623
-14.4513  3.14159  0  0  0.455475
-8.16814  3.14159  0  0  0.751929
-5.65487  3.14159  0  0  0.950205
-4.39823  3.14159  0  0  1.1207
-3.14159  3.14159  0  0  1.31356
-1.88496  3.14159  0  0  1.61374
-0.628319  3.14159  0  0  7.33672
0.628319  3.14159  0  0  -7.33672
1.88496  3.14159  0  0  -1.61374
3.14159  3.14159  0  0  -1.31356
4.39823  3.14159  0  0  -1.1207
5.65487  3.14159  0  0  -0.950205
8.16814  3.14159  0  0  -0.751929
10.6814  3.14159  0  0  -0.601337
14.4513  3.14159  0  0  -0.455475
33.3009  3.14159  0  0  -0.207259
-29.531  3.14159  3.14159  0.0222448  0.231468
-14.4513  3.14159  3.14159  0.0825146  0.458354
-8.16814  3.14159  3.14159  0.20332  0.758136
-5.65487  3.14159  3.14159  0.329267  0.995604
-4.39823  3.14159  3.14159  0.43825  1.16012
-3.14159  3.14159  3.14159  0.608566  1.35639
-1.88496  3.14159  3.14159  0.870804  1.4582
-0.628319  3.14159  3.14159  1.16572  0.969971
0.628319  3.14159  3.14159  1.16572  -0.969971
1.88496  3.14159  3.14159  0.870804  -1.4582
3.14159  3.14159  3.14159  0.608566  -1.35639
4.39823  3.14159  3.14159  0.43825  -1.16012
5.65487  3.14159  3.14159  0.329267  -0.995604
8.16814  3.14159  3.14159  0.20332  -0.758136
10.6814  3.14159  3.14159  0.13576  -0.600868
14.4513  3.14159  3.14159  0.0825146  -0.458354
33.3009  3.14159  3.14159  0.0176355  -0.205346
