-29.531  0  0  0.00286376  0.0335895
-14.4513  0  0  0.0116076  0.0669483
-8.16814  0  0  0.0336746  0.111047
-5.65487  0  0  0.0632679  0.146478
-4.39823  0  0  0.0934804  0.170557
-3.14159  0  0  0.147127  0.195963
-1.88496  0  0  0.244124  0.203737
-0.628319  0  0  0.38989  0.124642
0.628319  0  0  0.38989  -0.124642
1.88496  0  0  0.244124  -0.203737
3.14159  0  0  0.147127  -0.195963
4.39823  0  0  0.0934804  -0.170557
5.65487  0  0  0.0632679  -0.146478
8.16814  0  0  0.0336746  -0.111047
10.6814  0  0  0.0206022  -0.0882514
14.4513  0  0  0.0116076  -0.0669483
33.3009  0  0  0.00225671  -0.0298382
-29.531  0  3.14159  -2.67239e-05  0.0338335
-14.4513  0  3.14159  -0.000110725  0.0689552
-8.16814  0  3.14159  -0.000339949  0.121177
-5.65487  0  3.14159  -0.000691013  0.173384
-4.39823  0  3.14159  -0.00111236  0.220681
-3.14159  0  3.14159  -0.002071  0.302701
-1.88496  0  3.14159  -0.00511424  0.47961
-0.628319  0  3.14159  -0.0440302  1.38018
0.628319  0  3.14159  -0.0440302  -1.38018
1.88496  0  3.14159  -0.00511424  -0.47961
3.14159  0  3.14159  -0.002071  -0.302701
4.39823  0  3.14159  -0.00111236  -0.220681
5.65487  0  3.14159  -0.000691013  -0.173384
8.16814  0  3.14159  -0.000339949  -0.121177
10.6814  0  3.14159  -0.000201075  -0.0930376
14.4513  0  3.14159  -0.000110725  -0.0689552
33.3009  0  3.14159  -2.10272e-05  -0.0300088
-29.531  3.14159  0  -2.67239e-05  0.0338335
-14.4513  3.14159  0  -0.000110725  0.0689552
-8.16814  3.14159  0  -0.000339949  0.121177
-5.65487  3.14159  0  -0.000691013  0.173384
-4.39823  3.14159  0  -0.00111236  0.220681
-3.14159  3.14159  0  -0.002071  0.302701
-1.88496  3.14159  0  -0.00511424  0.47961
-0.628319  3.14159  0  -0.0440302  1.38018
0.628319  3.14159  0  -0.0440302  -1.38018
1.88496  3.14159  0  -0.00511424  -0.47961
3.14159  3.14159  0  -0.002071  -0.302701
4.39823  3.14159  0  -0.00111236  -0.220681
5.65487  3.14159  0  -0.000691013  -0.173384
8.16814  3.14159  0  -0.000339949  -0.121177
10.6814  3.14159  0  -0.000201075  -0.0930376
14.4513  3.14159  0  -0.000110725  -0.0689552
33.3009  3.14159  0  -2.10272e-05  -0.0300088
-29.531  3.14159  3.14159  -0.00291603  0.0335804
-14.4513  3.14159  3.14159  -0.01181  0.0668754
-8.16814  3.14159  3.14159  -0.0341941  0.110698
-5.65487  3.14159  3.14159  -0.0640777  0.145618
-4.39823  3.14159  3.14159  -0.0944285  0.169079
-3.14159  3.14159  3.14159  -0.147946  0.193305
-1.88496  3.14159  3.14159  -0.243617  0.199042
-0.628319  3.14159  3.14159  -0.383499  0.117778
0.628319  3.14159  3.14159  -0.383499  -0.117778
1.88496  3.14159  3.14159  -0.243617  -0.199042
3.14159  3.14159  3.14159  -0.147946  -0.193305
4.39823  3.14159  3.14159  -0.0944285  -0.169079
5.65487  3.14159  3.14159  -0.0640777  -0.145618
8.16814  3.14159  3.14159  -0.0341941  -0.110698
10.6814  3.14159  3.14159  -0.0209444  -0.0880815
14.4513  3.14159  3.14159  -0.01181  -0.0668754
33.3009  3.14159  3.14159  -0.00229803  -0.0298319
