-29.531  0  0  -0.0241175  0.231287
-14.4513  0  0  -0.0897117  0.457679
-8.16814  0  0  -0.219733  0.753188
-5.65487  0  0  -0.351265  0.985643
-4.39823  0  0  -0.458095  1.1448
-3.14159  0  0  -0.608133  1.32706
-1.88496  0  0  -0.802097  1.40893
-0.628319  0  0  -0.953648  0.907389
0.628319  0  0  -0.953648  -0.907389
1.88496  0  0  -0.802097  -1.40893
3.14159  0  0  -0.608133  -1.32706
4.39823  0  0  -0.458095  -1.1448
5.65487  0  0  -0.351265  -0.985643
8.16814  0  0  -0.219733  -0.753188
10.6814  0  0  -0.147687  -0.599507
14.4513  0  0  -0.0897117  -0.457679
33.3009  0  0  -0.0191389  -0.205326
-29.531  0  3.14159  0  0.232728
-14.4513  0  3.14159  0  0.455956
-8.16814  0  3.14159  0  0.749104
-5.65487  0  3.14159  0  0.952284
-4.39823  0  3.14159  0  1.11817
-3.14159  0  3.14159  0  1.31292
-1.88496  0  3.14159  0  1.60902
-0.628319  0  3.14159  0  7.06186
0.628319  0  3.14159  0  -7.06186
1.88496  0  3.14159  0  -1.60902
3.14159  0  3.14159  0  -1.31292
4.39823  0  3.14159  0  -1.11817
5.65487  0  3.14159  0  -0.952284
8.16814  0  3.14159  0  -0.749104
10.6814  0  3.14159  0  -0.601557
14.4513  0  3.14159  0  -0.455956
33.3009  0  3.14159  0  -0.207554
-29.531  3.14159  0  0  0.232728
-14.4513  3.14159  0  0  0.455956
-8.16814  3.14159  0  0  0.749104
-5.65487  3.14159  0  0  0.952284
-4.39823  3.14159  0  0  1.11817
-3.14159  3.14159  0  0  1.31292
-1.88496  3.14159  0  0  1.60902
-0.628319  3.14159  0  0  7.06186
0.628319  3.14159  0  0  -7.06186
1.88496  3.14159  0  0  -1.60902
3.14159  3.14159  0  0  -1.31292
4.39823  3.14159  0  0  -1.11817
5.65487  3.14159  0  0  -0.952284
8.16814  3.14159  0  0  -0.749104
10.6814  3.14159  0  0  -0.601557
14.4513  3.14159  0  0  -0.455956
33.3009  3.14159  0  0  -0.207554
-29.531  3.14159  3.14159  0.0224436  0.231394
-14.4513  3.14159  3.14159  0.083258  0.458477
-8.16814  3.14159  3.14159  0.204712  0.756315
-5.65487  3.14159  3.14159  0.330322  0.99242
-4.39823  3.14159  3.14159  0.437476  1.15545
-3.14159  3.14159  3.14159  0.601445  1.34475
-1.88496  3.14159  3.14159  0.846287  1.43809
-0.628319  3.14159  3.14159  1.11112  0.948407
0.628319  3.14159  3.14159  1.11112  -0.948407
1.88496  3.14159  3.14159  0.846287  -1.43809
3.14159  3.14159  3.14159  0.601445  -1.34475
4.39823  3.14159  3.14159  0.437476  -1.15545
5.65487  3.14159  3.14159  0.330322  -0.99242
8.16814  3.14159  3.14159  0.204712  -0.756315
10.6814  3.14159  3.14159  0.136954  -0.601216
14.4513  3.14159  3.14159  0.083258  -0.458477
33.3009  3.14159  3.14159  0.0177983  -0.205404
