-25.9181  0  0  1.20926e-06  -1.23521e-05
-13.3518  0  0  1.02633e-05  -7.26344e-05
-8.63938  0  0  1.72721e-05  -0.000183797
-7.06858  0  0  -1.31125e-05  -0.00028235
-5.49779  0  0  3.99437e-05  -0.000437428
-3.92699  0  0  3.99902e-05  -0.000620724
-2.35619  0  0  7.44794e-05  -0.000751328
-0.785398  0  0  4.13694e-05  -0.000387887
0.785398  0  0  3.92124e-05  0.00038461
2.35619  0  0  6.27292e-05  0.000754077
3.92699  0  0  4.3695e-05  0.000620514
5.49779  0  0  3.82401e-05  0.000434678
7.06858  0  0  -1.37316e-05  0.000280042
8.63938  0  0  1.7606e-05  0.000184231
11.781  0  0  1.1947e-05  9.54338e-05
16.4934  0  0  5.33283e-06  3.98087e-05
25.9181  0  0  1.23085e-06  1.22919e-05
-25.9181  0  3.14159  -3.13086e-07  -1.20049e-05
-13.3518  0  3.14159  6.96832e-06  -6.46991e-05
-8.63938  0  3.14159  9.09777e-06  -0.000160028
-7.06858  0  3.14159  8.75117e-06  -0.000228067
-5.49779  0  3.14159  5.16617e-05  -0.000338459
-3.92699  0  3.14159  6.82538e-05  -0.000545525
-2.35619  0  3.14159  0.000159893  -0.00113948
-0.785398  0  3.14159  0.000786929  -0.0106276
0.785398  0  3.14159  0.000789302  0.0106281
2.35619  0  3.14159  0.000159952  0.00114016
3.92699  0  3.14159  6.78703e-05  0.000545422
5.49779  0  3.14159  5.16007e-05  0.000338674
7.06858  0  3.14159  8.76196e-06  0.000228306
8.63938  0  3.14159  9.09529e-06  0.000160254
11.781  0  3.14159  1.15077e-05  8.55692e-05
16.4934  0  3.14159  5.69764e-06  3.91259e-05
25.9181  0  3.14159  -3.08905e-07  1.20143e-05
-25.9181  3.14159  0  -3.13086e-07  -1.20049e-05
-13.3518  3.14159  0  6.96832e-06  -6.46991e-05
-8.63938  3.14159  0  9.09777e-06  -0.000160028
-7.06858  3.14159  0  8.75117e-06  -0.000228067
-5.49779  3.14159  0  5.16617e-05  -0.000338459
-3.92699  3.14159  0  6.82538e-05  -0.000545525
-2.35619  3.14159  0  0.000159893  -0.00113948
-0.785398  3.14159  0  0.000786929  -0.0106276
0.785398  3.14159  0  0.000789302  0.0106281
2.35619  3.14159  0  0.000159952  0.00114016
3.92699  3.14159  0  6.78703e-05  0.000545422
5.49779  3.14159  0  5.16007e-05  0.000338674
7.06858  3.14159  0  8.76196e-06  0.000228306
8.63938  3.14159  0  9.09529e-06  0.000160254
11.781  3.14159  0  1.15077e-05  8.55692e-05
16.4934  3.14159  0  5.69764e-06  3.91259e-05
25.9181  3.14159  0  -3.08905e-07  1.20143e-05
-25.9181  3.14159  3.14159  4.63423e-07  -1.23528e-05
-13.3518  3.14159  3.14159  4.28751e-06  -7.26414e-05
-8.63938  3.14159  3.14159  1.03243e-06  -0.000183759
-7.06858  3.14159  3.14159  -3.78268e-05  -0.000282459
-5.49779  3.14159  3.14159  -2.50117e-07  -0.000437671
-3.92699  3.14159  3.14159  -3.77248e-05  -0.000621209
-2.35619  3.14159  3.14159  -9.2676e-05  -0.000751161
-0.785398  3.14159  3.14159  -0.000260248  -0.000390254
0.785398  3.14159  3.14159  -0.000261636  0.000386945
2.35619  3.14159  3.14159  -0.000104464  0.000754006
3.92699  3.14159  3.14159  -3.39076e-05  0.000620994
5.49779  3.14159  3.14159  -1.91596e-06  0.000434874
7.06858  3.14159  3.14159  -3.84196e-05  0.000280195
8.63938  3.14159  3.14159  1.35613e-06  0.000184167
11.781  3.14159  3.14159  3.70854e-06  9.5431e-05
16.4934  3.14159  3.14159  2.01497e-06  3.98138e-05
25.9181  3.14159  3.14159  4.85262e-07  1.22931e-05
