-29.531  0  0  0.00127487  0.0444591
-14.4513  0  0  0.00604825  0.0853544
-8.16814  0  0  0.0160761  0.114608
-5.65487  0  0  0.0246848  0.115955
-4.39823  0  0  0.0302292  0.107758
-3.14159  0  0  0.036103  0.0898859
-1.88496  0  0  0.0412984  0.0606201
-0.628319  0  0  0.0444315  0.0215299
0.628319  0  0  0.0444314  -0.0215297
1.88496  0  0  0.0412977  -0.0606198
3.14159  0  0  0.036102  -0.0898854
4.39823  0  0  0.0302278  -0.107758
5.65487  0  0  0.0246831  -0.115954
8.16814  0  0  0.0160739  -0.114606
10.6814  0  0  0.0106039  -0.103615
14.4513  0  0  0.00604661  -0.0853595
33.3009  0  0  0.000973272  -0.0394155
-29.531  0  3.14159  0  0.0442809
-14.4513  0  3.14159  0  0.0847645
-8.16814  0  3.14159  0  0.117001
-5.65487  0  3.14159  0  0.124691
-4.39823  0  3.14159  0  0.121518
-3.14159  0  3.14159  0  0.10802
-1.88496  0  3.14159  0  0.0780843
-0.628319  0  3.14159  0  0.0291435
0.628319  0  3.14159  0  -0.0291446
1.88496  0  3.14159  0  -0.0780853
3.14159  0  3.14159  0  -0.10802
4.39823  0  3.14159  0  -0.121519
5.65487  0  3.14159  0  -0.124692
8.16814  0  3.14159  0  -0.117001
10.6814  0  3.14159  0  -0.10372
14.4513  0  3.14159  0  -0.0847656
33.3009  0  3.14159  0  -0.0392866
-29.531  3.14159  0  0  0.0442809
-14.4513  3.14159  0  0  0.0847645
-8.16814  3.14159  0  0  0.117001
-5.65487  3.14159  0  0  0.124691
-4.39823  3.14159  0  0  0.121518
-3.14159  3.14159  0  0  0.10802
-1.88496  3.14159  0  0  0.0780843
-0.628319  3.14159  0  0  0.0291435
0.628319  3.14159  0  0  -0.0291446
1.88496  3.14159  0  0  -0.0780853
3.14159  3.14159  0  0  -0.10802
4.39823  3.14159  0  0  -0.121519
5.65487  3.14159  0  0  -0.124692
8.16814  3.14159  0  0  -0.117001
10.6814  3.14159  0  0  -0.10372
14.4513  3.14159  0  0  -0.0847656
33.3009  3.14159  0  0  -0.0392866
-29.531  3.14159  3.14159  0.00125178  0.0444627
-14.4513  3.14159  3.14159  0.005952  0.0853668
-8.16814  3.14159  3.14159  0.0157466  0.114718
-5.65487  3.14159  3.14159  0.0240969  0.116367
-4.39823  3.14159  3.14159  0.0294984  0.108571
-3.14159  3.14159  3.14159  0.035379  0.0914873
-1.88496  3.14159  3.14159  0.0413532  0.0637153
-0.628319  3.14159  3.14159  0.0489856  0.0256525
0.628319  3.14159  3.14159  0.0489854  -0.0256524
1.88496  3.14159  3.14159  0.0413525  -0.063715
3.14159  3.14159  3.14159  0.0353779  -0.0914868
4.39823  3.14159  3.14159  0.029497  -0.10857
5.65487  3.14159  3.14159  0.0240952  -0.116365
8.16814  3.14159  3.14159  0.0157445  -0.114717
10.6814  3.14159  3.14159  0.0104155  -0.10365
14.4513  3.14159  3.14159  0.0059504  -0.0853719
33.3009  3.14159  3.14159  0.000954827  -0.0394182
