-29.531  0  0  0.00370622  -0.00289436
-14.4513  0  0  0.0105686  -0.0130042
-8.16814  0  0  0.0161606  -0.0272999
-5.65487  0  0  0.016241  -0.0335898
-4.39823  0  0  0.0147052  -0.0343093
-3.14159  0  0  0.0119716  -0.0311377
-1.88496  0  0  0.00870924  -0.0224158
-0.628319  0  0  0.00644404  -0.00831481
0.628319  0  0  0.00647364  0.00827991
1.88496  0  0  0.00871172  0.022415
3.14159  0  0  0.011985  0.0311309
4.39823  0  0  0.014721  0.0343015
5.65487  0  0  0.0162577  0.0335812
8.16814  0  0  0.0161763  0.0272897
10.6814  0  0  0.0140791  0.0204441
14.4513  0  0  0.0105769  0.0129956
33.3009  0  0  0.00301472  0.00214379
-29.531  0  3.14159  0  -0.00329634
-14.4513  0  3.14159  0  -0.0162068
-8.16814  0  3.14159  0  -0.037555
-5.65487  0  3.14159  0  -0.0505735
-4.39823  0  3.14159  0  -0.0556896
-3.14159  0  3.14159  0  -0.0558542
-1.88496  0  3.14159  0  -0.0448844
-0.628319  0  3.14159  0  -0.0178885
0.628319  0  3.14159  0  0.0179149
1.88496  0  3.14159  0  0.0449047
3.14159  0  3.14159  0  0.0558693
4.39823  0  3.14159  0  0.0556989
5.65487  0  3.14159  0  0.0505783
8.16814  0  3.14159  0  0.0375536
10.6814  0  3.14159  0  0.0267596
14.4513  0  3.14159  0  0.0162003
33.3009  0  3.14159  0  0.00241699
-29.531  3.14159  0  0  -0.00329634
-14.4513  3.14159  0  0  -0.0162068
-8.16814  3.14159  0  0  -0.037555
-5.65487  3.14159  0  0  -0.0505735
-4.39823  3.14159  0  0  -0.0556896
-3.14159  3.14159  0  0  -0.0558542
-1.88496  3.14159  0  0  -0.0448844
-0.628319  3.14159  0  0  -0.0178885
0.628319  3.14159  0  0  0.0179149
1.88496  3.14159  0  0  0.0449047
3.14159  3.14159  0  0  0.0558693
4.39823  3.14159  0  0  0.0556989
5.65487  3.14159  0  0  0.0505783
8.16814  3.14159  0  0  0.0375536
10.6814  3.14159  0  0  0.0267596
14.4513  3.14159  0  0  0.0162003
33.3009  3.14159  0  0  0.00241699
-29.531  3.14159  3.14159  0.00370282  -0.00289045
-14.4513  3.14159  3.14159  0.0106178  -0.0130354
-8.16814  3.14159  3.14159  0.0165324  -0.0274871
-5.65487  3.14159  3.14159  0.0170886  -0.0339195
-4.39823  3.14159  3.14159  0.0159834  -0.0348016
-3.14159  3.14159  3.14159  0.013848  -0.0320902
-1.88496  3.14159  3.14159  0.0111098  -0.0249241
-0.628319  3.14159  3.14159  0.00386444  -0.0152285
0.628319  3.14159  3.14159  0.00387104  0.0152213
1.88496  3.14159  3.14159  0.0111209  0.0249197
3.14159  3.14159  3.14159  0.013862  0.032084
4.39823  3.14159  3.14159  0.0159993  0.0347943
5.65487  3.14159  3.14159  0.0171053  0.0339107
8.16814  3.14159  3.14159  0.0165475  0.0274768
10.6814  3.14159  3.14159  0.0142442  0.0205454
14.4513  3.14159  3.14159  0.0106262  0.0130274
33.3009  3.14159  3.14159  0.00301154  0.0021407
