-29.531  0  0  0.022785  -0.0484998
-14.4513  0  0  0.0533711  -0.103506
-8.16814  0  0  0.0618075  -0.150645
-5.65487  0  0  0.0509165  -0.15806
-4.39823  0  0  0.0399252  -0.149505
-3.14159  0  0  0.0261165  -0.126732
-1.88496  0  0  0.0124893  -0.086574
-0.628319  0  0  0.00373152  -0.0309749
0.628319  0  0  0.00373099  0.0309723
1.88496  0  0  0.0124879  0.0865716
3.14159  0  0  0.0261143  0.12673
4.39823  0  0  0.0399227  0.149504
5.65487  0  0  0.0509144  0.158059
8.16814  0  0  0.0618072  0.150643
10.6814  0  0  0.0617908  0.131535
14.4513  0  0  0.0533677  0.103503
33.3009  0  0  0.0187951  0.0424172
-29.531  0  3.14159  0  -0.0529418
-14.4513  0  3.14159  0  -0.123337
-8.16814  0  3.14159  0  -0.190927
-5.65487  0  3.14159  0  -0.210495
-4.39823  0  3.14159  0  -0.207546
-3.14159  0  3.14159  0  -0.186078
-1.88496  0  3.14159  0  -0.135406
-0.628319  0  3.14159  0  -0.0507615
0.628319  0  3.14159  0  0.0507547
1.88496  0  3.14159  0  0.1354
3.14159  0  3.14159  0  0.186072
4.39823  0  3.14159  0  0.207541
5.65487  0  3.14159  0  0.21049
8.16814  0  3.14159  0  0.190922
10.6814  0  3.14159  0  0.16196
14.4513  0  3.14159  0  0.123332
33.3009  0  3.14159  0  0.0456968
-29.531  3.14159  0  0  -0.0529418
-14.4513  3.14159  0  0  -0.123337
-8.16814  3.14159  0  0  -0.190927
-5.65487  3.14159  0  0  -0.210495
-4.39823  3.14159  0  0  -0.207546
-3.14159  3.14159  0  0  -0.186078
-1.88496  3.14159  0  0  -0.135406
-0.628319  3.14159  0  0  -0.0507615
0.628319  3.14159  0  0  0.0507547
1.88496  3.14159  0  0  0.1354
3.14159  3.14159  0  0  0.186072
4.39823  3.14159  0  0  0.207541
5.65487  3.14159  0  0  0.21049
8.16814  3.14159  0  0  0.190922
10.6814  3.14159  0  0  0.16196
14.4513  3.14159  0  0  0.123332
33.3009  3.14159  0  0  0.0456968
-29.531  3.14159  3.14159  0.0224824  -0.0487277
-14.4513  3.14159  3.14159  0.0529657  -0.104492
-8.16814  3.14159  3.14159  0.0626043  -0.15233
-5.65487  3.14159  3.14159  0.0536296  -0.160091
-4.39823  3.14159  3.14159  0.0443101  -0.152108
-3.14159  3.14159  3.14159  0.0327101  -0.131145
-1.88496  3.14159  3.14159  0.0207788  -0.0971793
-0.628319  3.14159  3.14159  -0.00798611  -0.0595954
0.628319  3.14159  3.14159  -0.00798674  0.0595927
1.88496  3.14159  3.14159  0.0207773  0.0971769
3.14159  3.14159  3.14159  0.032708  0.131143
4.39823  3.14159  3.14159  0.0443078  0.152106
5.65487  3.14159  3.14159  0.0536275  0.160089
8.16814  3.14159  3.14159  0.0626035  0.152328
10.6814  3.14159  3.14159  0.0617742  0.132944
14.4513  3.14159  3.14159  0.0529624  0.104488
33.3009  3.14159  3.14159  0.0185391  0.042585
