-29.531  0  0  0.00373946  -0.00290901
-14.4513  0  0  0.0106989  -0.0131301
-8.16814  0  0  0.0164478  -0.0277297
-5.65487  0  0  0.0165802  -0.0342826
-4.39823  0  0  0.0150203  -0.0351233
-3.14159  0  0  0.0122042  -0.0319806
-1.88496  0  0  0.00881769  -0.0230888
-0.628319  0  0  0.0064375  -0.00856285
0.628319  0  0  0.00645792  0.00853187
1.88496  0  0  0.00882198  0.0230865
3.14159  0  0  0.0122179  0.0319746
4.39823  0  0  0.0150358  0.0351162
5.65487  0  0  0.0165967  0.0342741
8.16814  0  0  0.0164631  0.0277196
10.6814  0  0  0.0142894  0.0207015
14.4513  0  0  0.010707  0.0131217
33.3009  0  0  0.0030407  0.0021536
-29.531  0  3.14159  0  -0.0033094
-14.4513  0  3.14159  0  -0.0163293
-8.16814  0  3.14159  0  -0.0380305
-5.65487  0  3.14159  0  -0.0514478
-4.39823  0  3.14159  0  -0.056861
-3.14159  0  3.14159  0  -0.0573187
-1.88496  0  3.14159  0  -0.0463396
-0.628319  0  3.14159  0  -0.018552
0.628319  0  3.14159  0  0.018577
1.88496  0  3.14159  0  0.0463597
3.14159  0  3.14159  0  0.0573332
4.39823  0  3.14159  0  0.05687
5.65487  0  3.14159  0  0.0514523
8.16814  0  3.14159  0  0.0380291
10.6814  0  3.14159  0  0.0270265
14.4513  0  3.14159  0  0.016323
33.3009  0  3.14159  0  0.00242573
-29.531  3.14159  0  0  -0.0033094
-14.4513  3.14159  0  0  -0.0163293
-8.16814  3.14159  0  0  -0.0380305
-5.65487  3.14159  0  0  -0.0514478
-4.39823  3.14159  0  0  -0.056861
-3.14159  3.14159  0  0  -0.0573187
-1.88496  3.14159  0  0  -0.0463396
-0.628319  3.14159  0  0  -0.018552
0.628319  3.14159  0  0  0.018577
1.88496  3.14159  0  0  0.0463597
3.14159  3.14159  0  0  0.0573332
4.39823  3.14159  0  0  0.05687
5.65487  3.14159  0  0  0.0514523
8.16814  3.14159  0  0  0.0380291
10.6814  3.14159  0  0  0.0270265
14.4513  3.14159  0  0  0.016323
33.3009  3.14159  0  0  0.00242573
-29.531  3.14159  3.14159  0.00373588  -0.00290464
-14.4513  3.14159  3.14159  0.0107491  -0.0131584
-8.16814  3.14159  3.14159  0.0168375  -0.027912
-5.65487  3.14159  3.14159  0.0174834  -0.0346133
-4.39823  3.14159  3.14159  0.016397  -0.0356371
-3.14159  3.14159  3.14159  0.0142488  -0.0330184
-1.88496  3.14159  3.14159  0.0114685  -0.0259176
-0.628319  3.14159  3.14159  0.00340104  -0.0167016
0.628319  3.14159  3.14159  0.00340671  0.0166975
1.88496  3.14159  3.14159  0.0114794  0.0259131
3.14159  3.14159  3.14159  0.0142625  0.0330123
4.39823  3.14159  3.14159  0.0164127  0.0356297
5.65487  3.14159  3.14159  0.0174997  0.0346046
8.16814  3.14159  3.14159  0.0168522  0.027902
10.6814  3.14159  3.14159  0.0144607  0.0207986
14.4513  3.14159  3.14159  0.0107572  0.0131506
33.3009  3.14159  3.14159  0.00303743  0.00215019
