-29.531  0  0  0.00369633  -0.00289004
-14.4513  0  0  0.0105306  -0.0129676
-8.16814  0  0  0.0160771  -0.0271778
-5.65487  0  0  0.0161409  -0.0333917
-4.39823  0  0  0.014613  -0.0340803
-3.14159  0  0  0.0119012  -0.0309006
-1.88496  0  0  0.00865792  -0.0222251
-0.628319  0  0  0.00648985  -0.00833194
0.628319  0  0  0.00652629  0.008281
1.88496  0  0  0.00865732  0.0222296
3.14159  0  0  0.011914  0.0308917
4.39823  0  0  0.0146289  0.0340714
5.65487  0  0  0.0161579  0.0333831
8.16814  0  0  0.0160927  0.0271676
10.6814  0  0  0.0140191  0.0203704
14.4513  0  0  0.0105392  0.0129589
33.3009  0  0  0.0030072  0.00214083
-29.531  0  3.14159  0  -0.00329245
-14.4513  0  3.14159  0  -0.0161714
-8.16814  0  3.14159  0  -0.0374178
-5.65487  0  3.14159  0  -0.0503218
-4.39823  0  3.14159  0  -0.0553537
-3.14159  0  3.14159  0  -0.0554342
-1.88496  0  3.14159  0  -0.0444746
-0.628319  0  3.14159  0  -0.0177306
0.628319  0  3.14159  0  0.017763
1.88496  0  3.14159  0  0.0444913
3.14159  0  3.14159  0  0.0554505
4.39823  0  3.14159  0  0.0553632
5.65487  0  3.14159  0  0.0503265
8.16814  0  3.14159  0  0.0374162
10.6814  0  3.14159  0  0.0266825
14.4513  0  3.14159  0  0.0161648
33.3009  0  3.14159  0  0.00241434
-29.531  3.14159  0  0  -0.00329245
-14.4513  3.14159  0  0  -0.0161714
-8.16814  3.14159  0  0  -0.0374178
-5.65487  3.14159  0  0  -0.0503218
-4.39823  3.14159  0  0  -0.0553537
-3.14159  3.14159  0  0  -0.0554342
-1.88496  3.14159  0  0  -0.0444746
-0.628319  3.14159  0  0  -0.0177306
0.628319  3.14159  0  0  0.017763
1.88496  3.14159  0  0  0.0444913
3.14159  3.14159  0  0  0.0554505
4.39823  3.14159  0  0  0.0553632
5.65487  3.14159  0  0  0.0503265
8.16814  3.14159  0  0  0.0374162
10.6814  3.14159  0  0  0.0266825
14.4513  3.14159  0  0  0.0161648
33.3009  3.14159  0  0  0.00241434
-29.531  3.14159  3.14159  0.00369323  -0.00288626
-14.4513  3.14159  3.14159  0.01058  -0.013
-8.16814  3.14159  3.14159  0.0164448  -0.0273652
-5.65487  3.14159  3.14159  0.0169755  -0.0337213
-4.39823  3.14159  3.14159  0.0158656  -0.0345633
-3.14159  3.14159  3.14159  0.0137351  -0.0318275
-1.88496  3.14159  3.14159  0.0110109  -0.0246453
-0.628319  3.14159  3.14159  0.00398366  -0.0148466
0.628319  3.14159  3.14159  0.00399169  0.0148341
1.88496  3.14159  3.14159  0.011023  0.0246424
3.14159  3.14159  3.14159  0.0137495  0.0318214
4.39823  3.14159  3.14159  0.0158817  0.0345562
5.65487  3.14159  3.14159  0.0169925  0.0337126
8.16814  3.14159  3.14159  0.0164601  0.0273548
10.6814  3.14159  3.14159  0.014182  0.0204727
14.4513  3.14159  3.14159  0.0105885  0.0129919
33.3009  3.14159  3.14159  0.00300411  0.00213788
