-29.531  0  0  0.00126495  0.0444771
-14.4513  0  0  0.00603774  0.0853462
-8.16814  0  0  0.0160607  0.114608
-5.65487  0  0  0.0246674  0.115979
-4.39823  0  0  0.0302132  0.107798
-3.14159  0  0  0.0360912  0.0899355
-1.88496  0  0  0.0412934  0.0606659
-0.628319  0  0  0.044433  0.0215542
0.628319  0  0  0.0444365  -0.0215351
1.88496  0  0  0.0413034  -0.0606475
3.14159  0  0  0.0361064  -0.0899184
4.39823  0  0  0.030232  -0.107782
5.65487  0  0  0.0246883  -0.115965
8.16814  0  0  0.0160822  -0.114596
10.6814  0  0  0.0106153  -0.103593
14.4513  0  0  0.00606204  -0.0853367
33.3009  0  0  0.000985869  -0.0394269
-29.531  0  3.14159  0  0.0442924
-14.4513  0  3.14159  0  0.0847714
-8.16814  0  3.14159  0  0.117015
-5.65487  0  3.14159  0  0.124723
-4.39823  0  3.14159  0  0.121567
-3.14159  0  3.14159  0  0.108085
-1.88496  0  3.14159  0  0.0781588
-0.628319  0  3.14159  0  0.0291827
0.628319  0  3.14159  0  -0.0291432
1.88496  0  3.14159  0  -0.0781214
3.14159  0  3.14159  0  -0.108051
4.39823  0  3.14159  0  -0.121537
5.65487  0  3.14159  0  -0.124697
8.16814  0  3.14159  0  -0.116994
10.6814  0  3.14159  0  -0.103709
14.4513  0  3.14159  0  -0.0847535
33.3009  0  3.14159  0  -0.0392902
-29.531  3.14159  0  0  0.0442924
-14.4513  3.14159  0  0  0.0847714
-8.16814  3.14159  0  0  0.117015
-5.65487  3.14159  0  0  0.124723
-4.39823  3.14159  0  0  0.121567
-3.14159  3.14159  0  0  0.108085
-1.88496  3.14159  0  0  0.0781588
-0.628319  3.14159  0  0  0.0291827
0.628319  3.14159  0  0  -0.0291432
1.88496  3.14159  0  0  -0.0781214
3.14159  3.14159  0  0  -0.108051
4.39823  3.14159  0  0  -0.121537
5.65487  3.14159  0  0  -0.124697
8.16814  3.14159  0  0  -0.116994
10.6814  3.14159  0  0  -0.103709
14.4513  3.14159  0  0  -0.0847535
33.3009  3.14159  0  0  -0.0392902
-29.531  3.14159  3.14159  0.00124188  0.0444807
-14.4513  3.14159  3.14159  0.00594171  0.0853586
-8.16814  3.14159  3.14159  0.0157315  0.114717
-5.65487  3.14159  3.14159  0.0240784  0.116388
-4.39823  3.14159  3.14159  0.0294797  0.108609
-3.14159  3.14159  3.14159  0.0353632  0.0915381
-1.88496  3.14159  3.14159  0.0413451  0.0637666
-0.628319  3.14159  3.14159  0.0489942  0.0256876
0.628319  3.14159  3.14159  0.0489983  -0.0256677
1.88496  3.14159  3.14159  0.0413556  -0.0637481
3.14159  3.14159  3.14159  0.0353786  -0.091521
4.39823  3.14159  3.14159  0.0294987  -0.108593
5.65487  3.14159  3.14159  0.0240994  -0.116374
8.16814  3.14159  3.14159  0.0157534  -0.114705
10.6814  3.14159  3.14159  0.0104274  -0.103628
14.4513  3.14159  3.14159  0.00596601  -0.0853493
33.3009  3.14159  3.14159  0.000967428  -0.0394296
