-29.531  0  0  -0.00108769  -0.961357
-14.4513  0  0  -0.00666282  -1.83513
-8.16814  0  0  -0.018378  -2.79959
-5.65487  0  0  -0.0189474  -3.3766
-4.39823  0  0  -0.00413183  -3.63253
-3.14159  0  0  0.0551273  -3.66512
-1.88496  0  0  0.2112  -3.08292
-0.628319  0  0  0.452636  -1.4436
0.628319  0  0  0.46535  1.41994
1.88496  0  0  0.208135  3.08328
3.14159  0  0  0.0515345  3.66223
4.39823  0  0  -0.00123738  3.63141
5.65487  0  0  -0.019367  3.37964
8.16814  0  0  -0.0184485  2.79941
10.6814  0  0  -0.0126187  2.3307
14.4513  0  0  -0.00650284  1.8347
33.3009  0  0  -0.000861169  0.856792
-29.531  0  3.14159  0  -0.966144
-14.4513  0  3.14159  0  -1.87712
-8.16814  0  3.14159  0  -3.03884
-5.65487  0  3.14159  0  -4.06054
-4.39823  0  3.14159  0  -4.94977
-3.14159  0  3.14159  0  -6.42035
-1.88496  0  3.14159  0  -9.70236
-0.628319  0  3.14159  0  -8.53276
0.628319  0  3.14159  0  8.45261
1.88496  0  3.14159  0  9.69862
3.14159  0  3.14159  0  6.4104
4.39823  0  3.14159  0  4.9457
5.65487  0  3.14159  0  4.07014
8.16814  0  3.14159  0  3.03907
10.6814  0  3.14159  0  2.43597
14.4513  0  3.14159  0  1.87544
33.3009  0  3.14159  0  0.859747
-29.531  3.14159  0  0  -0.966144
-14.4513  3.14159  0  0  -1.87712
-8.16814  3.14159  0  0  -3.03884
-5.65487  3.14159  0  0  -4.06054
-4.39823  3.14159  0  0  -4.94977
-3.14159  3.14159  0  0  -6.42035
-1.88496  3.14159  0  0  -9.70236
-0.628319  3.14159  0  0  -8.53276
0.628319  3.14159  0  0  8.45261
1.88496  3.14159  0  0  9.69862
3.14159  3.14159  0  0  6.4104
4.39823  3.14159  0  0  4.9457
5.65487  3.14159  0  0  4.07014
8.16814  3.14159  0  0  3.03907
10.6814  3.14159  0  0  2.43597
14.4513  3.14159  0  0  1.87544
33.3009  3.14159  0  0  0.859747
-29.531  3.14159  3.14159  -0.00306745  -0.961249
-14.4513  3.14159  3.14159  -0.00976382  -1.8343
-8.16814  3.14159  3.14159  -0.0218287  -2.79632
-5.65487  3.14159  3.14159  -0.0388229  -3.37006
-4.39823  3.14159  3.14159  -0.0559225  -3.62279
-3.14159  3.14159  3.14159  -0.0735305  -3.64984
-1.88496  3.14159  3.14159  -0.0828815  -3.05914
-0.628319  3.14159  3.14159  -0.10038  -1.42001
0.628319  3.14159  3.14159  -0.0877346  1.3961
1.88496  3.14159  3.14159  -0.0859686  3.05951
3.14159  3.14159  3.14159  -0.0771296  3.64691
4.39823  3.14159  3.14159  -0.0529988  3.62166
5.65487  3.14159  3.14159  -0.0392486  3.37315
8.16814  3.14159  3.14159  -0.0218947  2.79616
10.6814  3.14159  3.14159  -0.0149983  2.32892
14.4513  3.14159  3.14159  -0.0096092  1.83387
33.3009  3.14159  3.14159  -0.00253488  0.856716
