-29.531  0  0  0.0035296  -0.00290661
-14.4513  0  0  0.0104245  -0.0126981
-8.16814  0  0  0.0151836  -0.0278392
-5.65487  0  0  0.0149258  -0.0323913
-4.39823  0  0  0.0151531  -0.0343255
-3.14159  0  0  0.00928768  -0.0291553
-1.88496  0  0  -0.00369468  -0.0193582
-0.628319  0  0  -0.0647635  -0.0938406
0.628319  0  0  -0.00973371  0.139765
1.88496  0  0  -0.00021775  0.0256887
3.14159  0  0  0.00816738  0.0317731
4.39823  0  0  0.0152964  0.0352905
5.65487  0  0  0.0149579  0.0323956
8.16814  0  0  0.0156076  0.0276882
10.6814  0  0  0.0142761  0.0204983
14.4513  0  0  0.0101895  0.012679
33.3009  0  0  0.00297795  0.00217852
-29.531  0  3.14159  0  -0.00324274
-14.4513  0  3.14159  0  -0.0161643
-8.16814  0  3.14159  0  -0.0367911
-5.65487  0  3.14159  0  -0.0503109
-4.39823  0  3.14159  0  -0.0568536
-3.14159  0  3.14159  0  -0.0544481
-1.88496  0  3.14159  0  -0.0449018
-0.628319  0  3.14159  0  -0.0323232
0.628319  0  3.14159  0  0.0693655
1.88496  0  3.14159  0  0.0486024
3.14159  0  3.14159  0  0.0549425
4.39823  0  3.14159  0  0.0550006
5.65487  0  3.14159  0  0.0498593
8.16814  0  3.14159  0  0.0377613
10.6814  0  3.14159  0  0.0266535
14.4513  0  3.14159  0  0.0161145
33.3009  0  3.14159  0  0.00238539
-29.531  3.14159  0  0  -0.00324274
-14.4513  3.14159  0  0  -0.0161643
-8.16814  3.14159  0  0  -0.0367911
-5.65487  3.14159  0  0  -0.0503109
-4.39823  3.14159  0  0  -0.0568536
-3.14159  3.14159  0  0  -0.0544481
-1.88496  3.14159  0  0  -0.0449018
-0.628319  3.14159  0  0  -0.0323232
0.628319  3.14159  0  0  0.0693655
1.88496  3.14159  0  0  0.0486024
3.14159  3.14159  0  0  0.0549425
4.39823  3.14159  0  0  0.0550006
5.65487  3.14159  0  0  0.0498593
8.16814  3.14159  0  0  0.0377613
10.6814  3.14159  0  0  0.0266535
14.4513  3.14159  0  0  0.0161145
33.3009  3.14159  0  0  0.00238539
-29.531  3.14159  3.14159  0.0036575  -0.00288818
-14.4513  3.14159  3.14159  0.0105992  -0.0129521
-8.16814  3.14159  3.14159  0.0160172  -0.0271914
-5.65487  3.14159  3.14159  0.0173776  -0.0338038
-4.39823  3.14159  3.14159  0.0164726  -0.0346239
-3.14159  3.14159  3.14159  0.0135564  -0.0309263
-1.88496  3.14159  3.14159  0.0105223  -0.0242228
-0.628319  3.14159  3.14159  -0.0183314  -0.0408327
0.628319  3.14159  3.14159  -0.00884833  0.0551711
1.88496  3.14159  3.14159  0.00899855  0.0224255
3.14159  3.14159  3.14159  0.0137938  0.0320546
4.39823  3.14159  3.14159  0.016485  0.0346915
5.65487  3.14159  3.14159  0.0171142  0.0332195
8.16814  3.14159  3.14159  0.0161753  0.0273192
10.6814  3.14159  3.14159  0.0142783  0.0205238
14.4513  3.14159  3.14159  0.0105739  0.0129801
33.3009  3.14159  3.14159  0.00303078  0.00214294
