-29.531  0  0  0.000258543  0.0142231
-14.4513  0  0  0.000964341  0.0287339
-8.16814  0  0  0.00276664  0.0422889
-5.65487  0  0  0.00408381  0.04629
-4.39823  0  0  0.00554347  0.0452659
-3.14159  0  0  0.0062843  0.0386384
-1.88496  0  0  0.0099783  0.027393
-0.628319  0  0  0.0104086  0.00837474
0.628319  0  0  0.0103753  -0.00819975
1.88496  0  0  0.00986492  -0.0271466
3.14159  0  0  0.00614484  -0.0389695
4.39823  0  0  0.00554946  -0.0451611
5.65487  0  0  0.00371506  -0.0463989
8.16814  0  0  0.00239686  -0.0422491
10.6814  0  0  0.00144361  -0.0364657
14.4513  0  0  0.000901831  -0.0286936
33.3009  0  0  9.17018e-05  -0.0126058
-29.531  0  3.14159  0  0.0143615
-14.4513  0  3.14159  0  0.0282457
-8.16814  0  3.14159  0  0.0433039
-5.65487  0  3.14159  0  0.0508737
-4.39823  0  3.14159  0  0.0532119
-3.14159  0  3.14159  0  0.0511775
-1.88496  0  3.14159  0  0.0401106
-0.628319  0  3.14159  0  0.015849
0.628319  0  3.14159  0  -0.0159555
1.88496  0  3.14159  0  -0.040197
3.14159  0  3.14159  0  -0.0512356
4.39823  0  3.14159  0  -0.0532242
5.65487  0  3.14159  0  -0.050894
8.16814  0  3.14159  0  -0.043314
10.6814  0  3.14159  0  -0.0361965
14.4513  0  3.14159  0  -0.0282453
33.3009  0  3.14159  0  -0.012767
-29.531  3.14159  0  0  0.0143615
-14.4513  3.14159  0  0  0.0282457
-8.16814  3.14159  0  0  0.0433039
-5.65487  3.14159  0  0  0.0508737
-4.39823  3.14159  0  0  0.0532119
-3.14159  3.14159  0  0  0.0511775
-1.88496  3.14159  0  0  0.0401106
-0.628319  3.14159  0  0  0.015849
0.628319  3.14159  0  0  -0.0159555
1.88496  3.14159  0  0  -0.040197
3.14159  3.14159  0  0  -0.0512356
4.39823  3.14159  0  0  -0.0532242
5.65487  3.14159  0  0  -0.050894
8.16814  3.14159  0  0  -0.043314
10.6814  3.14159  0  0  -0.0361965
14.4513  3.14159  0  0  -0.0282453
33.3009  3.14159  0  0  -0.012767
-29.531  3.14159  3.14159  0.000176506  0.0144449
-14.4513  3.14159  3.14159  0.000812368  0.0286446
-8.16814  3.14159  3.14159  0.00227113  0.0429473
-5.65487  3.14159  3.14159  0.00395197  0.0468796
-4.39823  3.14159  3.14159  0.00519989  0.0457568
-3.14159  3.14159  3.14159  0.00669039  0.0399876
-1.88496  3.14159  3.14159  0.00837628  0.0291247
-0.628319  3.14159  3.14159  0.0114146  0.0113767
0.628319  3.14159  3.14159  0.0113321  -0.0115402
1.88496  3.14159  3.14159  0.0085214  -0.0292729
3.14159  3.14159  3.14159  0.00662525  -0.0399989
4.39823  3.14159  3.14159  0.00521363  -0.0457455
5.65487  3.14159  3.14159  0.00389464  -0.0468789
8.16814  3.14159  3.14159  0.0023102  -0.0429599
10.6814  3.14159  3.14159  0.00141309  -0.0366033
14.4513  3.14159  3.14159  0.000757476  -0.0286467
33.3009  3.14159  3.14159  0.000139249  -0.0128022
