-29.531  0  0  0.0236346  0.203606
-14.4513  0  0  0.0720841  0.310442
-8.16814  0  0  0.131872  0.331964
-5.65487  0  0  0.168209  0.298628
-4.39823  0  0  0.187832  0.261781
-3.14159  0  0  0.206421  0.207225
-1.88496  0  0  0.221412  0.134267
-0.628319  0  0  0.229913  0.0467562
0.628319  0  0  0.229912  -0.0463794
1.88496  0  0  0.221409  -0.13389
3.14159  0  0  0.206415  -0.206847
4.39823  0  0  0.187824  -0.261402
5.65487  0  0  0.168198  -0.298249
8.16814  0  0  0.131842  -0.331585
10.6814  0  0  0.102789  -0.332722
14.4513  0  0  0.0721085  -0.309961
33.3009  0  0  0.0195148  -0.184675
-29.531  0  3.14159  0  0.203364
-14.4513  0  3.14159  0  0.310587
-8.16814  0  3.14159  0  0.3368
-5.65487  0  3.14159  0  0.310344
-4.39823  0  3.14159  0  0.278135
-3.14159  0  3.14159  0  0.226842
-1.88496  0  3.14159  0  0.151906
-0.628319  0  3.14159  0  0.0541523
0.628319  0  3.14159  0  -0.0537749
1.88496  0  3.14159  0  -0.151529
3.14159  0  3.14159  0  -0.226464
4.39823  0  3.14159  0  -0.277756
5.65487  0  3.14159  0  -0.309964
8.16814  0  3.14159  0  -0.33641
10.6814  0  3.14159  0  -0.334433
14.4513  0  3.14159  0  -0.310114
33.3009  0  3.14159  0  -0.184467
-29.531  3.14159  0  0  0.203364
-14.4513  3.14159  0  0  0.310587
-8.16814  3.14159  0  0  0.3368
-5.65487  3.14159  0  0  0.310344
-4.39823  3.14159  0  0  0.278135
-3.14159  3.14159  0  0  0.226842
-1.88496  3.14159  0  0  0.151906
-0.628319  3.14159  0  0  0.0541523
0.628319  3.14159  0  0  -0.0537749
1.88496  3.14159  0  0  -0.151529
3.14159  3.14159  0  0  -0.226464
4.39823  3.14159  0  0  -0.277756
5.65487  3.14159  0  0  -0.309964
8.16814  3.14159  0  0  -0.33641
10.6814  3.14159  0  0  -0.334433
14.4513  3.14159  0  0  -0.310114
33.3009  3.14159  0  0  -0.184467
-29.531  3.14159  3.14159  0.0236189  0.203577
-14.4513  3.14159  3.14159  0.0718824  0.310338
-8.16814  3.14159  3.14159  0.13107  0.332047
-5.65487  3.14159  3.14159  0.166813  0.299396
-4.39823  3.14159  3.14159  0.186143  0.263434
-3.14159  3.14159  3.14159  0.204784  0.210547
-1.88496  3.14159  3.14159  0.221432  0.140649
-0.628319  3.14159  3.14159  0.239151  0.0551887
0.628319  3.14159  3.14159  0.23915  -0.0548109
1.88496  3.14159  3.14159  0.221428  -0.140271
3.14159  3.14159  3.14159  0.204778  -0.210168
4.39823  3.14159  3.14159  0.186134  -0.263053
5.65487  3.14159  3.14159  0.166801  -0.299014
8.16814  3.14159  3.14159  0.131042  -0.331662
10.6814  3.14159  3.14159  0.102347  -0.332641
14.4513  3.14159  3.14159  0.0719115  -0.309863
33.3009  3.14159  3.14159  0.0195036  -0.184653
