-29.531  0  0  0.00276749  -0.0108727
-14.4513  0  0  0.0124042  -0.0138039
-8.16814  0  0  0.023707  -0.0177663
-5.65487  0  0  0.0275866  -0.0200033
-4.39823  0  0  0.0282133  -0.0200565
-3.14159  0  0  0.0276083  -0.0181088
-1.88496  0  0  0.0261085  -0.0130705
-0.628319  0  0  0.0247951  -0.00483309
0.628319  0  0  0.0247948  0.00483073
1.88496  0  0  0.0261083  0.013068
3.14159  0  0  0.0276077  0.018106
4.39823  0  0  0.0282126  0.020053
5.65487  0  0  0.0275846  0.0199984
8.16814  0  0  0.0237008  0.0177672
10.6814  0  0  0.0187259  0.0156362
14.4513  0  0  0.0124134  0.0138066
33.3009  0  0  0.00207217  0.0102486
-29.531  0  3.14159  0  -0.0113772
-14.4513  0  3.14159  0  -0.0167396
-8.16814  0  3.14159  0  -0.0246447
-5.65487  0  3.14159  0  -0.0292423
-4.39823  0  3.14159  0  -0.0304982
-3.14159  0  3.14159  0  -0.029205
-1.88496  0  3.14159  0  -0.0227507
-0.628319  0  3.14159  0  -0.00896785
0.628319  0  3.14159  0  0.0089633
1.88496  0  3.14159  0  0.0227463
3.14159  0  3.14159  0  0.0292007
4.39823  0  3.14159  0  0.0304941
5.65487  0  3.14159  0  0.0292385
8.16814  0  3.14159  0  0.0246423
10.6814  0  3.14159  0  0.0205714
14.4513  0  3.14159  0  0.0167383
33.3009  0  3.14159  0  0.0106077
-29.531  3.14159  0  0  -0.0113772
-14.4513  3.14159  0  0  -0.0167396
-8.16814  3.14159  0  0  -0.0246447
-5.65487  3.14159  0  0  -0.0292423
-4.39823  3.14159  0  0  -0.0304982
-3.14159  3.14159  0  0  -0.029205
-1.88496  3.14159  0  0  -0.0227507
-0.628319  3.14159  0  0  -0.00896785
0.628319  3.14159  0  0  0.0089633
1.88496  3.14159  0  0  0.0227463
3.14159  3.14159  0  0  0.0292007
4.39823  3.14159  0  0  0.0304941
5.65487  3.14159  0  0  0.0292385
8.16814  3.14159  0  0  0.0246423
10.6814  3.14159  0  0  0.0205714
14.4513  3.14159  0  0  0.0167383
33.3009  3.14159  0  0  0.0106077
-29.531  3.14159  3.14159  0.00264496  -0.01097
-14.4513  3.14159  3.14159  0.0122009  -0.0142585
-8.16814  3.14159  3.14159  0.0237672  -0.0185547
-5.65487  3.14159  3.14159  0.0282004  -0.0207858
-4.39823  3.14159  3.14159  0.029399  -0.0208552
-3.14159  3.14159  3.14159  0.0297007  -0.019232
-1.88496  3.14159  3.14159  0.0294604  -0.0159915
-0.628319  3.14159  3.14159  0.0225921  -0.0173331
0.628319  3.14159  3.14159  0.0225914  0.01733
1.88496  3.14159  3.14159  0.0294595  0.0159887
3.14159  3.14159  3.14159  0.0296993  0.0192291
4.39823  3.14159  3.14159  0.0293971  0.0208525
5.65487  3.14159  3.14159  0.028198  0.0207837
8.16814  3.14159  3.14159  0.023765  0.0185544
10.6814  3.14159  3.14159  0.0185963  0.0163034
14.4513  3.14159  3.14159  0.0122068  0.0142597
33.3009  3.14159  3.14159  0.001966  0.0103199
