-29.531  0  0  0.00269476  -0.00974595
-14.4513  0  0  0.0117902  -0.0123493
-8.16814  0  0  0.0217619  -0.0160172
-5.65487  0  0  0.0248844  -0.0177839
-4.39823  0  0  0.0252744  -0.0175772
-3.14159  0  0  0.0246929  -0.0155811
-1.88496  0  0  0.0235958  -0.0110642
-0.628319  0  0  0.022536  -0.00406405
0.628319  0  0  0.0224815  0.00402173
1.88496  0  0  0.0235359  0.0111159
3.14159  0  0  0.0247652  0.0155848
4.39823  0  0  0.0253021  0.0175663
5.65487  0  0  0.0248751  0.0177775
8.16814  0  0  0.0217535  0.016024
10.6814  0  0  0.0174717  0.0141015
14.4513  0  0  0.011799  0.0123445
33.3009  0  0  0.00201791  0.00920758
-29.531  0  3.14159  0  -0.0102402
-14.4513  0  3.14159  0  -0.0151829
-8.16814  0  3.14159  0  -0.0225143
-5.65487  0  3.14159  0  -0.026343
-4.39823  0  3.14159  0  -0.0270477
-3.14159  0  3.14159  0  -0.0252954
-1.88496  0  3.14159  0  -0.0191176
-0.628319  0  3.14159  0  -0.0073437
0.628319  0  3.14159  0  0.00734463
1.88496  0  3.14159  0  0.0191183
3.14159  0  3.14159  0  0.025295
4.39823  0  3.14159  0  0.0270457
5.65487  0  3.14159  0  0.0263403
8.16814  0  3.14159  0  0.0225121
10.6814  0  3.14159  0  0.0188047
14.4513  0  3.14159  0  0.0151814
33.3009  0  3.14159  0  0.00956226
-29.531  3.14159  0  0  -0.0102402
-14.4513  3.14159  0  0  -0.0151829
-8.16814  3.14159  0  0  -0.0225143
-5.65487  3.14159  0  0  -0.026343
-4.39823  3.14159  0  0  -0.0270477
-3.14159  3.14159  0  0  -0.0252954
-1.88496  3.14159  0  0  -0.0191176
-0.628319  3.14159  0  0  -0.0073437
0.628319  3.14159  0  0  0.00734463
1.88496  3.14159  0  0  0.0191183
3.14159  3.14159  0  0  0.025295
4.39823  3.14159  0  0  0.0270457
5.65487  3.14159  0  0  0.0263403
8.16814  3.14159  0  0  0.0225121
10.6814  3.14159  0  0  0.0188047
14.4513  3.14159  0  0  0.0151814
33.3009  3.14159  0  0  0.00956226
-29.531  3.14159  3.14159  0.0025958  -0.00982899
-14.4513  3.14159  3.14159  0.0116535  -0.0127323
-8.16814  3.14159  3.14159  0.0218906  -0.0166868
-5.65487  3.14159  3.14159  0.0254398  -0.0184677
-4.39823  3.14159  3.14159  0.0262758  -0.0182518
-3.14159  3.14159  3.14159  0.0262266  -0.0164182
-1.88496  3.14159  3.14159  0.0257545  -0.0128214
-0.628319  3.14159  3.14159  0.0214789  -0.00957733
0.628319  3.14159  3.14159  0.02144  0.00954925
1.88496  3.14159  3.14159  0.0256975  0.0128402
3.14159  3.14159  3.14159  0.0262949  0.0164053
4.39823  3.14159  3.14159  0.0262296  0.0182509
5.65487  3.14159  3.14159  0.0254495  0.0184561
8.16814  3.14159  3.14159  0.0218817  0.0166987
10.6814  3.14159  3.14159  0.0174153  0.014659
14.4513  3.14159  3.14159  0.011649  0.0127331
33.3009  3.14159  3.14159  0.00192877  0.00927052
