-29.531  0  0  0.39402  -0.0355783
-14.4513  0  0  0.21199  -0.41515
-8.16814  0  0  1.89722  -0.110368
-5.65487  0  0  0.999465  -3.05944
-4.39823  0  0  -4.27935  0.279448
-3.14159  0  0  4.0974  -5.88057
-1.88496  0  0  12.1718  -14.5425
-0.628319  0  0  221.58  264.965
0.628319  0  0  134.639  -337.057
1.88496  0  0  13.4076  8.44731
3.14159  0  0  11.4071  2.07942
4.39823  0  0  -3.44978  -2.19028
5.65487  0  0  2.05209  4.83417
8.16814  0  0  2.55246  -1.01965
10.6814  0  0  -0.12825  -0.473149
14.4513  0  0  0.325774  0.272553
33.3009  0  0  0.0273303  -0.063902
-29.531  0  3.14159  0  -0.00322641
-14.4513  0  3.14159  0  -0.0158242
-8.16814  0  3.14159  0  -0.0371151
-5.65487  0  3.14159  0  -0.0495591
-4.39823  0  3.14159  0  -0.0600228
-3.14159  0  3.14159  0  -0.0539379
-1.88496  0  3.14159  0  -0.0427614
-0.628319  0  3.14159  0  -0.0228041
0.628319  0  3.14159  0  0.0516831
1.88496  0  3.14159  0  0.0456148
3.14159  0  3.14159  0  0.0507791
4.39823  0  3.14159  0  0.0590616
5.65487  0  3.14159  0  0.0484769
8.16814  0  3.14159  0  0.0384193
10.6814  0  3.14159  0  0.0264656
14.4513  0  3.14159  0  0.0160342
33.3009  0  3.14159  0  0.00235542
-29.531  3.14159  0  0  -0.00322641
-14.4513  3.14159  0  0  -0.0158242
-8.16814  3.14159  0  0  -0.0371151
-5.65487  3.14159  0  0  -0.0495591
-4.39823  3.14159  0  0  -0.0600228
-3.14159  3.14159  0  0  -0.0539379
-1.88496  3.14159  0  0  -0.0427614
-0.628319  3.14159  0  0  -0.0228041
0.628319  3.14159  0  0  0.0516831
1.88496  3.14159  0  0  0.0456148
3.14159  3.14159  0  0  0.0507791
4.39823  3.14159  0  0  0.0590616
5.65487  3.14159  0  0  0.0484769
8.16814  3.14159  0  0  0.0384193
10.6814  3.14159  0  0  0.0264656
14.4513  3.14159  0  0  0.0160342
33.3009  3.14159  0  0  0.00235542
-29.531  3.14159  3.14159  0.520155  0.133147
-14.4513  3.14159  3.14159  0.510984  -0.51514
-8.16814  3.14159  3.14159  2.83194  1.04761
-5.65487  3.14159  3.14159  2.71143  -2.31288
-4.39823  3.14159  3.14159  -5.97328  -2.21185
-3.14159  3.14159  3.14159  4.9446  -1.57071
-1.88496  3.14159  3.14159  21.2935  -9.98871
-0.628319  3.14159  3.14159  137.82  418.529
0.628319  3.14159  3.14159  294.357  -329.754
1.88496  3.14159  3.14159  8.73586  21.0657
3.14159  3.14159  3.14159  13.325  6.91721
4.39823  3.14159  3.14159  -4.2734  -4.77748
5.65487  3.14159  3.14159  0.704415  6.51155
8.16814  3.14159  3.14159  4.31967  -0.0484673
10.6814  3.14159  3.14159  -0.0496008  -0.704352
14.4513  3.14159  3.14159  0.157527  0.482101
33.3009  3.14159  3.14159  -0.00704808  -0.0956644
