-29.531  0  0  0.00369275  -0.00288944
-14.4513  0  0  0.0105221  -0.0129615
-8.16814  0  0  0.0160585  -0.0271734
-5.65487  0  0  0.0161135  -0.0333636
-4.39823  0  0  0.0146063  -0.0340782
-3.14159  0  0  0.0118742  -0.0308893
-1.88496  0  0  0.00854831  -0.0222309
-0.628319  0  0  0.006755  -0.0092373
0.628319  0  0  0.00675953  0.00908788
1.88496  0  0  0.00855152  0.02225
3.14159  0  0  0.0118861  0.0308768
4.39823  0  0  0.0146224  0.034069
5.65487  0  0  0.0161331  0.0333524
8.16814  0  0  0.0160746  0.0271613
10.6814  0  0  0.0140168  0.0203652
14.4513  0  0  0.0105318  0.012952
33.3009  0  0  0.00300605  0.00214011
-29.531  0  3.14159  0  -0.00329183
-14.4513  0  3.14159  0  -0.0161679
-8.16814  0  3.14159  0  -0.0374015
-5.65487  0  3.14159  0  -0.0503003
-4.39823  0  3.14159  0  -0.0553268
-3.14159  0  3.14159  0  -0.0553748
-1.88496  0  3.14159  0  -0.0444708
-0.628319  0  3.14159  0  -0.0179725
0.628319  0  3.14159  0  0.0180798
1.88496  0  3.14159  0  0.0444179
3.14159  0  3.14159  0  0.0553972
4.39823  0  3.14159  0  0.0553338
5.65487  0  3.14159  0  0.0502931
8.16814  0  3.14159  0  0.0373995
10.6814  0  3.14159  0  0.0266744
14.4513  0  3.14159  0  0.0161601
33.3009  0  3.14159  0  0.00241363
-29.531  3.14159  0  0  -0.00329183
-14.4513  3.14159  0  0  -0.0161679
-8.16814  3.14159  0  0  -0.0374015
-5.65487  3.14159  0  0  -0.0503003
-4.39823  3.14159  0  0  -0.0553268
-3.14159  3.14159  0  0  -0.0553748
-1.88496  3.14159  0  0  -0.0444708
-0.628319  3.14159  0  0  -0.0179725
0.628319  3.14159  0  0  0.0180798
1.88496  3.14159  0  0  0.0444179
3.14159  3.14159  0  0  0.0553972
4.39823  3.14159  0  0  0.0553338
5.65487  3.14159  0  0  0.0502931
8.16814  3.14159  0  0  0.0373995
10.6814  3.14159  0  0  0.0266744
14.4513  3.14159  0  0  0.0161601
33.3009  3.14159  0  0  0.00241363
-29.531  3.14159  3.14159  0.00369186  -0.00288564
-14.4513  3.14159  3.14159  0.0105757  -0.0129959
-8.16814  3.14159  3.14159  0.0164333  -0.0273532
-5.65487  3.14159  3.14159  0.0169635  -0.0336982
-4.39823  3.14159  3.14159  0.015855  -0.0345342
-3.14159  3.14159  3.14159  0.0137237  -0.0317914
-1.88496  3.14159  3.14159  0.0110018  -0.0246034
-0.628319  3.14159  3.14159  0.00399507  -0.0149115
0.628319  3.14159  3.14159  0.00390585  0.0148616
1.88496  3.14159  3.14159  0.0110227  0.0246025
3.14159  3.14159  3.14159  0.0137433  0.0317916
4.39823  3.14159  3.14159  0.0158706  0.0345319
5.65487  3.14159  3.14159  0.0169819  0.0336924
8.16814  3.14159  3.14159  0.01645  0.0273398
10.6814  3.14159  3.14159  0.0141762  0.0204651
14.4513  3.14159  3.14159  0.0105846  0.0129877
33.3009  3.14159  3.14159  0.0030035  0.00213746
