-29.531  0  0  -0.00613558  0.38245
-14.4513  0  0  -0.0275107  0.770372
-8.16814  0  0  -0.0838661  1.2993
-5.65487  0  0  -0.151398  1.74408
-4.39823  0  0  -0.210594  2.06701
-3.14159  0  0  -0.299606  2.4543
-1.88496  0  0  -0.431961  2.70843
-0.628319  0  0  -0.58924  1.73543
0.628319  0  0  -0.589239  -1.73543
1.88496  0  0  -0.43196  -2.70843
3.14159  0  0  -0.299605  -2.4543
4.39823  0  0  -0.210593  -2.06701
5.65487  0  0  -0.151397  -1.74408
8.16814  0  0  -0.0838661  -1.2993
10.6814  0  0  -0.0507683  -1.0234
14.4513  0  0  -0.0275106  -0.770373
33.3009  0  0  -0.0047794  -0.339422
-29.531  0  3.14159  0  0.384021
-14.4513  0  3.14159  0  0.783325
-8.16814  0  3.14159  0  1.35938
-5.65487  0  3.14159  0  1.88745
-4.39823  0  3.14159  0  2.31957
-3.14159  0  3.14159  0  2.9942
-1.88496  0  3.14159  0  4.33059
-0.628319  0  3.14159  0  12.3039
0.628319  0  3.14159  0  -12.3039
1.88496  0  3.14159  0  -4.33059
3.14159  0  3.14159  0  -2.9942
4.39823  0  3.14159  0  -2.31957
5.65487  0  3.14159  0  -1.88745
8.16814  0  3.14159  0  -1.35938
10.6814  0  3.14159  0  -1.05341
14.4513  0  3.14159  0  -0.78333
33.3009  0  3.14159  0  -0.340522
-29.531  3.14159  0  0  0.384021
-14.4513  3.14159  0  0  0.783325
-8.16814  3.14159  0  0  1.35938
-5.65487  3.14159  0  0  1.88745
-4.39823  3.14159  0  0  2.31957
-3.14159  3.14159  0  0  2.9942
-1.88496  3.14159  0  0  4.33059
-0.628319  3.14159  0  0  12.3039
0.628319  3.14159  0  0  -12.3039
1.88496  3.14159  0  0  -4.33059
3.14159  3.14159  0  0  -2.9942
4.39823  3.14159  0  0  -2.31957
5.65487  3.14159  0  0  -1.88745
8.16814  3.14159  0  0  -1.35938
10.6814  3.14159  0  0  -1.05341
14.4513  3.14159  0  0  -0.78333
33.3009  3.14159  0  0  -0.340522
-29.531  3.14159  3.14159  0.00569843  0.382468
-14.4513  3.14159  3.14159  0.0258276  0.770543
-8.16814  3.14159  3.14159  0.0796877  1.3001
-5.65487  3.14159  3.14159  0.145171  1.74579
-4.39823  3.14159  3.14159  0.203587  2.06959
-3.14159  3.14159  3.14159  0.294105  2.45825
-1.88496  3.14159  3.14159  0.438266  2.71441
-0.628319  3.14159  3.14159  0.639518  1.74254
0.628319  3.14159  3.14159  0.639519  -1.74254
1.88496  3.14159  3.14159  0.438267  -2.71441
3.14159  3.14159  3.14159  0.294106  -2.45825
4.39823  3.14159  3.14159  0.203588  -2.06959
5.65487  3.14159  3.14159  0.145172  -1.74579
8.16814  3.14159  3.14159  0.0796887  -1.3001
10.6814  3.14159  3.14159  0.0479565  -1.02381
14.4513  3.14159  3.14159  0.0258267  -0.770544
33.3009  3.14159  3.14159  0.00443577  -0.339435
