-29.531  0  0  0.0227708  -0.0482759
-14.4513  0  0  0.0531339  -0.102989
-8.16814  0  0  0.061277  -0.149492
-5.65487  0  0  0.0503987  -0.15647
-4.39823  0  0  0.0395307  -0.147785
-3.14159  0  0  0.0259351  -0.125084
-1.88496  0  0  0.0125716  -0.0853332
-0.628319  0  0  0.00400782  -0.0305097
0.628319  0  0  0.00400477  0.0304945
1.88496  0  0  0.012563  0.085319
3.14159  0  0  0.0259226  0.125071
4.39823  0  0  0.0395167  0.147775
5.65487  0  0  0.0503867  0.156463
8.16814  0  0  0.0612745  0.149479
10.6814  0  0  0.0613758  0.13071
14.4513  0  0  0.0531151  0.102966
33.3009  0  0  0.0187602  0.0422237
-29.531  0  3.14159  0  -0.052732
-14.4513  0  3.14159  0  -0.122838
-8.16814  0  3.14159  0  -0.189696
-5.65487  0  3.14159  0  -0.208656
-4.39823  0  3.14159  0  -0.205375
-3.14159  0  3.14159  0  -0.183714
-1.88496  0  3.14159  0  -0.13334
-0.628319  0  3.14159  0  -0.0498952
0.628319  0  3.14159  0  0.0498566
1.88496  0  3.14159  0  0.133304
3.14159  0  3.14159  0  0.183681
4.39823  0  3.14159  0  0.205345
5.65487  0  3.14159  0  0.208628
8.16814  0  3.14159  0  0.189668
10.6814  0  3.14159  0  0.161111
14.4513  0  3.14159  0  0.122811
33.3009  0  3.14159  0  0.0455178
-29.531  3.14159  0  0  -0.052732
-14.4513  3.14159  0  0  -0.122838
-8.16814  3.14159  0  0  -0.189696
-5.65487  3.14159  0  0  -0.208656
-4.39823  3.14159  0  0  -0.205375
-3.14159  3.14159  0  0  -0.183714
-1.88496  3.14159  0  0  -0.13334
-0.628319  3.14159  0  0  -0.0498952
0.628319  3.14159  0  0  0.0498566
1.88496  3.14159  0  0  0.133304
3.14159  3.14159  0  0  0.183681
4.39823  3.14159  0  0  0.205345
5.65487  3.14159  0  0  0.208628
8.16814  3.14159  0  0  0.189668
10.6814  3.14159  0  0  0.161111
14.4513  3.14159  0  0  0.122811
33.3009  3.14159  0  0  0.0455178
-29.531  3.14159  3.14159  0.0224736  -0.0485022
-14.4513  3.14159  3.14159  0.0527405  -0.103969
-8.16814  3.14159  3.14159  0.0620557  -0.151163
-5.65487  3.14159  3.14159  0.0530232  -0.158469
-4.39823  3.14159  3.14159  0.0437481  -0.150317
-3.14159  3.14159  3.14159  0.0322311  -0.129294
-1.88496  3.14159  3.14159  0.0204156  -0.0952789
-0.628319  3.14159  3.14159  -0.00677223  -0.0566885
0.628319  3.14159  3.14159  -0.00677585  0.0566726
1.88496  3.14159  3.14159  0.0204068  0.0952646
3.14159  3.14159  3.14159  0.0322188  0.129281
4.39823  3.14159  3.14159  0.0437343  0.150306
5.65487  3.14159  3.14159  0.0530104  0.15846
8.16814  3.14159  3.14159  0.0620507  0.151152
10.6814  3.14159  3.14159  0.0613642  0.132111
14.4513  3.14159  3.14159  0.0527226  0.103946
33.3009  3.14159  3.14159  0.0185083  0.0423904
