-29.531  0  0  0.000202258  -0.00967456
-14.4513  0  0  0.00307988  -0.0696041
-8.16814  0  0  0.018879  -0.280843
-5.65487  0  0  0.0465877  -0.604619
-4.39823  0  0  0.0796029  -0.945959
-3.14159  0  0  0.143999  -1.54027
-1.88496  0  0  0.30927  -2.34599
-0.628319  0  0  0.712927  -1.99339
0.628319  0  0  0.548978  1.81585
1.88496  0  0  0.312683  2.33213
3.14159  0  0  0.149979  1.53894
4.39823  0  0  0.0794835  0.949409
5.65487  0  0  0.0476287  0.603869
8.16814  0  0  0.0192191  0.280265
10.6814  0  0  0.00879404  0.149796
14.4513  0  0  0.00342604  0.0695729
33.3009  0  0  0.000122437  0.00680769
-29.531  0  3.14159  0  -0.0103262
-14.4513  0  3.14159  0  -0.0707486
-8.16814  0  3.14159  0  -0.277812
-5.65487  0  3.14159  0  -0.579203
-4.39823  0  3.14159  0  -0.852487
-3.14159  0  3.14159  0  -1.49406
-1.88496  0  3.14159  0  -2.77075
-0.628319  0  3.14159  0  -18.292
0.628319  0  3.14159  0  15.9285
1.88496  0  3.14159  0  2.58019
3.14159  0  3.14159  0  1.47923
4.39823  0  3.14159  0  0.898011
5.65487  0  3.14159  0  0.568613
8.16814  0  3.14159  0  0.270172
10.6814  0  3.14159  0  0.148148
14.4513  0  3.14159  0  0.0706545
33.3009  0  3.14159  0  0.00692526
-29.531  3.14159  0  0  -0.0103262
-14.4513  3.14159  0  0  -0.0707486
-8.16814  3.14159  0  0  -0.277812
-5.65487  3.14159  0  0  -0.579203
-4.39823  3.14159  0  0  -0.852487
-3.14159  3.14159  0  0  -1.49406
-1.88496  3.14159  0  0  -2.77075
-0.628319  3.14159  0  0  -18.292
0.628319  3.14159  0  0  15.9285
1.88496  3.14159  0  0  2.58019
3.14159  3.14159  0  0  1.47923
4.39823  3.14159  0  0  0.898011
5.65487  3.14159  0  0  0.568613
8.16814  3.14159  0  0  0.270172
10.6814  3.14159  0  0  0.148148
14.4513  3.14159  0  0  0.0706545
33.3009  3.14159  0  0  0.00692526
-29.531  3.14159  3.14159  -0.000194822  -0.0096832
-14.4513  3.14159  3.14159  -0.00255041  -0.0696921
-8.16814  3.14159  3.14159  -0.0136698  -0.281397
-5.65487  3.14159  3.14159  -0.0324801  -0.605027
-4.39823  3.14159  3.14159  -0.0520128  -0.946074
-3.14159  3.14159  3.14159  -0.100064  -1.5385
-1.88496  3.14159  3.14159  -0.237299  -2.34037
-0.628319  3.14159  3.14159  -0.592395  -1.98161
0.628319  3.14159  3.14159  -0.753307  1.80409
1.88496  3.14159  3.14159  -0.233442  2.32828
3.14159  3.14159  3.14159  -0.0939342  1.53715
4.39823  3.14159  3.14159  -0.0521451  0.949609
5.65487  3.14159  3.14159  -0.0313243  0.604464
8.16814  3.14159  3.14159  -0.0133427  0.280592
10.6814  3.14159  3.14159  -0.0062733  0.149993
14.4513  3.14159  3.14159  -0.00219856  0.0696262
33.3009  3.14159  3.14159  -0.000119603  0.00681398
