-29.531  0  0  0.00029005  0.0171167
-14.4513  0  0  0.00118816  0.0341557
-8.16814  0  0  0.00338036  0.052193
-5.65487  0  0  0.00578302  0.0588044
-4.39823  0  0  0.00769119  0.0583674
-3.14159  0  0  0.0100094  0.0519779
-1.88496  0  0  0.0124834  0.0371699
-0.628319  0  0  0.0140708  0.0135769
0.628319  0  0  0.013992  -0.0135304
1.88496  0  0  0.0124722  -0.0371036
3.14159  0  0  0.00997489  -0.0520245
4.39823  0  0  0.00767593  -0.058368
5.65487  0  0  0.00574875  -0.0588209
8.16814  0  0  0.00333917  -0.0521883
10.6814  0  0  0.00208767  -0.0439378
14.4513  0  0  0.001179  -0.0341511
33.3009  0  0  0.000213746  -0.0151885
-29.531  0  3.14159  0  0.0170418
-14.4513  0  3.14159  0  0.0336598
-8.16814  0  3.14159  0  0.0526162
-5.65487  0  3.14159  0  0.0638108
-4.39823  0  3.14159  0  0.0686815
-3.14159  0  3.14159  0  0.069268
-1.88496  0  3.14159  0  0.0575903
-0.628319  0  3.14159  0  0.0238661
0.628319  0  3.14159  0  -0.0238979
1.88496  0  3.14159  0  -0.0576181
3.14159  0  3.14159  0  -0.0692892
4.39823  0  3.14159  0  -0.0686912
5.65487  0  3.14159  0  -0.0638204
8.16814  0  3.14159  0  -0.0526219
10.6814  0  3.14159  0  -0.0434237
14.4513  0  3.14159  0  -0.0336612
33.3009  0  3.14159  0  -0.0151389
-29.531  3.14159  0  0  0.0170418
-14.4513  3.14159  0  0  0.0336598
-8.16814  3.14159  0  0  0.0526162
-5.65487  3.14159  0  0  0.0638108
-4.39823  3.14159  0  0  0.0686815
-3.14159  3.14159  0  0  0.069268
-1.88496  3.14159  0  0  0.0575903
-0.628319  3.14159  0  0  0.0238661
0.628319  3.14159  0  0  -0.0238979
1.88496  3.14159  0  0  -0.0576181
3.14159  3.14159  0  0  -0.0692892
4.39823  3.14159  0  0  -0.0686912
5.65487  3.14159  0  0  -0.0638204
8.16814  3.14159  0  0  -0.0526219
10.6814  3.14159  0  0  -0.0434237
14.4513  3.14159  0  0  -0.0336612
33.3009  3.14159  0  0  -0.0151389
-29.531  3.14159  3.14159  0.000212965  0.0171409
-14.4513  3.14159  3.14159  0.00092908  0.0342561
-8.16814  3.14159  3.14159  0.00270101  0.0526544
-5.65487  3.14159  3.14159  0.00473055  0.0598634
-4.39823  3.14159  3.14159  0.00639314  0.0601491
-3.14159  3.14159  3.14159  0.00868735  0.0552768
-1.88496  3.14159  3.14159  0.0122577  0.0435536
-0.628319  3.14159  3.14159  0.0236372  0.0243592
0.628319  3.14159  3.14159  0.0235899  -0.0243916
1.88496  3.14159  3.14159  0.0122773  -0.0435697
3.14159  3.14159  3.14159  0.00866237  -0.0552816
4.39823  3.14159  3.14159  0.00638249  -0.0601517
5.65487  3.14159  3.14159  0.00471531  -0.0598655
8.16814  3.14159  3.14159  0.00270362  -0.0526571
10.6814  3.14159  3.14159  0.00166366  -0.0441684
14.4513  3.14159  3.14159  0.000915235  -0.0342568
33.3009  3.14159  3.14159  0.000163218  -0.0152052
