-29.531  0  0  0.000210717  -0.0104042
-14.4513  0  0  0.00299329  -0.0782435
-8.16814  0  0  0.0167797  -0.335053
-5.65487  0  0  0.0389128  -0.759077
-4.39823  0  0  0.064494  -1.22836
-3.14159  0  0  0.125718  -2.03739
-1.88496  0  0  0.311391  -2.99775
-0.628319  0  0  0.717023  -1.97938
0.628319  0  0  0.717026  1.97939
1.88496  0  0  0.31139  2.99774
3.14159  0  0  0.125712  2.03739
4.39823  0  0  0.0644899  1.22836
5.65487  0  0  0.0389111  0.759077
8.16814  0  0  0.0167785  0.335053
10.6814  0  0  0.00795174  0.173116
14.4513  0  0  0.00299147  0.0782441
33.3009  0  0  0.000131353  0.00732579
-29.531  0  3.14159  0  -0.0103474
-14.4513  0  3.14159  0  -0.076523
-8.16814  0  3.14159  0  -0.312216
-5.65487  0  3.14159  0  -0.662794
-4.39823  0  3.14159  0  -1.02464
-3.14159  0  3.14159  0  -1.69781
-1.88496  0  3.14159  0  -3.48042
-0.628319  0  3.14159  0  -28.6456
0.628319  0  3.14159  0  28.6455
1.88496  0  3.14159  0  3.48042
3.14159  0  3.14159  0  1.69781
4.39823  0  3.14159  0  1.02464
5.65487  0  3.14159  0  0.662794
8.16814  0  3.14159  0  0.312216
10.6814  0  3.14159  0  0.166168
14.4513  0  3.14159  0  0.076523
33.3009  0  3.14159  0  0.00729413
-29.531  3.14159  0  0  -0.0103474
-14.4513  3.14159  0  0  -0.076523
-8.16814  3.14159  0  0  -0.312216
-5.65487  3.14159  0  0  -0.662794
-4.39823  3.14159  0  0  -1.02464
-3.14159  3.14159  0  0  -1.69781
-1.88496  3.14159  0  0  -3.48042
-0.628319  3.14159  0  0  -28.6456
0.628319  3.14159  0  0  28.6455
1.88496  3.14159  0  0  3.48042
3.14159  3.14159  0  0  1.69781
4.39823  3.14159  0  0  1.02464
5.65487  3.14159  0  0  0.662794
8.16814  3.14159  0  0  0.312216
10.6814  3.14159  0  0  0.166168
14.4513  3.14159  0  0  0.076523
33.3009  3.14159  0  0  0.00729413
-29.531  3.14159  3.14159  -0.000209684  -0.0104042
-14.4513  3.14159  3.14159  -0.0029929  -0.0782436
-8.16814  3.14159  3.14159  -0.0167791  -0.335053
-5.65487  3.14159  3.14159  -0.0389141  -0.759077
-4.39823  3.14159  3.14159  -0.0644916  -1.22836
-3.14159  3.14159  3.14159  -0.125721  -2.03739
-1.88496  3.14159  3.14159  -0.311387  -2.99775
-0.628319  3.14159  3.14159  -0.717038  -1.97938
0.628319  3.14159  3.14159  -0.717035  1.97939
1.88496  3.14159  3.14159  -0.311388  2.99774
3.14159  3.14159  3.14159  -0.125727  2.03739
4.39823  3.14159  3.14159  -0.0644956  1.22836
5.65487  3.14159  3.14159  -0.0389157  0.759076
8.16814  3.14159  3.14159  -0.0167803  0.335053
10.6814  3.14159  3.14159  -0.00795207  0.173116
14.4513  3.14159  3.14159  -0.00299488  0.078244
33.3009  3.14159  3.14159  -0.000131615  0.00732577
