-29.531  0  0  0.00124916  0.0444666
-14.4513  0  0  0.00601963  0.0853248
-8.16814  0  0  0.0160359  0.114569
-5.65487  0  0  0.0246354  0.115932
-4.39823  0  0  0.0301769  0.107752
-3.14159  0  0  0.0360513  0.0898974
-1.88496  0  0  0.041252  0.060643
-0.628319  0  0  0.0443927  0.0215547
0.628319  0  0  0.0444009  -0.0215086
1.88496  0  0  0.0412759  -0.0605986
3.14159  0  0  0.0360878  -0.0898561
4.39823  0  0  0.0302222  -0.107714
5.65487  0  0  0.0246856  -0.115899
8.16814  0  0  0.0160876  -0.114542
10.6814  0  0  0.0106252  -0.103548
14.4513  0  0  0.00607801  -0.085302
33.3009  0  0  0.00100229  -0.0394143
-29.531  0  3.14159  0  0.0442847
-14.4513  0  3.14159  0  0.0847546
-8.16814  0  3.14159  0  0.116982
-5.65487  0  3.14159  0  0.124678
-4.39823  0  3.14159  0  0.121519
-3.14159  0  3.14159  0  0.108039
-1.88496  0  3.14159  0  0.0781294
-0.628319  0  3.14159  0  0.0291883
0.628319  0  3.14159  0  -0.0290929
1.88496  0  3.14159  0  -0.0780392
3.14159  0  3.14159  0  -0.107958
4.39823  0  3.14159  0  -0.121446
5.65487  0  3.14159  0  -0.124614
8.16814  0  3.14159  0  -0.116931
10.6814  0  3.14159  0  -0.103658
14.4513  0  3.14159  0  -0.084712
33.3009  0  3.14159  0  -0.0392756
-29.531  3.14159  0  0  0.0442847
-14.4513  3.14159  0  0  0.0847546
-8.16814  3.14159  0  0  0.116982
-5.65487  3.14159  0  0  0.124678
-4.39823  3.14159  0  0  0.121519
-3.14159  3.14159  0  0  0.108039
-1.88496  3.14159  0  0  0.0781294
-0.628319  3.14159  0  0  0.0291883
0.628319  3.14159  0  0  -0.0290929
1.88496  3.14159  0  0  -0.0780392
3.14159  3.14159  0  0  -0.107958
4.39823  3.14159  0  0  -0.121446
5.65487  3.14159  0  0  -0.124614
8.16814  3.14159  0  0  -0.116931
10.6814  3.14159  0  0  -0.103658
14.4513  3.14159  0  0  -0.084712
33.3009  3.14159  0  0  -0.0392756
-29.531  3.14159  3.14159  0.00122629  0.0444701
-14.4513  3.14159  3.14159  0.00592449  0.0853372
-8.16814  3.14159  3.14159  0.0157097  0.114676
-5.65487  3.14159  3.14159  0.0240485  0.116335
-4.39823  3.14159  3.14159  0.0294443  0.108555
-3.14159  3.14159  3.14159  0.0353223  0.0914913
-1.88496  3.14159  3.14159  0.0412994  0.0637307
-0.628319  3.14159  3.14159  0.0489333  0.0256725
0.628319  3.14159  3.14159  0.0489431  -0.0256244
1.88496  3.14159  3.14159  0.0413246  -0.063686
3.14159  3.14159  3.14159  0.0353595  -0.0914499
4.39823  3.14159  3.14159  0.02949  -0.108518
5.65487  3.14159  3.14159  0.0240991  -0.116302
8.16814  3.14159  3.14159  0.0157621  -0.114649
10.6814  3.14159  3.14159  0.0104396  -0.103583
14.4513  3.14159  3.14159  0.00598283  -0.0853147
33.3009  3.14159  3.14159  0.000984002  -0.039417
