-29.531  0  0  -0.00623996  0.38898
-14.4513  0  0  -0.0279384  0.783383
-8.16814  0  0  -0.0851169  1.32085
-5.65487  0  0  -0.153715  1.77248
-4.39823  0  0  -0.213942  2.10055
-3.14159  0  0  -0.304663  2.49732
-1.88496  0  0  -0.43947  2.79091
-0.628319  0  0  -0.61143  1.86205
0.628319  0  0  -0.611429  -1.86205
1.88496  0  0  -0.439468  -2.79091
3.14159  0  0  -0.304661  -2.49732
4.39823  0  0  -0.213941  -2.10055
5.65487  0  0  -0.153714  -1.77248
8.16814  0  0  -0.0851179  -1.32085
10.6814  0  0  -0.051533  -1.04055
14.4513  0  0  -0.027938  -0.783385
33.3009  0  0  -0.00486089  -0.345224
-29.531  0  3.14159  0  0.390588
-14.4513  0  3.14159  0  0.796627
-8.16814  0  3.14159  0  1.38249
-5.65487  0  3.14159  0  1.91974
-4.39823  0  3.14159  0  2.35941
-3.14159  0  3.14159  0  3.04479
-1.88496  0  3.14159  0  4.43873
-0.628319  0  3.14159  0  12.6506
0.628319  0  3.14159  0  -12.6506
1.88496  0  3.14159  0  -4.43873
3.14159  0  3.14159  0  -3.04479
4.39823  0  3.14159  0  -2.35941
5.65487  0  3.14159  0  -1.91974
8.16814  0  3.14159  0  -1.38248
10.6814  0  3.14159  0  -1.07128
14.4513  0  3.14159  0  -0.796641
33.3009  0  3.14159  0  -0.346356
-29.531  3.14159  0  0  0.390588
-14.4513  3.14159  0  0  0.796627
-8.16814  3.14159  0  0  1.38249
-5.65487  3.14159  0  0  1.91974
-4.39823  3.14159  0  0  2.35941
-3.14159  3.14159  0  0  3.04479
-1.88496  3.14159  0  0  4.43873
-0.628319  3.14159  0  0  12.6506
0.628319  3.14159  0  0  -12.6506
1.88496  3.14159  0  0  -4.43873
3.14159  3.14159  0  0  -3.04479
4.39823  3.14159  0  0  -2.35941
5.65487  3.14159  0  0  -1.91974
8.16814  3.14159  0  0  -1.38248
10.6814  3.14159  0  0  -1.07128
14.4513  3.14159  0  0  -0.796641
33.3009  3.14159  0  0  -0.346356
-29.531  3.14159  3.14159  0.00579411  0.388999
-14.4513  3.14159  3.14159  0.0262252  0.783556
-8.16814  3.14159  3.14159  0.0808685  1.32165
-5.65487  3.14159  3.14159  0.147385  1.77417
-4.39823  3.14159  3.14159  0.206771  2.10312
-3.14159  3.14159  3.14159  0.298689  2.50125
-1.88496  3.14159  3.14159  0.446543  2.79698
-0.628319  3.14159  3.14159  0.66385  1.86854
0.628319  3.14159  3.14159  0.663851  -1.86854
1.88496  3.14159  3.14159  0.446545  -2.79698
3.14159  3.14159  3.14159  0.298691  -2.50125
4.39823  3.14159  3.14159  0.206773  -2.10312
5.65487  3.14159  3.14159  0.147387  -1.77417
8.16814  3.14159  3.14159  0.08087  -1.32165
10.6814  3.14159  3.14159  0.0486723  -1.04096
14.4513  3.14159  3.14159  0.0262248  -0.783559
33.3009  3.14159  3.14159  0.00451117  -0.345238
