-29.531  0  0  0.0234935  0.203896
-14.4513  0  0  0.0722132  0.310654
-8.16814  0  0  0.131932  0.332098
-5.65487  0  0  0.168223  0.298772
-4.39823  0  0  0.187826  0.261944
-3.14159  0  0  0.206399  0.207418
-1.88496  0  0  0.221382  0.134493
-0.628319  0  0  0.229876  0.0470209
0.628319  0  0  0.229874  -0.0460721
1.88496  0  0  0.221374  -0.133543
3.14159  0  0  0.206386  -0.206467
4.39823  0  0  0.187806  -0.260991
5.65487  0  0  0.168197  -0.297817
8.16814  0  0  0.13186  -0.331147
10.6814  0  0  0.102836  -0.33225
14.4513  0  0  0.0722752  -0.309458
33.3009  0  0  0.0200129  -0.184446
-29.531  0  3.14159  0  0.203665
-14.4513  0  3.14159  0  0.310789
-8.16814  0  3.14159  0  0.336926
-5.65487  0  3.14159  0  0.310464
-4.39823  0  3.14159  0  0.278268
-3.14159  0  3.14159  0  0.227004
-1.88496  0  3.14159  0  0.152109
-0.628319  0  3.14159  0  0.0544087
0.628319  0  3.14159  0  -0.0534598
1.88496  0  3.14159  0  -0.15116
3.14159  0  3.14159  0  -0.226054
4.39823  0  3.14159  0  -0.277317
5.65487  0  3.14159  0  -0.309509
8.16814  0  3.14159  0  -0.33595
10.6814  0  3.14159  0  -0.33396
14.4513  0  3.14159  0  -0.309621
33.3009  0  3.14159  0  -0.18424
-29.531  3.14159  0  0  0.203665
-14.4513  3.14159  0  0  0.310789
-8.16814  3.14159  0  0  0.336926
-5.65487  3.14159  0  0  0.310464
-4.39823  3.14159  0  0  0.278268
-3.14159  3.14159  0  0  0.227004
-1.88496  3.14159  0  0  0.152109
-0.628319  3.14159  0  0  0.0544087
0.628319  3.14159  0  0  -0.0534598
1.88496  3.14159  0  0  -0.15116
3.14159  3.14159  0  0  -0.226054
4.39823  3.14159  0  0  -0.277317
5.65487  3.14159  0  0  -0.309509
8.16814  3.14159  0  0  -0.33595
10.6814  3.14159  0  0  -0.33396
14.4513  3.14159  0  0  -0.309621
33.3009  3.14159  0  0  -0.18424
-29.531  3.14159  3.14159  0.0234793  0.203867
-14.4513  3.14159  3.14159  0.0720142  0.310553
-8.16814  3.14159  3.14159  0.131153  0.332164
-5.65487  3.14159  3.14159  0.166827  0.299496
-4.39823  3.14159  3.14159  0.186121  0.26356
-3.14159  3.14159  3.14159  0.204738  0.210716
-1.88496  3.14159  3.14159  0.221372  0.140851
-0.628319  3.14159  3.14159  0.239068  0.0554362
0.628319  3.14159  3.14159  0.239066  -0.0544846
1.88496  3.14159  3.14159  0.221365  -0.139898
3.14159  3.14159  3.14159  0.204724  -0.209761
4.39823  3.14159  3.14159  0.186101  -0.262603
5.65487  3.14159  3.14159  0.1668  -0.298536
8.16814  3.14159  3.14159  0.131087  -0.331199
10.6814  3.14159  3.14159  0.102419  -0.332169
14.4513  3.14159  3.14159  0.0720861  -0.309371
33.3009  3.14159  3.14159  0.0200008  -0.184423
