-29.531  0  0  0.00269272  -0.00974019
-14.4513  0  0  0.0117936  -0.0123396
-8.16814  0  0  0.0217617  -0.0160217
-5.65487  0  0  0.0248664  -0.0177851
-4.39823  0  0  0.025279  -0.0175885
-3.14159  0  0  0.0247351  -0.0155919
-1.88496  0  0  0.023532  -0.011048
-0.628319  0  0  0.0225464  -0.00409489
0.628319  0  0  0.0225674  0.00407886
1.88496  0  0  0.0235228  0.0110504
3.14159  0  0  0.024738  0.0155836
4.39823  0  0  0.0252847  0.0175834
5.65487  0  0  0.0248639  0.0177829
8.16814  0  0  0.0217559  0.0160217
10.6814  0  0  0.0174764  0.0140867
14.4513  0  0  0.011804  0.0123417
33.3009  0  0  0.00201829  0.00920737
-29.531  0  3.14159  0  -0.0102372
-14.4513  0  3.14159  0  -0.0151782
-8.16814  0  3.14159  0  -0.0225104
-5.65487  0  3.14159  0  -0.0263381
-4.39823  0  3.14159  0  -0.0270418
-3.14159  0  3.14159  0  -0.0252881
-1.88496  0  3.14159  0  -0.0191005
-0.628319  0  3.14159  0  -0.00735439
0.628319  0  3.14159  0  0.00735148
1.88496  0  3.14159  0  0.0190957
3.14159  0  3.14159  0  0.0252833
4.39823  0  3.14159  0  0.0270368
5.65487  0  3.14159  0  0.0263341
8.16814  0  3.14159  0  0.0225082
10.6814  0  3.14159  0  0.0188004
14.4513  0  3.14159  0  0.0151768
33.3009  0  3.14159  0  0.00956153
-29.531  3.14159  0  0  -0.0102372
-14.4513  3.14159  0  0  -0.0151782
-8.16814  3.14159  0  0  -0.0225104
-5.65487  3.14159  0  0  -0.0263381
-4.39823  3.14159  0  0  -0.0270418
-3.14159  3.14159  0  0  -0.0252881
-1.88496  3.14159  0  0  -0.0191005
-0.628319  3.14159  0  0  -0.00735439
0.628319  3.14159  0  0  0.00735148
1.88496  3.14159  0  0  0.0190957
3.14159  3.14159  0  0  0.0252833
4.39823  3.14159  0  0  0.0270368
5.65487  3.14159  0  0  0.0263341
8.16814  3.14159  0  0  0.0225082
10.6814  3.14159  0  0  0.0188004
14.4513  3.14159  0  0  0.0151768
33.3009  3.14159  0  0  0.00956153
-29.531  3.14159  3.14159  0.00259069  -0.00982552
-14.4513  3.14159  3.14159  0.011648  -0.0127267
-8.16814  3.14159  3.14159  0.0218837  -0.0166916
-5.65487  3.14159  3.14159  0.0254365  -0.0184625
-4.39823  3.14159  3.14159  0.0262484  -0.0182512
-3.14159  3.14159  3.14159  0.0262596  -0.0164149
-1.88496  3.14159  3.14159  0.0257051  -0.0128103
-0.628319  3.14159  3.14159  0.0214783  -0.00953392
0.628319  3.14159  3.14159  0.021479  0.00953158
1.88496  3.14159  3.14159  0.0257039  0.0128044
3.14159  3.14159  3.14159  0.0262588  0.0164121
4.39823  3.14159  3.14159  0.0262456  0.0182479
5.65487  3.14159  3.14159  0.0254348  0.0184591
8.16814  3.14159  3.14159  0.0218812  0.0166907
10.6814  3.14159  3.14159  0.0174234  0.0146552
14.4513  3.14159  3.14159  0.011655  0.012728
33.3009  3.14159  3.14159  0.00192884  0.00926939
