-29.531  0  0  -0.018109  0.29684
-14.4513  0  0  -0.0623248  0.564841
-8.16814  0  0  -0.132336  0.864491
-5.65487  0  0  -0.183901  1.06571
-4.39823  0  0  -0.214839  1.18521
-3.14159  0  0  -0.24616  1.29165
-1.88496  0  0  -0.272005  1.26937
-0.628319  0  0  -0.282824  0.710476
0.628319  0  0  -0.282824  -0.710477
1.88496  0  0  -0.272005  -1.26937
3.14159  0  0  -0.24616  -1.29165
4.39823  0  0  -0.214839  -1.18521
5.65487  0  0  -0.183901  -1.06571
8.16814  0  0  -0.132336  -0.864492
10.6814  0  0  -0.0961163  -0.717153
14.4513  0  0  -0.0623245  -0.564846
33.3009  0  0  -0.014452  -0.264675
-29.531  0  3.14159  0  0.296757
-14.4513  0  3.14159  0  0.562397
-8.16814  0  3.14159  0  0.845041
-5.65487  0  3.14159  0  1.01633
-4.39823  0  3.14159  0  1.11213
-3.14159  0  3.14159  0  1.21488
-1.88496  0  3.14159  0  1.36212
-0.628319  0  3.14159  0  3.21664
0.628319  0  3.14159  0  -3.21664
1.88496  0  3.14159  0  -1.36212
3.14159  0  3.14159  0  -1.21488
4.39823  0  3.14159  0  -1.11213
5.65487  0  3.14159  0  -1.01633
8.16814  0  3.14159  0  -0.845041
10.6814  0  3.14159  0  -0.70919
14.4513  0  3.14159  0  -0.562402
33.3009  0  3.14159  0  -0.264632
-29.531  3.14159  0  0  0.296757
-14.4513  3.14159  0  0  0.562397
-8.16814  3.14159  0  0  0.845041
-5.65487  3.14159  0  0  1.01633
-4.39823  3.14159  0  0  1.11213
-3.14159  3.14159  0  0  1.21488
-1.88496  3.14159  0  0  1.36212
-0.628319  3.14159  0  0  3.21664
0.628319  3.14159  0  0  -3.21664
1.88496  3.14159  0  0  -1.36212
3.14159  3.14159  0  0  -1.21488
4.39823  3.14159  0  0  -1.11213
5.65487  3.14159  0  0  -1.01633
8.16814  3.14159  0  0  -0.845041
10.6814  3.14159  0  0  -0.70919
14.4513  3.14159  0  0  -0.562402
33.3009  3.14159  0  0  -0.264632
-29.531  3.14159  3.14159  0.0179009  0.296891
-14.4513  3.14159  3.14159  0.0616862  0.565141
-8.16814  3.14159  3.14159  0.131225  0.865275
-5.65487  3.14159  3.14159  0.182655  1.06678
-4.39823  3.14159  3.14159  0.21373  1.18638
-3.14159  3.14159  3.14159  0.245801  1.29278
-1.88496  3.14159  3.14159  0.274779  1.27023
-0.628319  3.14159  3.14159  0.296689  0.710804
0.628319  3.14159  3.14159  0.296689  -0.710804
1.88496  3.14159  3.14159  0.274779  -1.27023
3.14159  3.14159  3.14159  0.245801  -1.29278
4.39823  3.14159  3.14159  0.21373  -1.18638
5.65487  3.14159  3.14159  0.182655  -1.06678
8.16814  3.14159  3.14159  0.131225  -0.865276
10.6814  3.14159  3.14159  0.0952159  -0.717686
14.4513  3.14159  3.14159  0.0616857  -0.565145
33.3009  3.14159  3.14159  0.0142858  -0.264712
