-29.531  0  0  1.38484  -9.24117
-14.4513  0  0  6.50758  3.70614
-8.16814  0  0  11.918  -17.3873
-5.65487  0  0  -8.24289  -12.1812
-4.39823  0  0  -2.21773  -9.18152
-3.14159  0  0  -39.119  -36.3553
-1.88496  0  0  70.9196  -10.2583
-0.628319  0  0  31.8933  -111.32
0.628319  0  0  62.6397  108.12
1.88496  0  0  67.7101  4.11184
3.14159  0  0  -35.0472  31.9283
4.39823  0  0  0.788702  13.5561
5.65487  0  0  -18.6624  11.4103
8.16814  0  0  2.77208  17.073
10.6814  0  0  -2.90468  2.3815
14.4513  0  0  3.11726  -3.32407
33.3009  0  0  -1.10735  10.8419
-29.531  0  3.14159  0  -0.0930496
-14.4513  0  3.14159  0  -25.6281
-8.16814  0  3.14159  0  -34.1366
-5.65487  0  3.14159  0  -46.1854
-4.39823  0  3.14159  0  39.5483
-3.14159  0  3.14159  0  72.5742
-1.88496  0  3.14159  0  -32.1186
-0.628319  0  3.14159  0  306.569
0.628319  0  3.14159  0  -345.297
1.88496  0  3.14159  0  -11.5214
3.14159  0  3.14159  0  -67.523
4.39823  0  3.14159  0  -35.0188
5.65487  0  3.14159  0  50.9832
8.16814  0  3.14159  0  30.2194
10.6814  0  3.14159  0  16.6344
14.4513  0  3.14159  0  24.1314
33.3009  0  3.14159  0  -19.4335
-29.531  3.14159  0  0  -0.0930496
-14.4513  3.14159  0  0  -25.6281
-8.16814  3.14159  0  0  -34.1366
-5.65487  3.14159  0  0  -46.1854
-4.39823  3.14159  0  0  39.5483
-3.14159  3.14159  0  0  72.5742
-1.88496  3.14159  0  0  -32.1186
-0.628319  3.14159  0  0  306.569
0.628319  3.14159  0  0  -345.297
1.88496  3.14159  0  0  -11.5214
3.14159  3.14159  0  0  -67.523
4.39823  3.14159  0  0  -35.0188
5.65487  3.14159  0  0  50.9832
8.16814  3.14159  0  0  30.2194
10.6814  3.14159  0  0  16.6344
14.4513  3.14159  0  0  24.1314
33.3009  3.14159  0  0  -19.4335
-29.531  3.14159  3.14159  -0.15506  0.364166
-14.4513  3.14159  3.14159  0.329914  -2.18851
-8.16814  3.14159  3.14159  -1.01048  5.43258
-5.65487  3.14159  3.14159  -0.893979  -0.455536
-4.39823  3.14159  3.14159  -0.761367  0.3553
-3.14159  3.14159  3.14159  -2.29366  -6.98432
-1.88496  3.14159  3.14159  -3.99896  10.8651
-0.628319  3.14159  3.14159  -5.40255  -24.8538
0.628319  3.14159  3.14159  -7.21232  22.8559
1.88496  3.14159  3.14159  -2.19165  -13.5999
3.14159  3.14159  3.14159  -2.35518  9.07374
4.39823  3.14159  3.14159  0.315882  -0.0848912
5.65487  3.14159  3.14159  -0.385112  0.94169
8.16814  3.14159  3.14159  0.696966  -5.72255
10.6814  3.14159  3.14159  0.0466106  -0.482976
14.4513  3.14159  3.14159  0.0230144  1.97792
33.3009  3.14159  3.14159  0.162593  0.571299
