-29.531  0  0  0.0012816  0.044484
-14.4513  0  0  0.00605732  0.0853496
-8.16814  0  0  0.0160831  0.114611
-5.65487  0  0  0.0246922  0.115983
-4.39823  0  0  0.0302386  0.107801
-3.14159  0  0  0.036116  0.0899356
-1.88496  0  0  0.0413159  0.0606615
-0.628319  0  0  0.0444517  0.0215438
0.628319  0  0  0.04445  -0.0215518
1.88496  0  0  0.041311  -0.0606692
3.14159  0  0  0.0361085  -0.0899428
4.39823  0  0  0.0302292  -0.107807
5.65487  0  0  0.0246816  -0.115989
8.16814  0  0  0.0160717  -0.114616
10.6814  0  0  0.0106031  -0.10361
14.4513  0  0  0.00604654  -0.0853532
33.3009  0  0  0.000969592  -0.0394369
-29.531  0  3.14159  0  0.0442982
-14.4513  0  3.14159  0  0.0847666
-8.16814  0  3.14159  0  0.11701
-5.65487  0  3.14159  0  0.12472
-4.39823  0  3.14159  0  0.121564
-3.14159  0  3.14159  0  0.108077
-1.88496  0  3.14159  0  0.0781434
-0.628319  0  3.14159  0  0.0291582
0.628319  0  3.14159  0  -0.0291759
1.88496  0  3.14159  0  -0.0781602
3.14159  0  3.14159  0  -0.108092
4.39823  0  3.14159  0  -0.121577
5.65487  0  3.14159  0  -0.124732
8.16814  0  3.14159  0  -0.117019
10.6814  0  3.14159  0  -0.103729
14.4513  0  3.14159  0  -0.0847744
33.3009  0  3.14159  0  -0.0393054
-29.531  3.14159  0  0  0.0442982
-14.4513  3.14159  0  0  0.0847666
-8.16814  3.14159  0  0  0.11701
-5.65487  3.14159  0  0  0.12472
-4.39823  3.14159  0  0  0.121564
-3.14159  3.14159  0  0  0.108077
-1.88496  3.14159  0  0  0.0781434
-0.628319  3.14159  0  0  0.0291582
0.628319  3.14159  0  0  -0.0291759
1.88496  3.14159  0  0  -0.0781602
3.14159  3.14159  0  0  -0.108092
4.39823  3.14159  0  0  -0.121577
5.65487  3.14159  0  0  -0.124732
8.16814  3.14159  0  0  -0.117019
10.6814  3.14159  0  0  -0.103729
14.4513  3.14159  0  0  -0.0847744
33.3009  3.14159  0  0  -0.0393054
-29.531  3.14159  3.14159  0.0012585  0.0444875
-14.4513  3.14159  3.14159  0.005961  0.0853618
-8.16814  3.14159  3.14159  0.015753  0.114722
-5.65487  3.14159  3.14159  0.0241031  0.116395
-4.39823  3.14159  3.14159  0.0295065  0.108615
-3.14159  3.14159  3.14159  0.035391  0.0915392
-1.88496  3.14159  3.14159  0.0413695  0.0637603
-0.628319  3.14159  3.14159  0.0490135  0.025676
0.628319  3.14159  3.14159  0.0490115  -0.0256844
1.88496  3.14159  3.14159  0.0413644  -0.063768
3.14159  3.14159  3.14159  0.0353834  -0.0915464
4.39823  3.14159  3.14159  0.029497  -0.108621
5.65487  3.14159  3.14159  0.0240924  -0.116401
8.16814  3.14159  3.14159  0.0157418  -0.114726
10.6814  3.14159  3.14159  0.0104146  -0.103645
14.4513  3.14159  3.14159  0.00595032  -0.0853655
33.3009  3.14159  3.14159  0.000951107  -0.0394397
