-29.531  0  0  0.00267242  -0.00988658
-14.4513  0  0  0.0116404  -0.012623
-8.16814  0  0  0.0216179  -0.0157332
-5.65487  0  0  0.025601  -0.0174144
-4.39823  0  0  0.0246648  -0.0169843
-3.14159  0  0  0.023776  -0.0146809
-1.88496  0  0  0.0254427  -0.0111765
-0.628319  0  0  0.0219436  -0.00453487
0.628319  0  0  0.0177764  0.00147129
1.88496  0  0  0.0237812  0.014347
3.14159  0  0  0.0252328  0.0151496
4.39823  0  0  0.0258156  0.0167904
5.65487  0  0  0.0249952  0.0175354
8.16814  0  0  0.021666  0.0161651
10.6814  0  0  0.0172283  0.0144314
14.4513  0  0  0.0116742  0.0124011
33.3009  0  0  0.00196482  0.0091885
-29.531  0  3.14159  0  -0.0102371
-14.4513  0  3.14159  0  -0.0151817
-8.16814  0  3.14159  0  -0.0225107
-5.65487  0  3.14159  0  -0.0263317
-4.39823  0  3.14159  0  -0.0270333
-3.14159  0  3.14159  0  -0.025276
-1.88496  0  3.14159  0  -0.0190835
-0.628319  0  3.14159  0  -0.00732446
0.628319  0  3.14159  0  0.00730345
1.88496  0  3.14159  0  0.0191424
3.14159  0  3.14159  0  0.0253029
4.39823  0  3.14159  0  0.0270362
5.65487  0  3.14159  0  0.0263364
8.16814  0  3.14159  0  0.022504
10.6814  0  3.14159  0  0.0188023
14.4513  0  3.14159  0  0.0151762
33.3009  0  3.14159  0  0.00955741
-29.531  3.14159  0  0  -0.0102371
-14.4513  3.14159  0  0  -0.0151817
-8.16814  3.14159  0  0  -0.0225107
-5.65487  3.14159  0  0  -0.0263317
-4.39823  3.14159  0  0  -0.0270333
-3.14159  3.14159  0  0  -0.025276
-1.88496  3.14159  0  0  -0.0190835
-0.628319  3.14159  0  0  -0.00732446
0.628319  3.14159  0  0  0.00730345
1.88496  3.14159  0  0  0.0191424
3.14159  3.14159  0  0  0.0253029
4.39823  3.14159  0  0  0.0270362
5.65487  3.14159  0  0  0.0263364
8.16814  3.14159  0  0  0.022504
10.6814  3.14159  0  0  0.0188023
14.4513  3.14159  0  0  0.0151762
33.3009  3.14159  0  0  0.00955741
-29.531  3.14159  3.14159  0.00272384  -0.00998009
-14.4513  3.14159  3.14159  0.0117703  -0.0129832
-8.16814  3.14159  3.14159  0.0221228  -0.0161668
-5.65487  3.14159  3.14159  0.0258342  -0.0182206
-4.39823  3.14159  3.14159  0.0267053  -0.0179396
-3.14159  3.14159  3.14159  0.0242253  -0.0162719
-1.88496  3.14159  3.14159  0.0286099  -0.0130847
-0.628319  3.14159  3.14159  0.0213031  -0.0111142
0.628319  3.14159  3.14159  0.0140901  0.0105319
1.88496  3.14159  3.14159  0.0250092  0.0164055
3.14159  3.14159  3.14159  0.0272948  0.0153141
4.39823  3.14159  3.14159  0.0256546  0.0180315
5.65487  3.14159  3.14159  0.0258692  0.0181458
8.16814  3.14159  3.14159  0.0219399  0.0171454
10.6814  3.14159  3.14159  0.0170164  0.0147744
14.4513  3.14159  3.14159  0.0114074  0.012912
33.3009  3.14159  3.14159  0.00186521  0.00927019
