-29.531  0  0  0.0237874  0.203447
-14.4513  0  0  0.0720313  0.310287
-8.16814  0  0  0.131852  0.331888
-5.65487  0  0  0.168227  0.298563
-4.39823  0  0  0.187869  0.261708
-3.14159  0  0  0.206473  0.207129
-1.88496  0  0  0.221476  0.134141
-0.628319  0  0  0.229985  0.0465863
0.628319  0  0  0.229986  -0.0465981
1.88496  0  0  0.221477  -0.134153
3.14159  0  0  0.206475  -0.207142
4.39823  0  0  0.187871  -0.26172
5.65487  0  0  0.16823  -0.298576
8.16814  0  0  0.131857  -0.331902
10.6814  0  0  0.102789  -0.33305
14.4513  0  0  0.0720333  -0.310311
33.3009  0  0  0.0191848  -0.184898
-29.531  0  3.14159  0  0.203199
-14.4513  0  3.14159  0  0.31043
-8.16814  0  3.14159  0  0.336721
-5.65487  0  3.14159  0  0.310293
-4.39823  0  3.14159  0  0.278083
-3.14159  0  3.14159  0  0.226775
-1.88496  0  3.14159  0  0.151803
-0.628319  0  3.14159  0  0.0539916
0.628319  0  3.14159  0  -0.0540037
1.88496  0  3.14159  0  -0.151815
3.14159  0  3.14159  0  -0.226787
4.39823  0  3.14159  0  -0.278096
5.65487  0  3.14159  0  -0.310306
8.16814  0  3.14159  0  -0.336736
10.6814  0  3.14159  0  -0.334757
14.4513  0  3.14159  0  -0.310456
33.3009  0  3.14159  0  -0.184697
-29.531  3.14159  0  0  0.203199
-14.4513  3.14159  0  0  0.31043
-8.16814  3.14159  0  0  0.336721
-5.65487  3.14159  0  0  0.310293
-4.39823  3.14159  0  0  0.278083
-3.14159  3.14159  0  0  0.226775
-1.88496  3.14159  0  0  0.151803
-0.628319  3.14159  0  0  0.0539916
0.628319  3.14159  0  0  -0.0540037
1.88496  3.14159  0  0  -0.151815
3.14159  3.14159  0  0  -0.226787
4.39823  3.14159  0  0  -0.278096
5.65487  3.14159  0  0  -0.310306
8.16814  3.14159  0  0  -0.336736
10.6814  3.14159  0  0  -0.334757
14.4513  3.14159  0  0  -0.310456
33.3009  3.14159  0  0  -0.184697
-29.531  3.14159  3.14159  0.0237709  0.203418
-14.4513  3.14159  3.14159  0.071828  0.310181
-8.16814  3.14159  3.14159  0.131036  0.33198
-5.65487  3.14159  3.14159  0.166829  0.299357
-4.39823  3.14159  3.14159  0.186187  0.263386
-3.14159  3.14159  3.14159  0.204852  0.210471
-1.88496  3.14159  3.14159  0.221511  0.140539
-0.628319  3.14159  3.14159  0.239259  0.0550424
0.628319  3.14159  3.14159  0.23926  -0.0550543
1.88496  3.14159  3.14159  0.221512  -0.140551
3.14159  3.14159  3.14159  0.204853  -0.210483
4.39823  3.14159  3.14159  0.186189  -0.263398
5.65487  3.14159  3.14159  0.166831  -0.299369
8.16814  3.14159  3.14159  0.131041  -0.331994
10.6814  3.14159  3.14159  0.10233  -0.332968
14.4513  3.14159  3.14159  0.0718311  -0.310206
33.3009  3.14159  3.14159  0.0191744  -0.184877
