-29.531  0  0  0.00368511  -0.002915
-14.4513  0  0  0.0105141  -0.0130129
-8.16814  0  0  0.0160833  -0.027299
-5.65487  0  0  0.0158794  -0.0335387
-4.39823  0  0  0.0147624  -0.0338313
-3.14159  0  0  0.0118008  -0.0311784
-1.88496  0  0  0.00847317  -0.0225753
-0.628319  0  0  0.0121555  -0.0188181
0.628319  0  0  -0.005873  0.0097397
1.88496  0  0  0.00828794  0.0212801
3.14159  0  0  0.0115772  0.0306622
4.39823  0  0  0.0146061  0.0342419
5.65487  0  0  0.0162103  0.0331196
8.16814  0  0  0.0160107  0.0270464
10.6814  0  0  0.0140166  0.0203917
14.4513  0  0  0.0105426  0.0128889
33.3009  0  0  0.00300617  0.00213532
-29.531  0  3.14159  0  -0.00329393
-14.4513  0  3.14159  0  -0.0161696
-8.16814  0  3.14159  0  -0.0374068
-5.65487  0  3.14159  0  -0.0503042
-4.39823  0  3.14159  0  -0.0553269
-3.14159  0  3.14159  0  -0.0554099
-1.88496  0  3.14159  0  -0.0444349
-0.628319  0  3.14159  0  -0.0176995
0.628319  0  3.14159  0  0.0176967
1.88496  0  3.14159  0  0.044464
3.14159  0  3.14159  0  0.0554232
4.39823  0  3.14159  0  0.0553428
5.65487  0  3.14159  0  0.0503103
8.16814  0  3.14159  0  0.0374078
10.6814  0  3.14159  0  0.0266777
14.4513  0  3.14159  0  0.0161631
33.3009  0  3.14159  0  0.00241492
-29.531  3.14159  0  0  -0.00329393
-14.4513  3.14159  0  0  -0.0161696
-8.16814  3.14159  0  0  -0.0374068
-5.65487  3.14159  0  0  -0.0503042
-4.39823  3.14159  0  0  -0.0553269
-3.14159  3.14159  0  0  -0.0554099
-1.88496  3.14159  0  0  -0.0444349
-0.628319  3.14159  0  0  -0.0176995
0.628319  3.14159  0  0  0.0176967
1.88496  3.14159  0  0  0.044464
3.14159  3.14159  0  0  0.0554232
4.39823  3.14159  0  0  0.0553428
5.65487  3.14159  0  0  0.0503103
8.16814  3.14159  0  0  0.0374078
10.6814  3.14159  0  0  0.0266777
14.4513  3.14159  0  0  0.0161631
33.3009  3.14159  0  0  0.00241492
-29.531  3.14159  3.14159  0.00368686  -0.00290295
-14.4513  3.14159  3.14159  0.0105714  -0.0130046
-8.16814  3.14159  3.14159  0.0163793  -0.0274699
-5.65487  3.14159  3.14159  0.0168423  -0.0335679
-4.39823  3.14159  3.14159  0.016026  -0.0343731
-3.14159  3.14159  3.14159  0.0136089  -0.0319442
-1.88496  3.14159  3.14159  0.0109707  -0.0245171
-0.628319  3.14159  3.14159  0.00993442  -0.0220201
0.628319  3.14159  3.14159  -0.00452454  0.0143189
1.88496  3.14159  3.14159  0.0111478  0.0241557
3.14159  3.14159  3.14159  0.013744  0.0317104
4.39823  3.14159  3.14159  0.0158935  0.0347421
5.65487  3.14159  3.14159  0.0171311  0.0337509
8.16814  3.14159  3.14159  0.0164066  0.0272323
10.6814  3.14159  3.14159  0.0141567  0.0204866
14.4513  3.14159  3.14159  0.0105873  0.0129742
33.3009  3.14159  3.14159  0.00300766  0.00214453
