-29.531  0  0  0.0236679  0.203385
-14.4513  0  0  0.0719894  0.310574
-8.16814  0  0  0.131893  0.33211
-5.65487  0  0  0.16828  0.29866
-4.39823  0  0  0.187916  0.261737
-3.14159  0  0  0.206505  0.207109
-1.88496  0  0  0.221487  0.134109
-0.628319  0  0  0.229982  0.046588
0.628319  0  0  0.229982  -0.0465437
1.88496  0  0  0.221488  -0.134065
3.14159  0  0  0.206506  -0.207064
4.39823  0  0  0.187918  -0.261693
5.65487  0  0  0.168283  -0.298616
8.16814  0  0  0.131895  -0.332068
10.6814  0  0  0.102795  -0.333287
14.4513  0  0  0.0719954  -0.310544
33.3009  0  0  0.0191449  -0.184757
-29.531  0  3.14159  0  0.203173
-14.4513  0  3.14159  0  0.310679
-8.16814  0  3.14159  0  0.336911
-5.65487  0  3.14159  0  0.310376
-4.39823  0  3.14159  0  0.2781
-3.14159  0  3.14159  0  0.226741
-1.88496  0  3.14159  0  0.151735
-0.628319  0  3.14159  0  0.053987
0.628319  0  3.14159  0  -0.0539426
1.88496  0  3.14159  0  -0.151691
3.14159  0  3.14159  0  -0.226697
4.39823  0  3.14159  0  -0.278056
5.65487  0  3.14159  0  -0.310332
8.16814  0  3.14159  0  -0.336869
10.6814  0  3.14159  0  -0.334948
14.4513  0  3.14159  0  -0.310643
33.3009  0  3.14159  0  -0.18459
-29.531  3.14159  0  0  0.203173
-14.4513  3.14159  0  0  0.310679
-8.16814  3.14159  0  0  0.336911
-5.65487  3.14159  0  0  0.310376
-4.39823  3.14159  0  0  0.2781
-3.14159  3.14159  0  0  0.226741
-1.88496  3.14159  0  0  0.151735
-0.628319  3.14159  0  0  0.053987
0.628319  3.14159  0  0  -0.0539426
1.88496  3.14159  0  0  -0.151691
3.14159  3.14159  0  0  -0.226697
4.39823  3.14159  0  0  -0.278056
5.65487  3.14159  0  0  -0.310332
8.16814  3.14159  0  0  -0.336869
10.6814  3.14159  0  0  -0.334948
14.4513  3.14159  0  0  -0.310643
33.3009  3.14159  0  0  -0.18459
-29.531  3.14159  3.14159  0.0236511  0.203356
-14.4513  3.14159  3.14159  0.0717855  0.310471
-8.16814  3.14159  3.14159  0.13108  0.332202
-5.65487  3.14159  3.14159  0.166886  0.299453
-4.39823  3.14159  3.14159  0.186238  0.263411
-3.14159  3.14159  3.14159  0.204886  0.210445
-1.88496  3.14159  3.14159  0.221525  0.140499
-0.628319  3.14159  3.14159  0.239241  0.0550248
0.628319  3.14159  3.14159  0.239242  -0.0549811
1.88496  3.14159  3.14159  0.221526  -0.140456
3.14159  3.14159  3.14159  0.204887  -0.210401
4.39823  3.14159  3.14159  0.18624  -0.263368
5.65487  3.14159  3.14159  0.166888  -0.299409
8.16814  3.14159  3.14159  0.131081  -0.332161
10.6814  3.14159  3.14159  0.102337  -0.333207
14.4513  3.14159  3.14159  0.0717915  -0.31044
33.3009  3.14159  3.14159  0.0191347  -0.184735
