-29.531  0  0  -0.000636562  0.0819802
-14.4513  0  0  -0.00356953  0.16938
-8.16814  0  0  -0.0205946  0.301989
-5.65487  0  0  -0.0619188  0.417511
-4.39823  0  0  -0.11498  0.489911
-3.14159  0  0  -0.212156  0.541291
-1.88496  0  0  -0.357245  0.487361
-0.628319  0  0  -0.486298  0.213016
0.628319  0  0  -0.486299  -0.213014
1.88496  0  0  -0.357247  -0.48736
3.14159  0  0  -0.212158  -0.54129
4.39823  0  0  -0.114983  -0.48991
5.65487  0  0  -0.0619213  -0.417511
8.16814  0  0  -0.0205965  -0.301988
10.6814  0  0  -0.00877132  -0.230892
14.4513  0  0  -0.00357038  -0.16938
33.3009  0  0  -0.000493154  -0.0726436
-29.531  0  3.14159  0  0.0816515
-14.4513  0  3.14159  0  0.166286
-8.16814  0  3.14159  0  0.283688
-5.65487  0  3.14159  0  0.371608
-4.39823  0  3.14159  0  0.419149
-3.14159  0  3.14159  0  0.446236
-1.88496  0  3.14159  0  0.399824
-0.628319  0  3.14159  0  0.185033
0.628319  0  3.14159  0  -0.185032
1.88496  0  3.14159  0  -0.399824
3.14159  0  3.14159  0  -0.446236
4.39823  0  3.14159  0  -0.419149
5.65487  0  3.14159  0  -0.371608
8.16814  0  3.14159  0  -0.283689
10.6814  0  3.14159  0  -0.222762
14.4513  0  3.14159  0  -0.166286
33.3009  0  3.14159  0  -0.0724159
-29.531  3.14159  0  0  0.0816515
-14.4513  3.14159  0  0  0.166286
-8.16814  3.14159  0  0  0.283688
-5.65487  3.14159  0  0  0.371608
-4.39823  3.14159  0  0  0.419149
-3.14159  3.14159  0  0  0.446236
-1.88496  3.14159  0  0  0.399824
-0.628319  3.14159  0  0  0.185033
0.628319  3.14159  0  0  -0.185032
1.88496  3.14159  0  0  -0.399824
3.14159  3.14159  0  0  -0.446236
4.39823  3.14159  0  0  -0.419149
5.65487  3.14159  0  0  -0.371608
8.16814  3.14159  0  0  -0.283689
10.6814  3.14159  0  0  -0.222762
14.4513  3.14159  0  0  -0.166286
33.3009  3.14159  0  0  -0.0724159
-29.531  3.14159  3.14159  0.00601219  0.0811714
-14.4513  3.14159  3.14159  0.0251178  0.161671
-8.16814  3.14159  3.14159  0.0702719  0.259097
-5.65487  3.14159  3.14159  0.113823  0.319224
-4.39823  3.14159  3.14159  0.142121  0.346352
-3.14159  3.14159  3.14159  0.169586  0.353712
-1.88496  3.14159  3.14159  0.186446  0.303003
-0.628319  3.14159  3.14159  0.176446  0.140584
0.628319  3.14159  3.14159  0.176445  -0.140584
1.88496  3.14159  3.14159  0.186444  -0.303004
3.14159  3.14159  3.14159  0.169584  -0.353713
4.39823  3.14159  3.14159  0.142119  -0.346353
5.65487  3.14159  3.14159  0.113821  -0.319225
8.16814  3.14159  3.14159  0.0702703  -0.259097
10.6814  3.14159  3.14159  0.0446165  -0.210982
14.4513  3.14159  3.14159  0.0251174  -0.161672
33.3009  3.14159  3.14159  0.00472346  -0.0720844
