-29.531  0  0  0.0500738  -0.38052
-14.4513  0  0  0.258326  0.114733
-8.16814  0  0  0.463989  -0.791436
-5.65487  0  0  -0.328656  -0.586209
-4.39823  0  0  -0.0288696  -0.23603
-3.14159  0  0  -1.60118  -1.26682
-1.88496  0  0  2.70584  -0.457141
-0.628319  0  0  1.12076  -3.89689
0.628319  0  0  2.43611  3.73713
1.88496  0  0  2.54221  0.155283
3.14159  0  0  -1.38345  1.17057
4.39823  0  0  0.130503  0.424238
5.65487  0  0  -0.731921  0.573507
8.16814  0  0  0.105172  0.771953
10.6814  0  0  -0.101478  0.108945
14.4513  0  0  0.127388  -0.106624
33.3009  0  0  -0.0355867  0.396281
-29.531  0  3.14159  0  0.0182711
-14.4513  0  3.14159  0  -0.465169
-8.16814  0  3.14159  0  -0.577993
-5.65487  0  3.14159  0  -0.869155
-4.39823  0  3.14159  0  0.802244
-3.14159  0  3.14159  0  1.38996
-1.88496  0  3.14159  0  -0.464788
-0.628319  0  3.14159  0  5.91235
0.628319  0  3.14159  0  -6.62058
1.88496  0  3.14159  0  -0.315183
3.14159  0  3.14159  0  -1.31101
4.39823  0  3.14159  0  -0.743939
5.65487  0  3.14159  0  0.953535
8.16814  0  3.14159  0  0.508251
10.6814  0  3.14159  0  0.260718
14.4513  0  3.14159  0  0.438761
33.3009  0  3.14159  0  -0.393786
-29.531  3.14159  0  0  0.0182711
-14.4513  3.14159  0  0  -0.465169
-8.16814  3.14159  0  0  -0.577993
-5.65487  3.14159  0  0  -0.869155
-4.39823  3.14159  0  0  0.802244
-3.14159  3.14159  0  0  1.38996
-1.88496  3.14159  0  0  -0.464788
-0.628319  3.14159  0  0  5.91235
0.628319  3.14159  0  0  -6.62058
1.88496  3.14159  0  0  -0.315183
3.14159  3.14159  0  0  -1.31101
4.39823  3.14159  0  0  -0.743939
5.65487  3.14159  0  0  0.953535
8.16814  3.14159  0  0  0.508251
10.6814  3.14159  0  0  0.260718
14.4513  3.14159  0  0  0.438761
33.3009  3.14159  0  0  -0.393786
-29.531  3.14159  3.14159  -0.0033516  0.0226261
-14.4513  3.14159  3.14159  0.0211171  -0.0829974
-8.16814  3.14159  3.14159  -0.0271295  0.230863
-5.65487  3.14159  3.14159  -0.0178815  -0.0283972
-4.39823  3.14159  3.14159  0.000801655  0.0808474
-3.14159  3.14159  3.14159  -0.108654  -0.248213
-1.88496  3.14159  3.14159  -0.203007  0.462441
-0.628319  3.14159  3.14159  -0.3241  -0.859888
0.628319  3.14159  3.14159  -0.271874  0.759209
1.88496  3.14159  3.14159  -0.135848  -0.589165
3.14159  3.14159  3.14159  -0.0971339  0.298172
4.39823  3.14159  3.14159  0.0386073  -0.0643783
5.65487  3.14159  3.14159  -0.0278027  0.0443712
8.16814  3.14159  3.14159  0.0114553  -0.243021
10.6814  3.14159  3.14159  -2.03099e-05  -0.0369584
14.4513  3.14159  3.14159  -0.00307859  0.07671
33.3009  3.14159  3.14159  0.00789566  0.00478858
