-29.531  0  0  0.00322882  -0.00399331
-14.4513  0  0  0.00946344  -0.0140711
-8.16814  0  0  0.0160181  -0.0337681
-5.65487  0  0  0.000874927  -0.0383034
-4.39823  0  0  0.0203097  -0.0244388
-3.14159  0  0  0.00476431  -0.0526689
-1.88496  0  0  -0.0355268  -0.0420173
-0.628319  0  0  0.354486  -0.616242
0.628319  0  0  -0.733759  0.0724437
1.88496  0  0  0.00857728  -0.0324441
3.14159  0  0  -0.00485921  0.0148456
4.39823  0  0  0.0169033  0.0411279
5.65487  0  0  0.017695  0.0232029
8.16814  0  0  0.0117739  0.0223169
10.6814  0  0  0.0140958  0.0212092
14.4513  0  0  0.0109414  0.0103569
33.3009  0  0  0.00287165  0.00195596
-29.531  0  3.14159  0  -0.00329753
-14.4513  0  3.14159  0  -0.0161666
-8.16814  0  3.14159  0  -0.0374138
-5.65487  0  3.14159  0  -0.0503343
-4.39823  0  3.14159  0  -0.0552865
-3.14159  0  3.14159  0  -0.0554359
-1.88496  0  3.14159  0  -0.0444772
-0.628319  0  3.14159  0  -0.017777
0.628319  0  3.14159  0  0.015656
1.88496  0  3.14159  0  0.0443269
3.14159  0  3.14159  0  0.055299
4.39823  0  3.14159  0  0.0553327
5.65487  0  3.14159  0  0.0502818
8.16814  0  3.14159  0  0.0373934
10.6814  0  3.14159  0  0.0266819
14.4513  0  3.14159  0  0.016159
33.3009  0  3.14159  0  0.00241459
-29.531  3.14159  0  0  -0.00329753
-14.4513  3.14159  0  0  -0.0161666
-8.16814  3.14159  0  0  -0.0374138
-5.65487  3.14159  0  0  -0.0503343
-4.39823  3.14159  0  0  -0.0552865
-3.14159  3.14159  0  0  -0.0554359
-1.88496  3.14159  0  0  -0.0444772
-0.628319  3.14159  0  0  -0.017777
0.628319  3.14159  0  0  0.015656
1.88496  3.14159  0  0  0.0443269
3.14159  3.14159  0  0  0.055299
4.39823  3.14159  0  0  0.0553327
5.65487  3.14159  0  0  0.0502818
8.16814  3.14159  0  0  0.0373934
10.6814  3.14159  0  0  0.0266819
14.4513  3.14159  0  0  0.016159
33.3009  3.14159  0  0  0.00241459
-29.531  3.14159  3.14159  0.00340487  -0.00385646
-14.4513  3.14159  3.14159  0.00993352  -0.0129991
-8.16814  3.14159  3.14159  0.0125618  -0.0338423
-5.65487  3.14159  3.14159  0.00999918  -0.0288778
-4.39823  3.14159  3.14159  0.0237498  -0.0235788
-3.14159  3.14159  3.14159  0.0120963  -0.0518016
-1.88496  3.14159  3.14159  -0.0124521  -0.0310378
-0.628319  3.14159  3.14159  0.609269  -0.582237
0.628319  3.14159  3.14159  -0.754239  -0.179883
1.88496  3.14159  3.14159  0.043579  -0.0239181
3.14159  3.14159  3.14159  0.0142484  0.0147866
4.39823  3.14159  3.14159  0.0207565  0.0469559
5.65487  3.14159  3.14159  0.0289122  0.0329218
8.16814  3.14159  3.14159  0.0123698  0.0204224
10.6814  3.14159  3.14159  0.0132043  0.0211668
14.4513  3.14159  3.14159  0.0112829  0.0123296
33.3009  3.14159  3.14159  0.00328555  0.0023513
