-29.531  0  0  0.00280879  -0.00970898
-14.4513  0  0  0.0122031  -0.0121238
-8.16814  0  0  0.0220996  -0.0175728
-5.65487  0  0  0.0211133  -0.0189811
-4.39823  0  0  0.0294442  -0.0192859
-3.14159  0  0  0.025435  -0.00929477
-1.88496  0  0  0.0171797  -0.0145869
-0.628319  0  0  0.0327171  0.0120416
0.628319  0  0  0.0333505  0.022843
1.88496  0  0  0.0249397  0.00443242
3.14159  0  0  0.0298033  0.0169223
4.39823  0  0  0.0233844  0.0216151
5.65487  0  0  0.0248948  0.0141529
8.16814  0  0  0.0207067  0.0152383
10.6814  0  0  0.0182117  0.013421
14.4513  0  0  0.0120398  0.0132153
33.3009  0  0  0.00219285  0.00927741
-29.531  0  3.14159  0  -0.00991867
-14.4513  0  3.14159  0  -0.0146631
-8.16814  0  3.14159  0  -0.022619
-5.65487  0  3.14159  0  -0.0270013
-4.39823  0  3.14159  0  -0.0275738
-3.14159  0  3.14159  0  -0.0261789
-1.88496  0  3.14159  0  -0.0143223
-0.628319  0  3.14159  0  -0.00768376
0.628319  0  3.14159  0  0.00805438
1.88496  0  3.14159  0  0.0137524
3.14159  0  3.14159  0  0.0261598
4.39823  0  3.14159  0  0.027529
5.65487  0  3.14159  0  0.02696
8.16814  0  3.14159  0  0.0228242
10.6814  0  3.14159  0  0.018605
14.4513  0  3.14159  0  0.0147498
33.3009  0  3.14159  0  0.00959017
-29.531  3.14159  0  0  -0.00991867
-14.4513  3.14159  0  0  -0.0146631
-8.16814  3.14159  0  0  -0.022619
-5.65487  3.14159  0  0  -0.0270013
-4.39823  3.14159  0  0  -0.0275738
-3.14159  3.14159  0  0  -0.0261789
-1.88496  3.14159  0  0  -0.0143223
-0.628319  3.14159  0  0  -0.00768376
0.628319  3.14159  0  0  0.00805438
1.88496  3.14159  0  0  0.0137524
3.14159  3.14159  0  0  0.0261598
4.39823  3.14159  0  0  0.027529
5.65487  3.14159  0  0  0.02696
8.16814  3.14159  0  0  0.0228242
10.6814  3.14159  0  0  0.018605
14.4513  3.14159  0  0  0.0147498
33.3009  3.14159  0  0  0.00959017
-29.531  3.14159  3.14159  0.00269116  -0.00976696
-14.4513  3.14159  3.14159  0.0120432  -0.012405
-8.16814  3.14159  3.14159  0.0220466  -0.0181223
-5.65487  3.14159  3.14159  0.0218891  -0.0196152
-4.39823  3.14159  3.14159  0.0309815  -0.0199265
-3.14159  3.14159  3.14159  0.026552  -0.0104731
-1.88496  3.14159  3.14159  0.0178276  -0.0175612
-0.628319  3.14159  3.14159  0.033312  0.0103521
0.628319  3.14159  3.14159  0.0324297  0.0272944
1.88496  3.14159  3.14159  0.0264941  0.00645869
3.14159  3.14159  3.14159  0.0308369  0.0183027
4.39823  3.14159  3.14159  0.0238949  0.0223725
5.65487  3.14159  3.14159  0.0257075  0.0144248
8.16814  3.14159  3.14159  0.0205342  0.0158243
10.6814  3.14159  3.14159  0.018129  0.0138965
14.4513  3.14159  3.14159  0.0118919  0.0136686
33.3009  3.14159  3.14159  0.00209637  0.00932233
