-29.531  0  0  0.00128379  0.0449485
-14.4513  0  0  0.00608443  0.0864122
-8.16814  0  0  0.0162373  0.116613
-5.65487  0  0  0.02504  0.1185
-4.39823  0  0  0.0307527  0.110427
-3.14159  0  0  0.0368415  0.0923743
-1.88496  0  0  0.0422578  0.0624527
-0.628319  0  0  0.0455379  0.0222135
0.628319  0  0  0.045538  -0.0222132
1.88496  0  0  0.0422579  -0.0624525
3.14159  0  0  0.0368417  -0.0923741
4.39823  0  0  0.0307529  -0.110426
5.65487  0  0  0.0250402  -0.1185
8.16814  0  0  0.0162375  -0.116613
10.6814  0  0  0.0106865  -0.105131
14.4513  0  0  0.00608486  -0.0864122
33.3009  0  0  0.000980894  -0.0398454
-29.531  0  3.14159  0  0.0447606
-14.4513  0  3.14159  0  0.0858133
-8.16814  0  3.14159  0  0.118991
-5.65487  0  3.14159  0  0.127405
-4.39823  0  3.14159  0  0.124626
-3.14159  0  3.14159  0  0.111327
-1.88496  0  3.14159  0  0.0809337
-0.628319  0  3.14159  0  0.0303306
0.628319  0  3.14159  0  -0.0303301
1.88496  0  3.14159  0  -0.0809332
3.14159  0  3.14159  0  -0.111327
4.39823  0  3.14159  0  -0.124626
5.65487  0  3.14159  0  -0.127405
8.16814  0  3.14159  0  -0.11899
10.6814  0  3.14159  0  -0.105212
14.4513  0  3.14159  0  -0.0858129
33.3009  0  3.14159  0  -0.0397098
-29.531  3.14159  0  0  0.0447606
-14.4513  3.14159  0  0  0.0858133
-8.16814  3.14159  0  0  0.118991
-5.65487  3.14159  0  0  0.127405
-4.39823  3.14159  0  0  0.124626
-3.14159  3.14159  0  0  0.111327
-1.88496  3.14159  0  0  0.0809337
-0.628319  3.14159  0  0  0.0303306
0.628319  3.14159  0  0  -0.0303301
1.88496  3.14159  0  0  -0.0809332
3.14159  3.14159  0  0  -0.111327
4.39823  3.14159  0  0  -0.124626
5.65487  3.14159  0  0  -0.127405
8.16814  3.14159  0  0  -0.11899
10.6814  3.14159  0  0  -0.105212
14.4513  3.14159  0  0  -0.0858129
33.3009  3.14159  0  0  -0.0397098
-29.531  3.14159  3.14159  0.00125613  0.0449528
-14.4513  3.14159  3.14159  0.00597001  0.086428
-8.16814  3.14159  3.14159  0.0158488  0.116745
-5.65487  3.14159  3.14159  0.0243465  0.118986
-4.39823  3.14159  3.14159  0.0298874  0.111383
-3.14159  3.14159  3.14159  0.0359739  0.0942635
-1.88496  3.14159  3.14159  0.042285  0.0661312
-0.628319  3.14159  3.14159  0.0509669  0.0272577
0.628319  3.14159  3.14159  0.0509669  -0.0272574
1.88496  3.14159  3.14159  0.0422851  -0.066131
3.14159  3.14159  3.14159  0.035974  -0.0942632
4.39823  3.14159  3.14159  0.0298876  -0.111383
5.65487  3.14159  3.14159  0.0243467  -0.118985
8.16814  3.14159  3.14159  0.015849  -0.116745
10.6814  3.14159  3.14159  0.0104636  -0.105175
14.4513  3.14159  3.14159  0.00597045  -0.086428
33.3009  3.14159  3.14159  0.000958792  -0.0398488
