-29.531  0  0  0.0227621  -0.048389
-14.4513  0  0  0.0532357  -0.103235
-8.16814  0  0  0.0615295  -0.150047
-5.65487  0  0  0.0506384  -0.157245
-4.39823  0  0  0.0397042  -0.14862
-3.14159  0  0  0.0260051  -0.125878
-1.88496  0  0  0.0125155  -0.0859292
-0.628319  0  0  0.00385919  -0.0307301
0.628319  0  0  0.00385917  0.0307301
1.88496  0  0  0.0125155  0.0859292
3.14159  0  0  0.0260051  0.125878
4.39823  0  0  0.0397042  0.14862
5.65487  0  0  0.0506385  0.157245
8.16814  0  0  0.0615299  0.150047
10.6814  0  0  0.0615721  0.131116
14.4513  0  0  0.0532357  0.103235
33.3009  0  0  0.0187849  0.0423177
-29.531  0  3.14159  0  -0.0528374
-14.4513  0  3.14159  0  -0.12307
-8.16814  0  3.14159  0  -0.190281
-5.65487  0  3.14159  0  -0.209536
-4.39823  0  3.14159  0  -0.206414
-3.14159  0  3.14159  0  -0.184844
-1.88496  0  3.14159  0  -0.134323
-0.628319  0  3.14159  0  -0.0503002
0.628319  0  3.14159  0  0.0502997
1.88496  0  3.14159  0  0.134323
3.14159  0  3.14159  0  0.184843
4.39823  0  3.14159  0  0.206414
5.65487  0  3.14159  0  0.209536
8.16814  0  3.14159  0  0.19028
10.6814  0  3.14159  0  0.161527
14.4513  0  3.14159  0  0.123069
33.3009  0  3.14159  0  0.0456016
-29.531  3.14159  0  0  -0.0528374
-14.4513  3.14159  0  0  -0.12307
-8.16814  3.14159  0  0  -0.190281
-5.65487  3.14159  0  0  -0.209536
-4.39823  3.14159  0  0  -0.206414
-3.14159  3.14159  0  0  -0.184844
-1.88496  3.14159  0  0  -0.134323
-0.628319  3.14159  0  0  -0.0503002
0.628319  3.14159  0  0  0.0502997
1.88496  3.14159  0  0  0.134323
3.14159  3.14159  0  0  0.184843
4.39823  3.14159  0  0  0.206414
5.65487  3.14159  0  0  0.209536
8.16814  3.14159  0  0  0.19028
10.6814  3.14159  0  0  0.161527
14.4513  3.14159  0  0  0.123069
33.3009  3.14159  0  0  0.0456016
-29.531  3.14159  3.14159  0.0224622  -0.0486159
-14.4513  3.14159  3.14159  0.0528373  -0.104217
-8.16814  3.14159  3.14159  0.0623194  -0.151728
-5.65487  3.14159  3.14159  0.0533037  -0.159265
-4.39823  3.14159  3.14159  0.0439977  -0.151188
-3.14159  3.14159  3.14159  0.0324407  -0.130188
-1.88496  3.14159  3.14159  0.0205679  -0.0961924
-0.628319  3.14159  3.14159  -0.00737471  -0.0580681
0.628319  3.14159  3.14159  -0.00737473  0.0580681
1.88496  3.14159  3.14159  0.0205679  0.0961924
3.14159  3.14159  3.14159  0.0324407  0.130188
4.39823  3.14159  3.14159  0.0439978  0.151188
5.65487  3.14159  3.14159  0.0533039  0.159265
8.16814  3.14159  3.14159  0.0623197  0.151728
10.6814  3.14159  3.14159  0.0615601  0.13252
14.4513  3.14159  3.14159  0.0528371  0.104217
33.3009  3.14159  3.14159  0.0185311  0.042485
