-29.531  0  0  0.0227127  -0.0483071
-14.4513  0  0  0.0530618  -0.10294
-8.16814  0  0  0.0612393  -0.149424
-5.65487  0  0  0.0503573  -0.156416
-4.39823  0  0  0.0394865  -0.147729
-3.14159  0  0  0.0259  -0.125028
-1.88496  0  0  0.0125466  -0.0852868
-0.628319  0  0  0.00399886  -0.0304785
0.628319  0  0  0.00400108  0.0305037
1.88496  0  0  0.0125588  0.0853057
3.14159  0  0  0.0259172  0.125046
4.39823  0  0  0.0395076  0.147744
5.65487  0  0  0.0503795  0.156434
8.16814  0  0  0.0612656  0.149438
10.6814  0  0  0.0613494  0.130674
14.4513  0  0  0.0530865  0.102956
33.3009  0  0  0.0187926  0.0422403
-29.531  0  3.14159  0  -0.0527521
-14.4513  0  3.14159  0  -0.122779
-8.16814  0  3.14159  0  -0.189611
-5.65487  0  3.14159  0  -0.208568
-4.39823  0  3.14159  0  -0.205282
-3.14159  0  3.14159  0  -0.183617
-1.88496  0  3.14159  0  -0.13325
-0.628319  0  3.14159  0  -0.0498299
0.628319  0  3.14159  0  0.0498766
1.88496  0  3.14159  0  0.133294
3.14159  0  3.14159  0  0.183656
4.39823  0  3.14159  0  0.205318
5.65487  0  3.14159  0  0.208599
8.16814  0  3.14159  0  0.189637
10.6814  0  3.14159  0  0.161087
14.4513  0  3.14159  0  0.122804
33.3009  0  3.14159  0  0.0455172
-29.531  3.14159  0  0  -0.0527521
-14.4513  3.14159  0  0  -0.122779
-8.16814  3.14159  0  0  -0.189611
-5.65487  3.14159  0  0  -0.208568
-4.39823  3.14159  0  0  -0.205282
-3.14159  3.14159  0  0  -0.183617
-1.88496  3.14159  0  0  -0.13325
-0.628319  3.14159  0  0  -0.0498299
0.628319  3.14159  0  0  0.0498766
1.88496  3.14159  0  0  0.133294
3.14159  3.14159  0  0  0.183656
4.39823  3.14159  0  0  0.205318
5.65487  3.14159  0  0  0.208599
8.16814  3.14159  0  0  0.189637
10.6814  3.14159  0  0  0.161087
14.4513  3.14159  0  0  0.122804
33.3009  3.14159  0  0  0.0455172
-29.531  3.14159  3.14159  0.0224146  -0.0485333
-14.4513  3.14159  3.14159  0.0526698  -0.103915
-8.16814  3.14159  3.14159  0.0620234  -0.151104
-5.65487  3.14159  3.14159  0.0529763  -0.158424
-4.39823  3.14159  3.14159  0.0436862  -0.150271
-3.14159  3.14159  3.14159  0.0321617  -0.129226
-1.88496  3.14159  3.14159  0.0203683  -0.0951696
-0.628319  3.14159  3.14159  -0.00672262  -0.0565644
0.628319  3.14159  3.14159  -0.00672103  0.0565926
1.88496  3.14159  3.14159  0.0203827  0.0951895
3.14159  3.14159  3.14159  0.0321805  0.129245
4.39823  3.14159  3.14159  0.0437106  0.150286
5.65487  3.14159  3.14159  0.0530008  0.158439
8.16814  3.14159  3.14159  0.0620459  0.151113
10.6814  3.14159  3.14159  0.0613401  0.132073
14.4513  3.14159  3.14159  0.0526932  0.103934
33.3009  3.14159  3.14159  0.018541  0.0424069
