-29.531  0  0  0.0227328  -0.0482731
-14.4513  0  0  0.0531078  -0.102959
-8.16814  0  0  0.061258  -0.149446
-5.65487  0  0  0.0503634  -0.156416
-4.39823  0  0  0.0394889  -0.147714
-3.14159  0  0  0.0259004  -0.125002
-1.88496  0  0  0.0125514  -0.0852622
-0.628319  0  0  0.00400203  -0.0304745
0.628319  0  0  0.00400299  0.0304799
1.88496  0  0  0.0125542  0.0852667
3.14159  0  0  0.0259046  0.125006
4.39823  0  0  0.0394937  0.147718
5.65487  0  0  0.0503687  0.15642
8.16814  0  0  0.0612649  0.149448
10.6814  0  0  0.0613646  0.130692
14.4513  0  0  0.0531101  0.102963
33.3009  0  0  0.0187737  0.0422142
-29.531  0  3.14159  0  -0.0527165
-14.4513  0  3.14159  0  -0.122803
-8.16814  0  3.14159  0  -0.18964
-5.65487  0  3.14159  0  -0.208572
-4.39823  0  3.14159  0  -0.20527
-3.14159  0  3.14159  0  -0.183588
-1.88496  0  3.14159  0  -0.133201
-0.628319  0  3.14159  0  -0.0498275
0.628319  0  3.14159  0  0.049839
1.88496  0  3.14159  0  0.133212
3.14159  0  3.14159  0  0.183597
4.39823  0  3.14159  0  0.205278
5.65487  0  3.14159  0  0.208578
8.16814  0  3.14159  0  0.189643
10.6814  0  3.14159  0  0.161104
14.4513  0  3.14159  0  0.122812
33.3009  0  3.14159  0  0.0454923
-29.531  3.14159  0  0  -0.0527165
-14.4513  3.14159  0  0  -0.122803
-8.16814  3.14159  0  0  -0.18964
-5.65487  3.14159  0  0  -0.208572
-4.39823  3.14159  0  0  -0.20527
-3.14159  3.14159  0  0  -0.183588
-1.88496  3.14159  0  0  -0.133201
-0.628319  3.14159  0  0  -0.0498275
0.628319  3.14159  0  0  0.049839
1.88496  3.14159  0  0  0.133212
3.14159  3.14159  0  0  0.183597
4.39823  3.14159  0  0  0.205278
5.65487  3.14159  0  0  0.208578
8.16814  3.14159  0  0  0.189643
10.6814  3.14159  0  0  0.161104
14.4513  3.14159  0  0  0.122812
33.3009  3.14159  0  0  0.0454923
-29.531  3.14159  3.14159  0.0224357  -0.0484973
-14.4513  3.14159  3.14159  0.0527208  -0.103937
-8.16814  3.14159  3.14159  0.0620362  -0.151126
-5.65487  3.14159  3.14159  0.0529793  -0.15842
-4.39823  3.14159  3.14159  0.0436889  -0.150247
-3.14159  3.14159  3.14159  0.0321723  -0.129201
-1.88496  3.14159  3.14159  0.0203733  -0.0951705
-0.628319  3.14159  3.14159  -0.00674746  -0.056579
0.628319  3.14159  3.14159  -0.00674611  0.0565848
1.88496  3.14159  3.14159  0.0203767  0.0951758
3.14159  3.14159  3.14159  0.0321775  0.129206
4.39823  3.14159  3.14159  0.043696  0.150252
5.65487  3.14159  3.14159  0.0529881  0.158423
8.16814  3.14159  3.14159  0.0620417  0.151124
10.6814  3.14159  3.14159  0.061356  0.132097
14.4513  3.14159  3.14159  0.0527221  0.103943
33.3009  3.14159  3.14159  0.0185217  0.04238
