-29.531  0  0  0.00128977  0.044484
-14.4513  0  0  0.00606748  0.0853343
-8.16814  0  0  0.016091  0.11458
-5.65487  0  0  0.0246966  0.115945
-4.39823  0  0  0.0302395  0.107761
-3.14159  0  0  0.0361127  0.0898989
-1.88496  0  0  0.0413078  0.0606332
-0.628319  0  0  0.0444392  0.0215296
0.628319  0  0  0.0444353  -0.0215494
1.88496  0  0  0.0412956  -0.0606523
3.14159  0  0  0.036094  -0.0899168
4.39823  0  0  0.0302162  -0.107778
5.65487  0  0  0.0246702  -0.11596
8.16814  0  0  0.0160626  -0.114592
10.6814  0  0  0.0105961  -0.103592
14.4513  0  0  0.00604045  -0.0853431
33.3009  0  0  0.000962661  -0.0394393
-29.531  0  3.14159  0  0.0443
-14.4513  0  3.14159  0  0.0847442
-8.16814  0  3.14159  0  0.11697
-5.65487  0  3.14159  0  0.124673
-4.39823  0  3.14159  0  0.121511
-3.14159  0  3.14159  0  0.108021
-1.88496  0  3.14159  0  0.0780934
-0.628319  0  3.14159  0  0.0291289
0.628319  0  3.14159  0  -0.0291731
1.88496  0  3.14159  0  -0.0781351
3.14159  0  3.14159  0  -0.108059
4.39823  0  3.14159  0  -0.121545
5.65487  0  3.14159  0  -0.124702
8.16814  0  3.14159  0  -0.116993
10.6814  0  3.14159  0  -0.103708
14.4513  0  3.14159  0  -0.084764
33.3009  0  3.14159  0  -0.0393133
-29.531  3.14159  0  0  0.0443
-14.4513  3.14159  0  0  0.0847442
-8.16814  3.14159  0  0  0.11697
-5.65487  3.14159  0  0  0.124673
-4.39823  3.14159  0  0  0.121511
-3.14159  3.14159  0  0  0.108021
-1.88496  3.14159  0  0  0.0780934
-0.628319  3.14159  0  0  0.0291289
0.628319  3.14159  0  0  -0.0291731
1.88496  3.14159  0  0  -0.0781351
3.14159  3.14159  0  0  -0.108059
4.39823  3.14159  0  0  -0.121545
5.65487  3.14159  0  0  -0.124702
8.16814  3.14159  0  0  -0.116993
10.6814  3.14159  0  0  -0.103708
14.4513  3.14159  0  0  -0.084764
33.3009  3.14159  0  0  -0.0393133
-29.531  3.14159  3.14159  0.00126682  0.0444875
-14.4513  3.14159  3.14159  0.0059716  0.0853462
-8.16814  3.14159  3.14159  0.0157623  0.114689
-5.65487  3.14159  3.14159  0.0241095  0.116355
-4.39823  3.14159  3.14159  0.0295106  0.108572
-3.14159  3.14159  3.14159  0.0353916  0.0914954
-1.88496  3.14159  3.14159  0.0413602  0.0637163
-0.628319  3.14159  3.14159  0.0489814  0.0256447
0.628319  3.14159  3.14159  0.0489769  -0.0256652
1.88496  3.14159  3.14159  0.0413474  -0.0637353
3.14159  3.14159  3.14159  0.0353724  -0.091513
4.39823  3.14159  3.14159  0.0294869  -0.108588
5.65487  3.14159  3.14159  0.0240829  -0.116369
8.16814  3.14159  3.14159  0.0157344  -0.114701
10.6814  3.14159  3.14159  0.0104086  -0.103627
14.4513  3.14159  3.14159  0.0059448  -0.0853554
33.3009  3.14159  3.14159  0.000944257  -0.039442
