-29.531  0  0  0.00127415  0.0444591
-14.4513  0  0  0.00604884  0.0853962
-8.16814  0  0  0.0160833  0.11465
-5.65487  0  0  0.0246956  0.115974
-4.39823  0  0  0.0302405  0.107761
-3.14159  0  0  0.0361125  0.0898743
-1.88496  0  0  0.0413048  0.0606035
-0.628319  0  0  0.0444347  0.0215203
0.628319  0  0  0.0444367  -0.0215198
1.88496  0  0  0.0413031  -0.0606021
3.14159  0  0  0.0361097  -0.089873
4.39823  0  0  0.0302379  -0.10776
5.65487  0  0  0.0246923  -0.115973
8.16814  0  0  0.0160795  -0.114648
10.6814  0  0  0.0106057  -0.103664
14.4513  0  0  0.00604564  -0.0854019
33.3009  0  0  0.000972881  -0.0394135
-29.531  0  3.14159  0  0.0442843
-14.4513  0  3.14159  0  0.0847885
-8.16814  0  3.14159  0  0.117031
-5.65487  0  3.14159  0  0.1247
-4.39823  0  3.14159  0  0.121516
-3.14159  0  3.14159  0  0.107991
-1.88496  0  3.14159  0  0.0780505
-0.628319  0  3.14159  0  0.0291862
0.628319  0  3.14159  0  -0.029186
1.88496  0  3.14159  0  -0.0780494
3.14159  0  3.14159  0  -0.107989
4.39823  0  3.14159  0  -0.121519
5.65487  0  3.14159  0  -0.124702
8.16814  0  3.14159  0  -0.117032
10.6814  0  3.14159  0  -0.103747
14.4513  0  3.14159  0  -0.0847904
33.3009  0  3.14159  0  -0.0392903
-29.531  3.14159  0  0  0.0442843
-14.4513  3.14159  0  0  0.0847885
-8.16814  3.14159  0  0  0.117031
-5.65487  3.14159  0  0  0.1247
-4.39823  3.14159  0  0  0.121516
-3.14159  3.14159  0  0  0.107991
-1.88496  3.14159  0  0  0.0780505
-0.628319  3.14159  0  0  0.0291862
0.628319  3.14159  0  0  -0.029186
1.88496  3.14159  0  0  -0.0780494
3.14159  3.14159  0  0  -0.107989
4.39823  3.14159  0  0  -0.121519
5.65487  3.14159  0  0  -0.124702
8.16814  3.14159  0  0  -0.117032
10.6814  3.14159  0  0  -0.103747
14.4513  3.14159  0  0  -0.0847904
33.3009  3.14159  0  0  -0.0392903
-29.531  3.14159  3.14159  0.00125107  0.0444626
-14.4513  3.14159  3.14159  0.00595254  0.0854086
-8.16814  3.14159  3.14159  0.015754  0.11476
-5.65487  3.14159  3.14159  0.0241079  0.116386
-4.39823  3.14159  3.14159  0.02951  0.108573
-3.14159  3.14159  3.14159  0.0353889  0.091475
-1.88496  3.14159  3.14159  0.0413594  0.063697
-0.628319  3.14159  3.14159  0.048987  0.0256417
0.628319  3.14159  3.14159  0.0489889  -0.0256413
1.88496  3.14159  3.14159  0.0413576  -0.0636957
3.14159  3.14159  3.14159  0.035386  -0.0914737
4.39823  3.14159  3.14159  0.0295073  -0.108572
5.65487  3.14159  3.14159  0.0241045  -0.116384
8.16814  3.14159  3.14159  0.0157504  -0.114758
10.6814  3.14159  3.14159  0.0104174  -0.1037
14.4513  3.14159  3.14159  0.0059494  -0.0854143
33.3009  3.14159  3.14159  0.000954456  -0.0394162
