-29.531  0  0  0.0219397  0.202143
-14.4513  0  0  0.0711793  0.309609
-8.16814  0  0  0.130952  0.331603
-5.65487  0  0  0.167221  0.29842
-4.39823  0  0  0.186832  0.261597
-3.14159  0  0  0.205404  0.207053
-1.88496  0  0  0.22038  0.134091
-0.628319  0  0  0.22886  0.0465539
0.628319  0  0  0.228831  -0.046598
1.88496  0  0  0.220294  -0.13413
3.14159  0  0  0.205254  -0.207081
4.39823  0  0  0.186608  -0.261606
5.65487  0  0  0.166912  -0.298395
8.16814  0  0  0.13045  -0.331453
10.6814  0  0  0.101353  -0.332259
14.4513  0  0  0.0707787  -0.308897
33.3009  0  0  0.020134  -0.182607
-29.531  0  3.14159  0  0.201922
-14.4513  0  3.14159  0  0.309609
-8.16814  0  3.14159  0  0.33641
-5.65487  0  3.14159  0  0.310132
-4.39823  0  3.14159  0  0.277967
-3.14159  0  3.14159  0  0.226684
-1.88496  0  3.14159  0  0.151741
-0.628319  0  3.14159  0  0.0539589
0.628319  0  3.14159  0  -0.0539885
1.88496  0  3.14159  0  -0.15177
3.14159  0  3.14159  0  -0.22671
4.39823  0  3.14159  0  -0.277986
5.65487  0  3.14159  0  -0.310136
8.16814  0  3.14159  0  -0.336302
10.6814  0  3.14159  0  -0.333831
14.4513  0  3.14159  0  -0.308694
33.3009  0  3.14159  0  -0.182229
-29.531  3.14159  0  0  0.201922
-14.4513  3.14159  0  0  0.309609
-8.16814  3.14159  0  0  0.33641
-5.65487  3.14159  0  0  0.310132
-4.39823  3.14159  0  0  0.277967
-3.14159  3.14159  0  0  0.226684
-1.88496  3.14159  0  0  0.151741
-0.628319  3.14159  0  0  0.0539589
0.628319  3.14159  0  0  -0.0539885
1.88496  3.14159  0  0  -0.15177
3.14159  3.14159  0  0  -0.22671
4.39823  3.14159  0  0  -0.277986
5.65487  3.14159  0  0  -0.310136
8.16814  3.14159  0  0  -0.336302
10.6814  3.14159  0  0  -0.333831
14.4513  3.14159  0  0  -0.308694
33.3009  3.14159  0  0  -0.182229
-29.531  3.14159  3.14159  0.0219244  0.202089
-14.4513  3.14159  3.14159  0.0709264  0.309514
-8.16814  3.14159  3.14159  0.130186  0.331794
-5.65487  3.14159  3.14159  0.165893  0.29921
-4.39823  3.14159  3.14159  0.185216  0.263283
-3.14159  3.14159  3.14159  0.203874  0.210368
-1.88496  3.14159  3.14159  0.220454  0.14036
-0.628319  3.14159  3.14159  0.238053  0.054897
0.628319  3.14159  3.14159  0.238029  -0.0549589
1.88496  3.14159  3.14159  0.220379  -0.140419
3.14159  3.14159  3.14159  0.203744  -0.210422
4.39823  3.14159  3.14159  0.185022  -0.26333
5.65487  3.14159  3.14159  0.165622  -0.29925
8.16814  3.14159  3.14159  0.129653  -0.331803
10.6814  3.14159  3.14159  0.100691  -0.332354
14.4513  3.14159  3.14159  0.0703768  -0.308721
33.3009  3.14159  3.14159  0.0201621  -0.182568
