-29.531  0  0  0.00127532  0.0444645
-14.4513  0  0  0.00604861  0.0853403
-8.16814  0  0  0.016074  0.114593
-5.65487  0  0  0.0246815  0.115952
-4.39823  0  0  0.0302261  0.107763
-3.14159  0  0  0.0361009  0.0898966
-1.88496  0  0  0.041298  0.0606317
-0.628319  0  0  0.0444326  0.0215349
0.628319  0  0  0.0444325  -0.0215347
1.88496  0  0  0.0412978  -0.0606315
3.14159  0  0  0.0361006  -0.0898963
4.39823  0  0  0.0302256  -0.107762
5.65487  0  0  0.0246808  -0.115951
8.16814  0  0  0.0160731  -0.114592
10.6814  0  0  0.0106045  -0.103596
14.4513  0  0  0.00604807  -0.0853428
33.3009  0  0  0.000973771  -0.0394192
-29.531  0  3.14159  0  0.0442825
-14.4513  0  3.14159  0  0.0847582
-8.16814  0  3.14159  0  0.116993
-5.65487  0  3.14159  0  0.12469
-4.39823  0  3.14159  0  0.121524
-3.14159  0  3.14159  0  0.108032
-1.88496  0  3.14159  0  0.0781026
-0.628319  0  3.14159  0  0.0291479
0.628319  0  3.14159  0  -0.0291482
1.88496  0  3.14159  0  -0.0781029
3.14159  0  3.14159  0  -0.108032
4.39823  0  3.14159  0  -0.121524
5.65487  0  3.14159  0  -0.12469
8.16814  0  3.14159  0  -0.116993
10.6814  0  3.14159  0  -0.103711
14.4513  0  3.14159  0  -0.0847586
33.3009  0  3.14159  0  -0.0392876
-29.531  3.14159  0  0  0.0442825
-14.4513  3.14159  0  0  0.0847582
-8.16814  3.14159  0  0  0.116993
-5.65487  3.14159  0  0  0.12469
-4.39823  3.14159  0  0  0.121524
-3.14159  3.14159  0  0  0.108032
-1.88496  3.14159  0  0  0.0781026
-0.628319  3.14159  0  0  0.0291479
0.628319  3.14159  0  0  -0.0291482
1.88496  3.14159  0  0  -0.0781029
3.14159  3.14159  0  0  -0.108032
4.39823  3.14159  0  0  -0.121524
5.65487  3.14159  0  0  -0.12469
8.16814  3.14159  0  0  -0.116993
10.6814  3.14159  0  0  -0.103711
14.4513  3.14159  0  0  -0.0847586
33.3009  3.14159  0  0  -0.0392876
-29.531  3.14159  3.14159  0.00125222  0.0444681
-14.4513  3.14159  3.14159  0.00595236  0.0853527
-8.16814  3.14159  3.14159  0.0157442  0.114704
-5.65487  3.14159  3.14159  0.0240934  0.116363
-4.39823  3.14159  3.14159  0.0294949  0.108576
-3.14159  3.14159  3.14159  0.0353766  0.0914988
-1.88496  3.14159  3.14159  0.0413529  0.0637283
-0.628319  3.14159  3.14159  0.0489885  0.0256593
0.628319  3.14159  3.14159  0.0489884  -0.0256592
1.88496  3.14159  3.14159  0.0413527  -0.0637281
3.14159  3.14159  3.14159  0.0353762  -0.0914984
4.39823  3.14159  3.14159  0.0294944  -0.108575
5.65487  3.14159  3.14159  0.0240927  -0.116363
8.16814  3.14159  3.14159  0.0157434  -0.114703
10.6814  3.14159  3.14159  0.0104159  -0.103632
14.4513  3.14159  3.14159  0.00595185  -0.0853552
33.3009  3.14159  3.14159  0.000955313  -0.039422
