-29.531  0  0  0.0236216  0.203951
-14.4513  0  0  0.0718662  0.312222
-8.16814  0  0  0.132137  0.335556
-5.65487  0  0  0.169073  0.302845
-4.39823  0  0  0.189126  0.265964
-3.14159  0  0  0.208197  0.210895
-1.88496  0  0  0.223635  0.136798
-0.628319  0  0  0.232416  0.0475582
0.628319  0  0  0.232416  -0.0475554
1.88496  0  0  0.223635  -0.136795
3.14159  0  0  0.208197  -0.210892
4.39823  0  0  0.189126  -0.265961
5.65487  0  0  0.169073  -0.302842
8.16814  0  0  0.132137  -0.335553
10.6814  0  0  0.102783  -0.335907
14.4513  0  0  0.0718669  -0.31222
33.3009  0  0  0.0190815  -0.185263
-29.531  0  3.14159  0  0.203697
-14.4513  0  3.14159  0  0.312341
-8.16814  0  3.14159  0  0.340382
-5.65487  0  3.14159  0  0.314788
-4.39823  0  3.14159  0  0.28282
-3.14159  0  3.14159  0  0.23135
-1.88496  0  3.14159  0  0.155385
-0.628319  0  3.14159  0  0.0554068
0.628319  0  3.14159  0  -0.0554038
1.88496  0  3.14159  0  -0.155382
3.14159  0  3.14159  0  -0.231347
4.39823  0  3.14159  0  -0.282817
5.65487  0  3.14159  0  -0.314785
8.16814  0  3.14159  0  -0.340379
10.6814  0  3.14159  0  -0.337576
14.4513  0  3.14159  0  -0.312338
33.3009  0  3.14159  0  -0.185054
-29.531  3.14159  0  0  0.203697
-14.4513  3.14159  0  0  0.312341
-8.16814  3.14159  0  0  0.340382
-5.65487  3.14159  0  0  0.314788
-4.39823  3.14159  0  0  0.28282
-3.14159  3.14159  0  0  0.23135
-1.88496  3.14159  0  0  0.155385
-0.628319  3.14159  0  0  0.0554068
0.628319  3.14159  0  0  -0.0554038
1.88496  3.14159  0  0  -0.155382
3.14159  3.14159  0  0  -0.231347
4.39823  3.14159  0  0  -0.282817
5.65487  3.14159  0  0  -0.314785
8.16814  3.14159  0  0  -0.340379
10.6814  3.14159  0  0  -0.337576
14.4513  3.14159  0  0  -0.312338
33.3009  3.14159  0  0  -0.185054
-29.531  3.14159  3.14159  0.0236029  0.203918
-14.4513  3.14159  3.14159  0.0716364  0.3121
-8.16814  3.14159  3.14159  0.131203  0.335654
-5.65487  3.14159  3.14159  0.167465  0.303743
-4.39823  3.14159  3.14159  0.18718  0.267872
-3.14159  3.14159  3.14159  0.206294  0.214723
-1.88496  3.14159  3.14159  0.223588  0.144201
-0.628319  3.14159  3.14159  0.243168  0.0576256
0.628319  3.14159  3.14159  0.243168  -0.0576227
1.88496  3.14159  3.14159  0.223588  -0.144198
3.14159  3.14159  3.14159  0.206294  -0.21472
4.39823  3.14159  3.14159  0.18718  -0.267869
5.65487  3.14159  3.14159  0.167465  -0.30374
8.16814  3.14159  3.14159  0.131203  -0.335651
10.6814  3.14159  3.14159  0.10226  -0.335809
14.4513  3.14159  3.14159  0.0716371  -0.312097
33.3009  3.14159  3.14159  0.01907  -0.185239
