-35.3429  0  0  2.23334e-06  -0.00870648
-22.7765  0  0  7.60532e-06  -0.0130188
-16.4934  0  0  1.04448e-06  -0.0170492
-10.2102  0  0  3.8165e-05  -0.0236686
-8.63938  0  0  2.50244e-05  -0.0257435
-7.06858  0  0  6.03192e-05  -0.0275759
-5.49779  0  0  -3.94185e-05  -0.0283959
-3.92699  0  0  0.000425444  -0.0263888
-2.35619  0  0  0.000415609  -0.0199274
-0.785398  0  0  0.000848198  -0.00777071
0.785398  0  0  0.000808057  0.00775378
2.35619  0  0  0.000472251  0.0199073
3.92699  0  0  0.000441601  0.0263929
5.49779  0  0  -3.73259e-05  0.0283827
7.06858  0  0  5.76771e-05  0.0275717
8.63938  0  0  1.06507e-05  0.025741
10.2102  0  0  4.35514e-05  0.0236729
16.4934  0  0  -6.75492e-07  0.017049
33.7721  0  0  1.53431e-06  0.00905803
62.0465  0  0  1.84654e-06  0.00501913
-35.3429  0  3.14159  1.7849e-07  -0.00876949
-22.7765  0  3.14159  -2.72197e-08  -0.0133443
-16.4934  0  3.14159  -2.11438e-07  -0.0179757
-10.2102  0  3.14159  -1.1654e-06  -0.0277867
-8.63938  0  3.14159  8.51956e-08  -0.0325585
-7.06858  0  3.14159  9.11924e-07  -0.0386431
-5.49779  0  3.14159  6.28713e-06  -0.048378
-3.92699  0  3.14159  -3.00237e-06  -0.066292
-2.35619  0  3.14159  -2.63483e-06  -0.102684
-0.785398  0  3.14159  -1.69216e-06  -0.0802735
0.785398  0  3.14159  -9.53502e-07  0.0802716
2.35619  0  3.14159  -1.66275e-06  0.10268
3.92699  0  3.14159  -1.80254e-06  0.0662932
5.49779  0  3.14159  3.84159e-06  0.0483746
7.06858  0  3.14159  -9.82506e-07  0.038643
8.63938  0  3.14159  -6.9357e-07  0.0325584
10.2102  0  3.14159  -1.03658e-06  0.0277872
16.4934  0  3.14159  1.3124e-07  0.0179757
33.7721  0  3.14159  1.90666e-07  0.00917948
62.0465  0  3.14159  2.12605e-07  0.00508947
-35.3429  3.14159  0  1.7849e-07  -0.00876949
-22.7765  3.14159  0  -2.72197e-08  -0.0133443
-16.4934  3.14159  0  -2.11438e-07  -0.0179757
-10.2102  3.14159  0  -1.1654e-06  -0.0277867
-8.63938  3.14159  0  8.51956e-08  -0.0325585
-7.06858  3.14159  0  9.11924e-07  -0.0386431
-5.49779  3.14159  0  6.28713e-06  -0.048378
-3.92699  3.14159  0  -3.00237e-06  -0.066292
-2.35619  3.14159  0  -2.63483e-06  -0.102684
-0.785398  3.14159  0  -1.69216e-06  -0.0802735
0.785398  3.14159  0  -9.53502e-07  0.0802716
2.35619  3.14159  0  -1.66275e-06  0.10268
3.92699  3.14159  0  -1.80254e-06  0.0662932
5.49779  3.14159  0  3.84159e-06  0.0483746
7.06858  3.14159  0  -9.82506e-07  0.038643
8.63938  3.14159  0  -6.9357e-07  0.0325584
10.2102  3.14159  0  -1.03658e-06  0.0277872
16.4934  3.14159  0  1.3124e-07  0.0179757
33.7721  3.14159  0  1.90666e-07  0.00917948
62.0465  3.14159  0  2.12605e-07  0.00508947
-35.3429  3.14159  3.14159  -6.1023e-06  -0.0087065
-22.7765  3.14159  3.14159  1.25683e-06  -0.0130187
-16.4934  3.14159  3.14159  4.09341e-06  -0.0170492
-10.2102  3.14159  3.14159  2.7087e-05  -0.0236687
-8.63938  3.14159  3.14159  -2.72766e-05  -0.0257435
-7.06858  3.14159  3.14159  -8.69326e-05  -0.0275757
-5.49779  3.14159  3.14159  -0.00038537  -0.028396
-3.92699  3.14159  3.14159  -0.000298453  -0.0263892
-2.35619  3.14159  3.14159  -0.000911131  -0.0199274
-0.785398  3.14159  3.14159  -0.00107928  -0.00777101
0.785398  3.14159  3.14159  -0.00111938  0.00775394
2.35619  3.14159  3.14159  -0.00085447  0.0199073
3.92699  3.14159  3.14159  -0.000282176  0.0263933
5.49779  3.14159  3.14159  -0.000383259  0.0283828
7.06858  3.14159  3.14159  -8.96348e-05  0.0275715
8.63938  3.14159  3.14159  -4.16477e-05  0.025741
10.2102  3.14159  3.14159  3.2507e-05  0.023673
16.4934  3.14159  3.14159  2.37952e-06  0.0170491
33.7721  3.14159  3.14159  -7.01686e-06  0.009058
62.0465  3.14159  3.14159  -2.33102e-06  0.00501915
