-35.3429  0  0  -4.02335e-26  -1.39653e-25
-22.7765  0  0  2.86233e-25  4.5826e-25
-16.4934  0  0  2.01868e-25  -4.71713e-25
-10.2102  0  0  -1.25893e-24  -6.56896e-24
-8.63938  0  0  -3.69811e-24  1.34827e-24
-7.06858  0  0  -8.88201e-24  -1.72229e-24
-5.49779  0  0  -1.75031e-23  3.41307e-23
-3.92699  0  0  -4.41855e-23  -6.46029e-23
-2.35619  0  0  1.16681e-22  -2.98256e-23
-0.785398  0  0  9.93876e-22  -6.66339e-22
0.785398  0  0  1.16927e-21  -1.22428e-23
2.35619  0  0  5.31764e-23  -3.73182e-23
3.92699  0  0  -2.59546e-23  1.07067e-22
5.49779  0  0  -1.47854e-24  -2.29768e-23
7.06858  0  0  -3.5874e-24  2.05642e-23
8.63938  0  0  8.72013e-24  3.67619e-24
10.2102  0  0  -3.05154e-25  -1.96478e-24
16.4934  0  0  -1.82456e-25  1.22704e-24
33.7721  0  0  2.4235e-25  -3.32983e-25
62.0465  0  0  -1.21403e-25  6.17372e-26
-35.3429  0  3.14159  -1.64599e-26  -3.09283e-26
-22.7765  0  3.14159  8.26164e-26  9.03115e-26
-16.4934  0  3.14159  6.64776e-27  -1.33599e-25
-10.2102  0  3.14159  -6.65736e-25  -1.39468e-24
-8.63938  0  3.14159  -7.488e-25  5.37149e-25
-7.06858  0  3.14159  -2.10268e-24  5.52466e-26
-5.49779  0  3.14159  -2.14126e-24  9.49282e-24
-3.92699  0  3.14159  -1.37914e-23  -1.30099e-23
-2.35619  0  3.14159  2.46189e-23  -1.25772e-23
-0.785398  0  3.14159  1.85949e-22  -1.96248e-22
0.785398  0  3.14159  2.65745e-22  -5.59498e-23
2.35619  0  3.14159  9.91411e-24  -1.02949e-23
3.92699  0  3.14159  4.02623e-25  2.5547e-23
5.49779  0  3.14159  -1.7935e-24  -4.84076e-24
7.06858  0  3.14159  3.84014e-25  4.88153e-24
8.63938  0  3.14159  2.2709e-24  2.50006e-25
10.2102  0  3.14159  -2.43407e-25  -3.67763e-25
16.4934  0  3.14159  3.49179e-26  2.93345e-25
33.7721  0  3.14159  4.07198e-26  -8.70047e-26
62.0465  0  3.14159  -2.41849e-26  1.96412e-26
-35.3429  3.14159  0  -1.64599e-26  -3.09283e-26
-22.7765  3.14159  0  8.26164e-26  9.03115e-26
-16.4934  3.14159  0  6.64776e-27  -1.33599e-25
-10.2102  3.14159  0  -6.65736e-25  -1.39468e-24
-8.63938  3.14159  0  -7.488e-25  5.37149e-25
-7.06858  3.14159  0  -2.10268e-24  5.52466e-26
-5.49779  3.14159  0  -2.14126e-24  9.49282e-24
-3.92699  3.14159  0  -1.37914e-23  -1.30099e-23
-2.35619  3.14159  0  2.46189e-23  -1.25772e-23
-0.785398  3.14159  0  1.85949e-22  -1.96248e-22
0.785398  3.14159  0  2.65745e-22  -5.59498e-23
2.35619  3.14159  0  9.91411e-24  -1.02949e-23
3.92699  3.14159  0  4.02623e-25  2.5547e-23
5.49779  3.14159  0  -1.7935e-24  -4.84076e-24
7.06858  3.14159  0  3.84014e-25  4.88153e-24
8.63938  3.14159  0  2.2709e-24  2.50006e-25
10.2102  3.14159  0  -2.43407e-25  -3.67763e-25
16.4934  3.14159  0  3.49179e-26  2.93345e-25
33.7721  3.14159  0  4.07198e-26  -8.70047e-26
62.0465  3.14159  0  -2.41849e-26  1.96412e-26
-35.3429  3.14159  3.14159  -4.02044e-26  -1.39626e-25
-22.7765  3.14159  3.14159  2.86097e-25  4.58267e-25
-16.4934  3.14159  3.14159  2.01864e-25  -4.71424e-25
-10.2102  3.14159  3.14159  -1.2568e-24  -6.56788e-24
-8.63938  3.14159  3.14159  -3.69754e-24  1.34685e-24
-7.06858  3.14159  3.14159  -8.88038e-24  -1.72377e-24
-5.49779  3.14159  3.14159  -1.75022e-23  3.41176e-23
-3.92699  3.14159  3.14159  -4.41662e-23  -6.45952e-23
-2.35619  3.14159  3.14159  1.16667e-22  -2.97927e-23
-0.785398  3.14159  3.14159  9.93868e-22  -6.65972e-22
0.785398  3.14159  3.14159  1.16908e-21  -1.20056e-23
2.35619  3.14159  3.14159  5.31799e-23  -3.72999e-23
3.92699  3.14159  3.14159  -2.59751e-23  1.07035e-22
5.49779  3.14159  3.14159  -1.47137e-24  -2.29708e-23
7.06858  3.14159  3.14159  -3.59152e-24  2.05583e-23
8.63938  3.14159  3.14159  8.71648e-24  3.67735e-24
10.2102  3.14159  3.14159  -3.04033e-25  -1.96425e-24
16.4934  3.14159  3.14159  -1.82695e-25  1.22666e-24
33.7721  3.14159  3.14159  2.42371e-25  -3.32882e-25
62.0465  3.14159  3.14159  -1.21395e-25  6.16997e-26
