-35.3429  0  0  -4.81078  -2.96935
-22.7765  0  0  3.60879  22.3572
-16.4934  0  0  -22.4745  -24.8208
-10.2102  0  0  -132.896  -325.506
-8.63938  0  0  -258.017  78.1824
-7.06858  0  0  -558.507  49.4393
-5.49779  0  0  434.021  2869.56
-3.92699  0  0  -4106.01  -3343.93
-2.35619  0  0  4498.32  -849.354
-0.785398  0  0  46963.9  -32999.5
0.785398  0  0  77291  -2233.54
2.35619  0  0  3034.8  -2716.82
3.92699  0  0  -119.208  5318.2
5.49779  0  0  -801.148  193.984
7.06858  0  0  58.5277  1295.69
8.63938  0  0  497.617  -72.4574
10.2102  0  0  44.0502  -95.9497
16.4934  0  0  1.01997  66.8803
33.7721  0  0  18.6209  -20.7315
62.0465  0  0  -5.3431  2.39045
-35.3429  0  3.14159  -48.201  -18.1195
-22.7765  0  3.14159  -16.3662  212.462
-16.4934  0  3.14159  -150.961  -140.87
-10.2102  0  3.14159  -1212.05  -3402.03
-8.63938  0  3.14159  -3238.16  1846.59
-7.06858  0  3.14159  -4418.46  2254.55
-5.49779  0  3.14159  7255.66  28736.2
-3.92699  0  3.14159  -38247  -20651.5
-2.35619  0  3.14159  50577.5  -8775.86
-0.785398  0  3.14159  336079  -270723
0.785398  0  3.14159  666166  -87849.2
2.35619  0  3.14159  10351  -22249
3.92699  0  3.14159  6683.8  42901.7
5.49779  0  3.14159  -3076.3  6753.03
7.06858  0  3.14159  2911.43  11966.7
8.63938  0  3.14159  5720.85  -709.39
10.2102  0  3.14159  -84.4597  -1579.5
16.4934  0  3.14159  16.7496  677.571
33.7721  0  3.14159  126.639  -179.714
62.0465  0  3.14159  -47.3426  21.3068
-35.3429  3.14159  0  -48.201  -18.1195
-22.7765  3.14159  0  -16.3662  212.462
-16.4934  3.14159  0  -150.961  -140.87
-10.2102  3.14159  0  -1212.05  -3402.03
-8.63938  3.14159  0  -3238.16  1846.59
-7.06858  3.14159  0  -4418.46  2254.55
-5.49779  3.14159  0  7255.66  28736.2
-3.92699  3.14159  0  -38247  -20651.5
-2.35619  3.14159  0  50577.5  -8775.86
-0.785398  3.14159  0  336079  -270723
0.785398  3.14159  0  666166  -87849.2
2.35619  3.14159  0  10351  -22249
3.92699  3.14159  0  6683.8  42901.7
5.49779  3.14159  0  -3076.3  6753.03
7.06858  3.14159  0  2911.43  11966.7
8.63938  3.14159  0  5720.85  -709.39
10.2102  3.14159  0  -84.4597  -1579.5
16.4934  3.14159  0  16.7496  677.571
33.7721  3.14159  0  126.639  -179.714
62.0465  3.14159  0  -47.3426  21.3068
-35.3429  3.14159  3.14159  -4.4802  -3.23863
-22.7765  3.14159  3.14159  3.78515  21.9037
-16.4934  3.14159  3.14159  -24.0449  -23.4055
-10.2102  3.14159  3.14159  -113.633  -319.206
-8.63938  3.14159  3.14159  -248.123  89.3428
-7.06858  3.14159  3.14159  -559.552  21.6296
-5.49779  3.14159  3.14159  393.435  2795.51
-3.92699  3.14159  3.14159  -4062.28  -3357.06
-2.35619  3.14159  3.14159  4622.43  -781.658
-0.785398  3.14159  3.14159  47179.6  -32339
0.785398  3.14159  3.14159  76172.1  -1285.56
2.35619  3.14159  3.14159  2868.56  -2603.91
3.92699  3.14159  3.14159  -152.451  5230.58
5.49779  3.14159  3.14159  -758.835  154.613
7.06858  3.14159  3.14159  49.8243  1255.04
8.63938  3.14159  3.14159  479.831  -66.0416
10.2102  3.14159  3.14159  40.1528  -84.7877
16.4934  3.14159  3.14159  0.260473  64.7825
33.7721  3.14159  3.14159  18.2969  -20.4637
62.0465  3.14159  3.14159  -5.34159  2.36192
