-35.3429  0  0  1.90809e-06  -8.16506e-05
-22.7765  0  0  9.43021e-06  -0.000279537
-16.4934  0  0  2.66639e-05  -0.000657189
-10.2102  0  0  9.19894e-05  -0.00208652
-8.63938  0  0  0.000131202  -0.00298814
-7.06858  0  0  0.000196256  -0.00441957
-5.49779  0  0  0.00032309  -0.00667598
-3.92699  0  0  0.00062005  -0.0098051
-2.35619  0  0  0.00133195  -0.0118496
-0.785398  0  0  0.00239666  -0.0063654
0.785398  0  0  0.00239672  0.00636534
2.35619  0  0  0.00133193  0.0118496
3.92699  0  0  0.000620031  0.00980511
5.49779  0  0  0.00032307  0.00667598
7.06858  0  0  0.000196241  0.00441957
8.63938  0  0  0.000131187  0.00298814
10.2102  0  0  9.19755e-05  0.00208653
16.4934  0  0  2.66554e-05  0.000657191
33.7721  0  0  2.26257e-06  9.29863e-05
62.0465  0  0  2.13955e-07  1.58282e-05
-35.3429  0  3.14159  1.04173e-09  -8.07575e-05
-22.7765  0  3.14159  4.31476e-09  -0.000272374
-16.4934  0  3.14159  3.97535e-09  -0.000625724
-10.2102  0  3.14159  2.88712e-08  -0.00185104
-8.63938  0  3.14159  2.25749e-08  -0.00256242
-7.06858  0  3.14159  -3.33654e-08  -0.0036504
-5.49779  0  3.14159  -2.6879e-08  -0.00541783
-3.92699  0  3.14159  5.29673e-08  -0.00873765
-2.35619  0  3.14159  1.12619e-07  -0.018239
-0.785398  0  3.14159  3.20342e-06  -0.16999
0.785398  0  3.14159  3.05765e-06  0.16999
2.35619  0  3.14159  5.68022e-08  0.018239
3.92699  0  3.14159  2.17895e-08  0.00873765
5.49779  0  3.14159  -4.77951e-08  0.00541783
7.06858  0  3.14159  -5.07685e-08  0.0036504
8.63938  0  3.14159  7.25546e-09  0.00256243
10.2102  0  3.14159  1.57133e-08  0.00185104
16.4934  0  3.14159  -4.00893e-09  0.000625725
33.7721  0  3.14159  5.61757e-10  9.18753e-05
62.0465  0  3.14159  8.07718e-11  1.57707e-05
-35.3429  3.14159  0  1.04173e-09  -8.07575e-05
-22.7765  3.14159  0  4.31476e-09  -0.000272374
-16.4934  3.14159  0  3.97535e-09  -0.000625724
-10.2102  3.14159  0  2.88712e-08  -0.00185104
-8.63938  3.14159  0  2.25749e-08  -0.00256242
-7.06858  3.14159  0  -3.33654e-08  -0.0036504
-5.49779  3.14159  0  -2.6879e-08  -0.00541783
-3.92699  3.14159  0  5.29673e-08  -0.00873765
-2.35619  3.14159  0  1.12619e-07  -0.018239
-0.785398  3.14159  0  3.20342e-06  -0.16999
0.785398  3.14159  0  3.05765e-06  0.16999
2.35619  3.14159  0  5.68022e-08  0.018239
3.92699  3.14159  0  2.17895e-08  0.00873765
5.49779  3.14159  0  -4.77951e-08  0.00541783
7.06858  3.14159  0  -5.07685e-08  0.0036504
8.63938  3.14159  0  7.25546e-09  0.00256243
10.2102  3.14159  0  1.57133e-08  0.00185104
16.4934  3.14159  0  -4.00893e-09  0.000625725
33.7721  3.14159  0  5.61757e-10  9.18753e-05
62.0465  3.14159  0  8.07718e-11  1.57707e-05
-35.3429  3.14159  3.14159  -1.90472e-06  -8.16505e-05
-22.7765  3.14159  3.14159  -9.42246e-06  -0.000279537
-16.4934  3.14159  3.14159  -2.66582e-05  -0.000657189
-10.2102  3.14159  3.14159  -9.19516e-05  -0.00208652
-8.63938  3.14159  3.14159  -0.000131183  -0.00298814
-7.06858  3.14159  3.14159  -0.000196199  -0.00441957
-5.49779  3.14159  3.14159  -0.000322988  -0.00667598
-3.92699  3.14159  3.14159  -0.000620039  -0.00980511
-2.35619  3.14159  3.14159  -0.00133195  -0.0118496
-0.785398  3.14159  3.14159  -0.00239654  -0.0063654
0.785398  3.14159  3.14159  -0.00239648  0.00636534
2.35619  3.14159  3.14159  -0.00133198  0.0118496
3.92699  3.14159  3.14159  -0.000620059  0.00980511
5.49779  3.14159  3.14159  -0.000323008  0.00667598
7.06858  3.14159  3.14159  -0.000196215  0.00441957
8.63938  3.14159  3.14159  -0.000131199  0.00298814
10.2102  3.14159  3.14159  -9.19664e-05  0.00208652
16.4934  3.14159  3.14159  -2.66666e-05  0.000657191
33.7721  3.14159  3.14159  -2.26462e-06  9.29862e-05
62.0465  3.14159  3.14159  -2.1415e-07  1.58282e-05
