-35.3429  0  0  1.90585e-06  -8.16502e-05
-22.7765  0  0  9.42613e-06  -0.000279537
-16.4934  0  0  2.6658e-05  -0.00065719
-10.2102  0  0  9.19634e-05  -0.00208652
-8.63938  0  0  0.000131187  -0.00298815
-7.06858  0  0  0.000196222  -0.00441958
-5.49779  0  0  0.00032302  -0.00667599
-3.92699  0  0  0.000620024  -0.00980508
-2.35619  0  0  0.00133193  -0.0118496
-0.785398  0  0  0.0023968  -0.0063654
0.785398  0  0  0.00239689  0.00636532
2.35619  0  0  0.00133193  0.0118496
3.92699  0  0  0.000620011  0.00980508
5.49779  0  0  0.000323011  0.00667599
7.06858  0  0  0.000196214  0.00441958
8.63938  0  0  0.000131182  0.00298815
10.2102  0  0  9.19581e-05  0.00208653
16.4934  0  0  2.66544e-05  0.000657191
33.7721  0  0  2.26235e-06  9.29859e-05
62.0465  0  0  2.13494e-07  1.58282e-05
-35.3429  0  3.14159  -8.10376e-10  -8.07571e-05
-22.7765  0  3.14159  -2.82056e-09  -0.000272374
-16.4934  0  3.14159  -6.66827e-09  -0.000625726
-10.2102  0  3.14159  -1.84548e-08  -0.00185105
-8.63938  0  3.14159  -1.62397e-08  -0.00256243
-7.06858  0  3.14159  -2.14879e-08  -0.00365041
-5.49779  0  3.14159  -6.76393e-08  -0.00541783
-3.92699  0  3.14159  -1.12578e-07  -0.00873764
-2.35619  0  3.14159  -4.72915e-07  -0.0182391
-0.785398  0  3.14159  -2.03948e-06  -0.169984
0.785398  0  3.14159  -2.07935e-06  0.169984
2.35619  0  3.14159  -4.9238e-07  0.0182391
3.92699  0  3.14159  -1.21897e-07  0.00873764
5.49779  0  3.14159  -7.48572e-08  0.00541783
7.06858  0  3.14159  -2.73762e-08  0.00365041
8.63938  0  3.14159  -2.13594e-08  0.00256243
10.2102  0  3.14159  -2.26249e-08  0.00185105
16.4934  0  3.14159  -9.5168e-09  0.000625726
33.7721  0  3.14159  -2.25724e-09  9.18754e-05
62.0465  0  3.14159  -2.71343e-10  1.57707e-05
-35.3429  3.14159  0  -8.10376e-10  -8.07571e-05
-22.7765  3.14159  0  -2.82056e-09  -0.000272374
-16.4934  3.14159  0  -6.66827e-09  -0.000625726
-10.2102  3.14159  0  -1.84548e-08  -0.00185105
-8.63938  3.14159  0  -1.62397e-08  -0.00256243
-7.06858  3.14159  0  -2.14879e-08  -0.00365041
-5.49779  3.14159  0  -6.76393e-08  -0.00541783
-3.92699  3.14159  0  -1.12578e-07  -0.00873764
-2.35619  3.14159  0  -4.72915e-07  -0.0182391
-0.785398  3.14159  0  -2.03948e-06  -0.169984
0.785398  3.14159  0  -2.07935e-06  0.169984
2.35619  3.14159  0  -4.9238e-07  0.0182391
3.92699  3.14159  0  -1.21897e-07  0.00873764
5.49779  3.14159  0  -7.48572e-08  0.00541783
7.06858  3.14159  0  -2.73762e-08  0.00365041
8.63938  3.14159  0  -2.13594e-08  0.00256243
10.2102  3.14159  0  -2.26249e-08  0.00185105
16.4934  3.14159  0  -9.5168e-09  0.000625726
33.7721  3.14159  0  -2.25724e-09  9.18754e-05
62.0465  3.14159  0  -2.71343e-10  1.57707e-05
-35.3429  3.14159  3.14159  -1.90691e-06  -8.16503e-05
-22.7765  3.14159  3.14159  -9.42662e-06  -0.000279537
-16.4934  3.14159  3.14159  -2.66645e-05  -0.00065719
-10.2102  3.14159  3.14159  -9.19783e-05  -0.00208652
-8.63938  3.14159  3.14159  -0.000131199  -0.00298815
-7.06858  3.14159  3.14159  -0.000196234  -0.00441958
-5.49779  3.14159  3.14159  -0.000323058  -0.00667599
-3.92699  3.14159  3.14159  -0.000620065  -0.00980508
-2.35619  3.14159  3.14159  -0.00133197  -0.0118496
-0.785398  3.14159  3.14159  -0.0023964  -0.00636538
0.785398  3.14159  3.14159  -0.00239631  0.0063653
2.35619  3.14159  3.14159  -0.00133198  0.0118496
3.92699  3.14159  3.14159  -0.000620079  0.00980507
5.49779  3.14159  3.14159  -0.000323067  0.00667599
7.06858  3.14159  3.14159  -0.000196241  0.00441958
8.63938  3.14159  3.14159  -0.000131204  0.00298815
10.2102  3.14159  3.14159  -9.19831e-05  0.00208653
16.4934  3.14159  3.14159  -2.66679e-05  0.000657191
33.7721  3.14159  3.14159  -2.26506e-06  9.29859e-05
62.0465  3.14159  3.14159  -2.14648e-07  1.58282e-05
