-35.3429  0  0  -1.45877e-21  -8.38291e-21
-22.7765  0  0  -6.85123e-22  -2.45834e-21
-16.4934  0  0  -1.56648e-21  -5.15729e-21
-10.2102  0  0  1.23419e-20  1.13743e-20
-8.63938  0  0  -9.36946e-21  -1.95747e-20
-7.06858  0  0  -1.15113e-20  -5.7259e-21
-5.49779  0  0  -3.29587e-20  -5.90258e-21
-3.92699  0  0  1.48783e-20  3.03736e-20
-2.35619  0  0  -2.87348e-20  9.66627e-20
-0.785398  0  0  -5.67065e-20  -8.48714e-20
0.785398  0  0  -2.23332e-20  9.96421e-20
2.35619  0  0  -6.22091e-20  -8.00845e-20
3.92699  0  0  3.06559e-21  -3.37908e-20
5.49779  0  0  -2.837e-20  1.74314e-20
7.06858  0  0  -8.74448e-21  9.55116e-21
8.63938  0  0  -1.58532e-21  2.15889e-20
10.2102  0  0  7.47886e-21  -1.51031e-20
16.4934  0  0  4.03783e-22  5.40265e-21
33.7721  0  0  -8.74692e-22  -4.91099e-21
62.0465  0  0  6.79611e-22  2.20072e-21
-35.3429  0  3.14159  -9.78698e-22  -3.03386e-21
-22.7765  0  3.14159  -4.27995e-22  -9.40191e-22
-16.4934  0  3.14159  -8.17793e-22  -1.83494e-21
-10.2102  0  3.14159  5.19483e-21  3.59312e-21
-8.63938  0  3.14159  -4.46393e-21  -6.6678e-21
-7.06858  0  3.14159  -4.58827e-21  -1.58577e-21
-5.49779  0  3.14159  -1.25054e-20  -3.63572e-22
-3.92699  0  3.14159  7.35307e-21  1.07149e-20
-2.35619  0  3.14159  -5.71531e-21  3.72415e-20
-0.785398  0  3.14159  -2.54417e-20  -2.82583e-20
0.785398  0  3.14159  -3.35895e-21  3.80395e-20
2.35619  0  3.14159  -2.718e-20  -2.63947e-20
3.92699  0  3.14159  -7.67388e-22  -1.30167e-20
5.49779  0  3.14159  -9.78471e-21  7.88862e-21
7.06858  0  3.14159  -2.69146e-21  4.00584e-21
8.63938  0  3.14159  4.3305e-22  8.04063e-21
10.2102  0  3.14159  1.98616e-21  -6.00802e-21
16.4934  0  3.14159  4.31466e-22  1.95491e-21
33.7721  0  3.14159  -5.86272e-22  -1.79387e-21
62.0465  0  3.14159  3.54322e-22  7.68745e-22
-35.3429  3.14159  0  -9.78698e-22  -3.03386e-21
-22.7765  3.14159  0  -4.27995e-22  -9.40191e-22
-16.4934  3.14159  0  -8.17793e-22  -1.83494e-21
-10.2102  3.14159  0  5.19483e-21  3.59312e-21
-8.63938  3.14159  0  -4.46393e-21  -6.6678e-21
-7.06858  3.14159  0  -4.58827e-21  -1.58577e-21
-5.49779  3.14159  0  -1.25054e-20  -3.63572e-22
-3.92699  3.14159  0  7.35307e-21  1.07149e-20
-2.35619  3.14159  0  -5.71531e-21  3.72415e-20
-0.785398  3.14159  0  -2.54417e-20  -2.82583e-20
0.785398  3.14159  0  -3.35895e-21  3.80395e-20
2.35619  3.14159  0  -2.718e-20  -2.63947e-20
3.92699  3.14159  0  -7.67388e-22  -1.30167e-20
5.49779  3.14159  0  -9.78471e-21  7.88862e-21
7.06858  3.14159  0  -2.69146e-21  4.00584e-21
8.63938  3.14159  0  4.3305e-22  8.04063e-21
10.2102  3.14159  0  1.98616e-21  -6.00802e-21
16.4934  3.14159  0  4.31466e-22  1.95491e-21
33.7721  3.14159  0  -5.86272e-22  -1.79387e-21
62.0465  3.14159  0  3.54322e-22  7.68745e-22
-35.3429  3.14159  3.14159  -1.45821e-21  -8.38268e-21
-22.7765  3.14159  3.14159  -6.84945e-22  -2.45825e-21
-16.4934  3.14159  3.14159  -1.56612e-21  -5.15719e-21
-10.2102  3.14159  3.14159  1.23408e-20  1.13746e-20
-8.63938  3.14159  3.14159  -9.36791e-21  -1.95745e-20
-7.06858  3.14159  3.14159  -1.15105e-20  -5.72635e-21
-5.49779  3.14159  3.14159  -3.29571e-20  -5.9044e-21
-3.92699  3.14159  3.14159  1.48758e-20  3.03732e-20
-2.35619  3.14159  3.14159  -2.87395e-20  9.66573e-20
-0.785398  3.14159  3.14159  -5.66992e-20  -8.48717e-20
0.785398  3.14159  3.14159  -2.23382e-20  9.96371e-20
2.35619  3.14159  3.14159  -6.22019e-20  -8.00853e-20
3.92699  3.14159  3.14159  3.06749e-21  -3.37891e-20
5.49779  3.14159  3.14159  -2.837e-20  1.74291e-20
7.06858  3.14159  3.14159  -8.74475e-21  9.55026e-21
8.63938  3.14159  3.14159  -1.58653e-21  2.1588e-20
10.2102  3.14159  3.14159  7.47948e-21  -1.51021e-20
16.4934  3.14159  3.14159  4.03434e-22  5.40248e-21
33.7721  3.14159  3.14159  -8.74363e-22  -4.91085e-21
62.0465  3.14159  3.14159  6.79454e-22  2.20069e-21
