-35.3429  0  0  -0.00429262  -0.00201747
-22.7765  0  0  0.00233988  -0.00122858
-16.4934  0  0  0.0029756  0.001544
-10.2102  0  0  0.00114521  -0.00194378
-8.63938  0  0  -0.0138377  -0.0476568
-7.06858  0  0  0.00743569  -0.00217945
-5.49779  0  0  0.0803299  -0.00995098
-3.92699  0  0  -0.113184  -0.0728662
-2.35619  0  0  -0.214481  -0.0851464
-0.785398  0  0  -0.399783  0.326103
0.785398  0  0  0.210884  0.246744
2.35619  0  0  -0.0683379  0.0260603
3.92699  0  0  -0.119662  -0.0639249
5.49779  0  0  0.0390248  0.0447614
7.06858  0  0  -0.0127677  0.015381
8.63938  0  0  -0.0380732  -0.015174
10.2102  0  0  0.0110215  -0.011606
16.4934  0  0  0.00107467  0.00473567
33.7721  0  0  0.00100147  0.000714952
62.0465  0  0  -0.000355288  -0.000277938
-35.3429  0  3.14159  -0.0123877  -0.0125227
-22.7765  0  3.14159  -0.160027  -0.0823068
-16.4934  0  3.14159  -0.275559  -0.23034
-10.2102  0  3.14159  -0.606621  -0.208294
-8.63938  0  3.14159  -0.589842  -0.441444
-7.06858  0  3.14159  -0.405534  -0.513131
-5.49779  0  3.14159  1.78301  1.67765
-3.92699  0  3.14159  3.00063  1.20452
-2.35619  0  3.14159  -1.27448  -3.29288
-0.785398  0  3.14159  26.1999  -18.5101
0.785398  0  3.14159  9.38242  18.8827
2.35619  0  3.14159  -3.33635  -2.71137
3.92699  0  3.14159  3.21093  1.86586
5.49779  0  3.14159  2.12911  1.84536
7.06858  0  3.14159  -0.177242  -0.485244
8.63938  0  3.14159  -0.773408  -0.246083
10.2102  0  3.14159  -0.676534  -0.0751281
16.4934  0  3.14159  -0.259034  -0.248461
33.7721  0  3.14159  -0.00163136  -0.0128353
62.0465  0  3.14159  0.00230252  0.00540481
-35.3429  3.14159  0  -0.0123877  -0.0125227
-22.7765  3.14159  0  -0.160027  -0.0823068
-16.4934  3.14159  0  -0.275559  -0.23034
-10.2102  3.14159  0  -0.606621  -0.208294
-8.63938  3.14159  0  -0.589842  -0.441444
-7.06858  3.14159  0  -0.405534  -0.513131
-5.49779  3.14159  0  1.78301  1.67765
-3.92699  3.14159  0  3.00063  1.20452
-2.35619  3.14159  0  -1.27448  -3.29288
-0.785398  3.14159  0  26.1999  -18.5101
0.785398  3.14159  0  9.38242  18.8827
2.35619  3.14159  0  -3.33635  -2.71137
3.92699  3.14159  0  3.21093  1.86586
5.49779  3.14159  0  2.12911  1.84536
7.06858  3.14159  0  -0.177242  -0.485244
8.63938  3.14159  0  -0.773408  -0.246083
10.2102  3.14159  0  -0.676534  -0.0751281
16.4934  3.14159  0  -0.259034  -0.248461
33.7721  3.14159  0  -0.00163136  -0.0128353
62.0465  3.14159  0  0.00230252  0.00540481
-35.3429  3.14159  3.14159  -0.000917397  0.00323
-22.7765  3.14159  3.14159  -0.00111819  -0.00170427
-16.4934  3.14159  3.14159  0.000782265  -0.00240003
-10.2102  3.14159  3.14159  6.68583e-05  -0.00115835
-8.63938  3.14159  3.14159  -0.0329513  0.0102774
-7.06858  3.14159  3.14159  -0.00318253  -0.00636197
-5.49779  3.14159  3.14159  -0.0137689  -0.0532408
-3.92699  3.14159  3.14159  -0.0350743  0.0833093
-2.35619  3.14159  3.14159  -0.0364432  0.15211
-0.785398  3.14159  3.14159  0.2077  0.257099
0.785398  3.14159  3.14159  0.144242  -0.181573
2.35619  3.14159  3.14159  0.0297737  0.0343864
3.92699  3.14159  3.14159  -0.0286884  0.0855808
5.49779  3.14159  3.14159  0.0247585  -0.0304104
7.06858  3.14159  3.14159  0.00962538  0.00768502
8.63938  3.14159  3.14159  -0.0105005  0.0263413
10.2102  3.14159  3.14159  -0.00942713  -0.00700824
16.4934  3.14159  3.14159  0.0028802  -0.000776239
33.7721  3.14159  3.14159  0.000352048  -0.000816479
62.0465  3.14159  3.14159  -0.000143247  0.000268601
