-35.3429  0  0  -5.03774e-06  -5.09017e-05
-22.7765  0  0  -2.6834e-05  -0.000172604
-16.4934  0  0  -8.78385e-05  -0.000401036
-10.2102  0  0  -0.000455345  -0.00123508
-8.63938  0  0  -0.000768722  -0.00174116
-7.06858  0  0  -0.00137613  -0.00251724
-5.49779  0  0  -0.00261391  -0.00367621
-3.92699  0  0  -0.00515443  -0.00513244
-2.35619  0  0  -0.0097104  -0.00576944
-0.785398  0  0  -0.0145867  -0.00288182
0.785398  0  0  -0.0145867  0.00288183
2.35619  0  0  -0.00971039  0.00576945
3.92699  0  0  -0.00515443  0.00513245
5.49779  0  0  -0.0026139  0.00367622
7.06858  0  0  -0.00137612  0.00251725
8.63938  0  0  -0.000768715  0.00174116
10.2102  0  0  -0.000455338  0.00123509
16.4934  0  0  -8.78332e-05  0.000401037
33.7721  0  0  -6.00227e-06  5.79263e-05
62.0465  0  0  -5.57742e-07  9.92452e-06
-35.3429  0  3.14159  -8.35105e-10  -5.0692e-05
-22.7765  0  3.14159  -1.34736e-09  -0.000170748
-16.4934  0  3.14159  -1.63943e-09  -0.000392472
-10.2102  0  3.14159  -2.53637e-09  -0.00117543
-8.63938  0  3.14159  -3.11503e-09  -0.00164469
-7.06858  0  3.14159  -3.98597e-09  -0.00238715
-5.49779  0  3.14159  -5.34875e-09  -0.00365775
-3.92699  0  3.14159  -7.75282e-09  -0.00622111
-2.35619  0  3.14159  -1.33875e-08  -0.0142233
-0.785398  0  3.14159  -4.38647e-08  -0.158675
0.785398  0  3.14159  3.52845e-08  0.158675
2.35619  0  3.14159  1.30386e-08  0.0142233
3.92699  0  3.14159  8.18081e-09  0.00622111
5.49779  0  3.14159  6.17425e-09  0.00365775
7.06858  0  3.14159  5.21339e-09  0.00238715
8.63938  0  3.14159  4.72663e-09  0.00164469
10.2102  0  3.14159  4.4206e-09  0.00117543
16.4934  0  3.14159  3.04137e-09  0.000392472
33.7721  0  3.14159  4.07378e-10  5.76627e-05
62.0465  0  3.14159  -5.10109e-11  9.91223e-06
-35.3429  3.14159  0  -8.35105e-10  -5.0692e-05
-22.7765  3.14159  0  -1.34736e-09  -0.000170748
-16.4934  3.14159  0  -1.63943e-09  -0.000392472
-10.2102  3.14159  0  -2.53637e-09  -0.00117543
-8.63938  3.14159  0  -3.11503e-09  -0.00164469
-7.06858  3.14159  0  -3.98597e-09  -0.00238715
-5.49779  3.14159  0  -5.34875e-09  -0.00365775
-3.92699  3.14159  0  -7.75282e-09  -0.00622111
-2.35619  3.14159  0  -1.33875e-08  -0.0142233
-0.785398  3.14159  0  -4.38647e-08  -0.158675
0.785398  3.14159  0  3.52845e-08  0.158675
2.35619  3.14159  0  1.30386e-08  0.0142233
3.92699  3.14159  0  8.18081e-09  0.00622111
5.49779  3.14159  0  6.17425e-09  0.00365775
7.06858  3.14159  0  5.21339e-09  0.00238715
8.63938  3.14159  0  4.72663e-09  0.00164469
10.2102  3.14159  0  4.4206e-09  0.00117543
16.4934  3.14159  0  3.04137e-09  0.000392472
33.7721  3.14159  0  4.07378e-10  5.76627e-05
62.0465  3.14159  0  -5.10109e-11  9.91223e-06
-35.3429  3.14159  3.14159  5.03612e-06  -5.09018e-05
-22.7765  3.14159  3.14159  2.68311e-05  -0.000172604
-16.4934  3.14159  3.14159  8.78349e-05  -0.000401037
-10.2102  3.14159  3.14159  0.000455344  -0.00123509
-8.63938  3.14159  3.14159  0.00076872  -0.00174116
-7.06858  3.14159  3.14159  0.00137612  -0.00251725
-5.49779  3.14159  3.14159  0.0026139  -0.00367622
-3.92699  3.14159  3.14159  0.00515443  -0.00513245
-2.35619  3.14159  3.14159  0.00971039  -0.00576945
-0.785398  3.14159  3.14159  0.0145867  -0.00288183
0.785398  3.14159  3.14159  0.0145867  0.00288182
2.35619  3.14159  3.14159  0.0097104  0.00576944
3.92699  3.14159  3.14159  0.00515443  0.00513244
5.49779  3.14159  3.14159  0.00261391  0.00367621
7.06858  3.14159  3.14159  0.00137612  0.00251724
8.63938  3.14159  3.14159  0.000768721  0.00174116
10.2102  3.14159  3.14159  0.000455348  0.00123508
16.4934  3.14159  3.14159  8.7841e-05  0.000401035
33.7721  3.14159  3.14159  6.00293e-06  5.79262e-05
62.0465  3.14159  3.14159  5.57582e-07  9.92452e-06
