-35.3429  0  0  -6.60575e-29  4.46825e-30
-22.7765  0  0  8.94041e-29  7.62514e-30
-16.4934  0  0  2.6924e-28  -4.99613e-29
-10.2102  0  0  4.3012e-28  1.49536e-28
-8.63938  0  0  -3.23715e-28  4.01879e-28
-7.06858  0  0  2.38942e-28  -4.0094e-28
-5.49779  0  0  -6.31641e-28  -4.54195e-28
-3.92699  0  0  -3.68305e-27  2.7623e-28
-2.35619  0  0  2.36991e-27  1.15241e-27
-0.785398  0  0  2.28566e-27  1.87422e-26
0.785398  0  0  -5.63212e-27  -8.27306e-27
2.35619  0  0  -1.88864e-27  -7.43504e-30
3.92699  0  0  -3.91656e-27  1.7186e-28
5.49779  0  0  -1.08093e-27  4.05825e-28
7.06858  0  0  7.51755e-28  2.12406e-28
8.63938  0  0  -2.85835e-28  7.7721e-28
10.2102  0  0  9.20684e-29  -1.17757e-28
16.4934  0  0  2.44126e-28  4.03073e-29
33.7721  0  0  2.58105e-29  2.24911e-29
62.0465  0  0  -1.0358e-29  6.92283e-30
-35.3429  0  3.14159  -1.12337e-29  -4.85764e-32
-22.7765  0  3.14159  1.70737e-29  2.30812e-30
-16.4934  0  3.14159  4.41792e-29  -3.16548e-30
-10.2102  0  3.14159  6.21677e-29  2.2508e-29
-8.63938  0  3.14159  -2.37488e-29  3.20272e-29
-7.06858  0  3.14159  5.55913e-29  -4.01966e-29
-5.49779  0  3.14159  -1.03899e-28  -1.0188e-28
-3.92699  0  3.14159  -6.13232e-28  -3.27375e-29
-2.35619  0  3.14159  2.95128e-28  9.62917e-29
-0.785398  0  3.14159  4.96143e-29  2.72028e-27
0.785398  0  3.14159  -2.47929e-28  -1.5401e-27
2.35619  0  3.14159  -1.73206e-28  7.72347e-29
3.92699  0  3.14159  -6.36488e-28  -4.66725e-29
5.49779  0  3.14159  -1.76211e-28  5.86686e-29
7.06858  0  3.14159  1.06114e-28  3.97105e-29
8.63938  0  3.14159  -2.54902e-29  9.57476e-29
10.2102  0  3.14159  2.7355e-29  -9.72665e-30
16.4934  0  3.14159  4.00696e-29  1.23084e-29
33.7721  0  3.14159  5.0914e-30  3.57703e-30
62.0465  0  3.14159  -1.41454e-30  6.71711e-31
-35.3429  3.14159  0  -1.12337e-29  -4.85764e-32
-22.7765  3.14159  0  1.70737e-29  2.30812e-30
-16.4934  3.14159  0  4.41792e-29  -3.16548e-30
-10.2102  3.14159  0  6.21677e-29  2.2508e-29
-8.63938  3.14159  0  -2.37488e-29  3.20272e-29
-7.06858  3.14159  0  5.55913e-29  -4.01966e-29
-5.49779  3.14159  0  -1.03899e-28  -1.0188e-28
-3.92699  3.14159  0  -6.13232e-28  -3.27375e-29
-2.35619  3.14159  0  2.95128e-28  9.62917e-29
-0.785398  3.14159  0  4.96143e-29  2.72028e-27
0.785398  3.14159  0  -2.47929e-28  -1.5401e-27
2.35619  3.14159  0  -1.73206e-28  7.72347e-29
3.92699  3.14159  0  -6.36488e-28  -4.66725e-29
5.49779  3.14159  0  -1.76211e-28  5.86686e-29
7.06858  3.14159  0  1.06114e-28  3.97105e-29
8.63938  3.14159  0  -2.54902e-29  9.57476e-29
10.2102  3.14159  0  2.7355e-29  -9.72665e-30
16.4934  3.14159  0  4.00696e-29  1.23084e-29
33.7721  3.14159  0  5.0914e-30  3.57703e-30
62.0465  3.14159  0  -1.41454e-30  6.71711e-31
-35.3429  3.14159  3.14159  -6.27314e-29  3.29026e-30
-22.7765  3.14159  3.14159  8.17374e-29  9.8887e-30
-16.4934  3.14159  3.14159  2.59773e-28  -4.67575e-29
-10.2102  3.14159  3.14159  4.25603e-28  1.57961e-28
-8.63938  3.14159  3.14159  -3.53458e-28  4.47433e-28
-7.06858  3.14159  3.14159  2.06687e-28  -4.12394e-28
-5.49779  3.14159  3.14159  -5.81905e-28  -4.12939e-28
-3.92699  3.14159  3.14159  -3.50996e-27  2.66502e-28
-2.35619  3.14159  3.14159  2.46709e-27  1.30135e-27
-0.785398  3.14159  3.14159  2.28384e-27  1.86177e-26
0.785398  3.14159  3.14159  -6.1514e-27  -7.54814e-27
2.35619  3.14159  3.14159  -2.07606e-27  -1.32675e-28
3.92699  3.14159  3.14159  -3.7584e-27  1.63303e-28
5.49779  3.14159  3.14159  -1.05717e-27  3.70204e-28
7.06858  3.14159  3.14159  7.47548e-28  2.13257e-28
8.63938  3.14159  3.14159  -3.17806e-28  8.02896e-28
10.2102  3.14159  3.14159  6.79564e-29  -1.19657e-28
16.4934  3.14159  3.14159  2.32415e-28  3.80243e-29
33.7721  3.14159  3.14159  2.28016e-29  2.30505e-29
62.0465  3.14159  3.14159  -1.04239e-29  7.23802e-30
