-35.3429  0  0  -31287.5  -214702
-22.7765  0  0  305181  -799391
-16.4934  0  0  -134318  -348144
-10.2102  0  0  -328762  82401.7
-8.63938  0  0  783824  -396668
-7.06858  0  0  535567  2.85561e+06
-5.49779  0  0  -92924.6  678362
-3.92699  0  0  624151  638604
-2.35619  0  0  1.50815e+06  -239875
-0.785398  0  0  -94864.8  -2.75734e+06
0.785398  0  0  315219  -2.0017e+06
2.35619  0  0  1.43803e+06  -1.28185e+06
3.92699  0  0  -961068  68873
5.49779  0  0  -779069  956269
7.06858  0  0  -1.16642e+06  -2.26377e+06
8.63938  0  0  -339114  -337495
10.2102  0  0  186827  73792.6
16.4934  0  0  206772  106755
33.7721  0  0  -56527.6  -67777.2
62.0465  0  0  -24955.3  -5948.32
-35.3429  0  3.14159  -804175  -3.55325e+06
-22.7765  0  3.14159  486931  -1.12451e+07
-16.4934  0  3.14159  -580098  -6.03187e+06
-10.2102  0  3.14159  -2.57907e+06  -266969
-8.63938  0  3.14159  7.16994e+06  -2.24757e+06
-7.06858  0  3.14159  3.30541e+06  4.46092e+07
-5.49779  0  3.14159  -9.56519e+06  741181
-3.92699  0  3.14159  954903  9.46749e+06
-2.35619  0  3.14159  2.48955e+07  -1.04246e+06
-0.785398  0  3.14159  3.67349e+06  -1.55059e+07
0.785398  0  3.14159  7.35124e+06  -2.87855e+06
2.35619  0  3.14159  2.30133e+07  -1.20425e+07
3.92699  0  3.14159  -8.16224e+06  -5.44693e+06
5.49779  0  3.14159  -9.98955e+06  9.02625e+06
7.06858  0  3.14159  -1.66879e+07  -4.01325e+07
8.63938  0  3.14159  2.76055e+06  -2.28723e+06
10.2102  0  3.14159  -104839  1.32696e+06
16.4934  0  3.14159  2.77322e+06  4.71475e+06
33.7721  0  3.14159  -198742  -481525
62.0465  0  3.14159  34834.2  -49427.8
-35.3429  3.14159  0  -804175  -3.55325e+06
-22.7765  3.14159  0  486931  -1.12451e+07
-16.4934  3.14159  0  -580098  -6.03187e+06
-10.2102  3.14159  0  -2.57907e+06  -266969
-8.63938  3.14159  0  7.16994e+06  -2.24757e+06
-7.06858  3.14159  0  3.30541e+06  4.46092e+07
-5.49779  3.14159  0  -9.56519e+06  741181
-3.92699  3.14159  0  954903  9.46749e+06
-2.35619  3.14159  0  2.48955e+07  -1.04246e+06
-0.785398  3.14159  0  3.67349e+06  -1.55059e+07
0.785398  3.14159  0  7.35124e+06  -2.87855e+06
2.35619  3.14159  0  2.30133e+07  -1.20425e+07
3.92699  3.14159  0  -8.16224e+06  -5.44693e+06
5.49779  3.14159  0  -9.98955e+06  9.02625e+06
7.06858  3.14159  0  -1.66879e+07  -4.01325e+07
8.63938  3.14159  0  2.76055e+06  -2.28723e+06
10.2102  3.14159  0  -104839  1.32696e+06
16.4934  3.14159  0  2.77322e+06  4.71475e+06
33.7721  3.14159  0  -198742  -481525
62.0465  3.14159  0  34834.2  -49427.8
-35.3429  3.14159  3.14159  21484.7  -187131
-22.7765  3.14159  3.14159  366105  -727127
-16.4934  3.14159  3.14159  -61318.9  -218929
-10.2102  3.14159  3.14159  -231403  141136
-8.63938  3.14159  3.14159  559632  -367965
-7.06858  3.14159  3.14159  -20742.4  2.21448e+06
-5.49779  3.14159  3.14159  185566  371023
-3.92699  3.14159  3.14159  452945  272773
-2.35619  3.14159  3.14159  1.047e+06  112575
-0.785398  3.14159  3.14159  -414049  -2.24031e+06
0.785398  3.14159  3.14159  -263542  -1.72832e+06
2.35619  3.14159  3.14159  1.12944e+06  -793378
3.92699  3.14159  3.14159  -603403  211871
5.49779  3.14159  3.14159  -551433  705173
7.06858  3.14159  3.14159  -396655  -1.88775e+06
8.63938  3.14159  3.14159  -357134  -105192
10.2102  3.14159  3.14159  140099  -46904.2
16.4934  3.14159  3.14159  60345.8  50100.8
33.7721  3.14159  3.14159  -45747.2  -47894.9
62.0465  3.14159  3.14159  -23962.1  -437.007
