-16.9714  0  0  -9.35843e-05  0.00444367
-10.9371  0  0  -0.000209596  0.006482
-7.91998  0  0  -0.00034156  0.00818969
-5.65713  0  0  -0.000515154  0.00979548
-4.90285  0  0  -0.000596111  0.0102909
-4.14856  0  0  -0.000692093  0.0106437
-3.39428  0  0  -0.000804029  0.0106872
-2.63999  0  0  -0.000929433  0.0101551
-1.88571  0  0  -0.00105862  0.00869541
-1.13143  0  0  -0.0011712  0.0060109
-0.377142  0  0  -0.00123874  0.00216802
0.377142  0  0  -0.00123875  -0.00216801
1.13143  0  0  -0.0011712  -0.0060109
1.88571  0  0  -0.00105862  -0.00869541
2.63999  0  0  -0.000929442  -0.0101551
3.39428  0  0  -0.000804038  -0.0106872
4.14856  0  0  -0.000692109  -0.0106437
4.90285  0  0  -0.000596121  -0.0102909
6.41141  0  0  -0.00044715  -0.00925144
7.91998  0  0  -0.000341568  -0.00818969
10.9371  0  0  -0.000209607  -0.006482
16.2171  0  0  -0.000102371  -0.0046306
31.3028  0  0  -2.62034e-05  -0.00248552
-16.9714  0  3.14159  2.32343e-09  0.00463827
-10.9371  0  3.14159  3.0329e-09  0.00713233
-7.91998  0  3.14159  3.5891e-09  0.00969037
-5.65713  0  3.14159  4.14996e-09  0.01323
-4.90285  0  3.14159  4.33649e-09  0.0150886
-4.14856  0  3.14159  4.69556e-09  0.0175992
-3.39428  0  3.14159  5.06249e-09  0.021209
-2.63999  0  3.14159  5.87394e-09  0.0268869
-1.88571  0  3.14159  7.38278e-09  0.0371652
-1.13143  0  3.14159  1.1593e-08  0.0613396
-0.377142  0  3.14159  3.54867e-08  0.18304
0.377142  0  3.14159  -2.44729e-08  -0.18304
1.13143  0  3.14159  -9.41635e-09  -0.0613396
1.88571  0  3.14159  -6.38601e-09  -0.0371652
2.63999  0  3.14159  -5.10011e-09  -0.0268869
3.39428  0  3.14159  -4.51519e-09  -0.021209
4.14856  0  3.14159  -3.96044e-09  -0.0175992
4.90285  0  3.14159  -3.83899e-09  -0.0150886
6.41141  0  3.14159  -3.52873e-09  -0.0117906
7.91998  0  3.14159  -3.41852e-09  -0.00969037
10.9371  0  3.14159  -3.43122e-09  -0.00713233
16.2171  0  3.14159  -2.82536e-09  -0.00485188
31.3028  0  3.14159  -1.28693e-09  -0.00251817
-16.9714  3.14159  0  2.32343e-09  0.00463827
-10.9371  3.14159  0  3.0329e-09  0.00713233
-7.91998  3.14159  0  3.5891e-09  0.00969037
-5.65713  3.14159  0  4.14996e-09  0.01323
-4.90285  3.14159  0  4.33649e-09  0.0150886
-4.14856  3.14159  0  4.69556e-09  0.0175992
-3.39428  3.14159  0  5.06249e-09  0.021209
-2.63999  3.14159  0  5.87394e-09  0.0268869
-1.88571  3.14159  0  7.38278e-09  0.0371652
-1.13143  3.14159  0  1.1593e-08  0.0613396
-0.377142  3.14159  0  3.54867e-08  0.18304
0.377142  3.14159  0  -2.44729e-08  -0.18304
1.13143  3.14159  0  -9.41635e-09  -0.0613396
1.88571  3.14159  0  -6.38601e-09  -0.0371652
2.63999  3.14159  0  -5.10011e-09  -0.0268869
3.39428  3.14159  0  -4.51519e-09  -0.021209
4.14856  3.14159  0  -3.96044e-09  -0.0175992
4.90285  3.14159  0  -3.83899e-09  -0.0150886
6.41141  3.14159  0  -3.52873e-09  -0.0117906
7.91998  3.14159  0  -3.41852e-09  -0.00969037
10.9371  3.14159  0  -3.43122e-09  -0.00713233
16.2171  3.14159  0  -2.82536e-09  -0.00485188
31.3028  3.14159  0  -1.28693e-09  -0.00251817
-16.9714  3.14159  3.14159  9.3589e-05  0.00444367
-10.9371  3.14159  3.14159  0.000209603  0.006482
-7.91998  3.14159  3.14159  0.000341568  0.00818969
-5.65713  3.14159  3.14159  0.000515163  0.00979548
-4.90285  3.14159  3.14159  0.000596121  0.0102909
-4.14856  3.14159  3.14159  0.000692101  0.0106437
-3.39428  3.14159  3.14159  0.000804038  0.0106872
-2.63999  3.14159  3.14159  0.000929443  0.0101551
-1.88571  3.14159  3.14159  0.00105862  0.00869541
-1.13143  3.14159  3.14159  0.0011712  0.0060109
-0.377142  3.14159  3.14159  0.00123875  0.00216802
0.377142  3.14159  3.14159  0.00123875  -0.00216802
1.13143  3.14159  3.14159  0.0011712  -0.0060109
1.88571  3.14159  3.14159  0.00105862  -0.00869541
2.63999  3.14159  3.14159  0.000929435  -0.0101551
3.39428  3.14159  3.14159  0.00080403  -0.0106872
4.14856  3.14159  3.14159  0.000692087  -0.0106437
4.90285  3.14159  3.14159  0.000596112  -0.0102909
6.41141  3.14159  3.14159  0.000447153  -0.00925144
7.91998  3.14159  3.14159  0.000341561  -0.00818969
10.9371  3.14159  3.14159  0.000209594  -0.006482
16.2171  3.14159  3.14159  0.000102365  -0.0046306
31.3028  3.14159  3.14159  2.62046e-05  -0.00248552
