-16.9714  0  0  -11973.5  -32692.9
-10.9371  0  0  2214.89  36078
-7.91998  0  0  -92824.5  -85706
-5.65713  0  0  14821.5  273140
-4.90285  0  0  2689.53  -198293
-4.14856  0  0  -9611.45  -3167.31
-3.39428  0  0  -167989  -387303
-2.63999  0  0  206767  -252442
-1.88571  0  0  -205939  -144193
-1.13143  0  0  96724.7  137554
-0.377142  0  0  -11369.6  426705
0.377142  0  0  -100346  -383542
1.13143  0  0  173206  148534
1.88571  0  0  -151478  459701
2.63999  0  0  348388  132286
3.39428  0  0  303400  504315
4.14856  0  0  39215.3  -54056.6
4.90285  0  0  -16560.4  161652
6.41141  0  0  21395.9  212697
7.91998  0  0  53912.1  94299.2
10.9371  0  0  -15923.6  -28461.1
16.2171  0  0  24799  27878.3
31.3028  0  0  -7235.78  8233.89
-16.9714  0  3.14159  14878.2  2.53171e+06
-10.9371  0  3.14159  498244  -2.30824e+06
-7.91998  0  3.14159  503164  7.94955e+06
-5.65713  0  3.14159  589754  -1.97312e+07
-4.90285  0  3.14159  30664.5  1.22206e+07
-4.14856  0  3.14159  -183686  -1.24592e+06
-3.39428  0  3.14159  -4.78649e+06  3.75529e+07
-2.63999  0  3.14159  -1.83747e+07  1.77414e+07
-1.88571  0  3.14159  1.58133e+07  2.21924e+07
-1.13143  0  3.14159  -1.43311e+07  2.50261e+06
-0.377142  0  3.14159  1.07569e+06  -3.34169e+07
0.377142  0  3.14159  1.67045e+06  3.31803e+07
1.13143  0  3.14159  -1.35165e+07  -278864
1.88571  0  3.14159  1.53862e+07  -2.03083e+07
2.63999  0  3.14159  -1.79657e+07  -1.82197e+07
3.39428  0  3.14159  -2.81515e+06  -3.66958e+07
4.14856  0  3.14159  83359.8  902672
4.90285  0  3.14159  -454232  -1.24226e+07
6.41141  0  3.14159  123220  -1.72056e+07
7.91998  0  3.14159  1.28484e+06  -7.90225e+06
10.9371  0  3.14159  413229  2.34883e+06
16.2171  0  3.14159  105098  -1.74011e+06
31.3028  0  3.14159  -74495.7  -248890
-16.9714  3.14159  0  14878.2  2.53171e+06
-10.9371  3.14159  0  498244  -2.30824e+06
-7.91998  3.14159  0  503164  7.94955e+06
-5.65713  3.14159  0  589754  -1.97312e+07
-4.90285  3.14159  0  30664.5  1.22206e+07
-4.14856  3.14159  0  -183686  -1.24592e+06
-3.39428  3.14159  0  -4.78649e+06  3.75529e+07
-2.63999  3.14159  0  -1.83747e+07  1.77414e+07
-1.88571  3.14159  0  1.58133e+07  2.21924e+07
-1.13143  3.14159  0  -1.43311e+07  2.50261e+06
-0.377142  3.14159  0  1.07569e+06  -3.34169e+07
0.377142  3.14159  0  1.67045e+06  3.31803e+07
1.13143  3.14159  0  -1.35165e+07  -278864
1.88571  3.14159  0  1.53862e+07  -2.03083e+07
2.63999  3.14159  0  -1.79657e+07  -1.82197e+07
3.39428  3.14159  0  -2.81515e+06  -3.66958e+07
4.14856  3.14159  0  83359.8  902672
4.90285  3.14159  0  -454232  -1.24226e+07
6.41141  3.14159  0  123220  -1.72056e+07
7.91998  3.14159  0  1.28484e+06  -7.90225e+06
10.9371  3.14159  0  413229  2.34883e+06
16.2171  3.14159  0  105098  -1.74011e+06
31.3028  3.14159  0  -74495.7  -248890
-16.9714  3.14159  3.14159  -11727.6  -32202
-10.9371  3.14159  3.14159  2304.78  35865.6
-7.91998  3.14159  3.14159  -92047.7  -83177
-5.65713  3.14159  3.14159  13654.9  269853
-4.90285  3.14159  3.14159  2841.95  -197274
-4.14856  3.14159  3.14159  -10207.4  -3278.97
-3.39428  3.14159  3.14159  -164904  -377252
-2.63999  3.14159  3.14159  204009  -247550
-1.88571  3.14159  3.14159  -198738  -143032
-1.13143  3.14159  3.14159  98351.8  140309
-0.377142  3.14159  3.14159  -11045.7  421626
0.377142  3.14159  3.14159  -97154.5  -379585
1.13143  3.14159  3.14159  173354  146767
1.88571  3.14159  3.14159  -146244  455400
2.63999  3.14159  3.14159  343636  129906
3.39428  3.14159  3.14159  301372  494584
4.14856  3.14159  3.14159  39069.8  -53954
4.90285  3.14159  3.14159  -17391.6  160671
6.41141  3.14159  3.14159  20386.5  210494
7.91998  3.14159  3.14159  53484.4  91655.7
10.9371  3.14159  3.14159  -15744.2  -28311.1
16.2171  3.14159  3.14159  24726.8  27337.6
31.3028  3.14159  3.14159  -7138.63  8542.8
