-16.9714  0  0  1.52746e-06  -6.30078e-05
-10.9371  0  0  4.92263e-06  -0.000192112
-7.91998  0  0  9.78053e-06  -0.0003955
-5.65713  0  0  1.90713e-05  -0.000732322
-4.90285  0  0  2.53303e-05  -0.000900544
-4.14856  0  0  3.49882e-05  -0.00109281
-3.39428  0  0  5.00027e-05  -0.00128437
-2.63999  0  0  7.25824e-05  -0.00141465
-1.88571  0  0  0.000103209  -0.00137617
-1.13143  0  0  0.000136762  -0.00104633
-0.377142  0  0  0.000160027  -0.000397196
0.377142  0  0  0.000160025  0.000397178
1.13143  0  0  0.000136756  0.00104633
1.88571  0  0  0.00010321  0.00137617
2.63999  0  0  7.25772e-05  0.00141464
3.39428  0  0  4.99963e-05  0.00128437
4.14856  0  0  3.49846e-05  0.00109281
4.90285  0  0  2.53277e-05  0.000900542
6.41141  0  0  1.4869e-05  0.00059392
7.91998  0  0  9.77689e-06  0.000395501
10.9371  0  0  4.91937e-06  0.000192112
16.2171  0  0  1.74862e-06  7.10827e-05
31.3028  0  0  1.87232e-07  1.14836e-05
-16.9714  0  3.14159  1.11735e-09  -5.9083e-05
-10.9371  0  3.14159  -5.49958e-09  -0.000167735
-7.91998  0  3.14159  -9.0304e-09  -0.000322396
-5.65713  0  3.14159  1.22376e-09  -0.000573613
-4.90285  0  3.14159  7.25011e-08  -0.000713591
-4.14856  0  3.14159  -5.78618e-08  -0.000907712
-3.39428  0  3.14159  6.59538e-09  -0.00119647
-2.63999  0  3.14159  -1.45306e-07  -0.00168118
-1.88571  0  3.14159  -1.74403e-07  -0.00270332
-1.13143  0  3.14159  -1.15588e-06  -0.00630453
-0.377142  0  3.14159  -1.64798e-05  -0.0837519
0.377142  0  3.14159  -1.65425e-05  0.0837519
1.13143  0  3.14159  -1.17749e-06  0.00630453
1.88571  0  3.14159  -1.87431e-07  0.00270332
2.63999  0  3.14159  -1.55158e-07  0.00168118
3.39428  0  3.14159  -1.13177e-09  0.00119647
4.14856  0  3.14159  -6.42478e-08  0.000907712
4.90285  0  3.14159  6.69398e-08  0.00071359
6.41141  0  3.14159  -5.06814e-08  0.000468245
7.91998  0  3.14159  -1.26786e-08  0.000322397
10.9371  0  3.14159  -8.29671e-09  0.000167735
16.2171  0  3.14159  1.41341e-09  6.6286e-05
31.3028  0  3.14159  -2.71809e-10  1.1254e-05
-16.9714  3.14159  0  1.11735e-09  -5.9083e-05
-10.9371  3.14159  0  -5.49958e-09  -0.000167735
-7.91998  3.14159  0  -9.0304e-09  -0.000322396
-5.65713  3.14159  0  1.22376e-09  -0.000573613
-4.90285  3.14159  0  7.25011e-08  -0.000713591
-4.14856  3.14159  0  -5.78618e-08  -0.000907712
-3.39428  3.14159  0  6.59538e-09  -0.00119647
-2.63999  3.14159  0  -1.45306e-07  -0.00168118
-1.88571  3.14159  0  -1.74403e-07  -0.00270332
-1.13143  3.14159  0  -1.15588e-06  -0.00630453
-0.377142  3.14159  0  -1.64798e-05  -0.0837519
0.377142  3.14159  0  -1.65425e-05  0.0837519
1.13143  3.14159  0  -1.17749e-06  0.00630453
1.88571  3.14159  0  -1.87431e-07  0.00270332
2.63999  3.14159  0  -1.55158e-07  0.00168118
3.39428  3.14159  0  -1.13177e-09  0.00119647
4.14856  3.14159  0  -6.42478e-08  0.000907712
4.90285  3.14159  0  6.69398e-08  0.00071359
6.41141  3.14159  0  -5.06814e-08  0.000468245
7.91998  3.14159  0  -1.26786e-08  0.000322397
10.9371  3.14159  0  -8.29671e-09  0.000167735
16.2171  3.14159  0  1.41341e-09  6.6286e-05
31.3028  3.14159  0  -2.71809e-10  1.1254e-05
-16.9714  3.14159  3.14159  -1.53114e-06  -6.30079e-05
-10.9371  3.14159  3.14159  -4.91889e-06  -0.000192112
-7.91998  3.14159  3.14159  -9.77929e-06  -0.0003955
-5.65713  3.14159  3.14159  -1.90776e-05  -0.000732322
-4.90285  3.14159  3.14159  -2.53463e-05  -0.000900544
-4.14856  3.14159  3.14159  -3.501e-05  -0.00109281
-3.39428  3.14159  3.14159  -5.00294e-05  -0.00128437
-2.63999  3.14159  3.14159  -7.25608e-05  -0.00141465
-1.88571  3.14159  3.14159  -0.000103159  -0.00137617
-1.13143  3.14159  3.14159  -0.00013678  -0.00104633
-0.377142  3.14159  3.14159  -0.000160561  -0.00039719
0.377142  3.14159  3.14159  -0.000160576  0.000397171
1.13143  3.14159  3.14159  -0.000136786  0.00104633
1.88571  3.14159  3.14159  -0.000103159  0.00137617
2.63999  3.14159  3.14159  -7.25665e-05  0.00141464
3.39428  3.14159  3.14159  -5.00356e-05  0.00128437
4.14856  3.14159  3.14159  -3.50137e-05  0.00109281
4.90285  3.14159  3.14159  -2.53488e-05  0.000900542
6.41141  3.14159  3.14159  -1.48863e-05  0.00059392
7.91998  3.14159  3.14159  -9.78293e-06  0.000395501
10.9371  3.14159  3.14159  -4.92212e-06  0.000192112
16.2171  3.14159  3.14159  -1.75515e-06  7.10827e-05
31.3028  3.14159  3.14159  -1.88776e-07  1.14836e-05
