-16.9714  0  0  9.22175e+11  -3.47207e+10
-10.9371  0  0  -1.68119e+11  2.99008e+11
-7.91998  0  0  -3.09826e+12  1.8801e+10
-5.65713  0  0  1.55993e+12  -8.04447e+11
-4.90285  0  0  -1.11954e+12  -1.34061e+12
-4.14856  0  0  -1.55512e+12  6.82917e+11
-3.39428  0  0  -2.1672e+12  -1.18903e+12
-2.63999  0  0  5.76402e+12  -9.28672e+12
-1.88571  0  0  3.77512e+13  2.75531e+12
-1.13143  0  0  -3.64919e+13  8.57201e+12
-0.377142  0  0  3.22465e+13  -1.52181e+14
0.377142  0  0  7.13872e+13  1.07268e+14
1.13143  0  0  -3.91968e+13  -7.68825e+11
1.88571  0  0  3.83864e+13  -1.4418e+13
2.63999  0  0  6.85748e+12  1.03486e+13
3.39428  0  0  -1.85216e+12  -3.7928e+12
4.14856  0  0  -4.05647e+12  3.8061e+12
4.90285  0  0  1.03246e+12  4.24263e+11
6.41141  0  0  4.16432e+12  -1.26042e+12
7.91998  0  0  -3.47069e+12  -3.64072e+11
10.9371  0  0  -1.86092e+11  -2.38622e+10
16.2171  0  0  -2.26456e+11  1.36145e+11
31.3028  0  0  1.37101e+11  1.78063e+10
-16.9714  0  3.14159  7.04945e+14  -6.87343e+13
-10.9371  0  3.14159  -7.44864e+13  8.43516e+13
-7.91998  0  3.14159  -2.0587e+15  3.94885e+14
-5.65713  0  3.14159  2.22811e+15  -6.68344e+14
-4.90285  0  3.14159  -2.29866e+14  -6.7655e+14
-4.14856  0  3.14159  -2.26502e+15  -9.95865e+14
-3.39428  0  3.14159  -6.20032e+14  -6.3967e+14
-2.63999  0  3.14159  4.72408e+15  -6.15997e+15
-1.88571  0  3.14159  3.23143e+16  2.81738e+15
-1.13143  0  3.14159  -2.98846e+16  3.79331e+15
-0.377142  0  3.14159  5.07509e+16  -1.24279e+17
0.377142  0  3.14159  7.53429e+16  1.09783e+17
1.13143  0  3.14159  -2.94918e+16  1.81628e+15
1.88571  0  3.14159  3.16979e+16  -9.44515e+15
2.63999  0  3.14159  5.92371e+15  5.31696e+15
3.39428  0  3.14159  -5.95356e+14  2.7693e+14
4.14856  0  3.14159  -2.189e+15  1.73572e+15
4.90285  0  3.14159  4.08344e+10  6.49283e+14
6.41141  0  3.14159  3.37841e+15  -1.0682e+15
7.91998  0  3.14159  -2.10476e+15  -7.4825e+13
10.9371  0  3.14159  -9.36998e+13  -6.15122e+13
16.2171  0  3.14159  2.06741e+13  3.23501e+13
31.3028  0  3.14159  8.03734e+13  -5.70806e+12
-16.9714  3.14159  0  7.04945e+14  -6.87343e+13
-10.9371  3.14159  0  -7.44864e+13  8.43516e+13
-7.91998  3.14159  0  -2.0587e+15  3.94885e+14
-5.65713  3.14159  0  2.22811e+15  -6.68344e+14
-4.90285  3.14159  0  -2.29866e+14  -6.7655e+14
-4.14856  3.14159  0  -2.26502e+15  -9.95865e+14
-3.39428  3.14159  0  -6.20032e+14  -6.3967e+14
-2.63999  3.14159  0  4.72408e+15  -6.15997e+15
-1.88571  3.14159  0  3.23143e+16  2.81738e+15
-1.13143  3.14159  0  -2.98846e+16  3.79331e+15
-0.377142  3.14159  0  5.07509e+16  -1.24279e+17
0.377142  3.14159  0  7.53429e+16  1.09783e+17
1.13143  3.14159  0  -2.94918e+16  1.81628e+15
1.88571  3.14159  0  3.16979e+16  -9.44515e+15
2.63999  3.14159  0  5.92371e+15  5.31696e+15
3.39428  3.14159  0  -5.95356e+14  2.7693e+14
4.14856  3.14159  0  -2.189e+15  1.73572e+15
4.90285  3.14159  0  4.08344e+10  6.49283e+14
6.41141  3.14159  0  3.37841e+15  -1.0682e+15
7.91998  3.14159  0  -2.10476e+15  -7.4825e+13
10.9371  3.14159  0  -9.36998e+13  -6.15122e+13
16.2171  3.14159  0  2.06741e+13  3.23501e+13
31.3028  3.14159  0  8.03734e+13  -5.70806e+12
-16.9714  3.14159  3.14159  -4.54189e+11  1.72073e+11
-10.9371  3.14159  3.14159  1.28459e+11  -2.26049e+11
-7.91998  3.14159  3.14159  1.57546e+12  -3.16666e+11
-5.65713  3.14159  3.14159  5.49537e+10  5.48627e+11
-4.90285  3.14159  3.14159  1.19713e+12  5.2956e+11
-4.14856  3.14159  3.14159  -4.26197e+11  -5.97989e+11
-3.39428  3.14159  3.14159  2.45206e+12  -8.77814e+11
-2.63999  3.14159  3.14159  -1.58948e+12  6.47413e+12
-1.88571  3.14159  3.14159  -1.90104e+13  7.47298e+12
-1.13143  3.14159  3.14159  1.23002e+13  -1.03219e+13
-0.377142  3.14159  3.14159  3.44905e+13  7.05956e+13
0.377142  3.14159  3.14159  -2.53716e+13  -2.42705e+13
1.13143  3.14159  3.14159  1.78364e+13  -6.48229e+12
1.88571  3.14159  3.14159  -1.32835e+13  1.09016e+13
2.63999  3.14159  3.14159  -3.97173e+12  -4.44406e+12
3.39428  3.14159  3.14159  1.93149e+12  2.43596e+12
4.14856  3.14159  3.14159  1.80556e+11  -2.87945e+12
4.90285  3.14159  3.14159  -6.97434e+11  2.94884e+11
6.41141  3.14159  3.14159  -1.14188e+12  1.23495e+12
7.91998  3.14159  3.14159  2.07696e+12  -5.07409e+11
10.9371  3.14159  3.14159  1.73044e+11  -9.14867e+10
16.2171  3.14159  3.14159  1.94604e+11  -7.85107e+10
31.3028  3.14159  3.14159  -1.06377e+11  6.92692e+09
