-16.9714  0  0  -8.67041e-05  0.00419299
-10.9371  0  0  -0.000194463  0.00606424
-7.91998  0  0  -0.000334699  0.00757762
-5.65713  0  0  -0.000548104  0.00890586
-4.90285  0  0  -0.000657715  0.00927194
-4.14856  0  0  -0.000790106  0.00948552
-3.39428  0  0  -0.000949005  0.00940381
-2.63999  0  0  -0.00114058  0.00880946
-1.88571  0  0  -0.00133765  0.00743418
-1.13143  0  0  -0.001507  0.00507911
-0.377142  0  0  -0.00161685  0.00181904
0.377142  0  0  -0.0016168  -0.001819
1.13143  0  0  -0.00150703  -0.00507911
1.88571  0  0  -0.00133765  -0.00743416
2.63999  0  0  -0.00114058  -0.00880945
3.39428  0  0  -0.000949008  -0.0094038
4.14856  0  0  -0.000790106  -0.00948552
4.90285  0  0  -0.000657721  -0.00927194
6.41141  0  0  -0.00046134  -0.00847184
7.91998  0  0  -0.000334695  -0.00757762
10.9371  0  0  -0.000194454  -0.00606424
16.2171  0  0  -9.44842e-05  -0.00436703
31.3028  0  0  -2.63899e-05  -0.00235964
-16.9714  0  3.14159  -7.72582e-11  0.00442094
-10.9371  0  3.14159  2.60191e-10  0.00685597
-7.91998  0  3.14159  1.36922e-09  0.00945685
-5.65713  0  3.14159  -2.03484e-11  0.0132174
-4.90285  0  3.14159  -4.17399e-09  0.0152416
-4.14856  0  3.14159  1.24888e-09  0.0179854
-3.39428  0  3.14159  -4.42363e-09  0.0219649
-2.63999  0  3.14159  4.02803e-09  0.0281886
-1.88571  0  3.14159  2.857e-09  0.039421
-1.13143  0  3.14159  5.16463e-09  0.0656419
-0.377142  0  3.14159  -1.77604e-08  0.196857
0.377142  0  3.14159  2.31638e-08  -0.196857
1.13143  0  3.14159  2.3546e-11  -0.0656419
1.88571  0  3.14159  -2.20525e-09  -0.039421
2.63999  0  3.14159  -4.70609e-09  -0.0281886
3.39428  0  3.14159  7.71941e-09  -0.0219649
4.14856  0  3.14159  -1.67678e-09  -0.0179854
4.90285  0  3.14159  3.01335e-09  -0.0152416
6.41141  0  3.14159  2.32479e-09  -0.0116743
7.91998  0  3.14159  -1.18783e-09  -0.00945685
10.9371  0  3.14159  -1.63759e-10  -0.00685597
16.2171  0  3.14159  1.22143e-10  -0.00462669
31.3028  0  3.14159  -2.37415e-10  -0.00239711
-16.9714  3.14159  0  -7.72582e-11  0.00442094
-10.9371  3.14159  0  2.60191e-10  0.00685597
-7.91998  3.14159  0  1.36922e-09  0.00945685
-5.65713  3.14159  0  -2.03484e-11  0.0132174
-4.90285  3.14159  0  -4.17399e-09  0.0152416
-4.14856  3.14159  0  1.24888e-09  0.0179854
-3.39428  3.14159  0  -4.42363e-09  0.0219649
-2.63999  3.14159  0  4.02803e-09  0.0281886
-1.88571  3.14159  0  2.857e-09  0.039421
-1.13143  3.14159  0  5.16463e-09  0.0656419
-0.377142  3.14159  0  -1.77604e-08  0.196857
0.377142  3.14159  0  2.31638e-08  -0.196857
1.13143  3.14159  0  2.3546e-11  -0.0656419
1.88571  3.14159  0  -2.20525e-09  -0.039421
2.63999  3.14159  0  -4.70609e-09  -0.0281886
3.39428  3.14159  0  7.71941e-09  -0.0219649
4.14856  3.14159  0  -1.67678e-09  -0.0179854
4.90285  3.14159  0  3.01335e-09  -0.0152416
6.41141  3.14159  0  2.32479e-09  -0.0116743
7.91998  3.14159  0  -1.18783e-09  -0.00945685
10.9371  3.14159  0  -1.63759e-10  -0.00685597
16.2171  3.14159  0  1.22143e-10  -0.00462669
31.3028  3.14159  0  -2.37415e-10  -0.00239711
-16.9714  3.14159  3.14159  8.65943e-05  0.00419299
-10.9371  3.14159  3.14159  0.000194774  0.00606425
-7.91998  3.14159  3.14159  0.000335447  0.0075776
-5.65713  3.14159  3.14159  0.000548325  0.00890586
-4.90285  3.14159  3.14159  0.000655227  0.00927191
-4.14856  3.14159  3.14159  0.000790612  0.00948555
-3.39428  3.14159  3.14159  0.000955824  0.00940381
-2.63999  3.14159  3.14159  0.00113862  0.00880946
-1.88571  3.14159  3.14159  0.00133624  0.00743417
-1.13143  3.14159  3.14159  0.00151641  0.00507911
-0.377142  3.14159  3.14159  0.00161818  0.00181904
0.377142  3.14159  3.14159  0.00161823  -0.001819
1.13143  3.14159  3.14159  0.00151637  -0.00507911
1.88571  3.14159  3.14159  0.00133624  -0.00743415
2.63999  3.14159  3.14159  0.00113862  -0.00880945
3.39428  3.14159  3.14159  0.00095582  -0.0094038
4.14856  3.14159  3.14159  0.000790617  -0.00948555
4.90285  3.14159  3.14159  0.000655215  -0.00927192
6.41141  3.14159  3.14159  0.000461236  -0.00847184
7.91998  3.14159  3.14159  0.000335449  -0.0075776
10.9371  3.14159  3.14159  0.000194784  -0.00606425
16.2171  3.14159  3.14159  9.44106e-05  -0.00436706
31.3028  3.14159  3.14159  2.63632e-05  -0.00235964
