-16.9714  0  0  -3.71172e+15  7.14028e+14
-10.9371  0  0  5.69185e+16  5.086e+15
-7.91998  0  0  -1.51759e+17  -4.43007e+16
-5.65713  0  0  -9.04713e+16  -1.25027e+17
-4.90285  0  0  3.0629e+17  7.00226e+16
-4.14856  0  0  4.41847e+17  2.00526e+17
-3.39428  0  0  -5.43649e+17  -1.48824e+17
-2.63999  0  0  8.40952e+16  4.17417e+17
-1.88571  0  0  -6.14993e+17  -9.74386e+17
-1.13143  0  0  -1.03674e+17  4.51978e+18
-0.377142  0  0  9.54e+18  2.32052e+19
0.377142  0  0  1.50707e+19  -2.00283e+19
1.13143  0  0  8.1212e+17  -4.63467e+18
1.88571  0  0  -7.87343e+17  7.02498e+17
2.63999  0  0  8.74885e+16  -3.74679e+17
3.39428  0  0  -4.87215e+17  -1.07023e+16
4.14856  0  0  5.10793e+17  -8.78058e+16
4.90285  0  0  3.78675e+17  3.30217e+16
6.41141  0  0  6.59089e+16  -9.3284e+15
7.91998  0  0  -1.56373e+17  -1.33871e+16
10.9371  0  0  6.06241e+16  1.0132e+16
16.2171  0  0  -1.51288e+16  4.2198e+15
31.3028  0  0  8.15812e+15  2.00669e+15
-16.9714  0  3.14159  -3.62009e+18  -5.74111e+18
-10.9371  0  3.14159  9.23881e+19  7.65617e+18
-7.91998  0  3.14159  -2.48226e+20  -4.68198e+19
-5.65713  0  3.14159  -1.67878e+20  -2.38652e+20
-4.90285  0  3.14159  5.88846e+20  9.00421e+19
-4.14856  0  3.14159  7.50343e+20  3.04608e+20
-3.39428  0  3.14159  -7.80902e+20  -2.56508e+20
-2.63999  0  3.14159  6.32891e+19  5.44072e+20
-1.88571  0  3.14159  -1.24198e+21  -1.52792e+21
-1.13143  0  3.14159  -1.05083e+20  7.75375e+21
-0.377142  0  3.14159  1.79305e+22  3.86178e+22
0.377142  0  3.14159  2.43732e+22  -3.48919e+22
1.13143  0  3.14159  1.28536e+21  -7.63362e+21
1.88571  0  3.14159  -1.49434e+21  1.29617e+21
2.63999  0  3.14159  1.64037e+20  -5.2831e+20
3.39428  0  3.14159  -8.22027e+20  1.21492e+20
4.14856  0  3.14159  7.89655e+20  -1.71632e+20
4.90285  0  3.14159  5.91408e+20  1.20271e+19
6.41141  0  3.14159  7.84478e+19  -1.90326e+19
7.91998  0  3.14159  -2.52238e+20  4.74797e+18
10.9371  0  3.14159  9.19072e+19  8.49427e+18
16.2171  0  3.14159  -2.20634e+19  5.08944e+18
31.3028  0  3.14159  1.24316e+19  1.19128e+18
-16.9714  3.14159  0  -3.62009e+18  -5.74111e+18
-10.9371  3.14159  0  9.23881e+19  7.65617e+18
-7.91998  3.14159  0  -2.48226e+20  -4.68198e+19
-5.65713  3.14159  0  -1.67878e+20  -2.38652e+20
-4.90285  3.14159  0  5.88846e+20  9.00421e+19
-4.14856  3.14159  0  7.50343e+20  3.04608e+20
-3.39428  3.14159  0  -7.80902e+20  -2.56508e+20
-2.63999  3.14159  0  6.32891e+19  5.44072e+20
-1.88571  3.14159  0  -1.24198e+21  -1.52792e+21
-1.13143  3.14159  0  -1.05083e+20  7.75375e+21
-0.377142  3.14159  0  1.79305e+22  3.86178e+22
0.377142  3.14159  0  2.43732e+22  -3.48919e+22
1.13143  3.14159  0  1.28536e+21  -7.63362e+21
1.88571  3.14159  0  -1.49434e+21  1.29617e+21
2.63999  3.14159  0  1.64037e+20  -5.2831e+20
3.39428  3.14159  0  -8.22027e+20  1.21492e+20
4.14856  3.14159  0  7.89655e+20  -1.71632e+20
4.90285  3.14159  0  5.91408e+20  1.20271e+19
6.41141  3.14159  0  7.84478e+19  -1.90326e+19
7.91998  3.14159  0  -2.52238e+20  4.74797e+18
10.9371  3.14159  0  9.19072e+19  8.49427e+18
16.2171  3.14159  0  -2.20634e+19  5.08944e+18
31.3028  3.14159  0  1.24316e+19  1.19128e+18
-16.9714  3.14159  3.14159  -3.59574e+15  1.51511e+15
-10.9371  3.14159  3.14159  5.68234e+16  1.27933e+15
-7.91998  3.14159  3.14159  -1.53186e+17  -4.00988e+16
-5.65713  3.14159  3.14159  -9.54491e+16  -1.16461e+17
-4.90285  3.14159  3.14159  3.02158e+17  4.21938e+16
-4.14856  3.14159  3.14159  4.46743e+17  1.82934e+17
-3.39428  3.14159  3.14159  -5.82241e+17  -1.53723e+17
-2.63999  3.14159  3.14159  1.01367e+17  4.46755e+17
-1.88571  3.14159  3.14159  -6.85727e+17  -9.56511e+17
-1.13143  3.14159  3.14159  3.11187e+17  4.54292e+18
-0.377142  3.14159  3.14159  1.09015e+19  2.27625e+19
0.377142  3.14159  3.14159  1.392e+19  -2.08794e+19
1.13143  3.14159  3.14159  4.09746e+17  -4.7475e+18
1.88571  3.14159  3.14159  -7.282e+17  7.4276e+17
2.63999  3.14159  3.14159  6.1252e+16  -3.5055e+17
3.39428  3.14159  3.14159  -4.49276e+17  -2.75244e+15
4.14856  3.14159  3.14159  5.11734e+17  -1.06431e+17
4.90285  3.14159  3.14159  3.92435e+17  7.34187e+15
6.41141  3.14159  3.14159  6.4254e+16  -9.55469e+15
7.91998  3.14159  3.14159  -1.56726e+17  -8.88853e+15
10.9371  3.14159  3.14159  6.20104e+16  6.49345e+15
16.2171  3.14159  3.14159  -1.54318e+16  5.3419e+15
31.3028  3.14159  3.14159  8.15011e+15  1.81983e+15
