-35.3429  0  0  -0.000533731  0.00680786
-22.7765  0  0  -0.00112051  0.0100801
-16.4934  0  0  -0.00178297  0.0130893
-10.2102  0  0  -0.00298344  0.0180959
-8.63938  0  0  -0.00338629  0.0197782
-7.06858  0  0  -0.00381602  0.021545
-5.49779  0  0  -0.00424765  0.0230536
-3.92699  0  0  -0.0046418  0.023256
-2.35619  0  0  -0.00494812  0.0195449
-0.785398  0  0  -0.00511704  0.00823309
0.785398  0  0  -0.00511697  -0.0082331
2.35619  0  0  -0.00494804  -0.0195449
3.92699  0  0  -0.00464173  -0.023256
5.49779  0  0  -0.0042476  -0.0230536
7.06858  0  0  -0.00381599  -0.0215451
8.63938  0  0  -0.00338627  -0.0197782
10.2102  0  0  -0.00298341  -0.0180959
16.4934  0  0  -0.00178296  -0.0130893
33.7721  0  0  -0.000578745  -0.00710035
62.0465  0  0  -0.000186302  -0.00397732
-35.3429  0  3.14159  -3.47544e-08  0.00679989
-22.7765  0  3.14159  -2.05157e-08  0.0100243
-16.4934  0  3.14159  5.94682e-09  0.0128913
-10.2102  0  3.14159  3.28586e-08  0.0172578
-8.63938  0  3.14159  3.29625e-08  0.0186148
-7.06858  0  3.14159  5.06426e-08  0.02009
-5.49779  0  3.14159  7.70831e-08  0.0218192
-3.92699  0  3.14159  9.48648e-08  0.0244642
-2.35619  0  3.14159  9.41862e-08  0.031009
-0.785398  0  3.14159  1.66927e-07  0.0563855
0.785398  0  3.14159  9.63274e-07  -0.0563855
2.35619  0  3.14159  2.23709e-07  -0.031009
3.92699  0  3.14159  1.23539e-07  -0.0244642
5.49779  0  3.14159  8.56834e-08  -0.0218193
7.06858  0  3.14159  7.26937e-08  -0.02009
8.63938  0  3.14159  6.23617e-08  -0.0186148
10.2102  0  3.14159  4.84806e-08  -0.0172579
16.4934  0  3.14159  1.4351e-08  -0.0128913
33.7721  0  3.14159  9.92605e-09  -0.00709051
62.0465  0  3.14159  1.32112e-08  -0.00397679
-35.3429  3.14159  0  -3.47544e-08  0.00679989
-22.7765  3.14159  0  -2.05157e-08  0.0100243
-16.4934  3.14159  0  5.94682e-09  0.0128913
-10.2102  3.14159  0  3.28586e-08  0.0172578
-8.63938  3.14159  0  3.29625e-08  0.0186148
-7.06858  3.14159  0  5.06426e-08  0.02009
-5.49779  3.14159  0  7.70831e-08  0.0218192
-3.92699  3.14159  0  9.48648e-08  0.0244642
-2.35619  3.14159  0  9.41862e-08  0.031009
-0.785398  3.14159  0  1.66927e-07  0.0563855
0.785398  3.14159  0  9.63274e-07  -0.0563855
2.35619  3.14159  0  2.23709e-07  -0.031009
3.92699  3.14159  0  1.23539e-07  -0.0244642
5.49779  3.14159  0  8.56834e-08  -0.0218193
7.06858  3.14159  0  7.26937e-08  -0.02009
8.63938  3.14159  0  6.23617e-08  -0.0186148
10.2102  3.14159  0  4.84806e-08  -0.0172579
16.4934  3.14159  0  1.4351e-08  -0.0128913
33.7721  3.14159  0  9.92605e-09  -0.00709051
62.0465  3.14159  0  1.32112e-08  -0.00397679
-35.3429  3.14159  3.14159  0.000533662  0.00680788
-22.7765  3.14159  3.14159  0.00112047  0.0100801
-16.4934  3.14159  3.14159  0.00178299  0.0130893
-10.2102  3.14159  3.14159  0.0029835  0.0180959
-8.63938  3.14159  3.14159  0.00338637  0.0197782
-7.06858  3.14159  3.14159  0.00381614  0.021545
-5.49779  3.14159  3.14159  0.00424781  0.0230536
-3.92699  3.14159  3.14159  0.00464203  0.023256
-2.35619  3.14159  3.14159  0.00494856  0.0195449
-0.785398  3.14159  3.14159  0.00511769  0.00823309
0.785398  3.14159  3.14159  0.00511775  -0.00823311
2.35619  3.14159  3.14159  0.00494864  -0.0195449
3.92699  3.14159  3.14159  0.0046421  -0.023256
5.49779  3.14159  3.14159  0.00424786  -0.0230536
7.06858  3.14159  3.14159  0.00381618  -0.0215451
8.63938  3.14159  3.14159  0.0033864  -0.0197782
10.2102  3.14159  3.14159  0.00298352  -0.0180959
16.4934  3.14159  3.14159  0.001783  -0.0130893
33.7721  3.14159  3.14159  0.000578765  -0.00710036
62.0465  3.14159  3.14159  0.000186328  -0.00397734
