-35.3429  0  0  1.14719e-07  -4.25597e-06
-22.7765  0  0  5.68149e-07  -1.43417e-05
-16.4934  0  0  1.62004e-06  -3.30777e-05
-10.2102  0  0  5.73633e-06  -0.000100692
-8.63938  0  0  8.30412e-06  -0.000141706
-7.06858  0  0  1.26135e-05  -0.00020506
-5.49779  0  0  2.08703e-05  -0.00030159
-3.92699  0  0  3.87948e-05  -0.000429915
-2.35619  0  0  7.77427e-05  -0.000506027
-0.785398  0  0  0.000130681  -0.000269818
0.785398  0  0  0.000131505  0.000268249
2.35619  0  0  7.74923e-05  0.00050605
3.92699  0  0  3.89535e-05  0.000429856
5.49779  0  0  2.08342e-05  0.000301629
7.06858  0  0  1.2607e-05  0.000205088
8.63938  0  0  8.29922e-06  0.000141721
10.2102  0  0  5.73318e-06  0.000100706
16.4934  0  0  1.61956e-06  3.30724e-05
33.7721  0  0  1.36565e-07  4.84124e-06
62.0465  0  0  1.29654e-08  8.32587e-07
-35.3429  0  3.14159  8.66323e-11  -4.22563e-06
-22.7765  0  3.14159  2.6115e-11  -1.41015e-05
-16.4934  0  3.14159  1.71431e-09  -3.20121e-05
-10.2102  0  3.14159  -1.25125e-09  -9.27462e-05
-8.63938  0  3.14159  1.61524e-09  -0.000127617
-7.06858  0  3.14159  -3.12521e-09  -0.000181065
-5.49779  0  3.14159  -8.06969e-09  -0.000269658
-3.92699  0  3.14159  2.19865e-08  -0.000446107
-2.35619  0  3.14159  -2.1878e-08  -0.000997565
-0.785398  0  3.14159  4.28761e-07  -0.00566757
0.785398  0  3.14159  9.34038e-08  0.00566821
2.35619  0  3.14159  4.5946e-08  0.000997548
3.92699  0  3.14159  -1.00387e-08  0.000446204
5.49779  0  3.14159  6.74969e-09  0.000269649
7.06858  0  3.14159  -1.80398e-09  0.000181067
8.63938  0  3.14159  -1.9353e-09  0.000127615
10.2102  0  3.14159  1.0286e-09  9.2743e-05
16.4934  0  3.14159  1.79257e-09  3.20128e-05
33.7721  0  3.14159  3.35109e-10  4.80345e-06
62.0465  0  3.14159  4.20089e-11  8.30547e-07
-35.3429  3.14159  0  8.66323e-11  -4.22563e-06
-22.7765  3.14159  0  2.6115e-11  -1.41015e-05
-16.4934  3.14159  0  1.71431e-09  -3.20121e-05
-10.2102  3.14159  0  -1.25125e-09  -9.27462e-05
-8.63938  3.14159  0  1.61524e-09  -0.000127617
-7.06858  3.14159  0  -3.12521e-09  -0.000181065
-5.49779  3.14159  0  -8.06969e-09  -0.000269658
-3.92699  3.14159  0  2.19865e-08  -0.000446107
-2.35619  3.14159  0  -2.1878e-08  -0.000997565
-0.785398  3.14159  0  4.28761e-07  -0.00566757
0.785398  3.14159  0  9.34038e-08  0.00566821
2.35619  3.14159  0  4.5946e-08  0.000997548
3.92699  3.14159  0  -1.00387e-08  0.000446204
5.49779  3.14159  0  6.74969e-09  0.000269649
7.06858  3.14159  0  -1.80398e-09  0.000181067
8.63938  3.14159  0  -1.9353e-09  0.000127615
10.2102  3.14159  0  1.0286e-09  9.2743e-05
16.4934  3.14159  0  1.79257e-09  3.20128e-05
33.7721  3.14159  0  3.35109e-10  4.80345e-06
62.0465  3.14159  0  4.20089e-11  8.30547e-07
-35.3429  3.14159  3.14159  -1.14459e-07  -4.2566e-06
-22.7765  3.14159  3.14159  -5.67684e-07  -1.4343e-05
-16.4934  3.14159  3.14159  -1.61897e-06  -3.30745e-05
-10.2102  3.14159  3.14159  -5.73056e-06  -0.000100704
-8.63938  3.14159  3.14159  -8.29832e-06  -0.000141721
-7.06858  3.14159  3.14159  -1.25994e-05  -0.000205088
-5.49779  3.14159  3.14159  -2.08468e-05  -0.00030164
-3.92699  3.14159  3.14159  -3.87835e-05  -0.00042981
-2.35619  3.14159  3.14159  -7.76744e-05  -0.000506166
-0.785398  3.14159  3.14159  -0.0001309  -0.000268268
0.785398  3.14159  3.14159  -0.00013136  0.000268895
2.35619  3.14159  3.14159  -7.75572e-05  0.000506164
3.92699  3.14159  3.14159  -3.88887e-05  0.000429774
5.49779  3.14159  3.14159  -2.08362e-05  0.000301614
7.06858  3.14159  3.14159  -1.25999e-05  0.000205065
8.63938  3.14159  3.14159  -8.29423e-06  0.000141712
10.2102  3.14159  3.14159  -5.7329e-06  0.000100695
16.4934  3.14159  3.14159  -1.61891e-06  3.3076e-05
33.7721  3.14159  3.14159  -1.36137e-07  4.84149e-06
62.0465  3.14159  3.14159  -1.28578e-08  8.32737e-07
