-35.3429  0  0  2.02771e-05  -0.00126229
-22.7765  0  0  5.12501e-05  -0.00193657
-16.4934  0  0  9.90255e-05  -0.00262337
-10.2102  0  0  0.00023443  -0.00396745
-8.63938  0  0  0.000302256  -0.00450349
-7.06858  0  0  0.000396755  -0.00515214
-5.49779  0  0  0.000531104  -0.00588321
-3.92699  0  0  0.000723338  -0.00647062
-2.35619  0  0  0.00097844  -0.00603617
-0.785398  0  0  0.0012095  -0.00276672
0.785398  0  0  0.0012095  0.00276672
2.35619  0  0  0.00097844  0.00603617
3.92699  0  0  0.000723338  0.00647062
5.49779  0  0  0.000531103  0.00588321
7.06858  0  0  0.000396755  0.00515214
8.63938  0  0  0.000302256  0.00450349
10.2102  0  0  0.000234431  0.00396745
16.4934  0  0  9.90251e-05  0.00262337
33.7721  0  0  2.23189e-05  0.00132005
62.0465  0  0  6.28026e-06  0.0007225
-35.3429  0  3.14159  4.71148e-11  -0.00127294
-22.7765  0  3.14159  8.43361e-11  -0.0019755
-16.4934  0  3.14159  1.06444e-10  -0.00272042
-10.2102  0  3.14159  1.43692e-10  -0.00430641
-8.63938  0  3.14159  1.58886e-10  -0.00501497
-7.06858  0  3.14159  1.73244e-10  -0.00598748
-5.49779  0  3.14159  1.8833e-10  -0.00742884
-3.92699  0  3.14159  2.1171e-10  -0.00990226
-2.35619  0  3.14159  2.73329e-10  -0.0156169
-0.785398  0  3.14159  6.60528e-10  -0.0450221
0.785398  0  3.14159  -6.31949e-10  0.0450221
2.35619  0  3.14159  -2.46123e-10  0.0156169
3.92699  0  3.14159  -1.84659e-10  0.00990226
5.49779  0  3.14159  -1.54578e-10  0.00742884
7.06858  0  3.14159  -1.18913e-10  0.00598748
8.63938  0  3.14159  -8.04323e-11  0.00501497
10.2102  0  3.14159  -6.32088e-11  0.00430641
16.4934  0  3.14159  -1.03783e-10  0.00272042
33.7721  0  3.14159  -3.68238e-11  0.00133224
62.0465  0  3.14159  -7.48914e-12  0.000724469
-35.3429  3.14159  0  4.71148e-11  -0.00127294
-22.7765  3.14159  0  8.43361e-11  -0.0019755
-16.4934  3.14159  0  1.06444e-10  -0.00272042
-10.2102  3.14159  0  1.43692e-10  -0.00430641
-8.63938  3.14159  0  1.58886e-10  -0.00501497
-7.06858  3.14159  0  1.73244e-10  -0.00598748
-5.49779  3.14159  0  1.8833e-10  -0.00742884
-3.92699  3.14159  0  2.1171e-10  -0.00990226
-2.35619  3.14159  0  2.73329e-10  -0.0156169
-0.785398  3.14159  0  6.60528e-10  -0.0450221
0.785398  3.14159  0  -6.31949e-10  0.0450221
2.35619  3.14159  0  -2.46123e-10  0.0156169
3.92699  3.14159  0  -1.84659e-10  0.00990226
5.49779  3.14159  0  -1.54578e-10  0.00742884
7.06858  3.14159  0  -1.18913e-10  0.00598748
8.63938  3.14159  0  -8.04323e-11  0.00501497
10.2102  3.14159  0  -6.32088e-11  0.00430641
16.4934  3.14159  0  -1.03783e-10  0.00272042
33.7721  3.14159  0  -3.68238e-11  0.00133224
62.0465  3.14159  0  -7.48914e-12  0.000724469
-35.3429  3.14159  3.14159  -2.02771e-05  -0.00126229
-22.7765  3.14159  3.14159  -5.12499e-05  -0.00193657
-16.4934  3.14159  3.14159  -9.90252e-05  -0.00262337
-10.2102  3.14159  3.14159  -0.00023443  -0.00396745
-8.63938  3.14159  3.14159  -0.000302255  -0.00450349
-7.06858  3.14159  3.14159  -0.000396755  -0.00515214
-5.49779  3.14159  3.14159  -0.000531103  -0.00588321
-3.92699  3.14159  3.14159  -0.000723338  -0.00647062
-2.35619  3.14159  3.14159  -0.00097844  -0.00603617
-0.785398  3.14159  3.14159  -0.0012095  -0.00276672
0.785398  3.14159  3.14159  -0.0012095  0.00276672
2.35619  3.14159  3.14159  -0.00097844  0.00603617
3.92699  3.14159  3.14159  -0.000723338  0.00647062
5.49779  3.14159  3.14159  -0.000531104  0.00588321
7.06858  3.14159  3.14159  -0.000396755  0.00515214
8.63938  3.14159  3.14159  -0.000302255  0.00450349
10.2102  3.14159  3.14159  -0.00023443  0.00396745
16.4934  3.14159  3.14159  -9.90256e-05  0.00262337
33.7721  3.14159  3.14159  -2.23188e-05  0.00132005
62.0465  3.14159  3.14159  -6.28009e-06  0.0007225
