-35.3429  0  0  2.18762e-07  -0.000543287
-22.7765  0  0  1.83383e-07  -0.000813642
-16.4934  0  0  5.09441e-08  -0.00106704
-10.2102  0  0  5.98764e-07  -0.0014807
-8.63938  0  0  2.13808e-06  -0.00160518
-7.06858  0  0  4.40139e-06  -0.00171665
-5.49779  0  0  1.07644e-05  -0.00176515
-3.92699  0  0  2.31607e-05  -0.00165476
-2.35619  0  0  4.00947e-05  -0.00125045
-0.785398  0  0  5.9261e-05  -0.000483267
0.785398  0  0  5.97809e-05  0.000482325
2.35619  0  0  4.01358e-05  0.00125036
3.92699  0  0  2.32148e-05  0.00165482
5.49779  0  0  1.06078e-05  0.0017652
7.06858  0  0  4.41949e-06  0.00171654
8.63938  0  0  2.161e-06  0.00160528
10.2102  0  0  3.18483e-07  0.00148069
16.4934  0  0  -1.16732e-08  0.00106705
33.7721  0  0  2.48313e-07  0.000567141
62.0465  0  0  1.33127e-07  0.000315284
-35.3429  0  3.14159  2.45748e-10  -0.000548726
-22.7765  0  3.14159  1.40804e-09  -0.000834886
-16.4934  0  3.14159  -1.80812e-11  -0.00112556
-10.2102  0  3.14159  -1.75073e-09  -0.00173481
-8.63938  0  3.14159  -6.5472e-09  -0.00201758
-7.06858  0  3.14159  2.08248e-09  -0.00241956
-5.49779  0  3.14159  1.52757e-09  -0.00304406
-3.92699  0  3.14159  -6.0899e-09  -0.00415177
-2.35619  0  3.14159  1.20228e-08  -0.00647607
-0.785398  0  3.14159  -2.88024e-09  -0.00502945
0.785398  0  3.14159  7.07629e-09  0.00502946
2.35619  0  3.14159  1.08749e-08  0.00647606
3.92699  0  3.14159  -4.83375e-09  0.00415177
5.49779  0  3.14159  1.39787e-10  0.00304406
7.06858  0  3.14159  1.04099e-09  0.00241956
8.63938  0  3.14159  -2.45711e-09  0.00201758
10.2102  0  3.14159  -5.27819e-10  0.00173481
16.4934  0  3.14159  -2.04008e-09  0.00112557
33.7721  0  3.14159  2.48391e-10  0.000573482
62.0465  0  3.14159  -2.5988e-11  0.000316257
-35.3429  3.14159  0  2.45748e-10  -0.000548726
-22.7765  3.14159  0  1.40804e-09  -0.000834886
-16.4934  3.14159  0  -1.80812e-11  -0.00112556
-10.2102  3.14159  0  -1.75073e-09  -0.00173481
-8.63938  3.14159  0  -6.5472e-09  -0.00201758
-7.06858  3.14159  0  2.08248e-09  -0.00241956
-5.49779  3.14159  0  1.52757e-09  -0.00304406
-3.92699  3.14159  0  -6.0899e-09  -0.00415177
-2.35619  3.14159  0  1.20228e-08  -0.00647607
-0.785398  3.14159  0  -2.88024e-09  -0.00502945
0.785398  3.14159  0  7.07629e-09  0.00502946
2.35619  3.14159  0  1.08749e-08  0.00647606
3.92699  3.14159  0  -4.83375e-09  0.00415177
5.49779  3.14159  0  1.39787e-10  0.00304406
7.06858  3.14159  0  1.04099e-09  0.00241956
8.63938  3.14159  0  -2.45711e-09  0.00201758
10.2102  3.14159  0  -5.27819e-10  0.00173481
16.4934  3.14159  0  -2.04008e-09  0.00112557
33.7721  3.14159  0  2.48391e-10  0.000573482
62.0465  3.14159  0  -2.5988e-11  0.000316257
-35.3429  3.14159  3.14159  -3.01499e-07  -0.000543287
-22.7765  3.14159  3.14159  -2.13795e-07  -0.000813642
-16.4934  3.14159  3.14159  2.45048e-07  -0.00106704
-10.2102  3.14159  3.14159  -8.79557e-08  -0.0014807
-8.63938  3.14159  3.14159  -1.12758e-06  -0.00160518
-7.06858  3.14159  3.14159  -4.80262e-06  -0.00171665
-5.49779  3.14159  3.14159  -1.08565e-05  -0.00176515
-3.92699  3.14159  3.14159  -2.20707e-05  -0.00165476
-2.35619  3.14159  3.14159  -4.28286e-05  -0.00125045
-0.785398  3.14159  3.14159  -6.12374e-05  -0.000483265
0.785398  3.14159  3.14159  -6.07175e-05  0.000482322
2.35619  3.14159  3.14159  -4.27879e-05  0.00125036
3.92699  3.14159  3.14159  -2.20172e-05  0.00165482
5.49779  3.14159  3.14159  -1.10111e-05  0.00176521
7.06858  3.14159  3.14159  -4.78463e-06  0.00171654
8.63938  3.14159  3.14159  -1.10485e-06  0.00160528
10.2102  3.14159  3.14159  -3.68145e-07  0.00148069
16.4934  3.14159  3.14159  1.81439e-07  0.00106705
33.7721  3.14159  3.14159  -2.85447e-07  0.000567141
62.0465  3.14159  3.14159  -1.27837e-07  0.000315284
