-35.3429  0  0  -1.11092e-05  0.000556543
-22.7765  0  0  -2.51169e-05  0.000846545
-16.4934  0  0  -4.65723e-05  0.00111357
-10.2102  0  0  -0.000123185  0.00168895
-8.63938  0  0  -0.000140923  0.00190019
-7.06858  0  0  -0.000211801  0.00219715
-5.49779  0  0  -0.000290638  0.00247468
-3.92699  0  0  -0.000443804  0.00264985
-2.35619  0  0  -0.000581993  0.00238698
-0.785398  0  0  -0.000785023  0.00105343
0.785398  0  0  -0.000785145  -0.00105487
2.35619  0  0  -0.00058228  -0.00238748
3.92699  0  0  -0.000443766  -0.00264881
5.49779  0  0  -0.000290693  -0.00247389
7.06858  0  0  -0.000212619  -0.00219705
8.63938  0  0  -0.000140038  -0.00190024
10.2102  0  0  -0.00012388  -0.00168859
16.4934  0  0  -4.62115e-05  -0.0011135
33.7721  0  0  -1.11875e-05  -0.000586243
62.0465  0  0  -3.69459e-06  -0.00031458
-35.3429  0  3.14159  2.68829e-08  0.000562151
-22.7765  0  3.14159  6.76978e-08  0.000876075
-16.4934  0  3.14159  7.47797e-08  0.00120726
-10.2102  0  3.14159  -6.70588e-08  0.00191748
-8.63938  0  3.14159  7.29256e-07  0.00237635
-7.06858  0  3.14159  1.00852e-06  0.00291072
-5.49779  0  3.14159  -1.16647e-06  0.00337356
-3.92699  0  3.14159  2.06071e-07  0.00493885
-2.35619  0  3.14159  1.19143e-06  0.00829812
-0.785398  0  3.14159  2.24846e-06  0.0244527
0.785398  0  3.14159  -2.47951e-06  -0.0244527
2.35619  0  3.14159  -1.62465e-06  -0.00829812
3.92699  0  3.14159  -2.0963e-07  -0.00493885
5.49779  0  3.14159  1.16462e-06  -0.00337356
7.06858  0  3.14159  -1.04791e-06  -0.00291072
8.63938  0  3.14159  -7.53818e-07  -0.00237635
10.2102  0  3.14159  6.34937e-08  -0.00191747
16.4934  0  3.14159  -8.25574e-08  -0.00120726
33.7721  0  3.14159  8.57749e-09  -0.000582847
62.0465  0  3.14159  -8.03971e-09  -0.000319418
-35.3429  3.14159  0  2.68829e-08  0.000562151
-22.7765  3.14159  0  6.76978e-08  0.000876075
-16.4934  3.14159  0  7.47797e-08  0.00120726
-10.2102  3.14159  0  -6.70588e-08  0.00191748
-8.63938  3.14159  0  7.29256e-07  0.00237635
-7.06858  3.14159  0  1.00852e-06  0.00291072
-5.49779  3.14159  0  -1.16647e-06  0.00337356
-3.92699  3.14159  0  2.06071e-07  0.00493885
-2.35619  3.14159  0  1.19143e-06  0.00829812
-0.785398  3.14159  0  2.24846e-06  0.0244527
0.785398  3.14159  0  -2.47951e-06  -0.0244527
2.35619  3.14159  0  -1.62465e-06  -0.00829812
3.92699  3.14159  0  -2.0963e-07  -0.00493885
5.49779  3.14159  0  1.16462e-06  -0.00337356
7.06858  3.14159  0  -1.04791e-06  -0.00291072
8.63938  3.14159  0  -7.53818e-07  -0.00237635
10.2102  3.14159  0  6.34937e-08  -0.00191747
16.4934  3.14159  0  -8.25574e-08  -0.00120726
33.7721  3.14159  0  8.57749e-09  -0.000582847
62.0465  3.14159  0  -8.03971e-09  -0.000319418
-35.3429  3.14159  3.14159  1.03222e-05  0.000556493
-22.7765  3.14159  3.14159  2.55123e-05  0.000846138
-16.4934  3.14159  3.14159  4.85138e-05  0.0011136
-10.2102  3.14159  3.14159  0.000104487  0.00168784
-8.63938  3.14159  3.14159  0.000162446  0.00190118
-7.06858  3.14159  3.14159  0.000202757  0.00219693
-5.49779  3.14159  3.14159  0.000300559  0.0024747
-3.92699  3.14159  3.14159  0.000420706  0.00265006
-2.35619  3.14159  3.14159  0.00066927  0.00238727
-0.785398  3.14159  3.14159  0.00083017  0.00105414
0.785398  3.14159  3.14159  0.000830216  -0.00105395
2.35619  3.14159  3.14159  0.000668308  -0.00238802
3.92699  3.14159  3.14159  0.000419116  -0.00265074
5.49779  3.14159  3.14159  0.000299172  -0.00247563
7.06858  3.14159  3.14159  0.000202192  -0.00219693
8.63938  3.14159  3.14159  0.000161593  -0.00190145
10.2102  3.14159  3.14159  0.000105142  -0.00168797
16.4934  3.14159  3.14159  4.86671e-05  -0.00111371
33.7721  3.14159  3.14159  1.22657e-05  -0.000586272
62.0465  3.14159  3.14159  3.345e-06  -0.000314567
