-35.3429  0  0  8.22957e-07  -0.000312716
-22.7765  0  0  4.78032e-07  -0.000463743
-16.4934  0  0  -4.4514e-07  -0.000601798
-10.2102  0  0  1.74742e-07  -0.000817818
-8.63938  0  0  2.16042e-06  -0.000878969
-7.06858  0  0  5.66029e-06  -0.000931406
-5.49779  0  0  1.26323e-05  -0.000949735
-3.92699  0  0  1.97522e-05  -0.000881271
-2.35619  0  0  3.86245e-05  -0.00067619
-0.785398  0  0  5.57486e-05  -0.000264158
0.785398  0  0  5.50471e-05  0.000268707
2.35619  0  0  3.7109e-05  0.000675463
3.92699  0  0  2.49794e-05  0.0008829
5.49779  0  0  9.58966e-06  0.000947929
7.06858  0  0  4.83304e-06  0.000931451
8.63938  0  0  2.84074e-06  0.000879572
10.2102  0  0  1.3576e-06  0.000818392
16.4934  0  0  5.71911e-07  0.000601812
33.7721  0  0  -2.9308e-07  0.000325764
62.0465  0  0  -1.42312e-07  0.000182174
-35.3429  0  3.14159  1.4629e-06  -0.000316932
-22.7765  0  3.14159  1.0878e-06  -0.000476229
-16.4934  0  3.14159  -1.08592e-06  -0.000631361
-10.2102  0  3.14159  -8.21409e-07  -0.000954143
-8.63938  0  3.14159  4.99101e-07  -0.00110051
-7.06858  0  3.14159  3.17492e-07  -0.00130456
-5.49779  0  3.14159  4.92243e-06  -0.00162054
-3.92699  0  3.14159  -4.59184e-06  -0.00210679
-2.35619  0  3.14159  4.00665e-06  -0.00298412
-0.785398  0  3.14159  1.99833e-05  -0.00268353
0.785398  0  3.14159  -1.34097e-07  0.00270279
2.35619  0  3.14159  -4.80635e-06  0.00298439
3.92699  0  3.14159  1.08802e-05  0.00211213
5.49779  0  3.14159  -7.55369e-06  0.00161826
7.06858  0  3.14159  2.26986e-07  0.00130489
8.63938  0  3.14159  8.73038e-07  0.00110127
10.2102  0  3.14159  1.66058e-06  0.000954963
16.4934  0  3.14159  1.68837e-06  0.00063176
33.7721  0  3.14159  -2.11422e-07  0.000329382
62.0465  0  3.14159  -7.65316e-07  0.000183398
-35.3429  3.14159  0  1.4629e-06  -0.000316932
-22.7765  3.14159  0  1.0878e-06  -0.000476229
-16.4934  3.14159  0  -1.08592e-06  -0.000631361
-10.2102  3.14159  0  -8.21409e-07  -0.000954143
-8.63938  3.14159  0  4.99101e-07  -0.00110051
-7.06858  3.14159  0  3.17492e-07  -0.00130456
-5.49779  3.14159  0  4.92243e-06  -0.00162054
-3.92699  3.14159  0  -4.59184e-06  -0.00210679
-2.35619  3.14159  0  4.00665e-06  -0.00298412
-0.785398  3.14159  0  1.99833e-05  -0.00268353
0.785398  3.14159  0  -1.34097e-07  0.00270279
2.35619  3.14159  0  -4.80635e-06  0.00298439
3.92699  3.14159  0  1.08802e-05  0.00211213
5.49779  3.14159  0  -7.55369e-06  0.00161826
7.06858  3.14159  0  2.26986e-07  0.00130489
8.63938  3.14159  0  8.73038e-07  0.00110127
10.2102  3.14159  0  1.66058e-06  0.000954963
16.4934  3.14159  0  1.68837e-06  0.00063176
33.7721  3.14159  0  -2.11422e-07  0.000329382
62.0465  3.14159  0  -7.65316e-07  0.000183398
-35.3429  3.14159  3.14159  4.04477e-08  -0.000312204
-22.7765  3.14159  3.14159  1.036e-07  -0.000463223
-16.4934  3.14159  3.14159  2.45523e-07  -0.000602017
-10.2102  3.14159  3.14159  -8.53278e-08  -0.000818302
-8.63938  3.14159  3.14159  -2.23257e-06  -0.000879074
-7.06858  3.14159  3.14159  -4.17791e-06  -0.000930754
-5.49779  3.14159  3.14159  -1.04398e-05  -0.000946235
-3.92699  3.14159  3.14159  -2.33221e-05  -0.000884536
-2.35619  3.14159  3.14159  -3.77715e-05  -0.000674369
-0.785398  3.14159  3.14159  -5.50711e-05  -0.000264568
0.785398  3.14159  3.14159  -5.46e-05  0.000267201
2.35619  3.14159  3.14159  -3.86868e-05  0.000674782
3.92699  3.14159  3.14159  -2.08626e-05  0.000886177
5.49779  3.14159  3.14159  -1.182e-05  0.000947314
7.06858  3.14159  3.14159  -6.11227e-06  0.00093128
8.63938  3.14159  3.14159  -2.04717e-06  0.000879805
10.2102  3.14159  3.14159  -1.47824e-06  0.000817979
16.4934  3.14159  3.14159  -4.37151e-07  0.000602137
33.7721  3.14159  3.14159  -2.92134e-07  0.000325891
62.0465  3.14159  3.14159  -1.70077e-07  0.000181956
