-35.3429  0  0  -2.02775e-05  0.00126229
-22.7765  0  0  -5.12504e-05  0.00193657
-16.4934  0  0  -9.90254e-05  0.00262337
-10.2102  0  0  -0.00023443  0.00396745
-8.63938  0  0  -0.000302256  0.00450349
-7.06858  0  0  -0.000396755  0.00515214
-5.49779  0  0  -0.000531103  0.00588321
-3.92699  0  0  -0.000723338  0.00647062
-2.35619  0  0  -0.00097844  0.00603617
-0.785398  0  0  -0.0012095  0.00276672
0.785398  0  0  -0.0012095  -0.00276672
2.35619  0  0  -0.00097844  -0.00603617
3.92699  0  0  -0.000723338  -0.00647062
5.49779  0  0  -0.000531104  -0.00588321
7.06858  0  0  -0.000396755  -0.00515214
8.63938  0  0  -0.000302256  -0.00450349
10.2102  0  0  -0.00023443  -0.00396745
16.4934  0  0  -9.90255e-05  -0.00262337
33.7721  0  0  -2.23188e-05  -0.00132005
62.0465  0  0  -6.28004e-06  -0.0007225
-35.3429  0  3.14159  2.96828e-11  0.00127294
-22.7765  0  3.14159  4.53854e-11  0.0019755
-16.4934  0  3.14159  6.46896e-11  0.00272042
-10.2102  0  3.14159  7.80919e-11  0.00430641
-8.63938  0  3.14159  8.28104e-11  0.00501497
-7.06858  0  3.14159  9.61939e-11  0.00598748
-5.49779  0  3.14159  1.13115e-10  0.00742884
-3.92699  0  3.14159  1.3399e-10  0.00990226
-2.35619  0  3.14159  1.77742e-10  0.0156169
-0.785398  0  3.14159  4.35294e-10  0.0450221
0.785398  0  3.14159  -3.70185e-10  -0.0450221
2.35619  0  3.14159  -1.48202e-10  -0.0156169
3.92699  0  3.14159  -1.193e-10  -0.00990226
5.49779  0  3.14159  -1.16195e-10  -0.00742884
7.06858  0  3.14159  -1.20297e-10  -0.00598748
8.63938  0  3.14159  -1.21017e-10  -0.00501497
10.2102  0  3.14159  -1.11062e-10  -0.00430641
16.4934  0  3.14159  -6.16102e-11  -0.00272042
33.7721  0  3.14159  -3.36452e-11  -0.00133224
62.0465  0  3.14159  -1.49411e-11  -0.000724469
-35.3429  3.14159  0  2.96828e-11  0.00127294
-22.7765  3.14159  0  4.53854e-11  0.0019755
-16.4934  3.14159  0  6.46896e-11  0.00272042
-10.2102  3.14159  0  7.80919e-11  0.00430641
-8.63938  3.14159  0  8.28104e-11  0.00501497
-7.06858  3.14159  0  9.61939e-11  0.00598748
-5.49779  3.14159  0  1.13115e-10  0.00742884
-3.92699  3.14159  0  1.3399e-10  0.00990226
-2.35619  3.14159  0  1.77742e-10  0.0156169
-0.785398  3.14159  0  4.35294e-10  0.0450221
0.785398  3.14159  0  -3.70185e-10  -0.0450221
2.35619  3.14159  0  -1.48202e-10  -0.0156169
3.92699  3.14159  0  -1.193e-10  -0.00990226
5.49779  3.14159  0  -1.16195e-10  -0.00742884
7.06858  3.14159  0  -1.20297e-10  -0.00598748
8.63938  3.14159  0  -1.21017e-10  -0.00501497
10.2102  3.14159  0  -1.11062e-10  -0.00430641
16.4934  3.14159  0  -6.16102e-11  -0.00272042
33.7721  3.14159  0  -3.36452e-11  -0.00133224
62.0465  3.14159  0  -1.49411e-11  -0.000724469
-35.3429  3.14159  3.14159  2.02776e-05  0.00126229
-22.7765  3.14159  3.14159  5.12504e-05  0.00193657
-16.4934  3.14159  3.14159  9.90255e-05  0.00262337
-10.2102  3.14159  3.14159  0.00023443  0.00396745
-8.63938  3.14159  3.14159  0.000302256  0.00450349
-7.06858  3.14159  3.14159  0.000396755  0.00515214
-5.49779  3.14159  3.14159  0.000531104  0.00588321
-3.92699  3.14159  3.14159  0.000723338  0.00647062
-2.35619  3.14159  3.14159  0.00097844  0.00603617
-0.785398  3.14159  3.14159  0.0012095  0.00276672
0.785398  3.14159  3.14159  0.0012095  -0.00276672
2.35619  3.14159  3.14159  0.00097844  -0.00603617
3.92699  3.14159  3.14159  0.000723338  -0.00647062
5.49779  3.14159  3.14159  0.000531103  -0.00588321
7.06858  3.14159  3.14159  0.000396755  -0.00515214
8.63938  3.14159  3.14159  0.000302255  -0.00450349
10.2102  3.14159  3.14159  0.00023443  -0.00396745
16.4934  3.14159  3.14159  9.90253e-05  -0.00262337
33.7721  3.14159  3.14159  2.23188e-05  -0.00132005
62.0465  3.14159  3.14159  6.28005e-06  -0.0007225
