-35.3429  0  0  0.00316098  0.027931
-22.7765  0  0  0.00747548  0.0425726
-16.4934  0  0  0.0138723  0.0572184
-10.2102  0  0  0.0331794  0.0847759
-8.63938  0  0  0.0439849  0.0951359
-7.06858  0  0  0.0603756  0.106918
-5.49779  0  0  0.0860505  0.118657
-3.92699  0  0  0.126466  0.124796
-2.35619  0  0  0.184511  0.109549
-0.785398  0  0  0.240048  0.0476347
0.785398  0  0  0.240048  -0.047635
2.35619  0  0  0.184511  -0.109549
3.92699  0  0  0.126466  -0.124796
5.49779  0  0  0.0860505  -0.118657
7.06858  0  0  0.0603756  -0.106918
8.63938  0  0  0.0439849  -0.0951359
10.2102  0  0  0.0331794  -0.0847759
16.4934  0  0  0.0138723  -0.0572184
33.7721  0  0  0.00345762  -0.0291945
62.0465  0  0  0.00103464  -0.0160492
-35.3429  0  3.14159  -2.37462e-11  0.0282887
-22.7765  0  3.14159  -9.45166e-11  0.0438853
-16.4934  0  3.14159  -1.86405e-10  0.0605823
-10.2102  0  3.14159  4.90099e-10  0.0977714
-8.63938  0  3.14159  -9.23721e-09  0.11549
-7.06858  0  3.14159  -1.96939e-08  0.141051
-5.49779  0  3.14159  4.13941e-08  0.181143
-3.92699  0  3.14159  1.30016e-09  0.252969
-2.35619  0  3.14159  -1.94826e-07  0.418238
-0.785398  0  3.14159  5.10765e-06  1.11877
0.785398  0  3.14159  1.06555e-05  -1.11877
2.35619  0  3.14159  3.09792e-07  -0.418238
3.92699  0  3.14159  1.04342e-08  -0.252969
5.49779  0  3.14159  -3.20987e-08  -0.181143
7.06858  0  3.14159  2.15554e-08  -0.141051
8.63938  0  3.14159  9.96869e-09  -0.11549
10.2102  0  3.14159  -7.4795e-10  -0.0977714
16.4934  0  3.14159  2.653e-10  -0.0605823
33.7721  0  3.14159  -1.97401e-11  -0.029604
62.0465  0  3.14159  2.10883e-12  -0.0161159
-35.3429  3.14159  0  -2.37462e-11  0.0282887
-22.7765  3.14159  0  -9.45166e-11  0.0438853
-16.4934  3.14159  0  -1.86405e-10  0.0605823
-10.2102  3.14159  0  4.90099e-10  0.0977714
-8.63938  3.14159  0  -9.23721e-09  0.11549
-7.06858  3.14159  0  -1.96939e-08  0.141051
-5.49779  3.14159  0  4.13941e-08  0.181143
-3.92699  3.14159  0  1.30016e-09  0.252969
-2.35619  3.14159  0  -1.94826e-07  0.418238
-0.785398  3.14159  0  5.10765e-06  1.11877
0.785398  3.14159  0  1.06555e-05  -1.11877
2.35619  3.14159  0  3.09792e-07  -0.418238
3.92699  3.14159  0  1.04342e-08  -0.252969
5.49779  3.14159  0  -3.20987e-08  -0.181143
7.06858  3.14159  0  2.15554e-08  -0.141051
8.63938  3.14159  0  9.96869e-09  -0.11549
10.2102  3.14159  0  -7.4795e-10  -0.0977714
16.4934  3.14159  0  2.653e-10  -0.0605823
33.7721  3.14159  0  -1.97401e-11  -0.029604
62.0465  3.14159  0  2.10883e-12  -0.0161159
-35.3429  3.14159  3.14159  -0.00316098  0.027931
-22.7765  3.14159  3.14159  -0.00747548  0.0425726
-16.4934  3.14159  3.14159  -0.0138723  0.0572184
-10.2102  3.14159  3.14159  -0.0331793  0.084776
-8.63938  3.14159  3.14159  -0.043985  0.0951357
-7.06858  3.14159  3.14159  -0.0603755  0.106919
-5.49779  3.14159  3.14159  -0.0860505  0.118657
-3.92699  3.14159  3.14159  -0.126466  0.124797
-2.35619  3.14159  3.14159  -0.184509  0.109546
-0.785398  3.14159  3.14159  -0.240044  0.0476332
0.785398  3.14159  3.14159  -0.240044  -0.0476332
2.35619  3.14159  3.14159  -0.184509  -0.109546
3.92699  3.14159  3.14159  -0.126466  -0.124797
5.49779  3.14159  3.14159  -0.0860505  -0.118657
7.06858  3.14159  3.14159  -0.0603755  -0.106919
8.63938  3.14159  3.14159  -0.043985  -0.0951357
10.2102  3.14159  3.14159  -0.0331793  -0.084776
16.4934  3.14159  3.14159  -0.0138723  -0.0572184
33.7721  3.14159  3.14159  -0.00345762  -0.0291945
62.0465  3.14159  3.14159  -0.00103464  -0.0160492
