-35.3429  0  0  -0.000570014  0.00683966
-22.7765  0  0  -0.00120802  0.0101779
-16.4934  0  0  -0.00194569  0.0132961
-10.2102  0  0  -0.00338815  0.0187882
-8.63938  0  0  -0.00390263  0.0207486
-7.06858  0  0  -0.00454388  0.0230167
-5.49779  0  0  -0.00527709  0.0252026
-3.92699  0  0  -0.00618475  0.0262984
-2.35619  0  0  -0.00716168  0.0229711
-0.785398  0  0  -0.00800789  0.00994452
0.785398  0  0  -0.00800447  -0.00994744
2.35619  0  0  -0.00716153  -0.0229712
3.92699  0  0  -0.00618424  -0.0262976
5.49779  0  0  -0.00527654  -0.0252015
7.06858  0  0  -0.00454428  -0.0230164
8.63938  0  0  -0.00390149  -0.0207487
10.2102  0  0  -0.00338934  -0.0187879
16.4934  0  0  -0.00194562  -0.013296
33.7721  0  0  -0.000617467  -0.0071451
62.0465  0  0  -0.0001982  -0.00397925
-35.3429  0  3.14159  2.96734e-08  0.00683351
-22.7765  0  3.14159  4.90761e-08  0.0101372
-16.4934  0  3.14159  5.07887e-08  0.0131185
-10.2102  0  3.14159  -5.12696e-08  0.0177636
-8.63938  0  3.14159  6.92551e-07  0.019375
-7.06858  0  3.14159  9.89873e-07  0.021044
-5.49779  0  3.14159  -1.26153e-06  0.0227191
-3.92699  0  3.14159  -2.0317e-08  0.0260578
-2.35619  0  3.14159  1.11378e-06  0.0347865
-0.785398  0  3.14159  -4.08076e-06  0.108442
0.785398  0  3.14159  -8.51322e-06  -0.108442
2.35619  0  3.14159  -1.77102e-06  -0.0347865
3.92699  0  3.14159  -1.6305e-07  -0.0260578
5.49779  0  3.14159  9.7824e-07  -0.0227191
7.06858  0  3.14159  -1.08344e-06  -0.021044
8.63938  0  3.14159  -7.47393e-07  -0.019375
10.2102  0  3.14159  7.82437e-08  -0.0177636
16.4934  0  3.14159  -7.22848e-08  -0.0131185
33.7721  0  3.14159  2.25242e-08  -0.00712382
62.0465  0  3.14159  -8.11952e-09  -0.00398458
-35.3429  3.14159  0  2.96734e-08  0.00683351
-22.7765  3.14159  0  4.90761e-08  0.0101372
-16.4934  3.14159  0  5.07887e-08  0.0131185
-10.2102  3.14159  0  -5.12696e-08  0.0177636
-8.63938  3.14159  0  6.92551e-07  0.019375
-7.06858  3.14159  0  9.89873e-07  0.021044
-5.49779  3.14159  0  -1.26153e-06  0.0227191
-3.92699  3.14159  0  -2.0317e-08  0.0260578
-2.35619  3.14159  0  1.11378e-06  0.0347865
-0.785398  3.14159  0  -4.08076e-06  0.108442
0.785398  3.14159  0  -8.51322e-06  -0.108442
2.35619  3.14159  0  -1.77102e-06  -0.0347865
3.92699  3.14159  0  -1.6305e-07  -0.0260578
5.49779  3.14159  0  9.7824e-07  -0.0227191
7.06858  3.14159  0  -1.08344e-06  -0.021044
8.63938  3.14159  0  -7.47393e-07  -0.019375
10.2102  3.14159  0  7.82437e-08  -0.0177636
16.4934  3.14159  0  -7.22848e-08  -0.0131185
33.7721  3.14159  0  2.25242e-08  -0.00712382
62.0465  3.14159  0  -8.11952e-09  -0.00398458
-35.3429  3.14159  3.14159  0.000569644  0.00683961
-22.7765  3.14159  3.14159  0.00120746  0.0101775
-16.4934  3.14159  3.14159  0.00194953  0.0132961
-10.2102  3.14159  3.14159  0.00336982  0.0187871
-8.63938  3.14159  3.14159  0.00391956  0.0207496
-7.06858  3.14159  3.14159  0.00452862  0.0230165
-5.49779  3.14159  3.14159  0.00528363  0.0252026
-3.92699  3.14159  3.14159  0.00616758  0.0262986
-2.35619  3.14159  3.14159  0.00725308  0.0229713
-0.785398  3.14159  3.14159  0.00807503  0.00994511
0.785398  3.14159  3.14159  0.00807869  -0.00994666
2.35619  3.14159  3.14159  0.00725263  -0.0229718
3.92699  3.14159  3.14159  0.00616647  -0.0262995
5.49779  3.14159  3.14159  0.00528288  -0.0252033
7.06858  3.14159  3.14159  0.00452851  -0.0230163
8.63938  3.14159  3.14159  0.00391899  -0.0207499
10.2102  3.14159  3.14159  0.00336998  -0.0187873
16.4934  3.14159  3.14159  0.00194938  -0.0132963
33.7721  3.14159  3.14159  0.000619234  -0.00714513
62.0465  3.14159  3.14159  0.000197682  -0.00397923
