-35.3429  0  0  0.00316178  0.0279365
-22.7765  0  0  0.00748008  0.0425913
-16.4934  0  0  0.0138884  0.057263
-10.2102  0  0  0.0332665  0.0849063
-8.63938  0  0  0.0441347  0.0953092
-7.06858  0  0  0.0606391  0.107151
-5.49779  0  0  0.0865271  0.118912
-3.92699  0  0  0.127281  0.12493
-2.35619  0  0  0.185506  0.109264
-0.785398  0  0  0.240469  0.0471103
0.785398  0  0  0.240451  -0.0471211
2.35619  0  0  0.185503  -0.109265
3.92699  0  0  0.127282  -0.124926
5.49779  0  0  0.0865269  -0.118913
7.06858  0  0  0.0606388  -0.107151
8.63938  0  0  0.0441344  -0.0953095
10.2102  0  0  0.0332663  -0.0849064
16.4934  0  0  0.0138884  -0.057263
33.7721  0  0  0.0034586  -0.0292007
62.0465  0  0  0.00103473  -0.0160503
-35.3429  0  3.14159  -1.68771e-10  0.0282944
-22.7765  0  3.14159  9.21682e-10  0.0439054
-16.4934  0  3.14159  -1.15723e-09  0.0606309
-10.2102  0  3.14159  2.58794e-08  0.0979537
-8.63938  0  3.14159  1.07876e-08  0.115749
-7.06858  0  3.14159  4.76436e-08  0.141512
-5.49779  0  3.14159  -4.9998e-08  0.1819
-3.92699  0  3.14159  3.03965e-08  0.254702
-2.35619  0  3.14159  -3.33759e-07  0.424573
-0.785398  0  3.14159  3.24591e-05  1.25159
0.785398  0  3.14159  -1.94523e-05  -1.25158
2.35619  0  3.14159  -4.89539e-08  -0.424573
3.92699  0  3.14159  -5.30057e-08  -0.254702
5.49779  0  3.14159  6.77718e-09  -0.1819
7.06858  0  3.14159  -7.45642e-08  -0.141512
8.63938  0  3.14159  2.5068e-10  -0.115749
10.2102  0  3.14159  -2.26454e-08  -0.0979537
16.4934  0  3.14159  1.53848e-09  -0.0606309
33.7721  0  3.14159  9.95146e-11  -0.0296104
62.0465  0  3.14159  2.82612e-11  -0.016117
-35.3429  3.14159  0  -1.68771e-10  0.0282944
-22.7765  3.14159  0  9.21682e-10  0.0439054
-16.4934  3.14159  0  -1.15723e-09  0.0606309
-10.2102  3.14159  0  2.58794e-08  0.0979537
-8.63938  3.14159  0  1.07876e-08  0.115749
-7.06858  3.14159  0  4.76436e-08  0.141512
-5.49779  3.14159  0  -4.9998e-08  0.1819
-3.92699  3.14159  0  3.03965e-08  0.254702
-2.35619  3.14159  0  -3.33759e-07  0.424573
-0.785398  3.14159  0  3.24591e-05  1.25159
0.785398  3.14159  0  -1.94523e-05  -1.25158
2.35619  3.14159  0  -4.89539e-08  -0.424573
3.92699  3.14159  0  -5.30057e-08  -0.254702
5.49779  3.14159  0  6.77718e-09  -0.1819
7.06858  3.14159  0  -7.45642e-08  -0.141512
8.63938  3.14159  0  2.5068e-10  -0.115749
10.2102  3.14159  0  -2.26454e-08  -0.0979537
16.4934  3.14159  0  1.53848e-09  -0.0606309
33.7721  3.14159  0  9.95146e-11  -0.0296104
62.0465  3.14159  0  2.82612e-11  -0.016117
-35.3429  3.14159  3.14159  -0.00316182  0.0279365
-22.7765  3.14159  3.14159  -0.00747995  0.0425913
-16.4934  3.14159  3.14159  -0.0138881  0.0572631
-10.2102  3.14159  3.14159  -0.0332657  0.0849071
-8.63938  3.14159  3.14159  -0.0441314  0.095313
-7.06858  3.14159  3.14159  -0.0606445  0.107143
-5.49779  3.14159  3.14159  -0.0865284  0.118908
-3.92699  3.14159  3.14159  -0.127281  0.124935
-2.35619  3.14159  3.14159  -0.185506  0.109263
-0.785398  3.14159  3.14159  -0.240688  0.0471993
0.785398  3.14159  3.14159  -0.240693  -0.04722
2.35619  3.14159  3.14159  -0.185504  -0.109265
3.92699  3.14159  3.14159  -0.127282  -0.124938
5.49779  3.14159  3.14159  -0.0865288  -0.118907
7.06858  3.14159  3.14159  -0.0606443  -0.107142
8.63938  3.14159  3.14159  -0.0441316  -0.0953127
10.2102  3.14159  3.14159  -0.0332658  -0.0849069
16.4934  3.14159  3.14159  -0.0138881  -0.0572631
33.7721  3.14159  3.14159  -0.0034586  -0.0292007
62.0465  3.14159  3.14159  -0.00103473  -0.0160503
