-16.9714  0  0  -1.12249  -83.6742
-10.9371  0  0  1.80159  -112.389
-7.91998  0  0  -1.19867  -152.594
-5.65713  0  0  3.69822  -149.225
-4.90285  0  0  -10.0681  -181.491
-4.14856  0  0  -13.2189  -174.638
-3.39428  0  0  -10.6601  -189.891
-2.63999  0  0  -16.508  -129.423
-1.88571  0  0  16.5422  -152.824
-1.13143  0  0  8.64066  -100.331
-0.377142  0  0  67.0602  30.6534
0.377142  0  0  61.1207  -35.5036
1.13143  0  0  12.8003  98.2699
1.88571  0  0  22.4356  152.212
2.63999  0  0  -14.0563  131.323
3.39428  0  0  -3.16594  190.457
4.14856  0  0  -7.18972  175.93
4.90285  0  0  -3.34051  181.765
6.41141  0  0  -1.90878  136.946
7.91998  0  0  4.38741  152.401
10.9371  0  0  5.13294  112.032
16.2171  0  0  -0.618794  73.1111
31.3028  0  0  1.06895  51.1559
-16.9714  0  3.14159  -8.17046  -52.3473
-10.9371  0  3.14159  -21.9347  -130.359
-7.91998  0  3.14159  -21.0422  -63.6108
-5.65713  0  3.14159  -43.2182  -360.288
-4.90285  0  3.14159  34.1366  -141.821
-4.14856  0  3.14159  103.61  -233.474
-3.39428  0  3.14159  7.48086  -147.083
-2.63999  0  3.14159  122.807  -746.528
-1.88571  0  3.14159  -156.837  -718.173
-1.13143  0  3.14159  -340.449  -7818.91
-0.377142  0  3.14159  -1097.8  -25870.5
0.377142  0  3.14159  -217.734  26199.6
1.13143  0  3.14159  -12.7173  7677.5
1.88571  0  3.14159  -95.6292  673.844
2.63999  0  3.14159  86.9946  770.647
3.39428  0  3.14159  53.4678  160.872
4.14856  0  3.14159  120.43  250.702
4.90285  0  3.14159  63.0029  154.161
6.41141  0  3.14159  18.2004  326.263
7.91998  0  3.14159  8.41617  60.054
10.9371  0  3.14159  -14.8744  123.538
16.2171  0  3.14159  2.4003  122.271
31.3028  0  3.14159  7.89024  -0.113919
-16.9714  3.14159  0  -8.17046  -52.3473
-10.9371  3.14159  0  -21.9347  -130.359
-7.91998  3.14159  0  -21.0422  -63.6108
-5.65713  3.14159  0  -43.2182  -360.288
-4.90285  3.14159  0  34.1366  -141.821
-4.14856  3.14159  0  103.61  -233.474
-3.39428  3.14159  0  7.48086  -147.083
-2.63999  3.14159  0  122.807  -746.528
-1.88571  3.14159  0  -156.837  -718.173
-1.13143  3.14159  0  -340.449  -7818.91
-0.377142  3.14159  0  -1097.8  -25870.5
0.377142  3.14159  0  -217.734  26199.6
1.13143  3.14159  0  -12.7173  7677.5
1.88571  3.14159  0  -95.6292  673.844
2.63999  3.14159  0  86.9946  770.647
3.39428  3.14159  0  53.4678  160.872
4.14856  3.14159  0  120.43  250.702
4.90285  3.14159  0  63.0029  154.161
6.41141  3.14159  0  18.2004  326.263
7.91998  3.14159  0  8.41617  60.054
10.9371  3.14159  0  -14.8744  123.538
16.2171  3.14159  0  2.4003  122.271
31.3028  3.14159  0  7.89024  -0.113919
-16.9714  3.14159  3.14159  -0.777081  -84.1811
-10.9371  3.14159  3.14159  2.07402  -112.324
-7.91998  3.14159  3.14159  -0.993847  -153.149
-5.65713  3.14159  3.14159  3.89138  -148.525
-4.90285  3.14159  3.14159  -10.3133  -181.848
-4.14856  3.14159  3.14159  -13.419  -175.306
-3.39428  3.14159  3.14159  -11.0128  -190.869
-2.63999  3.14159  3.14159  -17.725  -128.264
-1.88571  3.14159  3.14159  16.8924  -153.845
-1.13143  3.14159  3.14159  9.77791  -100.203
-0.377142  3.14159  3.14159  68.7287  32.8928
0.377142  3.14159  3.14159  63.0308  -38.7128
1.13143  3.14159  3.14159  14.005  99.2654
1.88571  3.14159  3.14159  22.8089  152.43
2.63999  3.14159  3.14159  -14.2106  129.979
3.39428  3.14159  3.14159  -3.38287  191.16
4.14856  3.14159  3.14159  -8.13392  175.882
4.90285  3.14159  3.14159  -3.39291  182.45
6.41141  3.14159  3.14159  -1.90007  136.027
7.91998  3.14159  3.14159  4.32846  153.067
10.9371  3.14159  3.14159  5.21144  112.121
16.2171  3.14159  3.14159  -0.463694  72.686
31.3028  3.14159  3.14159  0.935211  51.5317
