-16.9714  0  0  -8.55049e-05  0.00418644
-10.9371  0  0  -0.000195346  0.00604779
-7.91998  0  0  -0.000337067  0.00753615
-5.65713  0  0  -0.000569771  0.00887549
-4.90285  0  0  -0.00062629  0.00923836
-4.14856  0  0  -0.000794795  0.00941377
-3.39428  0  0  -0.000908965  0.00939417
-2.63999  0  0  -0.00110539  0.00881009
-1.88571  0  0  -0.0013966  0.00744375
-1.13143  0  0  -0.00152059  0.00507028
-0.377142  0  0  -0.00158442  0.00178636
0.377142  0  0  -0.00158637  -0.00178573
1.13143  0  0  -0.00152106  -0.00507009
1.88571  0  0  -0.00139792  -0.00744347
2.63999  0  0  -0.0011056  -0.00881022
3.39428  0  0  -0.000908972  -0.00939405
4.14856  0  0  -0.000794135  -0.0094138
4.90285  0  0  -0.000625932  -0.00923836
6.41141  0  0  -0.000452657  -0.0084426
7.91998  0  0  -0.000336922  -0.00753618
10.9371  0  0  -0.000195281  -0.00604778
16.2171  0  0  -9.07878e-05  -0.00435475
31.3028  0  0  -2.61838e-05  -0.00235782
-16.9714  0  3.14159  1.11358e-09  0.0044105
-10.9371  0  3.14159  4.56055e-12  0.00683265
-7.91998  0  3.14159  -2.98311e-09  0.00944543
-5.65713  0  3.14159  3.64224e-09  0.0132033
-4.90285  0  3.14159  -4.66148e-09  0.0152888
-4.14856  0  3.14159  -3.88987e-09  0.0180345
-3.39428  0  3.14159  2.10237e-08  0.0219137
-2.63999  0  3.14159  -1.89719e-09  0.0281788
-1.88571  0  3.14159  5.44922e-08  0.039172
-1.13143  0  3.14159  1.07355e-07  0.0653086
-0.377142  0  3.14159  8.82311e-07  0.19585
0.377142  0  3.14159  7.01941e-07  -0.195849
1.13143  0  3.14159  7.16832e-08  -0.0653086
1.88571  0  3.14159  3.7905e-09  -0.039172
2.63999  0  3.14159  -8.38827e-09  -0.0281789
3.39428  0  3.14159  1.76597e-08  -0.0219137
4.14856  0  3.14159  1.39847e-08  -0.0180345
4.90285  0  3.14159  6.647e-09  -0.0152888
6.41141  0  3.14159  1.08461e-08  -0.0116661
7.91998  0  3.14159  -2.99964e-10  -0.00944543
10.9371  0  3.14159  -2.79067e-10  -0.00683265
16.2171  0  3.14159  -2.77672e-10  -0.00459844
31.3028  0  3.14159  1.43483e-10  -0.00239891
-16.9714  3.14159  0  1.11358e-09  0.0044105
-10.9371  3.14159  0  4.56055e-12  0.00683265
-7.91998  3.14159  0  -2.98311e-09  0.00944543
-5.65713  3.14159  0  3.64224e-09  0.0132033
-4.90285  3.14159  0  -4.66148e-09  0.0152888
-4.14856  3.14159  0  -3.88987e-09  0.0180345
-3.39428  3.14159  0  2.10237e-08  0.0219137
-2.63999  3.14159  0  -1.89719e-09  0.0281788
-1.88571  3.14159  0  5.44922e-08  0.039172
-1.13143  3.14159  0  1.07355e-07  0.0653086
-0.377142  3.14159  0  8.82311e-07  0.19585
0.377142  3.14159  0  7.01941e-07  -0.195849
1.13143  3.14159  0  7.16832e-08  -0.0653086
1.88571  3.14159  0  3.7905e-09  -0.039172
2.63999  3.14159  0  -8.38827e-09  -0.0281789
3.39428  3.14159  0  1.76597e-08  -0.0219137
4.14856  3.14159  0  1.39847e-08  -0.0180345
4.90285  3.14159  0  6.647e-09  -0.0152888
6.41141  3.14159  0  1.08461e-08  -0.0116661
7.91998  3.14159  0  -2.99964e-10  -0.00944543
10.9371  3.14159  0  -2.79067e-10  -0.00683265
16.2171  3.14159  0  -2.77672e-10  -0.00459844
31.3028  3.14159  0  1.43483e-10  -0.00239891
-16.9714  3.14159  3.14159  8.77938e-05  0.00418644
-10.9371  3.14159  3.14159  0.0001939  0.0060478
-7.91998  3.14159  3.14159  0.000333073  0.00753614
-5.65713  3.14159  3.14159  0.000526655  0.00887551
-4.90285  3.14159  3.14159  0.000686671  0.00923835
-4.14856  3.14159  3.14159  0.000785943  0.00941377
-3.39428  3.14159  3.14159  0.000995846  0.00939418
-2.63999  3.14159  3.14159  0.0011738  0.00881009
-1.88571  3.14159  3.14159  0.00127731  0.00744375
-1.13143  3.14159  3.14159  0.00150284  0.00507028
-0.377142  3.14159  3.14159  0.00165065  0.00178636
0.377142  3.14159  3.14159  0.0016487  -0.00178574
1.13143  3.14159  3.14159  0.00150237  -0.0050701
1.88571  3.14159  3.14159  0.00127599  -0.00744348
2.63999  3.14159  3.14159  0.00117359  -0.00881022
3.39428  3.14159  3.14159  0.000995835  -0.00939406
4.14856  3.14159  3.14159  0.000786599  -0.00941381
4.90285  3.14159  3.14159  0.000687031  -0.00923835
6.41141  3.14159  3.14159  0.00046992  -0.0084426
7.91998  3.14159  3.14159  0.000333221  -0.00753618
10.9371  3.14159  3.14159  0.000193962  -0.00604779
16.2171  3.14159  3.14159  9.81085e-05  -0.00435475
31.3028  3.14159  3.14159  2.65708e-05  -0.00235781
