-16.9714  0  0  -7.88e-06  -3.57401e-05
-10.9371  0  0  -3.74536e-05  -0.000106695
-7.91998  0  0  -0.00010592  -0.000214944
-5.65713  0  0  -0.000270153  -0.000387333
-4.90285  0  0  -0.000379718  -0.000470455
-4.14856  0  0  -0.000538053  -0.000562686
-3.39428  0  0  -0.000761518  -0.000650308
-2.63999  0  0  -0.00105983  -0.00070289
-1.88571  0  0  -0.00141684  -0.000670487
-1.13143  0  0  -0.00176569  -0.00050102
-0.377142  0  0  -0.00199042  -0.000188206
0.377142  0  0  -0.00199042  0.000188202
1.13143  0  0  -0.00176569  0.000501017
1.88571  0  0  -0.00141684  0.000670484
2.63999  0  0  -0.00105983  0.000702888
3.39428  0  0  -0.00076152  0.000650306
4.14856  0  0  -0.000538055  0.000562684
4.90285  0  0  -0.00037972  0.000470454
6.41141  0  0  -0.000194716  0.000317452
7.91998  0  0  -0.000105922  0.000214944
10.9371  0  0  -3.74556e-05  0.000106695
16.2171  0  0  -9.31092e-06  4.02484e-05
31.3028  0  0  -7.75325e-07  6.62254e-06
-16.9714  0  3.14159  3.88908e-10  -3.41725e-05
-10.9371  0  3.14159  5.82922e-10  -9.72104e-05
-7.91998  0  3.14159  7.94978e-10  -0.000188687
-5.65713  0  3.14159  1.13111e-09  -0.000342747
-4.90285  0  3.14159  1.31704e-09  -0.000431515
-4.14856  0  3.14159  1.57076e-09  -0.000557833
-3.39428  0  3.14159  1.93636e-09  -0.000752084
-2.63999  0  3.14159  2.51569e-09  -0.00109348
-1.88571  0  3.14159  3.5518e-09  -0.00186501
-1.13143  0  3.14159  5.92222e-09  -0.0048922
-0.377142  0  3.14159  1.6635e-08  -0.0794948
0.377142  0  3.14159  -2.1352e-08  0.0794948
1.13143  0  3.14159  -6.75671e-09  0.0048922
1.88571  0  3.14159  -4.07625e-09  0.00186501
2.63999  0  3.14159  -2.95672e-09  0.00109348
3.39428  0  3.14159  -2.34736e-09  0.000752084
4.14856  0  3.14159  -1.96529e-09  0.000557834
4.90285  0  3.14159  -1.70963e-09  0.000431515
6.41141  0  3.14159  -1.39916e-09  0.000277289
7.91998  0  3.14159  -1.209e-09  0.000188687
10.9371  0  3.14159  -9.17585e-10  9.72104e-05
16.2171  0  3.14159  -4.93496e-10  3.83329e-05
31.3028  0  3.14159  -6.30001e-11  6.53352e-06
-16.9714  3.14159  0  3.88908e-10  -3.41725e-05
-10.9371  3.14159  0  5.82922e-10  -9.72104e-05
-7.91998  3.14159  0  7.94978e-10  -0.000188687
-5.65713  3.14159  0  1.13111e-09  -0.000342747
-4.90285  3.14159  0  1.31704e-09  -0.000431515
-4.14856  3.14159  0  1.57076e-09  -0.000557833
-3.39428  3.14159  0  1.93636e-09  -0.000752084
-2.63999  3.14159  0  2.51569e-09  -0.00109348
-1.88571  3.14159  0  3.5518e-09  -0.00186501
-1.13143  3.14159  0  5.92222e-09  -0.0048922
-0.377142  3.14159  0  1.6635e-08  -0.0794948
0.377142  3.14159  0  -2.1352e-08  0.0794948
1.13143  3.14159  0  -6.75671e-09  0.0048922
1.88571  3.14159  0  -4.07625e-09  0.00186501
2.63999  3.14159  0  -2.95672e-09  0.00109348
3.39428  3.14159  0  -2.34736e-09  0.000752084
4.14856  3.14159  0  -1.96529e-09  0.000557834
4.90285  3.14159  0  -1.70963e-09  0.000431515
6.41141  3.14159  0  -1.39916e-09  0.000277289
7.91998  3.14159  0  -1.209e-09  0.000188687
10.9371  3.14159  0  -9.17585e-10  9.72104e-05
16.2171  3.14159  0  -4.93496e-10  3.83329e-05
31.3028  3.14159  0  -6.30001e-11  6.53352e-06
-16.9714  3.14159  3.14159  7.8808e-06  -3.574e-05
-10.9371  3.14159  3.14159  3.74548e-05  -0.000106695
-7.91998  3.14159  3.14159  0.000105921  -0.000214943
-5.65713  3.14159  3.14159  0.000270155  -0.000387332
-4.90285  3.14159  3.14159  0.000379719  -0.000470454
-4.14856  3.14159  3.14159  0.000538055  -0.000562684
-3.39428  3.14159  3.14159  0.00076152  -0.000650306
-2.63999  3.14159  3.14159  0.00105983  -0.000702888
-1.88571  3.14159  3.14159  0.00141684  -0.000670485
-1.13143  3.14159  3.14159  0.00176569  -0.000501017
-0.377142  3.14159  3.14159  0.00199042  -0.000188202
0.377142  3.14159  3.14159  0.00199042  0.000188206
1.13143  3.14159  3.14159  0.00176569  0.000501021
1.88571  3.14159  3.14159  0.00141684  0.000670488
2.63999  3.14159  3.14159  0.00105983  0.000702891
3.39428  3.14159  3.14159  0.000761518  0.000650308
4.14856  3.14159  3.14159  0.000538055  0.000562686
4.90285  3.14159  3.14159  0.000379718  0.000470455
6.41141  3.14159  3.14159  0.000194713  0.000317453
7.91998  3.14159  3.14159  0.000105919  0.000214945
10.9371  3.14159  3.14159  3.74539e-05  0.000106695
16.2171  3.14159  3.14159  9.3105e-06  4.02487e-05
31.3028  3.14159  3.14159  7.75368e-07  6.62258e-06
