-16.9714  0  0  0.00204089  0.00113645
-10.9371  0  0  0.00532012  -0.0306187
-7.91998  0  0  0.00918834  -0.039212
-5.65713  0  0  0.0133402  -0.0358417
-4.90285  0  0  -0.00132587  0.0159974
-4.14856  0  0  -0.0014711  -0.0278717
-3.39428  0  0  0.0059824  -0.0799942
-2.63999  0  0  -0.0129776  -0.0127631
-1.88571  0  0  0.00137612  0.0361997
-1.13143  0  0  -0.0114465  -0.0209326
-0.377142  0  0  0.169669  -0.070688
0.377142  0  0  0.162792  0.0761835
1.13143  0  0  -0.0177035  0.016799
1.88571  0  0  0.00344022  -0.0296857
2.63999  0  0  -0.0163526  0.0125533
3.39428  0  0  0.000759205  0.0777446
4.14856  0  0  -0.00405136  0.0301997
4.90285  0  0  0.00583304  -0.0161981
6.41141  0  0  0.0208322  0.0154791
7.91998  0  0  0.00904467  0.0375457
10.9371  0  0  0.00685079  0.0305919
16.2171  0  0  -0.000947619  -0.000747532
31.3028  0  0  -0.000721995  -7.86583e-05
-16.9714  0  3.14159  2.15675e-05  0.0067573
-10.9371  0  3.14159  2.84599e-05  0.00113185
-7.91998  0  3.14159  4.99121e-05  0.00314044
-5.65713  0  3.14159  9.72843e-05  -0.0466894
-4.90285  0  3.14159  8.60719e-06  -0.0116185
-4.14856  0  3.14159  -3.07822e-05  -0.113003
-3.39428  0  3.14159  -1.97296e-05  -0.14893
-2.63999  0  3.14159  -3.45865e-05  0.106041
-1.88571  0  3.14159  0.000154011  -0.0766529
-1.13143  0  3.14159  -0.000111248  -0.448059
-0.377142  0  3.14159  0.00167805  -0.810432
0.377142  0  3.14159  0.00188413  0.81025
1.13143  0  3.14159  -5.95037e-05  0.448044
1.88571  0  3.14159  0.000127691  0.0767053
2.63999  0  3.14159  -8.35922e-05  -0.106023
3.39428  0  3.14159  6.15716e-05  0.148906
4.14856  0  3.14159  -2.85634e-06  0.113026
4.90285  0  3.14159  3.60673e-05  0.0116137
6.41141  0  3.14159  0.000175157  0.0344952
7.91998  0  3.14159  8.93881e-05  -0.00316721
10.9371  0  3.14159  7.40871e-05  -0.00114047
16.2171  0  3.14159  -1.01555e-05  -0.00126924
31.3028  0  3.14159  -7.19841e-06  0.0046895
-16.9714  3.14159  0  2.15675e-05  0.0067573
-10.9371  3.14159  0  2.84599e-05  0.00113185
-7.91998  3.14159  0  4.99121e-05  0.00314044
-5.65713  3.14159  0  9.72843e-05  -0.0466894
-4.90285  3.14159  0  8.60719e-06  -0.0116185
-4.14856  3.14159  0  -3.07822e-05  -0.113003
-3.39428  3.14159  0  -1.97296e-05  -0.14893
-2.63999  3.14159  0  -3.45865e-05  0.106041
-1.88571  3.14159  0  0.000154011  -0.0766529
-1.13143  3.14159  0  -0.000111248  -0.448059
-0.377142  3.14159  0  0.00167805  -0.810432
0.377142  3.14159  0  0.00188413  0.81025
1.13143  3.14159  0  -5.95037e-05  0.448044
1.88571  3.14159  0  0.000127691  0.0767053
2.63999  3.14159  0  -8.35922e-05  -0.106023
3.39428  3.14159  0  6.15716e-05  0.148906
4.14856  3.14159  0  -2.85634e-06  0.113026
4.90285  3.14159  0  3.60673e-05  0.0116137
6.41141  3.14159  0  0.000175157  0.0344952
7.91998  3.14159  0  8.93881e-05  -0.00316721
10.9371  3.14159  0  7.40871e-05  -0.00114047
16.2171  3.14159  0  -1.01555e-05  -0.00126924
31.3028  3.14159  0  -7.19841e-06  0.0046895
-16.9714  3.14159  3.14159  0.00203859  0.00115726
-10.9371  3.14159  3.14159  0.00532188  -0.0306052
-7.91998  3.14159  3.14159  0.00916409  -0.0391858
-5.65713  3.14159  3.14159  0.0133194  -0.035833
-4.90285  3.14159  3.14159  -0.00133141  0.0160771
-4.14856  3.14159  3.14159  -0.00150317  -0.0278957
-3.39428  3.14159  3.14159  0.00597493  -0.080056
-2.63999  3.14159  3.14159  -0.0130214  -0.0128039
-1.88571  3.14159  3.14159  0.00134344  0.0362214
-1.13143  3.14159  3.14159  -0.011605  -0.0209856
-0.377142  3.14159  3.14159  0.16963  -0.0707573
0.377142  3.14159  3.14159  0.162731  0.0762716
1.13143  3.14159  3.14159  -0.0178764  0.0168384
1.88571  3.14159  3.14159  0.00341152  -0.0296894
2.63999  3.14159  3.14159  -0.0164077  0.0125992
3.39428  3.14159  3.14159  0.000734697  0.0778128
4.14856  3.14159  3.14159  -0.00409055  0.0302266
4.90285  3.14159  3.14159  0.00584822  -0.0162712
6.41141  3.14159  3.14159  0.0208246  0.015472
7.91998  3.14159  3.14159  0.00902608  0.037515
10.9371  3.14159  3.14159  0.00685635  0.0305792
16.2171  3.14159  3.14159  -0.000943918  -0.000741455
31.3028  3.14159  3.14159  -0.000721749  -7.55998e-05
