-16.9714  0  0  -5.84098e+14  2.1011e+15
-10.9371  0  0  -9.36454e+14  2.2092e+15
-7.91998  0  0  -3.40671e+14  -2.00791e+15
-5.65713  0  0  -1.4604e+15  2.45634e+14
-4.90285  0  0  -6.26844e+15  1.64407e+16
-4.14856  0  0  5.76536e+15  -7.69524e+15
-3.39428  0  0  3.8539e+15  -1.94196e+16
-2.63999  0  0  9.99738e+14  -4.18289e+14
-1.88571  0  0  4.15777e+15  1.48624e+16
-1.13143  0  0  8.27563e+15  -1.19256e+16
-0.377142  0  0  5.22576e+16  -2.69578e+16
0.377142  0  0  3.19727e+16  4.62519e+16
1.13143  0  0  -2.91484e+15  7.63695e+15
1.88571  0  0  9.42376e+15  -5.01882e+15
2.63999  0  0  -2.65044e+15  -1.30801e+14
3.39428  0  0  -7.35294e+15  1.61458e+16
4.14856  0  0  -4.77546e+13  1.11883e+16
4.90285  0  0  6.93972e+15  -1.66771e+16
6.41141  0  0  -2.82454e+14  6.32707e+15
7.91998  0  0  -6.76215e+14  -8.97304e+13
10.9371  0  0  1.621e+15  -2.18045e+15
16.2171  0  0  4.17668e+14  -1.32931e+15
31.3028  0  0  1.34765e+13  -3.82257e+14
-16.9714  0  3.14159  2.83467e+16  2.89176e+17
-10.9371  0  3.14159  4.54841e+16  3.21314e+17
-7.91998  0  3.14159  -5.25852e+16  -3.22447e+16
-5.65713  0  3.14159  6.11703e+16  3.36354e+17
-4.90285  0  3.14159  1.01577e+17  2.02998e+18
-4.14856  0  3.14159  2.5087e+17  -1.06926e+18
-3.39428  0  3.14159  -3.80273e+17  -2.01569e+18
-2.63999  0  3.14159  -2.65464e+17  1.55406e+17
-1.88571  0  3.14159  1.08975e+18  1.09655e+18
-1.13143  0  3.14159  -1.10888e+17  -1.71578e+18
-0.377142  0  3.14159  5.2476e+18  -4.80069e+18
0.377142  0  3.14159  5.33544e+18  4.87307e+18
1.13143  0  3.14159  1.25866e+17  1.93561e+18
1.88571  0  3.14159  1.06726e+18  -1.36658e+18
2.63999  0  3.14159  -8.78081e+16  -1.55593e+17
3.39428  0  3.14159  -2.35345e+17  2.1134e+18
4.14856  0  3.14159  3.23661e+17  9.66531e+17
4.90285  0  3.14159  -1.37303e+17  -2.0207e+18
6.41141  0  3.14159  8.93178e+16  9.70932e+17
7.91998  0  3.14159  -5.04636e+16  1.15914e+17
10.9371  0  3.14159  -1.29493e+16  -3.18908e+17
16.2171  0  3.14159  7.36608e+14  -1.73594e+17
31.3028  0  3.14159  8.01587e+15  -3.48522e+16
-16.9714  3.14159  0  2.83467e+16  2.89176e+17
-10.9371  3.14159  0  4.54841e+16  3.21314e+17
-7.91998  3.14159  0  -5.25852e+16  -3.22447e+16
-5.65713  3.14159  0  6.11703e+16  3.36354e+17
-4.90285  3.14159  0  1.01577e+17  2.02998e+18
-4.14856  3.14159  0  2.5087e+17  -1.06926e+18
-3.39428  3.14159  0  -3.80273e+17  -2.01569e+18
-2.63999  3.14159  0  -2.65464e+17  1.55406e+17
-1.88571  3.14159  0  1.08975e+18  1.09655e+18
-1.13143  3.14159  0  -1.10888e+17  -1.71578e+18
-0.377142  3.14159  0  5.2476e+18  -4.80069e+18
0.377142  3.14159  0  5.33544e+18  4.87307e+18
1.13143  3.14159  0  1.25866e+17  1.93561e+18
1.88571  3.14159  0  1.06726e+18  -1.36658e+18
2.63999  3.14159  0  -8.78081e+16  -1.55593e+17
3.39428  3.14159  0  -2.35345e+17  2.1134e+18
4.14856  3.14159  0  3.23661e+17  9.66531e+17
4.90285  3.14159  0  -1.37303e+17  -2.0207e+18
6.41141  3.14159  0  8.93178e+16  9.70932e+17
7.91998  3.14159  0  -5.04636e+16  1.15914e+17
10.9371  3.14159  0  -1.29493e+16  -3.18908e+17
16.2171  3.14159  0  7.36608e+14  -1.73594e+17
31.3028  3.14159  0  8.01587e+15  -3.48522e+16
-16.9714  3.14159  3.14159  -6.43953e+14  2.19001e+15
-10.9371  3.14159  3.14159  -1.02483e+15  2.3762e+15
-7.91998  3.14159  3.14159  -5.31987e+14  -2.13554e+15
-5.65713  3.14159  3.14159  -1.54645e+15  5.08273e+14
-4.90285  3.14159  3.14159  -6.73229e+15  1.72778e+16
-4.14856  3.14159  3.14159  6.20556e+15  -7.83563e+15
-3.39428  3.14159  3.14159  3.86137e+15  -2.0187e+16
-2.63999  3.14159  3.14159  1.14724e+15  -8.49038e+14
-1.88571  3.14159  3.14159  4.88536e+15  1.55089e+16
-1.13143  3.14159  3.14159  8.11525e+15  -1.30611e+16
-0.377142  3.14159  3.14159  5.32148e+16  -2.74636e+16
0.377142  3.14159  3.14159  3.20634e+16  4.73631e+16
1.13143  3.14159  3.14159  -3.92035e+15  8.22815e+15
1.88571  3.14159  3.14159  1.0398e+16  -4.84026e+15
2.63999  3.14159  3.14159  -2.89126e+15  2.55034e+14
3.39428  3.14159  3.14159  -7.97809e+15  1.66165e+16
4.14856  3.14159  3.14159  9.806e+13  1.16138e+16
4.90285  3.14159  3.14159  7.33013e+15  -1.7548e+16
6.41141  3.14159  3.14159  -4.77974e+14  6.39034e+15
7.91998  3.14159  3.14159  -8.9595e+14  -1.59214e+14
10.9371  3.14159  3.14159  1.7009e+15  -2.35094e+15
16.2171  3.14159  3.14159  4.54511e+14  -1.35952e+15
31.3028  3.14159  3.14159  6.96845e+12  -3.66905e+14
