-16.9714  0  0  -6.90706e+07  6.02317e+07
-10.9371  0  0  8.00858e+07  -4.78685e+07
-7.91998  0  0  -5.4579e+07  -1.21432e+09
-5.65713  0  0  -1.1929e+09  1.92999e+09
-4.90285  0  0  1.29906e+09  2.12747e+09
-4.14856  0  0  5.29926e+08  3.67069e+08
-3.39428  0  0  4.59739e+07  7.93041e+09
-2.63999  0  0  7.64859e+09  1.38404e+10
-1.88571  0  0  -2.31452e+10  -9.62376e+09
-1.13143  0  0  3.26364e+09  1.10739e+11
-0.377142  0  0  4.83816e+11  -9.05217e+11
0.377142  0  0  -1.21173e+12  -6.45446e+11
1.13143  0  0  9.83978e+10  6.61975e+10
1.88571  0  0  2.63086e+10  -9.43151e+09
2.63999  0  0  -7.51414e+09  -1.1646e+09
3.39428  0  0  5.38785e+09  -1.42952e+09
4.14856  0  0  5.53081e+09  1.73273e+09
4.90285  0  0  2.08318e+09  6.30596e+09
6.41141  0  0  5.72022e+08  -7.11229e+08
7.91998  0  0  -1.19735e+08  5.19498e+08
10.9371  0  0  -3.28862e+08  1.68581e+08
16.2171  0  0  -4.17785e+07  8.84428e+07
31.3028  0  0  -3.89998e+06  -1.26402e+07
-16.9714  0  3.14159  1.69771e+10  7.16597e+09
-10.9371  0  3.14159  -3.1854e+10  -4.69973e+10
-7.91998  0  3.14159  -2.64041e+10  9.38177e+10
-5.65713  0  3.14159  2.93616e+11  2.38703e+11
-4.90285  0  3.14159  3.93119e+11  -4.55558e+11
-4.14856  0  3.14159  2.29971e+11  1.47791e+11
-3.39428  0  3.14159  8.77414e+11  -9.61462e+10
-2.63999  0  3.14159  7.26957e+11  -1.97149e+12
-1.88571  0  3.14159  1.45711e+12  1.01803e+13
-1.13143  0  3.14159  2.7345e+13  6.12077e+12
-0.377142  0  3.14159  -2.94741e+14  -1.38363e+14
0.377142  0  3.14159  -1.28137e+14  3.03315e+14
1.13143  0  3.14159  1.73653e+13  -2.23041e+13
1.88571  0  3.14159  -5.49219e+12  -8.57134e+12
2.63999  0  3.14159  1.65321e+12  8.29573e+11
3.39428  0  3.14159  5.59996e+11  -5.51016e+11
4.14856  0  3.14159  1.62617e+11  -2.51773e+11
4.90285  0  3.14159  6.7549e+11  6.41255e+10
6.41141  0  3.14159  -1.01902e+11  4.15298e+10
7.91998  0  3.14159  -7.41922e+10  -3.30759e+10
10.9371  0  3.14159  6.18649e+09  4.69137e+10
16.2171  0  3.14159  7.11879e+09  7.22173e+09
31.3028  0  3.14159  -3.21271e+09  1.42065e+09
-16.9714  3.14159  0  1.69771e+10  7.16597e+09
-10.9371  3.14159  0  -3.1854e+10  -4.69973e+10
-7.91998  3.14159  0  -2.64041e+10  9.38177e+10
-5.65713  3.14159  0  2.93616e+11  2.38703e+11
-4.90285  3.14159  0  3.93119e+11  -4.55558e+11
-4.14856  3.14159  0  2.29971e+11  1.47791e+11
-3.39428  3.14159  0  8.77414e+11  -9.61462e+10
-2.63999  3.14159  0  7.26957e+11  -1.97149e+12
-1.88571  3.14159  0  1.45711e+12  1.01803e+13
-1.13143  3.14159  0  2.7345e+13  6.12077e+12
-0.377142  3.14159  0  -2.94741e+14  -1.38363e+14
0.377142  3.14159  0  -1.28137e+14  3.03315e+14
1.13143  3.14159  0  1.73653e+13  -2.23041e+13
1.88571  3.14159  0  -5.49219e+12  -8.57134e+12
2.63999  3.14159  0  1.65321e+12  8.29573e+11
3.39428  3.14159  0  5.59996e+11  -5.51016e+11
4.14856  3.14159  0  1.62617e+11  -2.51773e+11
4.90285  3.14159  0  6.7549e+11  6.41255e+10
6.41141  3.14159  0  -1.01902e+11  4.15298e+10
7.91998  3.14159  0  -7.41922e+10  -3.30759e+10
10.9371  3.14159  0  6.18649e+09  4.69137e+10
16.2171  3.14159  0  7.11879e+09  7.22173e+09
31.3028  3.14159  0  -3.21271e+09  1.42065e+09
-16.9714  3.14159  3.14159  4.67028e+07  -6.43835e+07
-10.9371  3.14159  3.14159  -7.06792e+07  5.40827e+07
-7.91998  3.14159  3.14159  7.62202e+07  1.22243e+09
-5.65713  3.14159  3.14159  1.0479e+09  -2.05386e+09
-4.90285  3.14159  3.14159  -1.41359e+09  -1.8399e+09
-4.14856  3.14159  3.14159  -8.4695e+08  -5.54375e+08
-3.39428  3.14159  3.14159  -1.28363e+08  -8.42242e+09
-2.63999  3.14159  3.14159  -8.77636e+09  -1.41568e+10
-1.88571  3.14159  3.14159  2.60459e+10  7.60156e+09
-1.13143  3.14159  3.14159  -1.90997e+09  -1.16421e+11
-0.377142  3.14159  3.14159  -4.70781e+11  1.0129e+12
0.377142  3.14159  3.14159  1.32242e+12  6.44754e+11
1.13143  3.14159  3.14159  -1.02051e+11  -6.46097e+10
1.88571  3.14159  3.14159  -2.74678e+10  1.27957e+10
2.63999  3.14159  3.14159  7.22064e+09  1.94821e+08
3.39428  3.14159  3.14159  -5.63059e+09  1.25217e+09
4.14856  3.14159  3.14159  -5.77774e+09  -1.54809e+09
4.90285  3.14159  3.14159  -1.9173e+09  -6.70224e+09
6.41141  3.14159  3.14159  -4.6266e+08  6.4762e+08
7.91998  3.14159  3.14159  1.04845e+08  -4.6545e+08
10.9371  3.14159  3.14159  3.75311e+08  -1.75481e+08
16.2171  3.14159  3.14159  5.18027e+07  -9.88393e+07
31.3028  3.14159  3.14159  3.14946e+06  1.25031e+07
