-16.9714  0  0  -8.73554e+07  -3.8756e+08
-10.9371  0  0  -3.11026e+08  1.02687e+09
-7.91998  0  0  1.25303e+08  8.30225e+08
-5.65713  0  0  1.93908e+08  -6.2728e+08
-4.90285  0  0  -5.94654e+07  4.17909e+08
-4.14856  0  0  -2.90853e+08  -1.17109e+09
-3.39428  0  0  -3.09345e+08  -1.70762e+09
-2.63999  0  0  1.3301e+09  6.44719e+08
-1.88571  0  0  9.28048e+08  7.82407e+08
-1.13143  0  0  -5.12902e+08  1.7897e+08
-0.377142  0  0  -2.70088e+08  6.22065e+08
0.377142  0  0  -3.62569e+08  -9.05577e+08
1.13143  0  0  -5.99854e+08  -4.05764e+08
1.88571  0  0  8.30746e+08  -8.3098e+08
2.63999  0  0  1.28562e+09  -8.70083e+08
3.39428  0  0  -1.9747e+08  1.723e+09
4.14856  0  0  -2.68333e+08  1.21568e+09
4.90285  0  0  -1.61026e+08  -3.97357e+08
6.41141  0  0  -4.32212e+08  -1.2652e+09
7.91998  0  0  1.41296e+07  -8.39317e+08
10.9371  0  0  -4.21103e+08  -9.76284e+08
16.2171  0  0  -2.10185e+08  -7.50584e+08
31.3028  0  0  -1.21207e+07  -1.15959e+06
-16.9714  0  3.14159  3.24785e+09  1.36248e+10
-10.9371  0  3.14159  -2.38899e+10  -4.40945e+10
-7.91998  0  3.14159  -1.47476e+10  -3.99072e+10
-5.65713  0  3.14159  -1.63667e+10  -6.91824e+09
-4.90285  0  3.14159  8.42586e+09  3.37494e+10
-4.14856  0  3.14159  1.61843e+10  -1.78234e+10
-3.39428  0  3.14159  -4.25565e+10  -1.74295e+10
-2.63999  0  3.14159  3.18145e+10  -4.51759e+09
-1.88571  0  3.14159  -6.39178e+08  -3.71433e+10
-1.13143  0  3.14159  6.0992e+10  -6.11911e+10
-0.377142  0  3.14159  1.12403e+11  -6.92189e+10
0.377142  0  3.14159  1.32703e+11  6.8505e+09
1.13143  0  3.14159  8.27776e+10  2.40678e+10
1.88571  0  3.14159  1.86039e+10  3.38665e+10
2.63999  0  3.14159  3.17765e+10  -1.0106e+10
3.39428  0  3.14159  -3.13224e+10  3.57907e+10
4.14856  0  3.14159  2.10803e+10  8.0541e+09
4.90285  0  3.14159  -7.98111e+09  -3.38626e+10
6.41141  0  3.14159  -1.26547e+10  -2.23272e+10
7.91998  0  3.14159  7.11686e+09  4.19236e+10
10.9371  0  3.14159  1.04772e+09  4.93934e+10
16.2171  0  3.14159  -2.85977e+09  -4.38993e+09
31.3028  0  3.14159  7.95169e+08  8.08088e+08
-16.9714  3.14159  0  3.24785e+09  1.36248e+10
-10.9371  3.14159  0  -2.38899e+10  -4.40945e+10
-7.91998  3.14159  0  -1.47476e+10  -3.99072e+10
-5.65713  3.14159  0  -1.63667e+10  -6.91824e+09
-4.90285  3.14159  0  8.42586e+09  3.37494e+10
-4.14856  3.14159  0  1.61843e+10  -1.78234e+10
-3.39428  3.14159  0  -4.25565e+10  -1.74295e+10
-2.63999  3.14159  0  3.18145e+10  -4.51759e+09
-1.88571  3.14159  0  -6.39178e+08  -3.71433e+10
-1.13143  3.14159  0  6.0992e+10  -6.11911e+10
-0.377142  3.14159  0  1.12403e+11  -6.92189e+10
0.377142  3.14159  0  1.32703e+11  6.8505e+09
1.13143  3.14159  0  8.27776e+10  2.40678e+10
1.88571  3.14159  0  1.86039e+10  3.38665e+10
2.63999  3.14159  0  3.17765e+10  -1.0106e+10
3.39428  3.14159  0  -3.13224e+10  3.57907e+10
4.14856  3.14159  0  2.10803e+10  8.0541e+09
4.90285  3.14159  0  -7.98111e+09  -3.38626e+10
6.41141  3.14159  0  -1.26547e+10  -2.23272e+10
7.91998  3.14159  0  7.11686e+09  4.19236e+10
10.9371  3.14159  0  1.04772e+09  4.93934e+10
16.2171  3.14159  0  -2.85977e+09  -4.38993e+09
31.3028  3.14159  0  7.95169e+08  8.08088e+08
-16.9714  3.14159  3.14159  6.71784e+07  4.21811e+08
-10.9371  3.14159  3.14159  3.78137e+07  -1.52467e+09
-7.91998  3.14159  3.14159  -1.57018e+08  -1.00771e+09
-5.65713  3.14159  3.14159  -3.49955e+08  6.36535e+08
-4.90285  3.14159  3.14159  1.21718e+08  4.40013e+08
-4.14856  3.14159  3.14159  6.17147e+08  1.8874e+09
-3.39428  3.14159  3.14159  4.08135e+07  2.13935e+09
-2.63999  3.14159  3.14159  -5.45109e+08  -9.30293e+08
-1.88571  3.14159  3.14159  -1.08764e+09  -9.98521e+08
-1.13143  3.14159  3.14159  3.73344e+09  -1.1199e+09
-0.377142  3.14159  3.14159  4.48513e+09  -2.00484e+09
0.377142  3.14159  3.14159  4.77384e+09  9.54733e+08
1.13143  3.14159  3.14159  3.88364e+09  2.74574e+08
1.88571  3.14159  3.14159  -9.15092e+08  1.16168e+09
2.63999  3.14159  3.14159  -3.94095e+08  9.08957e+08
3.39428  3.14159  3.14159  -3.41691e+08  -2.0996e+09
4.14856  3.14159  3.14159  2.58985e+08  -1.94476e+09
4.90285  3.14159  3.14159  5.34389e+06  -4.30107e+08
6.41141  3.14159  3.14159  4.41639e+08  1.31299e+09
7.91998  3.14159  3.14159  -2.90043e+07  1.01755e+09
10.9371  3.14159  3.14159  2.56263e+08  1.52164e+09
16.2171  3.14159  3.14159  1.26949e+08  4.90672e+08
31.3028  3.14159  3.14159  1.4539e+07  -8.05873e+07
