-16.9714  0  0  -8.62381e+13  1.75849e+14
-10.9371  0  0  -2.82301e+14  5.13489e+14
-7.91998  0  0  -1.03173e+14  -6.08796e+13
-5.65713  0  0  3.08662e+14  -9.15805e+14
-4.90285  0  0  2.82892e+14  -6.13488e+14
-4.14856  0  0  3.01876e+14  -1.47501e+14
-3.39428  0  0  -6.60355e+14  4.77072e+14
-2.63999  0  0  4.90162e+14  -1.75857e+15
-1.88571  0  0  -1.39441e+15  -3.512e+14
-1.13143  0  0  5.75218e+15  -5.92034e+15
-0.377142  0  0  -1.06786e+15  7.75285e+15
0.377142  0  0  4.41208e+15  -6.28226e+15
1.13143  0  0  1.45599e+14  8.31284e+15
1.88571  0  0  -1.1952e+15  -7.38268e+14
2.63999  0  0  -8.56366e+14  1.66471e+15
3.39428  0  0  -1.62209e+14  -8.58263e+14
4.14856  0  0  1.50298e+14  2.92592e+14
4.90285  0  0  -1.85753e+14  6.43737e+14
6.41141  0  0  2.37916e+14  -4.86543e+14
7.91998  0  0  -7.21429e+13  -2.15276e+13
10.9371  0  0  8.55375e+13  -5.78833e+14
16.2171  0  0  7.83499e+13  -2.25523e+14
31.3028  0  0  -3.02337e+13  6.58579e+13
-16.9714  0  3.14159  -1.34539e+15  8.78725e+15
-10.9371  0  3.14159  -5.48242e+15  1.90562e+16
-7.91998  0  3.14159  -6.10175e+15  4.57952e+15
-5.65713  0  3.14159  2.32392e+15  -5.86879e+16
-4.90285  0  3.14159  4.38753e+15  -3.722e+16
-4.14856  0  3.14159  5.67978e+15  -4.46072e+15
-3.39428  0  3.14159  -3.52457e+16  2.68021e+16
-2.63999  0  3.14159  1.24762e+16  -9.60557e+16
-1.88571  0  3.14159  -8.62852e+16  1.86727e+16
-1.13143  0  3.14159  2.07474e+17  -3.92685e+17
-0.377142  0  3.14159  7.24087e+16  4.01271e+17
0.377142  0  3.14159  1.47614e+17  -3.82121e+17
1.13143  0  3.14159  1.29702e+17  4.25046e+17
1.88571  0  3.14159  -8.25269e+16  -3.40591e+16
2.63999  0  3.14159  -5.68784e+15  9.54998e+16
3.39428  0  3.14159  -2.92812e+16  -3.2357e+16
4.14856  0  3.14159  4.58693e+15  5.79283e+15
4.90285  0  3.14159  -2.38835e+15  3.73626e+16
6.41141  0  3.14159  4.82993e+15  -2.20152e+16
7.91998  0  3.14159  -5.48583e+15  -5.81974e+15
10.9371  0  3.14159  -9.47228e+14  -1.9691e+16
16.2171  0  3.14159  9.73679e+14  -1.35792e+16
31.3028  0  3.14159  -5.21703e+14  3.36106e+15
-16.9714  3.14159  0  -1.34539e+15  8.78725e+15
-10.9371  3.14159  0  -5.48242e+15  1.90562e+16
-7.91998  3.14159  0  -6.10175e+15  4.57952e+15
-5.65713  3.14159  0  2.32392e+15  -5.86879e+16
-4.90285  3.14159  0  4.38753e+15  -3.722e+16
-4.14856  3.14159  0  5.67978e+15  -4.46072e+15
-3.39428  3.14159  0  -3.52457e+16  2.68021e+16
-2.63999  3.14159  0  1.24762e+16  -9.60557e+16
-1.88571  3.14159  0  -8.62852e+16  1.86727e+16
-1.13143  3.14159  0  2.07474e+17  -3.92685e+17
-0.377142  3.14159  0  7.24087e+16  4.01271e+17
0.377142  3.14159  0  1.47614e+17  -3.82121e+17
1.13143  3.14159  0  1.29702e+17  4.25046e+17
1.88571  3.14159  0  -8.25269e+16  -3.40591e+16
2.63999  3.14159  0  -5.68784e+15  9.54998e+16
3.39428  3.14159  0  -2.92812e+16  -3.2357e+16
4.14856  3.14159  0  4.58693e+15  5.79283e+15
4.90285  3.14159  0  -2.38835e+15  3.73626e+16
6.41141  3.14159  0  4.82993e+15  -2.20152e+16
7.91998  3.14159  0  -5.48583e+15  -5.81974e+15
10.9371  3.14159  0  -9.47228e+14  -1.9691e+16
16.2171  3.14159  0  9.73679e+14  -1.35792e+16
31.3028  3.14159  0  -5.21703e+14  3.36106e+15
-16.9714  3.14159  3.14159  -8.2937e+13  1.74894e+14
-10.9371  3.14159  3.14159  -2.69395e+14  5.19951e+14
-7.91998  3.14159  3.14159  -1.04994e+14  -6.45106e+13
-5.65713  3.14159  3.14159  2.93717e+14  -9.11053e+14
-4.90285  3.14159  3.14159  2.72778e+14  -6.13917e+14
-4.14856  3.14159  3.14159  2.98649e+14  -1.44623e+14
-3.39428  3.14159  3.14159  -6.39816e+14  4.79624e+14
-2.63999  3.14159  3.14159  4.57047e+14  -1.74317e+15
-1.88571  3.14159  3.14159  -1.38565e+15  -3.42936e+14
-1.13143  3.14159  3.14159  5.62263e+15  -5.95283e+15
-0.377142  3.14159  3.14159  -9.93561e+14  7.71852e+15
0.377142  3.14159  3.14159  4.26051e+15  -6.28657e+15
1.13143  3.14159  3.14159  2.42521e+14  8.24844e+15
1.88571  3.14159  3.14159  -1.18236e+15  -7.08735e+14
2.63999  3.14159  3.14159  -8.35761e+14  1.66404e+15
3.39428  3.14159  3.14159  -1.65214e+14  -8.51864e+14
4.14856  3.14159  3.14159  1.52748e+14  2.80504e+14
4.90285  3.14159  3.14159  -1.78915e+14  6.43184e+14
6.41141  3.14159  3.14159  2.29768e+14  -4.89341e+14
7.91998  3.14159  3.14159  -7.09653e+13  -1.36828e+13
10.9371  3.14159  3.14159  7.5464e+13  -5.82623e+14
16.2171  3.14159  3.14159  7.6065e+13  -2.21971e+14
31.3028  3.14159  3.14159  -2.91797e+13  6.50914e+13
