-54.6637  0  0  -3.90906e-07  -1.0041e-05
-27.0177  0  0  -6.05554e-06  -7.69975e-05
-13.1947  0  0  -8.2361e-05  -0.000507333
-10.6814  0  0  -0.000166712  -0.000825513
-8.16814  0  0  -0.0003835  -0.001437
-6.9115  0  0  -0.000617893  -0.0019479
-5.65487  0  0  -0.00104396  -0.00268202
-4.39823  0  0  -0.00185617  -0.00371702
-3.14159  0  0  -0.00346102  -0.00504457
-1.88496  0  0  -0.00660668  -0.0061605
-0.628319  0  0  -0.012034  -0.00478783
0.628319  0  0  -0.0120341  0.00478752
1.88496  0  0  -0.00660683  0.00616036
3.14159  0  0  -0.00346111  0.00504452
4.39823  0  0  -0.00185622  0.003717
5.65487  0  0  -0.00104399  0.00268201
6.9115  0  0  -0.00061791  0.00194789
8.16814  0  0  -0.000383512  0.00143699
10.6814  0  0  -0.000166718  0.000825512
15.708  0  0  -4.48311e-05  0.000330087
33.3009  0  0  -2.71473e-06  4.25377e-05
-54.6637  0  3.14159  -1.26753e-09  -1.00551e-05
-27.0177  0  3.14159  -1.96608e-08  -7.74548e-05
-13.1947  0  3.14159  -2.45877e-07  -0.000519688
-10.6814  0  3.14159  -4.73119e-07  -0.000856042
-8.16814  0  3.14159  -1.00643e-06  -0.00152821
-6.9115  0  3.14159  -1.54196e-06  -0.00212211
-5.65487  0  3.14159  -2.46888e-06  -0.00304545
-4.39823  0  3.14159  -4.18447e-06  -0.00456117
-3.14159  0  3.14159  -7.73561e-06  -0.00726421
-1.88496  0  3.14159  -1.65177e-05  -0.0128109
-0.628319  0  3.14159  -4.98305e-05  -0.0277545
0.628319  0  3.14159  -5.14982e-05  0.0277548
1.88496  0  3.14159  -1.67601e-05  0.012811
3.14159  0  3.14159  -7.83731e-06  0.00726422
4.39823  0  3.14159  -4.23888e-06  0.00456118
5.65487  0  3.14159  -2.49888e-06  0.00304546
6.9115  0  3.14159  -1.56069e-06  0.00212211
8.16814  0  3.14159  -1.01811e-06  0.00152821
10.6814  0  3.14159  -4.77919e-07  0.000856042
15.708  0  3.14159  -1.39746e-07  0.000335796
33.3009  0  3.14159  -9.12296e-09  4.27039e-05
-54.6637  3.14159  0  -1.26753e-09  -1.00551e-05
-27.0177  3.14159  0  -1.96608e-08  -7.74548e-05
-13.1947  3.14159  0  -2.45877e-07  -0.000519688
-10.6814  3.14159  0  -4.73119e-07  -0.000856042
-8.16814  3.14159  0  -1.00643e-06  -0.00152821
-6.9115  3.14159  0  -1.54196e-06  -0.00212211
-5.65487  3.14159  0  -2.46888e-06  -0.00304545
-4.39823  3.14159  0  -4.18447e-06  -0.00456117
-3.14159  3.14159  0  -7.73561e-06  -0.00726421
-1.88496  3.14159  0  -1.65177e-05  -0.0128109
-0.628319  3.14159  0  -4.98305e-05  -0.0277545
0.628319  3.14159  0  -5.14982e-05  0.0277548
1.88496  3.14159  0  -1.67601e-05  0.012811
3.14159  3.14159  0  -7.83731e-06  0.00726422
4.39823  3.14159  0  -4.23888e-06  0.00456118
5.65487  3.14159  0  -2.49888e-06  0.00304546
6.9115  3.14159  0  -1.56069e-06  0.00212211
8.16814  3.14159  0  -1.01811e-06  0.00152821
10.6814  3.14159  0  -4.77919e-07  0.000856042
15.708  3.14159  0  -1.39746e-07  0.000335796
33.3009  3.14159  0  -9.12296e-09  4.27039e-05
-54.6637  3.14159  3.14159  3.88146e-07  -1.00392e-05
-27.0177  3.14159  3.14159  6.01424e-06  -7.69854e-05
-13.1947  3.14159  3.14159  8.18631e-05  -0.000507309
-10.6814  3.14159  3.14159  0.000165766  -0.000825534
-8.16814  3.14159  3.14159  0.000381541  -0.00143724
-6.9115  3.14159  3.14159  0.00061498  -0.00194847
-5.65487  3.14159  3.14159  0.00103957  -0.00268334
-4.39823  3.14159  3.14159  0.00184958  -0.00372002
-3.14159  3.14159  3.14159  0.00345178  -0.00505131
-1.88496  3.14159  3.14159  0.00659711  -0.00617449
-0.628319  3.14159  3.14159  0.0120366  -0.00480799
0.628319  3.14159  3.14159  0.0120365  0.00480832
1.88496  3.14159  3.14159  0.00659698  0.00617466
3.14159  3.14159  3.14159  0.0034517  0.00505139
4.39823  3.14159  3.14159  0.00184953  0.00372006
5.65487  3.14159  3.14159  0.00103954  0.00268335
6.9115  3.14159  3.14159  0.000614961  0.00194848
8.16814  3.14159  3.14159  0.000381529  0.00143725
10.6814  3.14159  3.14159  0.000165761  0.000825536
15.708  3.14159  3.14159  4.45456e-05  0.000330057
33.3009  3.14159  3.14159  2.69604e-06  4.25305e-05
