-54.6637  0  0  5.65156e-05  -0.00398374
-27.0177  0  0  0.00024501  -0.00807251
-13.1947  0  0  0.00114185  -0.0164375
-10.6814  0  0  0.00177038  -0.0201056
-8.16814  0  0  0.00297439  -0.0256008
-6.9115  0  0  0.00398617  -0.029401
-5.65487  0  0  0.00546025  -0.0341391
-4.39823  0  0  0.00761809  -0.0398339
-3.14159  0  0  0.0107273  -0.0456723
-1.88496  0  0  0.0149205  -0.0475308
-0.628319  0  0  0.0193985  -0.030775
0.628319  0  0  0.0193985  0.030775
1.88496  0  0  0.0149205  0.0475308
3.14159  0  0  0.0107273  0.0456723
4.39823  0  0  0.00761807  0.0398339
5.65487  0  0  0.00546024  0.0341391
6.9115  0  0  0.00398616  0.029401
8.16814  0  0  0.00297438  0.0256008
10.6814  0  0  0.00177037  0.0201056
15.708  0  0  0.000786609  0.0138604
33.3009  0  0  0.000157543  0.00654614
-54.6637  0  3.14159  1.07165e-07  -0.00398552
-27.0177  0  3.14159  4.10195e-07  -0.00808798
-13.1947  0  3.14159  1.38177e-06  -0.0165689
-10.6814  0  3.14159  1.86148e-06  -0.020336
-8.16814  0  3.14159  2.57194e-06  -0.0260375
-6.9115  0  3.14159  3.04406e-06  -0.0300307
-5.65487  0  3.14159  3.60857e-06  -0.0351108
-4.39823  0  3.14159  4.25548e-06  -0.041567
-3.14159  0  3.14159  4.8941e-06  -0.0496401
-1.88496  0  3.14159  4.89699e-06  -0.0592294
-0.628319  0  3.14159  1.79569e-07  -0.0658912
0.628319  0  3.14159  1.90103e-08  0.0658912
1.88496  0  3.14159  4.85123e-06  0.0592294
3.14159  0  3.14159  4.86925e-06  0.0496401
4.39823  0  3.14159  4.23847e-06  0.041567
5.65487  0  3.14159  3.59604e-06  0.0351108
6.9115  0  3.14159  3.03463e-06  0.0300307
8.16814  0  3.14159  2.56436e-06  0.0260375
10.6814  0  3.14159  1.85547e-06  0.020336
15.708  0  3.14159  1.04845e-06  0.0139405
33.3009  0  3.14159  2.73299e-07  0.00655426
-54.6637  3.14159  0  1.07165e-07  -0.00398552
-27.0177  3.14159  0  4.10195e-07  -0.00808798
-13.1947  3.14159  0  1.38177e-06  -0.0165689
-10.6814  3.14159  0  1.86148e-06  -0.020336
-8.16814  3.14159  0  2.57194e-06  -0.0260375
-6.9115  3.14159  0  3.04406e-06  -0.0300307
-5.65487  3.14159  0  3.60857e-06  -0.0351108
-4.39823  3.14159  0  4.25548e-06  -0.041567
-3.14159  3.14159  0  4.8941e-06  -0.0496401
-1.88496  3.14159  0  4.89699e-06  -0.0592294
-0.628319  3.14159  0  1.79569e-07  -0.0658912
0.628319  3.14159  0  1.90103e-08  0.0658912
1.88496  3.14159  0  4.85123e-06  0.0592294
3.14159  3.14159  0  4.86925e-06  0.0496401
4.39823  3.14159  0  4.23847e-06  0.041567
5.65487  3.14159  0  3.59604e-06  0.0351108
6.9115  3.14159  0  3.03463e-06  0.0300307
8.16814  3.14159  0  2.56436e-06  0.0260375
10.6814  3.14159  0  1.85547e-06  0.020336
15.708  3.14159  0  1.04845e-06  0.0139405
33.3009  3.14159  0  2.73299e-07  0.00655426
-54.6637  3.14159  3.14159  -5.63021e-05  -0.00398376
-27.0177  3.14159  3.14159  -0.000244195  -0.00807262
-13.1947  3.14159  3.14159  -0.00113917  -0.0164382
-10.6814  3.14159  3.14159  -0.00176683  -0.0201067
-8.16814  3.14159  3.14159  -0.00296969  -0.0256025
-6.9115  3.14159  3.14159  -0.00398087  -0.0294034
-5.65487  3.14159  3.14159  -0.00545454  -0.0341422
-4.39823  3.14159  3.14159  -0.00761258  -0.0398379
-3.14159  3.14159  3.14159  -0.0107236  -0.0456772
-1.88496  3.14159  3.14159  -0.0149214  -0.0475361
-0.628319  3.14159  3.14159  -0.0194058  -0.0307783
0.628319  3.14159  3.14159  -0.0194058  0.0307783
1.88496  3.14159  3.14159  -0.0149214  0.0475361
3.14159  3.14159  3.14159  -0.0107236  0.0456772
4.39823  3.14159  3.14159  -0.0076126  0.0398379
5.65487  3.14159  3.14159  -0.00545455  0.0341422
6.9115  3.14159  3.14159  -0.00398088  0.0294034
8.16814  3.14159  3.14159  -0.00296969  0.0256026
10.6814  3.14159  3.14159  -0.00176683  0.0201067
15.708  3.14159  3.14159  -0.00078455  0.0138609
33.3009  3.14159  3.14159  -0.000156996  0.00654621
