-54.6637  0  0  3.99918e-06  -0.00156345
-27.0177  0  0  1.28741e-05  -0.00300277
-13.1947  0  0  2.78475e-05  -0.00515672
-10.6814  0  0  3.72701e-05  -0.00579313
-8.16814  0  0  7.11894e-05  -0.00647966
-6.9115  0  0  0.000118787  -0.0068075
-5.65487  0  0  0.000218943  -0.0070863
-4.39823  0  0  0.000426718  -0.00726831
-3.14159  0  0  0.000838732  -0.00727372
-1.88496  0  0  0.00157493  -0.00684068
-0.628319  0  0  0.00256344  -0.00450159
0.628319  0  0  0.00256343  0.00450159
1.88496  0  0  0.00157491  0.00684062
3.14159  0  0  0.000838725  0.00727371
4.39823  0  0  0.000426698  0.00726832
5.65487  0  0  0.000218932  0.0070863
6.9115  0  0  0.000118741  0.0068075
8.16814  0  0  7.11858e-05  0.00647966
10.6814  0  0  3.72407e-05  0.00579312
15.708  0  0  2.35976e-05  0.0046056
33.3009  0  0  9.41509e-06  0.00249258
-54.6637  0  3.14159  -3.05158e-08  -0.00156422
-27.0177  0  3.14159  -1.08053e-07  -0.0030096
-13.1947  0  3.14159  -3.48803e-07  -0.00522495
-10.6814  0  3.14159  -4.81345e-07  -0.00592624
-8.16814  0  3.14159  -6.62988e-07  -0.00677706
-6.9115  0  3.14159  -8.39218e-07  -0.00727561
-5.65487  0  3.14159  -1.02688e-06  -0.0078463
-4.39823  0  3.14159  -1.25243e-06  -0.00852652
-3.14159  0  3.14159  -1.75181e-06  -0.00937432
-1.88496  0  3.14159  -2.59846e-06  -0.010439
-0.628319  0  3.14159  -3.87236e-06  -0.0115277
0.628319  0  3.14159  -3.90972e-06  0.0115279
1.88496  0  3.14159  -2.71178e-06  0.010439
3.14159  0  3.14159  -1.76986e-06  0.00937432
4.39823  0  3.14159  -1.31412e-06  0.00852653
5.65487  0  3.14159  -1.06112e-06  0.0078463
6.9115  0  3.14159  -8.33995e-07  0.00727561
8.16814  0  3.14159  -7.17128e-07  0.00677706
10.6814  0  3.14159  -4.96199e-07  0.00592624
15.708  0  3.14159  -2.82348e-07  0.00464452
33.3009  0  3.14159  -7.71494e-08  0.00249613
-54.6637  3.14159  0  -3.05158e-08  -0.00156422
-27.0177  3.14159  0  -1.08053e-07  -0.0030096
-13.1947  3.14159  0  -3.48803e-07  -0.00522495
-10.6814  3.14159  0  -4.81345e-07  -0.00592624
-8.16814  3.14159  0  -6.62988e-07  -0.00677706
-6.9115  3.14159  0  -8.39218e-07  -0.00727561
-5.65487  3.14159  0  -1.02688e-06  -0.0078463
-4.39823  3.14159  0  -1.25243e-06  -0.00852652
-3.14159  3.14159  0  -1.75181e-06  -0.00937432
-1.88496  3.14159  0  -2.59846e-06  -0.010439
-0.628319  3.14159  0  -3.87236e-06  -0.0115277
0.628319  3.14159  0  -3.90972e-06  0.0115279
1.88496  3.14159  0  -2.71178e-06  0.010439
3.14159  3.14159  0  -1.76986e-06  0.00937432
4.39823  3.14159  0  -1.31412e-06  0.00852653
5.65487  3.14159  0  -1.06112e-06  0.0078463
6.9115  3.14159  0  -8.33995e-07  0.00727561
8.16814  3.14159  0  -7.17128e-07  0.00677706
10.6814  3.14159  0  -4.96199e-07  0.00592624
15.708  3.14159  0  -2.82348e-07  0.00464452
33.3009  3.14159  0  -7.71494e-08  0.00249613
-54.6637  3.14159  3.14159  -4.05615e-06  -0.00156345
-27.0177  3.14159  3.14159  -1.30856e-05  -0.00300277
-13.1947  3.14159  3.14159  -2.85554e-05  -0.00515672
-10.6814  3.14159  3.14159  -3.8162e-05  -0.00579312
-8.16814  3.14159  3.14159  -7.2438e-05  -0.00647965
-6.9115  3.14159  3.14159  -0.000120173  -0.00680747
-5.65487  3.14159  3.14159  -0.000220535  -0.00708623
-4.39823  3.14159  3.14159  -0.000428398  -0.00726817
-3.14159  3.14159  3.14159  -0.000840827  -0.00727345
-1.88496  3.14159  3.14159  -0.00157741  -0.00684022
-0.628319  3.14159  3.14159  -0.00256496  -0.0045011
0.628319  3.14159  3.14159  -0.00256497  0.0045011
1.88496  3.14159  3.14159  -0.00157743  0.00684017
3.14159  3.14159  3.14159  -0.000840834  0.00727343
4.39823  3.14159  3.14159  -0.000428418  0.00726818
5.65487  3.14159  3.14159  -0.000220546  0.00708623
6.9115  3.14159  3.14159  -0.000120218  0.00680747
8.16814  3.14159  3.14159  -7.24416e-05  0.00647964
10.6814  3.14159  3.14159  -3.81913e-05  0.00579312
15.708  3.14159  3.14159  -2.41662e-05  0.0046056
33.3009  3.14159  3.14159  -9.55878e-06  0.00249258
