-54.6637  0  0  4.07414e-06  -0.00156645
-27.0177  0  0  1.31436e-05  -0.00300866
-13.1947  0  0  2.90557e-05  -0.00516792
-10.6814  0  0  3.91128e-05  -0.00580604
-8.16814  0  0  7.42997e-05  -0.00649492
-6.9115  0  0  0.000122903  -0.006824
-5.65487  0  0  0.000224531  -0.007104
-4.39823  0  0  0.000434295  -0.00728644
-3.14159  0  0  0.000849034  -0.00729135
-1.88496  0  0  0.00158793  -0.00685541
-0.628319  0  0  0.00257733  -0.00450992
0.628319  0  0  0.00257709  0.0045099
1.88496  0  0  0.00158756  0.00685538
3.14159  0  0  0.000848624  0.00729132
4.39823  0  0  0.000433893  0.00728642
5.65487  0  0  0.000224158  0.00710399
6.9115  0  0  0.000122563  0.00682398
8.16814  0  0  7.39916e-05  0.00649492
10.6814  0  0  3.8858e-05  0.00580603
15.708  0  0  2.42607e-05  0.00461525
33.3009  0  0  9.5045e-06  0.00249743
-54.6637  0  3.14159  4.65981e-08  -0.00156725
-27.0177  0  3.14159  1.64111e-07  -0.00301561
-13.1947  0  3.14159  8.75197e-07  -0.00523666
-10.6814  0  3.14159  1.44076e-06  -0.00594038
-8.16814  0  3.14159  2.58706e-06  -0.00679458
-6.9115  0  3.14159  3.59356e-06  -0.00729565
-5.65487  0  3.14159  5.12905e-06  -0.00786927
-4.39823  0  3.14159  7.57431e-06  -0.00855352
-3.14159  0  3.14159  1.17484e-05  -0.00940693
-1.88496  0  3.14159  1.95761e-05  -0.0104781
-0.628319  0  3.14159  3.37587e-05  -0.0115795
0.628319  0  3.14159  3.27627e-05  0.0115794
1.88496  0  3.14159  1.88333e-05  0.010478
3.14159  0  3.14159  1.11381e-05  0.0094069
4.39823  0  3.14159  7.06764e-06  0.0085535
5.65487  0  3.14159  4.69949e-06  0.00786926
6.9115  0  3.14159  3.22221e-06  0.00729564
8.16814  0  3.14159  2.26042e-06  0.00679458
10.6814  0  3.14159  1.17766e-06  0.00594038
15.708  0  3.14159  3.84551e-07  0.00465444
33.3009  0  3.14159  1.44767e-08  0.00250105
-54.6637  3.14159  0  4.65981e-08  -0.00156725
-27.0177  3.14159  0  1.64111e-07  -0.00301561
-13.1947  3.14159  0  8.75197e-07  -0.00523666
-10.6814  3.14159  0  1.44076e-06  -0.00594038
-8.16814  3.14159  0  2.58706e-06  -0.00679458
-6.9115  3.14159  0  3.59356e-06  -0.00729565
-5.65487  3.14159  0  5.12905e-06  -0.00786927
-4.39823  3.14159  0  7.57431e-06  -0.00855352
-3.14159  3.14159  0  1.17484e-05  -0.00940693
-1.88496  3.14159  0  1.95761e-05  -0.0104781
-0.628319  3.14159  0  3.37587e-05  -0.0115795
0.628319  3.14159  0  3.27627e-05  0.0115794
1.88496  3.14159  0  1.88333e-05  0.010478
3.14159  3.14159  0  1.11381e-05  0.0094069
4.39823  3.14159  0  7.06764e-06  0.0085535
5.65487  3.14159  0  4.69949e-06  0.00786926
6.9115  3.14159  0  3.22221e-06  0.00729564
8.16814  3.14159  0  2.26042e-06  0.00679458
10.6814  3.14159  0  1.17766e-06  0.00594038
15.708  3.14159  0  3.84551e-07  0.00465444
33.3009  3.14159  0  1.44767e-08  0.00250105
-54.6637  3.14159  3.14159  -3.98242e-06  -0.00156646
-27.0177  3.14159  3.14159  -1.28181e-05  -0.00300874
-13.1947  3.14159  3.14159  -2.73195e-05  -0.00516855
-10.6814  3.14159  3.14159  -3.62548e-05  -0.00580711
-8.16814  3.14159  3.14159  -6.91808e-05  -0.00649687
-6.9115  3.14159  3.14159  -0.00011584  -0.00682667
-5.65487  3.14159  3.14159  -0.000214645  -0.00710768
-4.39823  3.14159  3.14159  -0.000420461  -0.00729144
-3.14159  3.14159  3.14159  -0.000830294  -0.00729779
-1.88496  3.14159  3.14159  -0.00156496  -0.00686257
-0.628319  3.14159  3.14159  -0.00255397  -0.00451451
0.628319  3.14159  3.14159  -0.0025542  0.00451445
1.88496  3.14159  3.14159  -0.0015653  0.00686254
3.14159  3.14159  3.14159  -0.000830681  0.00729777
4.39823  3.14159  3.14159  -0.000420845  0.00729142
5.65487  3.14159  3.14159  -0.000215006  0.00710767
6.9115  3.14159  3.14159  -0.000116172  0.00682666
8.16814  3.14159  3.14159  -6.94832e-05  0.00649687
10.6814  3.14159  3.14159  -3.65063e-05  0.00580711
15.708  3.14159  3.14159  -2.34897e-05  0.00461565
33.3009  3.14159  3.14159  -9.47099e-06  0.00249747
