-54.6637  0  0  -2.92804e-05  0.00158992
-27.0177  0  0  -0.000119629  0.0032041
-13.1947  0  0  -0.000498769  0.00645228
-10.6814  0  0  -0.000755984  0.00787706
-8.16814  0  0  -0.00126401  0.0100484
-6.9115  0  0  -0.0017158  0.0115954
-5.65487  0  0  -0.00242189  0.0136053
-4.39823  0  0  -0.00356608  0.0162104
-3.14159  0  0  -0.00546295  0.0193516
-1.88496  0  0  -0.00854644  0.0217064
-0.628319  0  0  -0.0127762  0.0160727
0.628319  0  0  -0.0127762  -0.0160727
1.88496  0  0  -0.00854644  -0.0217064
3.14159  0  0  -0.00546295  -0.0193516
4.39823  0  0  -0.00356608  -0.0162104
5.65487  0  0  -0.00242189  -0.0136053
6.9115  0  0  -0.00171579  -0.0115954
8.16814  0  0  -0.00126401  -0.0100484
10.6814  0  0  -0.000755983  -0.00787706
15.708  0  0  -0.0003528  -0.0054552
33.3009  0  0  -7.88036e-05  -0.00260419
-54.6637  0  3.14159  9.12501e-09  0.00159144
-27.0177  0  3.14159  3.61853e-08  0.0032166
-13.1947  0  3.14159  1.51269e-07  0.00655715
-10.6814  0  3.14159  2.30526e-07  0.00807052
-8.16814  0  3.14159  3.89112e-07  0.0104578
-6.9115  0  3.14159  5.34109e-07  0.0122336
-5.65487  0  3.14159  7.72347e-07  0.0146629
-4.39823  0  3.14159  1.19202e-06  0.0181156
-3.14159  0  3.14159  2.02643e-06  0.0232476
-1.88496  0  3.14159  4.06425e-06  0.0313299
-0.628319  0  3.14159  1.09812e-05  0.0439505
0.628319  0  3.14159  1.09954e-05  -0.0439505
1.88496  0  3.14159  4.06976e-06  -0.0313299
3.14159  0  3.14159  2.03014e-06  -0.0232476
4.39823  0  3.14159  1.19483e-06  -0.0181156
5.65487  0  3.14159  7.74546e-07  -0.0146629
6.9115  0  3.14159  5.33648e-07  -0.0122336
8.16814  0  3.14159  3.89055e-07  -0.0104578
10.6814  0  3.14159  2.32663e-07  -0.00807052
15.708  0  3.14159  1.08557e-07  -0.00551797
33.3009  0  3.14159  2.33279e-08  -0.00261089
-54.6637  3.14159  0  9.12501e-09  0.00159144
-27.0177  3.14159  0  3.61853e-08  0.0032166
-13.1947  3.14159  0  1.51269e-07  0.00655715
-10.6814  3.14159  0  2.30526e-07  0.00807052
-8.16814  3.14159  0  3.89112e-07  0.0104578
-6.9115  3.14159  0  5.34109e-07  0.0122336
-5.65487  3.14159  0  7.72347e-07  0.0146629
-4.39823  3.14159  0  1.19202e-06  0.0181156
-3.14159  3.14159  0  2.02643e-06  0.0232476
-1.88496  3.14159  0  4.06425e-06  0.0313299
-0.628319  3.14159  0  1.09812e-05  0.0439505
0.628319  3.14159  0  1.09954e-05  -0.0439505
1.88496  3.14159  0  4.06976e-06  -0.0313299
3.14159  3.14159  0  2.03014e-06  -0.0232476
4.39823  3.14159  0  1.19483e-06  -0.0181156
5.65487  3.14159  0  7.74546e-07  -0.0146629
6.9115  3.14159  0  5.33648e-07  -0.0122336
8.16814  3.14159  0  3.89055e-07  -0.0104578
10.6814  3.14159  0  2.32663e-07  -0.00807052
15.708  3.14159  0  1.08557e-07  -0.00551797
33.3009  3.14159  0  2.33279e-08  -0.00261089
-54.6637  3.14159  3.14159  2.92975e-05  0.00158992
-27.0177  3.14159  3.14159  0.0001197  0.00320409
-13.1947  3.14159  3.14159  0.000499056  0.00645224
-10.6814  3.14159  3.14159  0.000756408  0.00787698
-8.16814  3.14159  3.14159  0.00126469  0.0100482
-6.9115  3.14159  3.14159  0.00171669  0.0115951
-5.65487  3.14159  3.14159  0.00242311  0.0136048
-4.39823  3.14159  3.14159  0.00356779  0.0162097
-3.14159  3.14159  3.14159  0.00546541  0.0193504
-1.88496  3.14159  3.14159  0.00854982  0.0217045
-0.628319  3.14159  3.14159  0.0127791  0.0160705
0.628319  3.14159  3.14159  0.0127791  -0.0160705
1.88496  3.14159  3.14159  0.00854982  -0.0217045
3.14159  3.14159  3.14159  0.00546542  -0.0193504
4.39823  3.14159  3.14159  0.0035678  -0.0162097
5.65487  3.14159  3.14159  0.00242311  -0.0136048
6.9115  3.14159  3.14159  0.0017167  -0.0115951
8.16814  3.14159  3.14159  0.00126469  -0.0100482
10.6814  3.14159  3.14159  0.000756408  -0.00787698
15.708  3.14159  3.14159  0.000353007  -0.00545517
33.3009  3.14159  3.14159  7.88528e-05  -0.00260419
