-54.6637  0  0  2.06602e-07  -1.4131e-05
-27.0177  0  0  3.03441e-06  -0.000108692
-13.1947  0  0  4.2315e-05  -0.00072384
-10.6814  0  0  8.57657e-05  -0.00118533
-8.16814  0  0  0.000195553  -0.00208835
-6.9115  0  0  0.000311858  -0.00286114
-5.65487  0  0  0.000519557  -0.00400666
-4.39823  0  0  0.000909915  -0.00571178
-3.14159  0  0  0.00167996  -0.00813312
-1.88496  0  0  0.0032109  -0.0107235
-0.628319  0  0  0.00572541  -0.0090169
0.628319  0  0  0.00572527  0.00901692
1.88496  0  0  0.00321079  0.0107235
3.14159  0  0  0.00167989  0.00813311
4.39823  0  0  0.000909878  0.00571178
5.65487  0  0  0.000519535  0.00400665
6.9115  0  0  0.000311844  0.00286113
8.16814  0  0  0.000195544  0.00208835
10.6814  0  0  8.57607e-05  0.00118533
15.708  0  0  2.2902e-05  0.000469148
33.3009  0  0  1.36255e-06  5.99666e-05
-54.6637  0  3.14159  2.30193e-08  -1.41309e-05
-27.0177  0  3.14159  9.04812e-08  -0.000108706
-13.1947  0  3.14159  3.29092e-07  -0.000725687
-10.6814  0  3.14159  4.63408e-07  -0.0011908
-8.16814  0  3.14159  6.89508e-07  -0.00210662
-6.9115  0  3.14159  8.61947e-07  -0.0028974
-5.65487  0  3.14159  1.09785e-06  -0.00408707
-4.39823  0  3.14159  1.42889e-06  -0.00592814
-3.14159  0  3.14159  1.89717e-06  -0.00889099
-1.88496  0  3.14159  2.43949e-06  -0.0140542
-0.628319  0  3.14159  1.11044e-06  -0.0241974
0.628319  0  3.14159  4.16563e-07  0.0241974
1.88496  0  3.14159  2.29601e-06  0.0140542
3.14159  0  3.14159  1.83698e-06  0.00889098
4.39823  0  3.14159  1.39649e-06  0.00592813
5.65487  0  3.14159  1.0786e-06  0.00408707
6.9115  0  3.14159  8.49343e-07  0.0028974
8.16814  0  3.14159  6.80779e-07  0.00210662
10.6814  0  3.14159  4.58679e-07  0.00119079
15.708  0  3.14159  2.42222e-07  0.00046983
33.3009  0  3.14159  6.02808e-08  5.99683e-05
-54.6637  3.14159  0  2.30193e-08  -1.41309e-05
-27.0177  3.14159  0  9.04812e-08  -0.000108706
-13.1947  3.14159  0  3.29092e-07  -0.000725687
-10.6814  3.14159  0  4.63408e-07  -0.0011908
-8.16814  3.14159  0  6.89508e-07  -0.00210662
-6.9115  3.14159  0  8.61947e-07  -0.0028974
-5.65487  3.14159  0  1.09785e-06  -0.00408707
-4.39823  3.14159  0  1.42889e-06  -0.00592814
-3.14159  3.14159  0  1.89717e-06  -0.00889099
-1.88496  3.14159  0  2.43949e-06  -0.0140542
-0.628319  3.14159  0  1.11044e-06  -0.0241974
0.628319  3.14159  0  4.16563e-07  0.0241974
1.88496  3.14159  0  2.29601e-06  0.0140542
3.14159  3.14159  0  1.83698e-06  0.00889098
4.39823  3.14159  0  1.39649e-06  0.00592813
5.65487  3.14159  0  1.0786e-06  0.00408707
6.9115  3.14159  0  8.49343e-07  0.0028974
8.16814  3.14159  0  6.80779e-07  0.00210662
10.6814  3.14159  0  4.58679e-07  0.00119079
15.708  3.14159  0  2.42222e-07  0.00046983
33.3009  3.14159  0  6.02808e-08  5.99683e-05
-54.6637  3.14159  3.14159  -1.60586e-07  -1.41317e-05
-27.0177  3.14159  3.14159  -2.85399e-06  -0.000108698
-13.1947  3.14159  3.14159  -4.16685e-05  -0.000723901
-10.6814  3.14159  3.14159  -8.48666e-05  -0.00118545
-8.16814  3.14159  3.14159  -0.000194252  -0.0020886
-6.9115  3.14159  3.14159  -0.000310278  -0.00286152
-5.65487  3.14159  3.14159  -0.000517651  -0.00400727
-4.39823  3.14159  3.14159  -0.000907703  -0.00571275
-3.14159  3.14159  3.14159  -0.0016777  -0.0081346
-1.88496  3.14159  3.14159  -0.00320944  -0.0107255
-0.628319  3.14159  3.14159  -0.00572576  -0.00901822
0.628319  3.14159  3.14159  -0.00572589  0.00901821
1.88496  3.14159  3.14159  -0.00320954  0.0107255
3.14159  3.14159  3.14159  -0.00167776  0.0081346
4.39823  3.14159  3.14159  -0.000907734  0.00571274
5.65487  3.14159  3.14159  -0.000517669  0.00400726
6.9115  3.14159  3.14159  -0.00031029  0.00286152
8.16814  3.14159  3.14159  -0.00019426  0.0020886
10.6814  3.14159  3.14159  -8.4871e-05  0.00118545
15.708  3.14159  3.14159  -2.24236e-05  0.000469184
33.3009  3.14159  3.14159  -1.24229e-06  5.99698e-05
