-54.6637  0  0  -5.64006e-05  0.00398458
-27.0177  0  0  -0.000244535  0.00807423
-13.1947  0  0  -0.00114013  0.0164412
-10.6814  0  0  -0.001768  0.0201102
-8.16814  0  0  -0.002971  0.025607
-6.9115  0  0  -0.00398208  0.0294084
-5.65487  0  0  -0.00545532  0.0341482
-4.39823  0  0  -0.00761227  0.0398455
-3.14159  0  0  -0.0107208  0.0456874
-1.88496  0  0  -0.0149143  0.0475501
-0.628319  0  0  -0.019395  0.0307915
0.628319  0  0  -0.0193946  -0.0307915
1.88496  0  0  -0.014914  -0.0475502
3.14159  0  0  -0.0107206  -0.0456874
4.39823  0  0  -0.00761208  -0.0398455
5.65487  0  0  -0.00545517  -0.0341482
6.9115  0  0  -0.00398194  -0.0294084
8.16814  0  0  -0.00297088  -0.025607
10.6814  0  0  -0.00176792  -0.0201102
15.708  0  0  -0.000785265  -0.0138635
33.3009  0  0  -0.000157194  -0.00654753
-54.6637  0  3.14159  1.29973e-08  0.00398635
-27.0177  0  3.14159  7.78217e-08  0.00808965
-13.1947  0  3.14159  4.06059e-07  0.0165723
-10.6814  0  3.14159  6.42912e-07  0.0203401
-8.16814  0  3.14159  1.11617e-06  0.0260429
-6.9115  0  3.14159  1.5342e-06  0.0300371
-5.65487  0  3.14159  2.17899e-06  0.0351185
-4.39823  0  3.14159  3.23944e-06  0.0415769
-3.14159  0  3.14159  5.15753e-06  0.049654
-1.88496  0  3.14159  9.33715e-06  0.0592536
-0.628319  0  3.14159  2.16283e-05  0.0659616
0.628319  0  3.14159  2.31421e-05  -0.0659618
1.88496  0  3.14159  9.80023e-06  -0.0592537
3.14159  0  3.14159  5.43693e-06  -0.049654
4.39823  0  3.14159  3.44767e-06  -0.0415769
5.65487  0  3.14159  2.34384e-06  -0.0351185
6.9115  0  3.14159  1.66971e-06  -0.0300371
8.16814  0  3.14159  1.23206e-06  -0.0260429
10.6814  0  3.14159  7.32826e-07  -0.0203401
15.708  0  3.14159  3.36658e-07  -0.0139433
33.3009  0  3.14159  7.79461e-08  -0.00655562
-54.6637  3.14159  0  1.29973e-08  0.00398635
-27.0177  3.14159  0  7.78217e-08  0.00808965
-13.1947  3.14159  0  4.06059e-07  0.0165723
-10.6814  3.14159  0  6.42912e-07  0.0203401
-8.16814  3.14159  0  1.11617e-06  0.0260429
-6.9115  3.14159  0  1.5342e-06  0.0300371
-5.65487  3.14159  0  2.17899e-06  0.0351185
-4.39823  3.14159  0  3.23944e-06  0.0415769
-3.14159  3.14159  0  5.15753e-06  0.049654
-1.88496  3.14159  0  9.33715e-06  0.0592536
-0.628319  3.14159  0  2.16283e-05  0.0659616
0.628319  3.14159  0  2.31421e-05  -0.0659618
1.88496  3.14159  0  9.80023e-06  -0.0592537
3.14159  3.14159  0  5.43693e-06  -0.049654
4.39823  3.14159  0  3.44767e-06  -0.0415769
5.65487  3.14159  0  2.34384e-06  -0.0351185
6.9115  3.14159  0  1.66971e-06  -0.0300371
8.16814  3.14159  0  1.23206e-06  -0.0260429
10.6814  3.14159  0  7.32826e-07  -0.0203401
15.708  3.14159  0  3.36658e-07  -0.0139433
33.3009  3.14159  0  7.79461e-08  -0.00655562
-54.6637  3.14159  3.14159  5.64226e-05  0.00398457
-27.0177  3.14159  3.14159  0.000244682  0.00807421
-13.1947  3.14159  3.14159  0.00114089  0.0164411
-10.6814  3.14159  3.14159  0.0017692  0.02011
-8.16814  3.14159  3.14159  0.00297304  0.0256065
-6.9115  3.14159  3.14159  0.00398489  0.0294078
-5.65487  3.14159  3.14159  0.00545935  0.0341473
-4.39823  3.14159  3.14159  0.00761827  0.0398442
-3.14159  3.14159  3.14159  0.01073  0.0456856
-1.88496  3.14159  3.14159  0.0149282  0.0475478
-0.628319  3.14159  3.14159  0.0194122  0.0307896
0.628319  3.14159  3.14159  0.0194126  -0.0307897
1.88496  3.14159  3.14159  0.0149285  -0.0475479
3.14159  3.14159  3.14159  0.0107303  -0.0456856
4.39823  3.14159  3.14159  0.00761846  -0.0398442
5.65487  3.14159  3.14159  0.0054595  -0.0341473
6.9115  3.14159  3.14159  0.00398502  -0.0294078
8.16814  3.14159  3.14159  0.00297315  -0.0256065
10.6814  3.14159  3.14159  0.00176928  -0.02011
15.708  3.14159  3.14159  0.000785905  -0.0138634
33.3009  3.14159  3.14159  0.000157349  -0.00654752
