-54.6637  0  0  4.03239e-06  -0.00156356
-27.0177  0  0  1.30045e-05  -0.00300291
-13.1947  0  0  2.83662e-05  -0.00515707
-10.6814  0  0  3.79951e-05  -0.00579332
-8.16814  0  0  7.23252e-05  -0.00647988
-6.9115  0  0  0.000120193  -0.00680768
-5.65487  0  0  0.000220745  -0.00708654
-4.39823  0  0  0.000428978  -0.0072683
-3.14159  0  0  0.000841719  -0.00727371
-1.88496  0  0  0.00157857  -0.00684035
-0.628319  0  0  0.0025667  -0.00450109
0.628319  0  0  0.00256669  0.00450109
1.88496  0  0  0.00157856  0.00684035
3.14159  0  0  0.000841702  0.00727371
4.39823  0  0  0.000428962  0.0072683
5.65487  0  0  0.000220731  0.00708654
6.9115  0  0  0.000120179  0.00680768
8.16814  0  0  7.23128e-05  0.00647988
10.6814  0  0  3.79846e-05  0.00579332
15.708  0  0  2.39786e-05  0.00460586
33.3009  0  0  9.49821e-06  0.00249273
-54.6637  0  3.14159  5.39723e-09  -0.00156435
-27.0177  0  3.14159  2.52162e-08  -0.00300981
-13.1947  0  3.14159  1.65826e-07  -0.00522529
-10.6814  0  3.14159  2.81621e-07  -0.0059267
-8.16814  0  3.14159  5.18693e-07  -0.00677755
-6.9115  0  3.14159  7.27589e-07  -0.0072763
-5.65487  0  3.14159  1.04647e-06  -0.00784694
-4.39823  0  3.14159  1.5562e-06  -0.00852723
-3.14159  0  3.14159  2.4295e-06  -0.00937529
-1.88496  0  3.14159  4.07786e-06  -0.0104396
-0.628319  0  3.14159  7.0025e-06  -0.011529
0.628319  0  3.14159  6.9644e-06  0.011529
1.88496  0  3.14159  4.049e-06  0.0104396
3.14159  0  3.14159  2.40572e-06  0.00937529
4.39823  0  3.14159  1.53644e-06  0.00852723
5.65487  0  3.14159  1.02974e-06  0.00784694
6.9115  0  3.14159  7.13616e-07  0.0072763
8.16814  0  3.14159  5.0649e-07  0.00677755
10.6814  0  3.14159  2.70882e-07  0.0059267
15.708  0  3.14159  9.504e-08  0.00464473
33.3009  0  3.14159  8.92621e-09  0.00249632
-54.6637  3.14159  0  5.39723e-09  -0.00156435
-27.0177  3.14159  0  2.52162e-08  -0.00300981
-13.1947  3.14159  0  1.65826e-07  -0.00522529
-10.6814  3.14159  0  2.81621e-07  -0.0059267
-8.16814  3.14159  0  5.18693e-07  -0.00677755
-6.9115  3.14159  0  7.27589e-07  -0.0072763
-5.65487  3.14159  0  1.04647e-06  -0.00784694
-4.39823  3.14159  0  1.5562e-06  -0.00852723
-3.14159  3.14159  0  2.4295e-06  -0.00937529
-1.88496  3.14159  0  4.07786e-06  -0.0104396
-0.628319  3.14159  0  7.0025e-06  -0.011529
0.628319  3.14159  0  6.9644e-06  0.011529
1.88496  3.14159  0  4.049e-06  0.0104396
3.14159  3.14159  0  2.40572e-06  0.00937529
4.39823  3.14159  0  1.53644e-06  0.00852723
5.65487  3.14159  0  1.02974e-06  0.00784694
6.9115  3.14159  0  7.13616e-07  0.0072763
8.16814  3.14159  0  5.0649e-07  0.00677755
10.6814  3.14159  0  2.70882e-07  0.0059267
15.708  3.14159  0  9.504e-08  0.00464473
33.3009  3.14159  0  8.92621e-09  0.00249632
-54.6637  3.14159  3.14159  -4.02296e-06  -0.00156356
-27.0177  3.14159  3.14159  -1.29551e-05  -0.00300293
-13.1947  3.14159  3.14159  -2.80356e-05  -0.0051572
-10.6814  3.14159  3.14159  -3.74347e-05  -0.00579355
-8.16814  3.14159  3.14159  -7.12974e-05  -0.00648029
-6.9115  3.14159  3.14159  -0.00011876  -0.00680825
-5.65487  3.14159  3.14159  -0.000218722  -0.00708732
-4.39823  3.14159  3.14159  -0.000426125  -0.00726936
-3.14159  3.14159  3.14159  -0.000837833  -0.00727507
-1.88496  3.14159  3.14159  -0.00157379  -0.00684186
-0.628319  3.14159  3.14159  -0.00256182  -0.00450205
0.628319  3.14159  3.14159  -0.00256183  0.00450205
1.88496  3.14159  3.14159  -0.00157381  0.00684186
3.14159  3.14159  3.14159  -0.000837849  0.00727506
4.39823  3.14159  3.14159  -0.000426141  0.00726936
5.65487  3.14159  3.14159  -0.000218736  0.00708731
6.9115  3.14159  3.14159  -0.000118773  0.00680825
8.16814  3.14159  3.14159  -7.13101e-05  0.00648029
10.6814  3.14159  3.14159  -3.74451e-05  0.00579355
15.708  3.14159  3.14159  -2.37838e-05  0.00460594
33.3009  3.14159  3.14159  -9.47529e-06  0.00249274
