-54.6637  0  0  -0.000595552  0.0181338
-27.0177  0  0  -0.00229235  0.0357473
-13.1947  0  0  -0.00772033  0.0665349
-10.6814  0  0  -0.0104048  0.0776953
-8.16814  0  0  -0.0143975  0.0919533
-6.9115  0  0  -0.0170522  0.100184
-5.65487  0  0  -0.0202036  0.108604
-4.39823  0  0  -0.0237992  0.115726
-3.14159  0  0  -0.0275951  0.117613
-1.88496  0  0  -0.0310214  0.104436
-0.628319  0  0  -0.0331525  0.0547899
0.628319  0  0  -0.0331525  -0.0547899
1.88496  0  0  -0.0310214  -0.104436
3.14159  0  0  -0.0275951  -0.117613
4.39823  0  0  -0.0237992  -0.115726
5.65487  0  0  -0.0202036  -0.108604
6.9115  0  0  -0.0170522  -0.100184
8.16814  0  0  -0.0143975  -0.0919533
10.6814  0  0  -0.0104048  -0.0776953
15.708  0  0  -0.00589013  -0.0578547
33.3009  0  0  -0.00155062  -0.0293397
-54.6637  0  3.14159  2.40462e-07  0.0181334
-27.0177  0  3.14159  9.54006e-07  0.035737
-13.1947  0  3.14159  3.4744e-06  0.0663302
-10.6814  0  3.14159  4.83106e-06  0.0772806
-8.16814  0  3.14159  6.99354e-06  0.0911085
-6.9115  0  3.14159  8.5809e-06  0.0990369
-5.65487  0  3.14159  1.07215e-05  0.107244
-4.39823  0  3.14159  1.36498e-05  0.114829
-3.14159  0  3.14159  1.79401e-05  0.119793
-1.88496  0  3.14159  2.5014e-05  0.117453
-0.628319  0  3.14159  3.81426e-05  0.0914227
0.628319  0  3.14159  3.81568e-05  -0.0914227
1.88496  0  3.14159  2.50167e-05  -0.117453
3.14159  0  3.14159  1.79403e-05  -0.119793
4.39823  0  3.14159  1.36487e-05  -0.114829
5.65487  0  3.14159  1.07195e-05  -0.107244
6.9115  0  3.14159  8.58238e-06  -0.0990369
8.16814  0  3.14159  6.99266e-06  -0.0911085
10.6814  0  3.14159  4.82475e-06  -0.0772806
15.708  0  3.14159  2.58453e-06  -0.0577486
33.3009  0  3.14159  6.32751e-07  -0.0293358
-54.6637  3.14159  0  2.40462e-07  0.0181334
-27.0177  3.14159  0  9.54006e-07  0.035737
-13.1947  3.14159  0  3.4744e-06  0.0663302
-10.6814  3.14159  0  4.83106e-06  0.0772806
-8.16814  3.14159  0  6.99354e-06  0.0911085
-6.9115  3.14159  0  8.5809e-06  0.0990369
-5.65487  3.14159  0  1.07215e-05  0.107244
-4.39823  3.14159  0  1.36498e-05  0.114829
-3.14159  3.14159  0  1.79401e-05  0.119793
-1.88496  3.14159  0  2.5014e-05  0.117453
-0.628319  3.14159  0  3.81426e-05  0.0914227
0.628319  3.14159  0  3.81568e-05  -0.0914227
1.88496  3.14159  0  2.50167e-05  -0.117453
3.14159  3.14159  0  1.79403e-05  -0.119793
4.39823  3.14159  0  1.36487e-05  -0.114829
5.65487  3.14159  0  1.07195e-05  -0.107244
6.9115  3.14159  0  8.58238e-06  -0.0990369
8.16814  3.14159  0  6.99266e-06  -0.0911085
10.6814  3.14159  0  4.82475e-06  -0.0772806
15.708  3.14159  0  2.58453e-06  -0.0577486
33.3009  3.14159  0  6.32751e-07  -0.0293358
-54.6637  3.14159  3.14159  0.000596034  0.0181338
-27.0177  3.14159  3.14159  0.00229428  0.0357472
-13.1947  3.14159  3.14159  0.00772752  0.0665343
-10.6814  3.14159  3.14159  0.010415  0.0776945
-8.16814  3.14159  3.14159  0.0144126  0.0919521
-6.9115  3.14159  3.14159  0.0170712  0.100183
-5.65487  3.14159  3.14159  0.0202278  0.108602
-4.39823  3.14159  3.14159  0.0238305  0.115724
-3.14159  3.14159  3.14159  0.0276356  0.117612
-1.88496  3.14159  3.14159  0.0310724  0.104435
-0.628319  3.14159  3.14159  0.0332107  0.0547893
0.628319  3.14159  3.14159  0.0332107  -0.0547893
1.88496  3.14159  3.14159  0.0310724  -0.104435
3.14159  3.14159  3.14159  0.0276356  -0.117612
4.39823  3.14159  3.14159  0.0238305  -0.115724
5.65487  3.14159  3.14159  0.0202278  -0.108602
6.9115  3.14159  3.14159  0.0170712  -0.100183
8.16814  3.14159  3.14159  0.0144126  -0.0919521
10.6814  3.14159  3.14159  0.010415  -0.0776945
15.708  3.14159  3.14159  0.00589544  -0.0578544
33.3009  3.14159  3.14159  0.00155189  -0.0293397
