-54.6637  0  0  -2.92809e-05  0.00158995
-27.0177  0  0  -0.00011963  0.00320415
-13.1947  0  0  -0.000498774  0.00645238
-10.6814  0  0  -0.000755992  0.00787719
-8.16814  0  0  -0.00126402  0.0100485
-6.9115  0  0  -0.00171581  0.0115955
-5.65487  0  0  -0.00242192  0.0136055
-4.39823  0  0  -0.00356611  0.0162106
-3.14159  0  0  -0.005463  0.0193519
-1.88496  0  0  -0.00854652  0.0217068
-0.628319  0  0  -0.0127763  0.016073
0.628319  0  0  -0.0127763  -0.016073
1.88496  0  0  -0.00854651  -0.0217068
3.14159  0  0  -0.00546299  -0.0193519
4.39823  0  0  -0.00356611  -0.0162106
5.65487  0  0  -0.00242191  -0.0136055
6.9115  0  0  -0.00171581  -0.0115955
8.16814  0  0  -0.00126401  -0.0100485
10.6814  0  0  -0.000755989  -0.00787719
15.708  0  0  -0.000352803  -0.00545529
33.3009  0  0  -7.8804e-05  -0.00260423
-54.6637  0  3.14159  8.89278e-09  0.00159147
-27.0177  0  3.14159  3.57165e-08  0.00321665
-13.1947  0  3.14159  1.50323e-07  0.00655725
-10.6814  0  3.14159  2.29373e-07  0.00807065
-8.16814  0  3.14159  3.87659e-07  0.010458
-6.9115  0  3.14159  5.32465e-07  0.0122338
-5.65487  0  3.14159  7.70511e-07  0.0146632
-4.39823  0  3.14159  1.19012e-06  0.0181159
-3.14159  0  3.14159  2.02512e-06  0.023248
-1.88496  0  3.14159  4.06687e-06  0.0313305
-0.628319  0  3.14159  1.10188e-05  0.0439522
0.628319  0  3.14159  1.10651e-05  -0.0439522
1.88496  0  3.14159  4.08392e-06  -0.0313305
3.14159  0  3.14159  2.03616e-06  -0.023248
4.39823  0  3.14159  1.19838e-06  -0.0181159
5.65487  0  3.14159  7.77024e-07  -0.0146632
6.9115  0  3.14159  5.35573e-07  -0.0122338
8.16814  0  3.14159  3.90646e-07  -0.010458
10.6814  0  3.14159  2.3386e-07  -0.00807065
15.708  0  3.14159  1.09366e-07  -0.00551806
33.3009  0  3.14159  2.37094e-08  -0.00261093
-54.6637  3.14159  0  8.89278e-09  0.00159147
-27.0177  3.14159  0  3.57165e-08  0.00321665
-13.1947  3.14159  0  1.50323e-07  0.00655725
-10.6814  3.14159  0  2.29373e-07  0.00807065
-8.16814  3.14159  0  3.87659e-07  0.010458
-6.9115  3.14159  0  5.32465e-07  0.0122338
-5.65487  3.14159  0  7.70511e-07  0.0146632
-4.39823  3.14159  0  1.19012e-06  0.0181159
-3.14159  3.14159  0  2.02512e-06  0.023248
-1.88496  3.14159  0  4.06687e-06  0.0313305
-0.628319  3.14159  0  1.10188e-05  0.0439522
0.628319  3.14159  0  1.10651e-05  -0.0439522
1.88496  3.14159  0  4.08392e-06  -0.0313305
3.14159  3.14159  0  2.03616e-06  -0.023248
4.39823  3.14159  0  1.19838e-06  -0.0181159
5.65487  3.14159  0  7.77024e-07  -0.0146632
6.9115  3.14159  0  5.35573e-07  -0.0122338
8.16814  3.14159  0  3.90646e-07  -0.010458
10.6814  3.14159  0  2.3386e-07  -0.00807065
15.708  3.14159  0  1.09366e-07  -0.00551806
33.3009  3.14159  0  2.37094e-08  -0.00261093
-54.6637  3.14159  3.14159  2.92976e-05  0.00158995
-27.0177  3.14159  3.14159  0.000119701  0.00320414
-13.1947  3.14159  3.14159  0.00049906  0.00645234
-10.6814  3.14159  3.14159  0.000756414  0.0078771
-8.16814  3.14159  3.14159  0.0012647  0.0100483
-6.9115  3.14159  3.14159  0.0017167  0.0115953
-5.65487  3.14159  3.14159  0.00242313  0.0136051
-4.39823  3.14159  3.14159  0.00356782  0.0162099
-3.14159  3.14159  3.14159  0.00546546  0.0193507
-1.88496  3.14159  3.14159  0.0085499  0.0217049
-0.628319  3.14159  3.14159  0.0127793  0.0160708
0.628319  3.14159  3.14159  0.0127793  -0.0160708
1.88496  3.14159  3.14159  0.00854991  -0.0217049
3.14159  3.14159  3.14159  0.00546547  -0.0193507
4.39823  3.14159  3.14159  0.00356783  -0.0162099
5.65487  3.14159  3.14159  0.00242314  -0.0136051
6.9115  3.14159  3.14159  0.00171671  -0.0115953
8.16814  3.14159  3.14159  0.0012647  -0.0100483
10.6814  3.14159  3.14159  0.000756416  -0.0078771
15.708  3.14159  3.14159  0.000353011  -0.00545526
33.3009  3.14159  3.14159  7.8854e-05  -0.00260423
