-54.6637  0  0  5.65131e-05  -0.00398364
-27.0177  0  0  0.000245002  -0.00807231
-13.1947  0  0  0.00114183  -0.0164371
-10.6814  0  0  0.00177035  -0.0201051
-8.16814  0  0  0.00297435  -0.0256001
-6.9115  0  0  0.00398613  -0.0294003
-5.65487  0  0  0.00546021  -0.0341383
-4.39823  0  0  0.00761805  -0.0398329
-3.14159  0  0  0.0107273  -0.0456709
-1.88496  0  0  0.0149204  -0.047529
-0.628319  0  0  0.0193984  -0.0307733
0.628319  0  0  0.0193984  0.0307733
1.88496  0  0  0.0149205  0.047529
3.14159  0  0  0.0107273  0.0456709
4.39823  0  0  0.00761805  0.0398329
5.65487  0  0  0.00546022  0.0341383
6.9115  0  0  0.00398613  0.0294003
8.16814  0  0  0.00297436  0.0256002
10.6814  0  0  0.00177036  0.0201051
15.708  0  0  0.000786598  0.0138601
33.3009  0  0  0.00015754  0.00654598
-54.6637  0  3.14159  1.049e-07  -0.00398542
-27.0177  0  3.14159  4.0309e-07  -0.00808778
-13.1947  0  3.14159  1.35971e-06  -0.0165685
-10.6814  0  3.14159  1.83183e-06  -0.0203355
-8.16814  0  3.14159  2.53057e-06  -0.0260368
-6.9115  0  3.14159  2.99456e-06  -0.0300299
-5.65487  0  3.14159  3.54894e-06  -0.0351099
-4.39823  0  3.14159  4.18358e-06  -0.0415658
-3.14159  0  3.14159  4.80951e-06  -0.0496384
-1.88496  0  3.14159  4.80958e-06  -0.0592265
-0.628319  0  3.14159  1.59294e-07  -0.0658827
0.628319  0  3.14159  1.60669e-07  0.0658827
1.88496  0  3.14159  4.81415e-06  0.0592265
3.14159  0  3.14159  4.81432e-06  0.0496384
4.39823  0  3.14159  4.18825e-06  0.0415658
5.65487  0  3.14159  3.55334e-06  0.0351099
6.9115  0  3.14159  2.99904e-06  0.0300299
8.16814  0  3.14159  2.53483e-06  0.0260369
10.6814  0  3.14159  1.83495e-06  0.0203355
15.708  0  3.14159  1.03776e-06  0.0139401
33.3009  0  3.14159  2.71253e-07  0.0065541
-54.6637  3.14159  0  1.049e-07  -0.00398542
-27.0177  3.14159  0  4.0309e-07  -0.00808778
-13.1947  3.14159  0  1.35971e-06  -0.0165685
-10.6814  3.14159  0  1.83183e-06  -0.0203355
-8.16814  3.14159  0  2.53057e-06  -0.0260368
-6.9115  3.14159  0  2.99456e-06  -0.0300299
-5.65487  3.14159  0  3.54894e-06  -0.0351099
-4.39823  3.14159  0  4.18358e-06  -0.0415658
-3.14159  3.14159  0  4.80951e-06  -0.0496384
-1.88496  3.14159  0  4.80958e-06  -0.0592265
-0.628319  3.14159  0  1.59294e-07  -0.0658827
0.628319  3.14159  0  1.60669e-07  0.0658827
1.88496  3.14159  0  4.81415e-06  0.0592265
3.14159  3.14159  0  4.81432e-06  0.0496384
4.39823  3.14159  0  4.18825e-06  0.0415658
5.65487  3.14159  0  3.55334e-06  0.0351099
6.9115  3.14159  0  2.99904e-06  0.0300299
8.16814  3.14159  0  2.53483e-06  0.0260369
10.6814  3.14159  0  1.83495e-06  0.0203355
15.708  3.14159  0  1.03776e-06  0.0139401
33.3009  3.14159  0  2.71253e-07  0.0065541
-54.6637  3.14159  3.14159  -5.63042e-05  -0.00398366
-27.0177  3.14159  3.14159  -0.000244202  -0.00807242
-13.1947  3.14159  3.14159  -0.00113919  -0.0164378
-10.6814  3.14159  3.14159  -0.00176685  -0.0201062
-8.16814  3.14159  3.14159  -0.00296973  -0.0256019
-6.9115  3.14159  3.14159  -0.00398091  -0.0294026
-5.65487  3.14159  3.14159  -0.00545459  -0.0341413
-4.39823  3.14159  3.14159  -0.00761264  -0.0398368
-3.14159  3.14159  3.14159  -0.0107236  -0.0456758
-1.88496  3.14159  3.14159  -0.0149213  -0.0475342
-0.628319  3.14159  3.14159  -0.0194055  -0.0307766
0.628319  3.14159  3.14159  -0.0194055  0.0307766
1.88496  3.14159  3.14159  -0.0149213  0.0475342
3.14159  3.14159  3.14159  -0.0107236  0.0456758
4.39823  3.14159  3.14159  -0.00761263  0.0398368
5.65487  3.14159  3.14159  -0.00545458  0.0341413
6.9115  3.14159  3.14159  -0.00398091  0.0294026
8.16814  3.14159  3.14159  -0.00296972  0.0256019
10.6814  3.14159  3.14159  -0.00176685  0.0201062
15.708  3.14159  3.14159  -0.00078456  0.0138606
33.3009  3.14159  3.14159  -0.000156998  0.00654605
