-54.6637  0  0  -2.93328e-05  0.00159088
-27.0177  0  0  -0.000119818  0.00320605
-13.1947  0  0  -0.000499491  0.00645607
-10.6814  0  0  -0.000757017  0.00788168
-8.16814  0  0  -0.00126561  0.0100541
-6.9115  0  0  -0.00171784  0.0116017
-5.65487  0  0  -0.0024246  0.0136124
-4.39823  0  0  -0.00356956  0.0162187
-3.14159  0  0  -0.00546747  0.019361
-1.88496  0  0  -0.00855184  0.0217174
-0.628319  0  0  -0.0127815  0.0160818
0.628319  0  0  -0.0127813  -0.0160819
1.88496  0  0  -0.00855157  -0.0217175
3.14159  0  0  -0.00546724  -0.0193611
4.39823  0  0  -0.00356938  -0.0162187
5.65487  0  0  -0.00242445  -0.0136124
6.9115  0  0  -0.00171771  -0.0116017
8.16814  0  0  -0.00126549  -0.0100541
10.6814  0  0  -0.000756925  -0.00788168
15.708  0  0  -0.000353262  -0.00545848
33.3009  0  0  -7.88986e-05  -0.0026058
-54.6637  0  3.14159  -3.46913e-08  0.00159243
-27.0177  0  3.14159  -1.14855e-07  0.00321859
-13.1947  0  3.14159  -4.15515e-07  0.00656113
-10.6814  0  3.14159  -5.95677e-07  0.00807555
-8.16814  0  3.14159  -9.63623e-07  0.0104642
-6.9115  0  3.14159  -1.25241e-06  0.0122412
-5.65487  0  3.14159  -1.71006e-06  0.0146719
-4.39823  0  3.14159  -2.34688e-06  0.0181273
-3.14159  0  3.14159  -3.3477e-06  0.0232633
-1.88496  0  3.14159  -5.25258e-06  0.0313552
-0.628319  0  3.14159  -6.03214e-06  0.0440183
0.628319  0  3.14159  -4.7202e-06  -0.0440183
1.88496  0  3.14159  -4.77867e-06  -0.0313551
3.14159  0  3.14159  -3.04623e-06  -0.0232633
4.39823  0  3.14159  -2.13282e-06  -0.0181273
5.65487  0  3.14159  -1.53119e-06  -0.0146719
6.9115  0  3.14159  -1.10914e-06  -0.0122412
8.16814  0  3.14159  -8.3971e-07  -0.0104642
10.6814  0  3.14159  -5.08095e-07  -0.00807555
15.708  0  3.14159  -2.3692e-07  -0.00552136
33.3009  0  3.14159  -4.31426e-08  -0.0026125
-54.6637  3.14159  0  -3.46913e-08  0.00159243
-27.0177  3.14159  0  -1.14855e-07  0.00321859
-13.1947  3.14159  0  -4.15515e-07  0.00656113
-10.6814  3.14159  0  -5.95677e-07  0.00807555
-8.16814  3.14159  0  -9.63623e-07  0.0104642
-6.9115  3.14159  0  -1.25241e-06  0.0122412
-5.65487  3.14159  0  -1.71006e-06  0.0146719
-4.39823  3.14159  0  -2.34688e-06  0.0181273
-3.14159  3.14159  0  -3.3477e-06  0.0232633
-1.88496  3.14159  0  -5.25258e-06  0.0313552
-0.628319  3.14159  0  -6.03214e-06  0.0440183
0.628319  3.14159  0  -4.7202e-06  -0.0440183
1.88496  3.14159  0  -4.77867e-06  -0.0313551
3.14159  3.14159  0  -3.04623e-06  -0.0232633
4.39823  3.14159  0  -2.13282e-06  -0.0181273
5.65487  3.14159  0  -1.53119e-06  -0.0146719
6.9115  3.14159  0  -1.10914e-06  -0.0122412
8.16814  3.14159  0  -8.3971e-07  -0.0104642
10.6814  3.14159  0  -5.08095e-07  -0.00807555
15.708  3.14159  0  -2.3692e-07  -0.00552136
33.3009  3.14159  0  -4.31426e-08  -0.0026125
-54.6637  3.14159  3.14159  2.92739e-05  0.00159088
-27.0177  3.14159  3.14159  0.000119612  0.00320607
-13.1947  3.14159  3.14159  0.000498699  0.00645622
-10.6814  3.14159  3.14159  0.000755913  0.00788196
-8.16814  3.14159  3.14159  0.00126396  0.0100547
-6.9115  3.14159  3.14159  0.0017158  0.0116026
-5.65487  3.14159  3.14159  0.002422  0.0136137
-4.39823  3.14159  3.14159  0.00356665  0.0162207
-3.14159  3.14159  3.14159  0.0054646  0.0193641
-1.88496  3.14159  3.14159  0.00855085  0.0217216
-0.628319  3.14159  3.14159  0.0127855  0.0160851
0.628319  3.14159  3.14159  0.0127858  -0.016085
1.88496  3.14159  3.14159  0.0085511  -0.0217216
3.14159  3.14159  3.14159  0.00546481  -0.0193641
4.39823  3.14159  3.14159  0.00356682  -0.0162207
5.65487  3.14159  3.14159  0.00242214  -0.0136137
6.9115  3.14159  3.14159  0.00171593  -0.0116026
8.16814  3.14159  3.14159  0.00126407  -0.0100547
10.6814  3.14159  3.14159  0.000756008  -0.00788196
15.708  3.14159  3.14159  0.000352812  -0.00545857
33.3009  3.14159  3.14159  7.88164e-05  -0.00260581
