-54.6637  0  0  5.70219e-05  -0.00399194
-27.0177  0  0  0.000246809  -0.00808882
-13.1947  0  0  0.00114751  -0.016469
-10.6814  0  0  0.00177777  -0.0201434
-8.16814  0  0  0.002984  -0.0256482
-6.9115  0  0  0.00399691  -0.0294557
-5.65487  0  0  0.00547175  -0.0342041
-4.39823  0  0  0.00762926  -0.039915
-3.14159  0  0  0.0107358  -0.0457797
-1.88496  0  0  0.0149234  -0.0476751
-0.628319  0  0  0.0193986  -0.0309072
0.628319  0  0  0.0193955  0.0309078
1.88496  0  0  0.0149203  0.0476751
3.14159  0  0  0.0107336  0.0457795
4.39823  0  0  0.00762757  0.0399148
5.65487  0  0  0.0054704  0.0342039
6.9115  0  0  0.00399578  0.0294555
8.16814  0  0  0.00298303  0.025648
10.6814  0  0  0.00177702  0.0201433
15.708  0  0  0.000790496  0.0138874
33.3009  0  0  0.00015854  0.00655946
-54.6637  0  3.14159  6.00376e-07  -0.00399377
-27.0177  0  3.14159  2.17595e-06  -0.00810461
-13.1947  0  3.14159  7.14829e-06  -0.0166026
-10.6814  0  3.14159  9.60013e-06  -0.0203774
-8.16814  0  3.14159  1.32463e-05  -0.0260913
-6.9115  0  3.14159  1.56828e-05  -0.0300942
-5.65487  0  3.14159  1.86142e-05  -0.0351881
-4.39823  0  3.14159  2.20333e-05  -0.0416661
-3.14159  0  3.14159  2.54878e-05  -0.0497791
-1.88496  0  3.14159  2.59538e-05  -0.0594699
-0.628319  0  3.14159  6.04761e-06  -0.0665992
0.628319  0  3.14159  -7.67574e-06  0.0665995
1.88496  0  3.14159  2.19981e-05  0.0594697
3.14159  0  3.14159  2.31096e-05  0.0497789
4.39823  0  3.14159  2.02642e-05  0.0416659
5.65487  0  3.14159  1.72297e-05  0.0351879
6.9115  0  3.14159  1.45438e-05  0.030094
8.16814  0  3.14159  1.22762e-05  0.0260912
10.6814  0  3.14159  8.84956e-06  0.0203773
15.708  0  3.14159  4.95632e-06  0.0139688
33.3009  0  3.14159  1.24286e-06  0.00656775
-54.6637  3.14159  0  6.00376e-07  -0.00399377
-27.0177  3.14159  0  2.17595e-06  -0.00810461
-13.1947  3.14159  0  7.14829e-06  -0.0166026
-10.6814  3.14159  0  9.60013e-06  -0.0203774
-8.16814  3.14159  0  1.32463e-05  -0.0260913
-6.9115  3.14159  0  1.56828e-05  -0.0300942
-5.65487  3.14159  0  1.86142e-05  -0.0351881
-4.39823  3.14159  0  2.20333e-05  -0.0416661
-3.14159  3.14159  0  2.54878e-05  -0.0497791
-1.88496  3.14159  0  2.59538e-05  -0.0594699
-0.628319  3.14159  0  6.04761e-06  -0.0665992
0.628319  3.14159  0  -7.67574e-06  0.0665995
1.88496  3.14159  0  2.19981e-05  0.0594697
3.14159  3.14159  0  2.31096e-05  0.0497789
4.39823  3.14159  0  2.02642e-05  0.0416659
5.65487  3.14159  0  1.72297e-05  0.0351879
6.9115  3.14159  0  1.45438e-05  0.030094
8.16814  3.14159  0  1.22762e-05  0.0260912
10.6814  3.14159  0  8.84956e-06  0.0203773
15.708  3.14159  0  4.95632e-06  0.0139688
33.3009  3.14159  0  1.24286e-06  0.00656775
-54.6637  3.14159  3.14159  -5.58239e-05  -0.00399202
-27.0177  3.14159  3.14159  -0.000242487  -0.00808936
-13.1947  3.14159  3.14159  -0.00113361  -0.0164724
-10.6814  3.14159  3.14159  -0.00175942  -0.0201487
-8.16814  3.14159  3.14159  -0.00295974  -0.0256571
-6.9115  3.14159  3.14159  -0.0039695  -0.0294673
-5.65487  3.14159  3.14159  -0.00544204  -0.0342193
-4.39823  3.14159  3.14159  -0.00760025  -0.0399347
-3.14159  3.14159  3.14159  -0.0107152  -0.0458041
-1.88496  3.14159  3.14159  -0.0149254  -0.0477014
-0.628319  3.14159  3.14159  -0.0194347  -0.0309237
0.628319  3.14159  3.14159  -0.0194376  0.030924
1.88496  3.14159  3.14159  -0.0149282  0.0477016
3.14159  3.14159  3.14159  -0.0107171  0.0458041
4.39823  3.14159  3.14159  -0.0076017  0.0399345
5.65487  3.14159  3.14159  -0.00544321  0.0342192
6.9115  3.14159  3.14159  -0.00397049  0.0294672
8.16814  3.14159  3.14159  -0.0029606  0.025657
10.6814  3.14159  3.14159  -0.00176012  0.0201486
15.708  3.14159  3.14159  -0.000780772  0.0138896
33.3009  3.14159  3.14159  -0.000156062  0.00655977
