-54.6637  0  0  -1.02997e-06  -1.59153e-05
-27.0177  0  0  -1.58948e-05  -0.00012041
-13.1947  0  0  -0.000220702  -0.000783361
-10.6814  0  0  -0.000452299  -0.00127794
-8.16814  0  0  -0.00105575  -0.00223863
-6.9115  0  0  -0.00170946  -0.00303932
-5.65487  0  0  -0.00288013  -0.00415582
-4.39823  0  0  -0.00500185  -0.00557651
-3.14159  0  0  -0.00867432  -0.006875
-1.88496  0  0  -0.0139653  -0.00662182
-0.628319  0  0  -0.018603  -0.00293641
0.628319  0  0  -0.018603  0.00293637
1.88496  0  0  -0.0139654  0.00662178
3.14159  0  0  -0.00867434  0.00687497
4.39823  0  0  -0.00500187  0.00557649
5.65487  0  0  -0.00288015  0.0041558
6.9115  0  0  -0.00170947  0.00303931
8.16814  0  0  -0.00105577  0.00223862
10.6814  0  0  -0.000452324  0.00127793
15.708  0  0  -0.000119108  0.000510044
33.3009  0  0  -7.12826e-06  6.68582e-05
-54.6637  0  3.14159  2.88611e-11  -1.58761e-05
-27.0177  0  3.14159  1.94604e-09  -0.000119124
-13.1947  0  3.14159  9.52292e-09  -0.000748929
-10.6814  0  3.14159  1.16741e-08  -0.00120039
-8.16814  0  3.14159  1.37546e-08  -0.0020653
-6.9115  0  3.14159  1.51017e-08  -0.00280767
-5.65487  0  3.14159  1.71468e-08  -0.00395368
-4.39823  0  3.14159  2.07424e-08  -0.00589707
-3.14159  0  3.14159  2.77416e-08  -0.00990446
-1.88496  0  3.14159  4.47186e-08  -0.0233222
-0.628319  0  3.14159  1.29826e-07  -0.295307
0.628319  0  3.14159  -1.31823e-07  0.295307
1.88496  0  3.14159  -4.27795e-08  0.0233222
3.14159  0  3.14159  -2.51315e-08  0.00990446
4.39823  0  3.14159  -1.74637e-08  0.00589707
5.65487  0  3.14159  -1.3068e-08  0.00395367
6.9115  0  3.14159  -1.01545e-08  0.00280767
8.16814  0  3.14159  -8.13494e-09  0.0020653
10.6814  0  3.14159  -5.78934e-09  0.00120039
15.708  0  3.14159  -4.36362e-09  0.000493696
33.3009  0  3.14159  -2.00217e-09  6.63974e-05
-54.6637  3.14159  0  2.88611e-11  -1.58761e-05
-27.0177  3.14159  0  1.94604e-09  -0.000119124
-13.1947  3.14159  0  9.52292e-09  -0.000748929
-10.6814  3.14159  0  1.16741e-08  -0.00120039
-8.16814  3.14159  0  1.37546e-08  -0.0020653
-6.9115  3.14159  0  1.51017e-08  -0.00280767
-5.65487  3.14159  0  1.71468e-08  -0.00395368
-4.39823  3.14159  0  2.07424e-08  -0.00589707
-3.14159  3.14159  0  2.77416e-08  -0.00990446
-1.88496  3.14159  0  4.47186e-08  -0.0233222
-0.628319  3.14159  0  1.29826e-07  -0.295307
0.628319  3.14159  0  -1.31823e-07  0.295307
1.88496  3.14159  0  -4.27795e-08  0.0233222
3.14159  3.14159  0  -2.51315e-08  0.00990446
4.39823  3.14159  0  -1.74637e-08  0.00589707
5.65487  3.14159  0  -1.3068e-08  0.00395367
6.9115  3.14159  0  -1.01545e-08  0.00280767
8.16814  3.14159  0  -8.13494e-09  0.0020653
10.6814  3.14159  0  -5.78934e-09  0.00120039
15.708  3.14159  0  -4.36362e-09  0.000493696
33.3009  3.14159  0  -2.00217e-09  6.63974e-05
-54.6637  3.14159  3.14159  1.02989e-06  -1.59153e-05
-27.0177  3.14159  3.14159  1.5898e-05  -0.00012041
-13.1947  3.14159  3.14159  0.000220726  -0.000783354
-10.6814  3.14159  3.14159  0.000452331  -0.00127793
-8.16814  3.14159  3.14159  0.00105578  -0.00223862
-6.9115  3.14159  3.14159  0.00170947  -0.00303931
-5.65487  3.14159  3.14159  0.00288014  -0.00415581
-4.39823  3.14159  3.14159  0.00500187  -0.00557649
-3.14159  3.14159  3.14159  0.00867434  -0.00687497
-1.88496  3.14159  3.14159  0.0139654  -0.00662179
-0.628319  3.14159  3.14159  0.018603  -0.00293637
0.628319  3.14159  3.14159  0.018603  0.00293641
1.88496  3.14159  3.14159  0.0139653  0.00662182
3.14159  3.14159  3.14159  0.00867431  0.006875
4.39823  3.14159  3.14159  0.00500185  0.00557651
5.65487  3.14159  3.14159  0.00288012  0.00415582
6.9115  3.14159  3.14159  0.00170945  0.00303932
8.16814  3.14159  3.14159  0.00105576  0.00223863
10.6814  3.14159  3.14159  0.000452319  0.00127794
15.708  3.14159  3.14159  0.000119099  0.000510046
33.3009  3.14159  3.14159  7.12413e-06  6.68587e-05
