-54.6637  0  0  4.00158e-06  -0.00156378
-27.0177  0  0  1.28772e-05  -0.00300343
-13.1947  0  0  2.78474e-05  -0.005158
-10.6814  0  0  3.72654e-05  -0.00579464
-8.16814  0  0  7.11776e-05  -0.00648149
-6.9115  0  0  0.000118769  -0.00680951
-5.65487  0  0  0.000218918  -0.00708848
-4.39823  0  0  0.000426687  -0.00727062
-3.14159  0  0  0.000838706  -0.00727605
-1.88496  0  0  0.00157494  -0.00684274
-0.628319  0  0  0.00256355  -0.00450281
0.628319  0  0  0.00256353  0.00450281
1.88496  0  0  0.00157488  0.00684269
3.14159  0  0  0.000838655  0.00727603
4.39823  0  0  0.000426625  0.00727064
5.65487  0  0  0.000218867  0.00708848
6.9115  0  0  0.000118688  0.0068095
8.16814  0  0  7.11418e-05  0.00648148
10.6814  0  0  3.72098e-05  0.00579464
15.708  0  0  2.35793e-05  0.0046067
33.3009  0  0  9.40829e-06  0.00249312
-54.6637  0  3.14159  -2.81122e-08  -0.00156456
-27.0177  0  3.14159  -1.04858e-07  -0.00301027
-13.1947  0  3.14159  -3.47851e-07  -0.00522626
-10.6814  0  3.14159  -4.81585e-07  -0.00592782
-8.16814  0  3.14159  -6.66861e-07  -0.00677903
-6.9115  0  3.14159  -8.45645e-07  -0.00727784
-5.65487  0  3.14159  -1.03836e-06  -0.00784887
-4.39823  0  3.14159  -1.27184e-06  -0.00852955
-3.14159  0  3.14159  -1.78518e-06  -0.00937796
-1.88496  0  3.14159  -2.66688e-06  -0.0104434
-0.628319  0  3.14159  -4.08971e-06  -0.0115335
0.628319  0  3.14159  -4.23836e-06  0.0115337
1.88496  0  3.14159  -2.85389e-06  0.0104434
3.14159  0  3.14159  -1.86787e-06  0.00937797
4.39823  0  3.14159  -1.38702e-06  0.00852956
5.65487  0  3.14159  -1.11815e-06  0.00784887
6.9115  0  3.14159  -8.8111e-07  0.00727784
8.16814  0  3.14159  -7.56137e-07  0.00677903
10.6814  0  3.14159  -5.25289e-07  0.00592782
15.708  0  3.14159  -2.99721e-07  0.00464564
33.3009  0  3.14159  -8.43286e-08  0.00249667
-54.6637  3.14159  0  -2.81122e-08  -0.00156456
-27.0177  3.14159  0  -1.04858e-07  -0.00301027
-13.1947  3.14159  0  -3.47851e-07  -0.00522626
-10.6814  3.14159  0  -4.81585e-07  -0.00592782
-8.16814  3.14159  0  -6.66861e-07  -0.00677903
-6.9115  3.14159  0  -8.45645e-07  -0.00727784
-5.65487  3.14159  0  -1.03836e-06  -0.00784887
-4.39823  3.14159  0  -1.27184e-06  -0.00852955
-3.14159  3.14159  0  -1.78518e-06  -0.00937796
-1.88496  3.14159  0  -2.66688e-06  -0.0104434
-0.628319  3.14159  0  -4.08971e-06  -0.0115335
0.628319  3.14159  0  -4.23836e-06  0.0115337
1.88496  3.14159  0  -2.85389e-06  0.0104434
3.14159  3.14159  0  -1.86787e-06  0.00937797
4.39823  3.14159  0  -1.38702e-06  0.00852956
5.65487  3.14159  0  -1.11815e-06  0.00784887
6.9115  3.14159  0  -8.8111e-07  0.00727784
8.16814  3.14159  0  -7.56137e-07  0.00677903
10.6814  3.14159  0  -5.25289e-07  0.00592782
15.708  3.14159  0  -2.99721e-07  0.00464564
33.3009  3.14159  0  -8.43286e-08  0.00249667
-54.6637  3.14159  3.14159  -4.05387e-06  -0.00156378
-27.0177  3.14159  3.14159  -1.30828e-05  -0.00300343
-13.1947  3.14159  3.14159  -2.85522e-05  -0.005158
-10.6814  3.14159  3.14159  -3.81591e-05  -0.00579464
-8.16814  3.14159  3.14159  -7.24327e-05  -0.00648147
-6.9115  3.14159  3.14159  -0.000120166  -0.00680947
-5.65487  3.14159  3.14159  -0.000220524  -0.00708841
-4.39823  3.14159  3.14159  -0.000428387  -0.00727048
-3.14159  3.14159  3.14159  -0.000840824  -0.00727577
-1.88496  3.14159  3.14159  -0.00157746  -0.00684228
-0.628319  3.14159  3.14159  -0.00256517  -0.00450233
0.628319  3.14159  3.14159  -0.00256519  0.00450233
1.88496  3.14159  3.14159  -0.00157752  0.00684223
3.14159  3.14159  3.14159  -0.000840876  0.00727576
4.39823  3.14159  3.14159  -0.000428449  0.0072705
5.65487  3.14159  3.14159  -0.000220575  0.00708841
6.9115  3.14159  3.14159  -0.000120246  0.00680947
8.16814  3.14159  3.14159  -7.24684e-05  0.00648147
10.6814  3.14159  3.14159  -3.82145e-05  0.00579464
15.708  3.14159  3.14159  -2.4183e-05  0.0046067
33.3009  3.14159  3.14159  -9.56582e-06  0.00249312
