-54.6637  0  0  2.043e-07  -1.41296e-05
-27.0177  0  0  3.02495e-06  -0.00010868
-13.1947  0  0  4.22768e-05  -0.00072374
-10.6814  0  0  8.57106e-05  -0.00118515
-8.16814  0  0  0.000195472  -0.00208797
-6.9115  0  0  0.00031176  -0.00286055
-5.65487  0  0  0.000519445  -0.00400569
-4.39823  0  0  0.000909799  -0.00571011
-3.14159  0  0  0.00167985  -0.00813008
-1.88496  0  0  0.00321068  -0.0107182
-0.628319  0  0  0.00572431  -0.00901091
0.628319  0  0  0.00572431  0.00901091
1.88496  0  0  0.00321068  0.0107182
3.14159  0  0  0.00167985  0.00813008
4.39823  0  0  0.000909796  0.00571011
5.65487  0  0  0.000519443  0.00400569
6.9115  0  0  0.000311759  0.00286055
8.16814  0  0  0.00019547  0.00208797
10.6814  0  0  8.57094e-05  0.00118515
15.708  0  0  2.28757e-05  0.000469089
33.3009  0  0  1.35646e-06  5.99606e-05
-54.6637  0  3.14159  2.07311e-08  -1.41294e-05
-27.0177  0  3.14159  8.11961e-08  -0.000108694
-13.1947  0  3.14159  2.9224e-07  -0.000725586
-10.6814  0  3.14159  4.09462e-07  -0.00119061
-8.16814  0  3.14159  6.04648e-07  -0.00210624
-6.9115  0  3.14159  7.5184e-07  -0.00289682
-5.65487  0  3.14159  9.50991e-07  -0.00408613
-4.39823  0  3.14159  1.22658e-06  -0.0059265
-3.14159  0  3.14159  1.60845e-06  -0.00888778
-1.88496  0  3.14159  2.02196e-06  -0.0140462
-0.628319  0  3.14159  7.54008e-07  -0.0241622
0.628319  0  3.14159  7.2647e-07  0.0241622
1.88496  0  3.14159  2.01387e-06  0.0140462
3.14159  0  3.14159  1.60383e-06  0.00888778
4.39823  0  3.14159  1.22337e-06  0.0059265
5.65487  0  3.14159  9.48583e-07  0.00408613
6.9115  0  3.14159  7.49693e-07  0.00289682
8.16814  0  3.14159  6.028e-07  0.00210624
10.6814  0  3.14159  4.08113e-07  0.00119061
15.708  0  3.14159  2.16764e-07  0.00046977
33.3009  0  3.14159  5.42673e-08  5.99621e-05
-54.6637  3.14159  0  2.07311e-08  -1.41294e-05
-27.0177  3.14159  0  8.11961e-08  -0.000108694
-13.1947  3.14159  0  2.9224e-07  -0.000725586
-10.6814  3.14159  0  4.09462e-07  -0.00119061
-8.16814  3.14159  0  6.04648e-07  -0.00210624
-6.9115  3.14159  0  7.5184e-07  -0.00289682
-5.65487  3.14159  0  9.50991e-07  -0.00408613
-4.39823  3.14159  0  1.22658e-06  -0.0059265
-3.14159  3.14159  0  1.60845e-06  -0.00888778
-1.88496  3.14159  0  2.02196e-06  -0.0140462
-0.628319  3.14159  0  7.54008e-07  -0.0241622
0.628319  3.14159  0  7.2647e-07  0.0241622
1.88496  3.14159  0  2.01387e-06  0.0140462
3.14159  3.14159  0  1.60383e-06  0.00888778
4.39823  3.14159  0  1.22337e-06  0.0059265
5.65487  3.14159  0  9.48583e-07  0.00408613
6.9115  3.14159  0  7.49693e-07  0.00289682
8.16814  3.14159  0  6.028e-07  0.00210624
10.6814  3.14159  0  4.08113e-07  0.00119061
15.708  3.14159  0  2.16764e-07  0.00046977
33.3009  3.14159  0  5.42673e-08  5.99621e-05
-54.6637  3.14159  3.14159  -1.62857e-07  -1.41302e-05
-27.0177  3.14159  3.14159  -2.86303e-06  -0.000108685
-13.1947  3.14159  3.14159  -4.17028e-05  -0.000723794
-10.6814  3.14159  3.14159  -8.49164e-05  -0.00118525
-8.16814  3.14159  3.14159  -0.000194332  -0.00208819
-6.9115  3.14159  3.14159  -0.000310383  -0.00286088
-5.65487  3.14159  3.14159  -0.000517795  -0.00400622
-4.39823  3.14159  3.14159  -0.000907904  -0.00571095
-3.14159  3.14159  3.14159  -0.00167795  -0.00813136
-1.88496  3.14159  3.14159  -0.00320949  -0.0107198
-0.628319  3.14159  3.14159  -0.00572454  -0.00901202
0.628319  3.14159  3.14159  -0.00572455  0.00901202
1.88496  3.14159  3.14159  -0.0032095  0.0107198
3.14159  3.14159  3.14159  -0.00167795  0.00813136
4.39823  3.14159  3.14159  -0.000907907  0.00571095
5.65487  3.14159  3.14159  -0.000517798  0.00400622
6.9115  3.14159  3.14159  -0.000310385  0.00286088
8.16814  3.14159  3.14159  -0.000194333  0.00208819
10.6814  3.14159  3.14159  -8.49176e-05  0.00118525
15.708  3.14159  3.14159  -2.24475e-05  0.000469121
33.3009  3.14159  3.14159  -1.2482e-06  5.99635e-05
