-54.6637  0  0  -2.9301e-05  0.00159092
-27.0177  0  0  -0.000119693  0.0032061
-13.1947  0  0  -0.000498989  0.00645626
-10.6814  0  0  -0.000756299  0.00788188
-8.16814  0  0  -0.0012645  0.0100544
-6.9115  0  0  -0.00171643  0.0116023
-5.65487  0  0  -0.00242276  0.0136134
-4.39823  0  0  -0.00356731  0.01622
-3.14159  0  0  -0.00546484  0.0193633
-1.88496  0  0  -0.0085496  0.0217205
-0.628319  0  0  -0.0127818  0.0160845
0.628319  0  0  -0.0127815  -0.0160846
1.88496  0  0  -0.00854934  -0.0217205
3.14159  0  0  -0.00546462  -0.0193634
4.39823  0  0  -0.00356713  -0.0162201
5.65487  0  0  -0.00242261  -0.0136134
6.9115  0  0  -0.0017163  -0.0116023
8.16814  0  0  -0.00126438  -0.0100544
10.6814  0  0  -0.000756209  -0.00788189
15.708  0  0  -0.000352901  -0.00545858
33.3009  0  0  -7.88192e-05  -0.00260582
-54.6637  0  3.14159  -4.34333e-11  0.00159244
-27.0177  0  3.14159  1.7677e-08  0.00321862
-13.1947  0  3.14159  1.13941e-07  0.00656124
-10.6814  0  3.14159  1.85081e-07  0.00807556
-8.16814  0  3.14159  3.31962e-07  0.0104643
-6.9115  0  3.14159  4.69669e-07  0.0122413
-5.65487  0  3.14159  7.01001e-07  0.0146722
-4.39823  0  3.14159  1.12e-06  0.0181274
-3.14159  0  3.14159  1.98396e-06  0.0232635
-1.88496  0  3.14159  4.19102e-06  0.0313555
-0.628319  0  3.14159  1.26209e-05  0.0440181
0.628319  0  3.14159  1.39169e-05  -0.0440182
1.88496  0  3.14159  4.64517e-06  -0.0313556
3.14159  0  3.14159  2.27518e-06  -0.0232635
4.39823  0  3.14159  1.33787e-06  -0.0181274
5.65487  0  3.14159  8.73388e-07  -0.0146722
6.9115  0  3.14159  6.10013e-07  -0.0122413
8.16814  0  3.14159  4.52025e-07  -0.0104643
10.6814  0  3.14159  2.7999e-07  -0.00807556
15.708  0  3.14159  1.40546e-07  -0.00552142
33.3009  0  3.14159  3.83916e-08  -0.00261253
-54.6637  3.14159  0  -4.34333e-11  0.00159244
-27.0177  3.14159  0  1.7677e-08  0.00321862
-13.1947  3.14159  0  1.13941e-07  0.00656124
-10.6814  3.14159  0  1.85081e-07  0.00807556
-8.16814  3.14159  0  3.31962e-07  0.0104643
-6.9115  3.14159  0  4.69669e-07  0.0122413
-5.65487  3.14159  0  7.01001e-07  0.0146722
-4.39823  3.14159  0  1.12e-06  0.0181274
-3.14159  3.14159  0  1.98396e-06  0.0232635
-1.88496  3.14159  0  4.19102e-06  0.0313555
-0.628319  3.14159  0  1.26209e-05  0.0440181
0.628319  3.14159  0  1.39169e-05  -0.0440182
1.88496  3.14159  0  4.64517e-06  -0.0313556
3.14159  3.14159  0  2.27518e-06  -0.0232635
4.39823  3.14159  0  1.33787e-06  -0.0181274
5.65487  3.14159  0  8.73388e-07  -0.0146722
6.9115  3.14159  0  6.10013e-07  -0.0122413
8.16814  3.14159  0  4.52025e-07  -0.0104643
10.6814  3.14159  0  2.7999e-07  -0.00807556
15.708  3.14159  0  1.40546e-07  -0.00552142
33.3009  3.14159  0  3.83916e-08  -0.00261253
-54.6637  3.14159  3.14159  2.92998e-05  0.00159092
-27.0177  3.14159  3.14159  0.000119728  0.00320609
-13.1947  3.14159  3.14159  0.000499204  0.00645621
-10.6814  3.14159  3.14159  0.000756636  0.0078818
-8.16814  3.14159  3.14159  0.00126507  0.0100543
-6.9115  3.14159  3.14159  0.00171721  0.0116021
-5.65487  3.14159  3.14159  0.00242384  0.013613
-4.39823  3.14159  3.14159  0.00356889  0.0162193
-3.14159  3.14159  3.14159  0.00546722  0.0193622
-1.88496  3.14159  3.14159  0.00855309  0.0217186
-0.628319  3.14159  3.14159  0.0127853  0.0160826
0.628319  3.14159  3.14159  0.0127855  -0.0160825
1.88496  3.14159  3.14159  0.00855336  -0.0217186
3.14159  3.14159  3.14159  0.00546744  -0.0193621
4.39823  3.14159  3.14159  0.00356907  -0.0162193
5.65487  3.14159  3.14159  0.00242399  -0.013613
6.9115  3.14159  3.14159  0.00171734  -0.0116021
8.16814  3.14159  3.14159  0.00126518  -0.0100543
10.6814  3.14159  3.14159  0.000756725  -0.0078818
15.708  3.14159  3.14159  0.000353171  -0.00545855
33.3009  3.14159  3.14159  7.88985e-05  -0.00260582
