-54.6637  0  0  3.97125e-06  -0.00157251
-27.0177  0  0  1.26046e-05  -0.00302082
-13.1947  0  0  2.67468e-05  -0.00519144
-10.6814  0  0  3.57024e-05  -0.0058342
-8.16814  0  0  6.89663e-05  -0.00652912
-6.9115  0  0  0.000116117  -0.00686185
-5.65487  0  0  0.000215796  -0.00714559
-4.39823  0  0  0.000423085  -0.00733146
-3.14159  0  0  0.000835013  -0.00733736
-1.88496  0  0  0.00157212  -0.00689739
-0.628319  0  0  0.00256408  -0.0045356
0.628319  0  0  0.00256343  0.0045357
1.88496  0  0  0.00157102  0.00689747
3.14159  0  0  0.000833793  0.0073374
4.39823  0  0  0.000421938  0.00733148
5.65487  0  0  0.0002147  0.00714561
6.9115  0  0  0.000115125  0.00686187
8.16814  0  0  6.80966e-05  0.00652914
10.6814  0  0  3.49755e-05  0.00583422
15.708  0  0  2.22486e-05  0.00463548
33.3009  0  0  8.99248e-06  0.00250733
-54.6637  0  3.14159  -5.81242e-08  -0.00157329
-27.0177  0  3.14159  -3.73261e-07  -0.00302775
-13.1947  0  3.14159  -1.45992e-06  -0.00526052
-10.6814  0  3.14159  -2.00685e-06  -0.00596902
-8.16814  0  3.14159  -2.88851e-06  -0.00683032
-6.9115  0  3.14159  -3.5681e-06  -0.00733611
-5.65487  0  3.14159  -4.49538e-06  -0.0079161
-4.39823  0  3.14159  -5.79672e-06  -0.00860871
-3.14159  0  3.14159  -7.95873e-06  -0.00947325
-1.88496  0  3.14159  -1.18174e-05  -0.0105592
-0.628319  0  3.14159  -2.10982e-05  -0.0116856
0.628319  0  3.14159  -2.41636e-05  0.0116859
1.88496  0  3.14159  -1.38947e-05  0.0105594
3.14159  0  3.14159  -9.72482e-06  0.00947333
4.39823  0  3.14159  -7.29089e-06  0.00860876
5.65487  0  3.14159  -5.75183e-06  0.00791615
6.9115  0  3.14159  -4.66402e-06  0.00733615
8.16814  0  3.14159  -3.88259e-06  0.00683035
10.6814  0  3.14159  -2.79807e-06  0.00596904
15.708  0  3.14159  -1.62231e-06  0.00467488
33.3009  0  3.14159  -5.11407e-07  0.00251094
-54.6637  3.14159  0  -5.81242e-08  -0.00157329
-27.0177  3.14159  0  -3.73261e-07  -0.00302775
-13.1947  3.14159  0  -1.45992e-06  -0.00526052
-10.6814  3.14159  0  -2.00685e-06  -0.00596902
-8.16814  3.14159  0  -2.88851e-06  -0.00683032
-6.9115  3.14159  0  -3.5681e-06  -0.00733611
-5.65487  3.14159  0  -4.49538e-06  -0.0079161
-4.39823  3.14159  0  -5.79672e-06  -0.00860871
-3.14159  3.14159  0  -7.95873e-06  -0.00947325
-1.88496  3.14159  0  -1.18174e-05  -0.0105592
-0.628319  3.14159  0  -2.10982e-05  -0.0116856
0.628319  3.14159  0  -2.41636e-05  0.0116859
1.88496  3.14159  0  -1.38947e-05  0.0105594
3.14159  3.14159  0  -9.72482e-06  0.00947333
4.39823  3.14159  0  -7.29089e-06  0.00860876
5.65487  3.14159  0  -5.75183e-06  0.00791615
6.9115  3.14159  0  -4.66402e-06  0.00733615
8.16814  3.14159  0  -3.88259e-06  0.00683035
10.6814  3.14159  0  -2.79807e-06  0.00596904
15.708  3.14159  0  -1.62231e-06  0.00467488
33.3009  3.14159  0  -5.11407e-07  0.00251094
-54.6637  3.14159  3.14159  -4.08755e-06  -0.00157251
-27.0177  3.14159  3.14159  -1.33607e-05  -0.00302081
-13.1947  3.14159  3.14159  -2.95675e-05  -0.00519143
-10.6814  3.14159  3.14159  -3.95263e-05  -0.00583418
-8.16814  3.14159  3.14159  -7.4202e-05  -0.00652904
-6.9115  3.14159  3.14159  -0.000122169  -0.00686169
-5.65487  3.14159  3.14159  -0.000222743  -0.00714526
-4.39823  3.14159  3.14159  -0.000430899  -0.00733078
-3.14159  3.14159  3.14159  -0.000843775  -0.00733606
-1.88496  3.14159  3.14159  -0.00158175  -0.00689523
-0.628319  3.14159  3.14159  -0.00257289  -0.00453337
0.628319  3.14159  3.14159  -0.00257354  0.00453336
1.88496  3.14159  3.14159  -0.00158285  0.00689531
3.14159  3.14159  3.14159  -0.000844995  0.00733613
4.39823  3.14159  3.14159  -0.000432047  0.00733083
5.65487  3.14159  3.14159  -0.000223839  0.0071453
6.9115  3.14159  3.14159  -0.000123161  0.00686173
8.16814  3.14159  3.14159  -7.50718e-05  0.00652907
10.6814  3.14159  3.14159  -4.02534e-05  0.0058342
15.708  3.14159  3.14159  -2.54778e-05  0.00463548
33.3009  3.14159  3.14159  -9.98762e-06  0.00250733
