-54.6637  0  0  7.5805e-06  -0.00211407
-27.0177  0  0  7.5759e-06  -0.00434513
-13.1947  0  0  6.18936e-06  -0.007296
-10.6814  0  0  1.70592e-05  -0.00905665
-8.16814  0  0  -2.48649e-05  -0.0102338
-6.9115  0  0  0.000108027  -0.0108205
-5.65487  0  0  0.00025365  -0.0109945
-4.39823  0  0  0.000598117  -0.0119217
-3.14159  0  0  0.000623617  -0.0110442
-1.88496  0  0  0.000953912  -0.0102982
-0.628319  0  0  0.00344799  -0.00757971
0.628319  0  0  0.00366058  0.00753927
1.88496  0  0  0.000811054  0.0102414
3.14159  0  0  0.000516148  0.011038
4.39823  0  0  0.000635431  0.0119244
5.65487  0  0  0.000234064  0.0109686
6.9115  0  0  5.6085e-05  0.0108121
8.16814  0  0  8.32301e-05  0.0102208
10.6814  0  0  5.03631e-05  0.00905086
15.708  0  0  -1.38629e-05  0.00664106
33.3009  0  0  2.9319e-05  0.00350968
-54.6637  0  3.14159  5.77479e-06  -0.00211277
-27.0177  0  3.14159  -2.24552e-05  -0.00404536
-13.1947  0  3.14159  0.000151782  -0.00813479
-10.6814  0  3.14159  -9.71639e-05  -0.0084434
-8.16814  0  3.14159  -0.000396285  -0.0105305
-6.9115  0  3.14159  -3.98885e-05  -0.00997131
-5.65487  0  3.14159  -0.000114866  -0.0143362
-4.39823  0  3.14159  0.000225389  -0.0155093
-3.14159  0  3.14159  0.000452874  -0.0182655
-1.88496  0  3.14159  -5.03784e-05  -0.0218182
-0.628319  0  3.14159  0.00168171  -0.0133964
0.628319  0  3.14159  0.00266638  0.0131281
1.88496  0  3.14159  -0.000713924  0.0216388
3.14159  0  3.14159  -1.52154e-05  0.018233
4.39823  0  3.14159  0.000381057  0.0155123
5.65487  0  3.14159  -0.000210695  0.0142236
6.9115  0  3.14159  -0.000220509  0.00993564
8.16814  0  3.14159  7.61571e-05  0.0104805
10.6814  0  3.14159  5.847e-05  0.00841816
15.708  0  3.14159  -7.50665e-05  0.00740547
33.3009  0  3.14159  5.79414e-05  0.00287797
-54.6637  3.14159  0  5.77479e-06  -0.00211277
-27.0177  3.14159  0  -2.24552e-05  -0.00404536
-13.1947  3.14159  0  0.000151782  -0.00813479
-10.6814  3.14159  0  -9.71639e-05  -0.0084434
-8.16814  3.14159  0  -0.000396285  -0.0105305
-6.9115  3.14159  0  -3.98885e-05  -0.00997131
-5.65487  3.14159  0  -0.000114866  -0.0143362
-4.39823  3.14159  0  0.000225389  -0.0155093
-3.14159  3.14159  0  0.000452874  -0.0182655
-1.88496  3.14159  0  -5.03784e-05  -0.0218182
-0.628319  3.14159  0  0.00168171  -0.0133964
0.628319  3.14159  0  0.00266638  0.0131281
1.88496  3.14159  0  -0.000713924  0.0216388
3.14159  3.14159  0  -1.52154e-05  0.018233
4.39823  3.14159  0  0.000381057  0.0155123
5.65487  3.14159  0  -0.000210695  0.0142236
6.9115  3.14159  0  -0.000220509  0.00993564
8.16814  3.14159  0  7.61571e-05  0.0104805
10.6814  3.14159  0  5.847e-05  0.00841816
15.708  3.14159  0  -7.50665e-05  0.00740547
33.3009  3.14159  0  5.79414e-05  0.00287797
-54.6637  3.14159  3.14159  -8.14326e-07  -0.00211407
-27.0177  3.14159  3.14159  -1.93421e-05  -0.00434505
-13.1947  3.14159  3.14159  -4.86758e-05  -0.00729596
-10.6814  3.14159  3.14159  -5.24514e-05  -0.00905637
-8.16814  3.14159  3.14159  -0.000152192  -0.0102336
-6.9115  3.14159  3.14159  -0.00010561  -0.0108207
-5.65487  3.14159  3.14159  -0.000149241  -0.0109946
-4.39823  3.14159  3.14159  -0.000212929  -0.0119219
-3.14159  3.14159  3.14159  -0.00103326  -0.0110447
-1.88496  3.14159  3.14159  -0.00230908  -0.0102986
-0.628319  3.14159  3.14159  -0.00227093  -0.00757512
0.628319  3.14159  3.14159  -0.00205812  0.00753572
1.88496  3.14159  3.14159  -0.0024515  0.010242
3.14159  3.14159  3.14159  -0.00114053  0.0110384
4.39823  3.14159  3.14159  -0.000175554  0.0119245
5.65487  3.14159  3.14159  -0.000168781  0.0109687
6.9115  3.14159  3.14159  -0.000157455  0.0108122
8.16814  3.14159  3.14159  -4.41593e-05  0.0102207
10.6814  3.14159  3.14159  -1.92759e-05  0.00905057
15.708  3.14159  3.14159  -6.18164e-05  0.00664105
33.3009  3.14159  3.14159  9.56126e-06  0.0035096
