-54.6637  0  0  2.82498e-07  -1.4133e-05
-27.0177  0  0  3.3311e-06  -0.000108707
-13.1947  0  0  4.33703e-05  -0.000723954
-10.6814  0  0  8.72272e-05  -0.00118553
-8.16814  0  0  0.000197649  -0.00208877
-6.9115  0  0  0.00031438  -0.00286179
-5.65487  0  0  0.000522556  -0.00400777
-4.39823  0  0  0.00091332  -0.00571384
-3.14159  0  0  0.00168335  -0.00813729
-1.88496  0  0  0.00321336  -0.0107319
-0.628319  0  0  0.00572752  -0.00902746
0.628319  0  0  0.0057271  0.00902752
1.88496  0  0  0.00321302  0.0107319
3.14159  0  0  0.00168316  0.00813726
4.39823  0  0  0.000913215  0.00571382
5.65487  0  0  0.000522494  0.00400775
6.9115  0  0  0.000314342  0.00286178
8.16814  0  0  0.000197623  0.00208876
10.6814  0  0  8.72144e-05  0.00118553
15.708  0  0  2.36895e-05  0.000469216
33.3009  0  0  1.56158e-06  5.99743e-05
-54.6637  0  3.14159  9.89474e-08  -1.41339e-05
-27.0177  0  3.14159  3.87828e-07  -0.000108731
-13.1947  0  3.14159  1.40018e-06  -0.000725896
-10.6814  0  3.14159  1.96441e-06  -0.00119118
-8.16814  0  3.14159  2.90641e-06  -0.00210741
-6.9115  0  3.14159  3.61955e-06  -0.00289861
-5.65487  0  3.14159  4.58924e-06  -0.00408903
-4.39823  0  3.14159  5.93696e-06  -0.00593154
-3.14159  0  3.14159  7.82265e-06  -0.00889762
-1.88496  0  3.14159  9.96212e-06  -0.0140707
-0.628319  0  3.14159  4.57131e-06  -0.0242706
0.628319  0  3.14159  2.4901e-06  0.0242706
1.88496  0  3.14159  9.54331e-06  0.0140707
3.14159  0  3.14159  7.64878e-06  0.00889758
4.39823  0  3.14159  5.8445e-06  0.00593151
5.65487  0  3.14159  4.53533e-06  0.00408901
6.9115  0  3.14159  3.58539e-06  0.0028986
8.16814  0  3.14159  2.88348e-06  0.0021074
10.6814  0  3.14159  1.95268e-06  0.00119117
15.708  0  3.14159  1.03723e-06  0.000469953
33.3009  0  3.14159  2.5959e-07  5.99811e-05
-54.6637  3.14159  0  9.89474e-08  -1.41339e-05
-27.0177  3.14159  0  3.87828e-07  -0.000108731
-13.1947  3.14159  0  1.40018e-06  -0.000725896
-10.6814  3.14159  0  1.96441e-06  -0.00119118
-8.16814  3.14159  0  2.90641e-06  -0.00210741
-6.9115  3.14159  0  3.61955e-06  -0.00289861
-5.65487  3.14159  0  4.58924e-06  -0.00408903
-4.39823  3.14159  0  5.93696e-06  -0.00593154
-3.14159  3.14159  0  7.82265e-06  -0.00889762
-1.88496  3.14159  0  9.96212e-06  -0.0140707
-0.628319  3.14159  0  4.57131e-06  -0.0242706
0.628319  3.14159  0  2.4901e-06  0.0242706
1.88496  3.14159  0  9.54331e-06  0.0140707
3.14159  3.14159  0  7.64878e-06  0.00889758
4.39823  3.14159  0  5.8445e-06  0.00593151
5.65487  3.14159  0  4.53533e-06  0.00408901
6.9115  3.14159  0  3.58539e-06  0.0028986
8.16814  3.14159  0  2.88348e-06  0.0021074
10.6814  3.14159  0  1.95268e-06  0.00119117
15.708  3.14159  0  1.03723e-06  0.000469953
33.3009  3.14159  0  2.5959e-07  5.99811e-05
-54.6637  3.14159  3.14159  -8.47519e-08  -1.41359e-05
-27.0177  3.14159  3.14159  -2.5582e-06  -0.000108733
-13.1947  3.14159  3.14159  -4.06213e-05  -0.000724214
-10.6814  3.14159  3.14159  -8.34162e-05  -0.00118603
-8.16814  3.14159  3.14159  -0.000192162  -0.00208983
-6.9115  3.14159  3.14159  -0.000307741  -0.00286341
-5.65487  3.14159  3.14159  -0.000514585  -0.0040103
-4.39823  3.14159  3.14159  -0.000904122  -0.00571785
-3.14159  3.14159  3.14159  -0.00167403  -0.00814341
-1.88496  3.14159  3.14159  -0.00320733  -0.01074
-0.628319  3.14159  3.14159  -0.00572844  -0.00903288
0.628319  3.14159  3.14159  -0.00572883  0.00903285
1.88496  3.14159  3.14159  -0.00320763  0.0107399
3.14159  3.14159  3.14159  -0.00167419  0.0081434
4.39823  3.14159  3.14159  -0.00090421  0.00571783
5.65487  3.14159  3.14159  -0.000514637  0.00401029
6.9115  3.14159  3.14159  -0.000307773  0.0028634
8.16814  3.14159  3.14159  -0.000192183  0.00208982
10.6814  3.14159  3.14159  -8.34272e-05  0.00118603
15.708  3.14159  3.14159  -2.1641e-05  0.000469366
33.3009  3.14159  3.14159  -1.04365e-06  5.99879e-05
