-54.6637  0  0  -3.56302e-05  0.00214907
-27.0177  0  0  -0.000145362  0.00432734
-13.1947  0  0  -0.000601626  0.00868743
-10.6814  0  0  -0.000908122  0.010587
-8.16814  0  0  -0.00150943  0.0134675
-6.9115  0  0  -0.00204216  0.0155111
-5.65487  0  0  -0.00287407  0.0181628
-4.39823  0  0  -0.00422746  0.0216101
-3.14159  0  0  -0.00650322  0.025866
-1.88496  0  0  -0.0103359  0.0295828
-0.628319  0  0  -0.0161673  0.0237747
0.628319  0  0  -0.016169  -0.0237741
1.88496  0  0  -0.0103364  -0.0295825
3.14159  0  0  -0.00650363  -0.0258658
4.39823  0  0  -0.00422775  -0.0216099
5.65487  0  0  -0.00287435  -0.0181627
6.9115  0  0  -0.00204243  -0.015511
8.16814  0  0  -0.00150966  -0.0134675
10.6814  0  0  -0.000908295  -0.010587
15.708  0  0  -0.000426831  -0.00735322
33.3009  0  0  -9.58628e-05  -0.00351841
-54.6637  0  3.14159  4.34019e-08  0.00215166
-27.0177  0  3.14159  -2.18979e-08  0.0043482
-13.1947  0  3.14159  4.41888e-08  0.00885924
-10.6814  0  3.14159  3.19467e-07  0.0109019
-8.16814  0  3.14159  2.77283e-07  0.014132
-6.9115  0  3.14159  3.17436e-07  0.0165448
-5.65487  0  3.14159  1.81241e-07  0.0198772
-4.39823  0  3.14159  1.72337e-09  0.0247013
-3.14159  0  3.14159  1.98286e-07  0.0321658
-1.88496  0  3.14159  -3.95129e-09  0.0451708
-0.628319  0  3.14159  4.69659e-06  0.0837433
0.628319  0  3.14159  2.7599e-06  -0.083746
1.88496  0  3.14159  -5.55961e-07  -0.0451711
3.14159  0  3.14159  1.01134e-07  -0.0321662
4.39823  0  3.14159  3.73219e-07  -0.024701
5.65487  0  3.14159  2.8479e-08  -0.019877
6.9115  0  3.14159  -4.52643e-07  -0.0165448
8.16814  0  3.14159  -2.64018e-07  -0.0141318
10.6814  0  3.14159  -6.0064e-08  -0.0109018
15.708  0  3.14159  9.39618e-10  -0.00745617
33.3009  0  3.14159  -3.42663e-08  -0.00352943
-54.6637  3.14159  0  4.34019e-08  0.00215166
-27.0177  3.14159  0  -2.18979e-08  0.0043482
-13.1947  3.14159  0  4.41888e-08  0.00885924
-10.6814  3.14159  0  3.19467e-07  0.0109019
-8.16814  3.14159  0  2.77283e-07  0.014132
-6.9115  3.14159  0  3.17436e-07  0.0165448
-5.65487  3.14159  0  1.81241e-07  0.0198772
-4.39823  3.14159  0  1.72337e-09  0.0247013
-3.14159  3.14159  0  1.98286e-07  0.0321658
-1.88496  3.14159  0  -3.95129e-09  0.0451708
-0.628319  3.14159  0  4.69659e-06  0.0837433
0.628319  3.14159  0  2.7599e-06  -0.083746
1.88496  3.14159  0  -5.55961e-07  -0.0451711
3.14159  3.14159  0  1.01134e-07  -0.0321662
4.39823  3.14159  0  3.73219e-07  -0.024701
5.65487  3.14159  0  2.8479e-08  -0.019877
6.9115  3.14159  0  -4.52643e-07  -0.0165448
8.16814  3.14159  0  -2.64018e-07  -0.0141318
10.6814  3.14159  0  -6.0064e-08  -0.0109018
15.708  3.14159  0  9.39618e-10  -0.00745617
33.3009  3.14159  0  -3.42663e-08  -0.00352943
-54.6637  3.14159  3.14159  3.56591e-05  0.00214905
-27.0177  3.14159  3.14159  0.000145409  0.0043273
-13.1947  3.14159  3.14159  0.000601837  0.0086874
-10.6814  3.14159  3.14159  0.00090848  0.010587
-8.16814  3.14159  3.14159  0.00150999  0.0134674
-6.9115  3.14159  3.14159  0.00204254  0.015511
-5.65487  3.14159  3.14159  0.0028744  0.0181627
-4.39823  3.14159  3.14159  0.00422797  0.02161
-3.14159  3.14159  3.14159  0.00650383  0.0258657
-1.88496  3.14159  3.14159  0.0103416  0.0295822
-0.628319  3.14159  3.14159  0.0161753  0.0237697
0.628319  3.14159  3.14159  0.0161739  -0.0237716
1.88496  3.14159  3.14159  0.0103411  -0.0295829
3.14159  3.14159  3.14159  0.00650344  -0.0258661
4.39823  3.14159  3.14159  0.00422769  -0.0216101
5.65487  3.14159  3.14159  0.00287413  -0.0181628
6.9115  3.14159  3.14159  0.00204227  -0.0155111
8.16814  3.14159  3.14159  0.00150976  -0.0134675
10.6814  3.14159  3.14159  0.000908308  -0.010587
15.708  3.14159  3.14159  0.000426739  -0.00735326
33.3009  3.14159  3.14159  9.58376e-05  -0.0035184
