-54.6637  0  0  2.04471e-07  -1.41297e-05
-27.0177  0  0  3.02565e-06  -0.000108681
-13.1947  0  0  4.22797e-05  -0.000723747
-10.6814  0  0  8.57147e-05  -0.00118516
-8.16814  0  0  0.000195478  -0.00208799
-6.9115  0  0  0.000311767  -0.00286059
-5.65487  0  0  0.000519453  -0.00400577
-4.39823  0  0  0.000909807  -0.00571024
-3.14159  0  0  0.00167986  -0.00813032
-1.88496  0  0  0.0032107  -0.0107186
-0.628319  0  0  0.0057244  -0.00901137
0.628319  0  0  0.00572438  0.00901137
1.88496  0  0  0.00321069  0.0107186
3.14159  0  0  0.00167985  0.00813032
4.39823  0  0  0.000909802  0.00571024
5.65487  0  0  0.000519449  0.00400577
6.9115  0  0  0.000311765  0.00286059
8.16814  0  0  0.000195476  0.002088
10.6814  0  0  8.57132e-05  0.00118516
15.708  0  0  2.28777e-05  0.000469094
33.3009  0  0  1.35691e-06  5.9961e-05
-54.6637  0  3.14159  2.09008e-08  -1.41295e-05
-27.0177  0  3.14159  8.18848e-08  -0.000108695
-13.1947  0  3.14159  2.94975e-07  -0.000725594
-10.6814  0  3.14159  4.13467e-07  -0.00119062
-8.16814  0  3.14159  6.10952e-07  -0.00210627
-6.9115  0  3.14159  7.60023e-07  -0.00289686
-5.65487  0  3.14159  9.61911e-07  -0.0040862
-4.39823  0  3.14159  1.24164e-06  -0.00592663
-3.14159  0  3.14159  1.62997e-06  -0.00888803
-1.88496  0  3.14159  2.05319e-06  -0.0140468
-0.628319  0  3.14159  7.8136e-07  -0.0241649
0.628319  0  3.14159  7.02424e-07  0.0241649
1.88496  0  3.14159  2.03441e-06  0.0140468
3.14159  0  3.14159  1.62098e-06  0.00888803
4.39823  0  3.14159  1.23615e-06  0.00592663
5.65487  0  3.14159  9.58189e-07  0.0040862
6.9115  0  3.14159  7.57061e-07  0.00289686
8.16814  0  3.14159  6.08568e-07  0.00210627
10.6814  0  3.14159  4.11856e-07  0.00119062
15.708  0  3.14159  2.18649e-07  0.000469775
33.3009  0  3.14159  5.47129e-08  5.99626e-05
-54.6637  3.14159  0  2.09008e-08  -1.41295e-05
-27.0177  3.14159  0  8.18848e-08  -0.000108695
-13.1947  3.14159  0  2.94975e-07  -0.000725594
-10.6814  3.14159  0  4.13467e-07  -0.00119062
-8.16814  3.14159  0  6.10952e-07  -0.00210627
-6.9115  3.14159  0  7.60023e-07  -0.00289686
-5.65487  3.14159  0  9.61911e-07  -0.0040862
-4.39823  3.14159  0  1.24164e-06  -0.00592663
-3.14159  3.14159  0  1.62997e-06  -0.00888803
-1.88496  3.14159  0  2.05319e-06  -0.0140468
-0.628319  3.14159  0  7.8136e-07  -0.0241649
0.628319  3.14159  0  7.02424e-07  0.0241649
1.88496  3.14159  0  2.03441e-06  0.0140468
3.14159  3.14159  0  1.62098e-06  0.00888803
4.39823  3.14159  0  1.23615e-06  0.00592663
5.65487  3.14159  0  9.58189e-07  0.0040862
6.9115  3.14159  0  7.57061e-07  0.00289686
8.16814  3.14159  0  6.08568e-07  0.00210627
10.6814  3.14159  0  4.11856e-07  0.00119062
15.708  3.14159  0  2.18649e-07  0.000469775
33.3009  3.14159  0  5.47129e-08  5.99626e-05
-54.6637  3.14159  3.14159  -1.62689e-07  -1.41303e-05
-27.0177  3.14159  3.14159  -2.86236e-06  -0.000108686
-13.1947  3.14159  3.14159  -4.17003e-05  -0.000723802
-10.6814  3.14159  3.14159  -8.49127e-05  -0.00118527
-8.16814  3.14159  3.14159  -0.000194326  -0.00208822
-6.9115  3.14159  3.14159  -0.000310376  -0.00286093
-5.65487  3.14159  3.14159  -0.000517785  -0.0040063
-4.39823  3.14159  3.14159  -0.000907889  -0.00571109
-3.14159  3.14159  3.14159  -0.00167793  -0.00813161
-1.88496  3.14159  3.14159  -0.00320949  -0.0107203
-0.628319  3.14159  3.14159  -0.00572464  -0.0090125
0.628319  3.14159  3.14159  -0.00572465  0.0090125
1.88496  3.14159  3.14159  -0.0032095  0.0107203
3.14159  3.14159  3.14159  -0.00167794  0.00813161
4.39823  3.14159  3.14159  -0.000907894  0.00571109
5.65487  3.14159  3.14159  -0.000517788  0.0040063
6.9115  3.14159  3.14159  -0.000310378  0.00286093
8.16814  3.14159  3.14159  -0.000194327  0.00208822
10.6814  3.14159  3.14159  -8.49142e-05  0.00118527
15.708  3.14159  3.14159  -2.24457e-05  0.000469126
33.3009  3.14159  3.14159  -1.24776e-06  5.99639e-05
