-54.6637  0  0  4.03126e-06  -0.00156345
-27.0177  0  0  1.30021e-05  -0.00300269
-13.1947  0  0  2.83611e-05  -0.00515664
-10.6814  0  0  3.79889e-05  -0.00579281
-8.16814  0  0  7.23175e-05  -0.00647927
-6.9115  0  0  0.000120184  -0.00680702
-5.65487  0  0  0.000220734  -0.00708581
-4.39823  0  0  0.000428963  -0.00726753
-3.14159  0  0  0.000841695  -0.00727294
-1.88496  0  0  0.00157853  -0.00683967
-0.628319  0  0  0.00256661  -0.00450068
0.628319  0  0  0.00256661  0.00450068
1.88496  0  0  0.00157853  0.00683967
3.14159  0  0  0.000841694  0.00727294
4.39823  0  0  0.000428962  0.00726753
5.65487  0  0  0.000220734  0.00708581
6.9115  0  0  0.000120183  0.00680702
8.16814  0  0  7.23166e-05  0.00647927
10.6814  0  0  3.79879e-05  0.00579281
15.708  0  0  2.39813e-05  0.00460549
33.3009  0  0  9.49968e-06  0.00249255
-54.6637  0  3.14159  4.2958e-09  -0.00156423
-27.0177  0  3.14159  2.28401e-08  -0.00300958
-13.1947  0  3.14159  1.60117e-07  -0.00522485
-10.6814  0  3.14159  2.74031e-07  -0.00592618
-8.16814  0  3.14159  5.07697e-07  -0.00677689
-6.9115  0  3.14159  7.1375e-07  -0.00727556
-5.65487  0  3.14159  1.02835e-06  -0.00784608
-4.39823  0  3.14159  1.53121e-06  -0.00852622
-3.14159  0  3.14159  2.39236e-06  -0.00937407
-1.88496  0  3.14159  4.01568e-06  -0.0104381
-0.628319  0  3.14159  6.87355e-06  -0.0115271
0.628319  0  3.14159  6.87232e-06  0.0115271
1.88496  0  3.14159  4.01446e-06  0.0104381
3.14159  0  3.14159  2.39132e-06  0.00937407
4.39823  0  3.14159  1.53033e-06  0.00852622
5.65487  0  3.14159  1.02764e-06  0.00784608
6.9115  0  3.14159  7.13656e-07  0.00727556
8.16814  0  3.14159  5.0771e-07  0.00677689
10.6814  0  3.14159  2.73099e-07  0.00592617
15.708  0  3.14159  9.74494e-08  0.00464436
33.3009  0  3.14159  1.04341e-08  0.00249614
-54.6637  3.14159  0  4.2958e-09  -0.00156423
-27.0177  3.14159  0  2.28401e-08  -0.00300958
-13.1947  3.14159  0  1.60117e-07  -0.00522485
-10.6814  3.14159  0  2.74031e-07  -0.00592618
-8.16814  3.14159  0  5.07697e-07  -0.00677689
-6.9115  3.14159  0  7.1375e-07  -0.00727556
-5.65487  3.14159  0  1.02835e-06  -0.00784608
-4.39823  3.14159  0  1.53121e-06  -0.00852622
-3.14159  3.14159  0  2.39236e-06  -0.00937407
-1.88496  3.14159  0  4.01568e-06  -0.0104381
-0.628319  3.14159  0  6.87355e-06  -0.0115271
0.628319  3.14159  0  6.87232e-06  0.0115271
1.88496  3.14159  0  4.01446e-06  0.0104381
3.14159  3.14159  0  2.39132e-06  0.00937407
4.39823  3.14159  0  1.53033e-06  0.00852622
5.65487  3.14159  0  1.02764e-06  0.00784608
6.9115  3.14159  0  7.13656e-07  0.00727556
8.16814  3.14159  0  5.0771e-07  0.00677689
10.6814  3.14159  0  2.73099e-07  0.00592617
15.708  3.14159  0  9.74494e-08  0.00464436
33.3009  3.14159  0  1.04341e-08  0.00249614
-54.6637  3.14159  3.14159  -4.02403e-06  -0.00156345
-27.0177  3.14159  3.14159  -1.29574e-05  -0.00300271
-13.1947  3.14159  3.14159  -2.80417e-05  -0.00515677
-10.6814  3.14159  3.14159  -3.74434e-05  -0.00579304
-8.16814  3.14159  3.14159  -7.13107e-05  -0.00647968
-6.9115  3.14159  3.14159  -0.000118777  -0.00680757
-5.65487  3.14159  3.14159  -0.000218744  -0.00708658
-4.39823  3.14159  3.14159  -0.000426154  -0.00726857
-3.14159  3.14159  3.14159  -0.000837866  -0.00727428
-1.88496  3.14159  3.14159  -0.00157381  -0.00684116
-0.628319  3.14159  3.14159  -0.00256179  -0.00450163
0.628319  3.14159  3.14159  -0.00256179  0.00450163
1.88496  3.14159  3.14159  -0.00157382  0.00684116
3.14159  3.14159  3.14159  -0.000837867  0.00727428
4.39823  3.14159  3.14159  -0.000426155  0.00726857
5.65487  3.14159  3.14159  -0.000218745  0.00708658
6.9115  3.14159  3.14159  -0.000118778  0.00680757
8.16814  3.14159  3.14159  -7.13122e-05  0.00647968
10.6814  3.14159  3.14159  -3.74444e-05  0.00579304
15.708  3.14159  3.14159  -2.37817e-05  0.00460557
33.3009  3.14159  3.14159  -9.47374e-06  0.00249256
