-54.6637  0  0  -3.9154e-07  -1.00594e-05
-27.0177  0  0  -6.0673e-06  -7.71552e-05
-13.1947  0  0  -8.25939e-05  -0.000508758
-10.6814  0  0  -0.000167262  -0.000828188
-8.16814  0  0  -0.000385073  -0.00144272
-6.9115  0  0  -0.000620812  -0.0019568
-5.65487  0  0  -0.0010498  -0.00269649
-4.39823  0  0  -0.00186888  -0.00374151
-3.14159  0  0  -0.00349112  -0.00508629
-1.88496  0  0  -0.00668012  -0.00622294
-0.628319  0  0  -0.0121812  -0.00482934
0.628319  0  0  -0.0121825  0.00482648
1.88496  0  0  -0.00668161  0.00622164
3.14159  0  0  -0.00349199  0.00508583
4.39823  0  0  -0.00186937  0.00374134
5.65487  0  0  -0.00105009  0.00269642
6.9115  0  0  -0.000620988  0.00195677
8.16814  0  0  -0.000385187  0.00144271
10.6814  0  0  -0.000167317  0.000828185
15.708  0  0  -4.49601e-05  0.000330925
33.3009  0  0  -2.72123e-06  4.26209e-05
-54.6637  0  3.14159  -1.14319e-09  -1.00733e-05
-27.0177  0  3.14159  -1.90976e-08  -7.76097e-05
-13.1947  0  3.14159  -2.50273e-07  -0.000521067
-10.6814  0  3.14159  -4.84334e-07  -0.000858619
-8.16814  0  3.14159  -1.03295e-06  -0.00153371
-6.9115  0  3.14159  -1.58374e-06  -0.00213069
-5.65487  0  3.14159  -2.54086e-06  -0.00305962
-4.39823  0  3.14159  -4.32638e-06  -0.00458647
-3.14159  0  3.14159  -8.0404e-06  -0.00731506
-1.88496  0  3.14159  -1.61791e-05  -0.0129405
-0.628319  0  3.14159  -5.86114e-05  -0.0284813
0.628319  0  3.14159  -7.42417e-05  0.0284837
1.88496  0  3.14159  -1.82841e-05  0.012941
3.14159  0  3.14159  -8.95563e-06  0.00731519
4.39823  0  3.14159  -4.83112e-06  0.00458654
5.65487  0  3.14159  -2.82244e-06  0.00305966
6.9115  0  3.14159  -1.75845e-06  0.00213071
8.16814  0  3.14159  -1.14647e-06  0.00153373
10.6814  0  3.14159  -5.37629e-07  0.000858628
15.708  0  3.14159  -1.57412e-07  0.000336614
33.3009  0  3.14159  -1.07307e-08  4.2786e-05
-54.6637  3.14159  0  -1.14319e-09  -1.00733e-05
-27.0177  3.14159  0  -1.90976e-08  -7.76097e-05
-13.1947  3.14159  0  -2.50273e-07  -0.000521067
-10.6814  3.14159  0  -4.84334e-07  -0.000858619
-8.16814  3.14159  0  -1.03295e-06  -0.00153371
-6.9115  3.14159  0  -1.58374e-06  -0.00213069
-5.65487  3.14159  0  -2.54086e-06  -0.00305962
-4.39823  3.14159  0  -4.32638e-06  -0.00458647
-3.14159  3.14159  0  -8.0404e-06  -0.00731506
-1.88496  3.14159  0  -1.61791e-05  -0.0129405
-0.628319  3.14159  0  -5.86114e-05  -0.0284813
0.628319  3.14159  0  -7.42417e-05  0.0284837
1.88496  3.14159  0  -1.82841e-05  0.012941
3.14159  3.14159  0  -8.95563e-06  0.00731519
4.39823  3.14159  0  -4.83112e-06  0.00458654
5.65487  3.14159  0  -2.82244e-06  0.00305966
6.9115  3.14159  0  -1.75845e-06  0.00213071
8.16814  3.14159  0  -1.14647e-06  0.00153373
10.6814  3.14159  0  -5.37629e-07  0.000858628
15.708  3.14159  0  -1.57412e-07  0.000336614
33.3009  3.14159  0  -1.07307e-08  4.2786e-05
-54.6637  3.14159  3.14159  3.88901e-07  -1.00573e-05
-27.0177  3.14159  3.14159  6.02632e-06  -7.71408e-05
-13.1947  3.14159  3.14159  8.20851e-05  -0.000508717
-10.6814  3.14159  3.14159  0.00016629  -0.000828183
-8.16814  3.14159  3.14159  0.000383049  -0.00144292
-6.9115  3.14159  3.14159  0.000617795  -0.00195732
-5.65487  3.14159  3.14159  0.00104524  -0.00269774
-4.39823  3.14159  3.14159  0.00186203  -0.00374444
-3.14159  3.14159  3.14159  0.00348147  -0.00509292
-1.88496  3.14159  3.14159  0.00666993  -0.0062367
-0.628319  3.14159  3.14159  0.0121839  -0.00484799
0.628319  3.14159  3.14159  0.0121829  0.00485116
1.88496  3.14159  3.14159  0.00666866  0.00623828
3.14159  3.14159  3.14159  0.00348068  0.00509361
4.39823  3.14159  3.14159  0.00186156  0.00374476
5.65487  3.14159  3.14159  0.00104496  0.0026979
6.9115  3.14159  3.14159  0.000617617  0.0019574
8.16814  3.14159  3.14159  0.000382932  0.00144297
10.6814  3.14159  3.14159  0.000166234  0.000828203
15.708  3.14159  3.14159  4.46371e-05  0.000330889
33.3009  3.14159  3.14159  2.69939e-06  4.26127e-05
