-54.6637  0  0  -5.6583e-05  0.00400891
-27.0177  0  0  -0.000244755  0.00812302
-13.1947  0  0  -0.00113955  0.0165383
-10.6814  0  0  -0.00176658  0.0202284
-8.16814  0  0  -0.0029677  0.025758
-6.9115  0  0  -0.00397703  0.0295843
-5.65487  0  0  -0.00544761  0.0343592
-4.39823  0  0  -0.00760078  0.0401096
-3.14159  0  0  -0.0107053  0.0460353
-1.88496  0  0  -0.0148995  0.0480098
-0.628319  0  0  -0.019403  0.0312039
0.628319  0  0  -0.0193936  -0.0312065
1.88496  0  0  -0.0148907  -0.0480108
3.14159  0  0  -0.010699  -0.0460356
4.39823  0  0  -0.00759601  -0.0401097
5.65487  0  0  -0.00544375  -0.0343592
6.9115  0  0  -0.00397377  -0.0295843
8.16814  0  0  -0.00296488  -0.025758
10.6814  0  0  -0.00176438  -0.0202284
15.708  0  0  -0.00078361  -0.0139459
33.3009  0  0  -0.000156696  -0.00658728
-54.6637  0  3.14159  -1.3201e-07  0.00401071
-27.0177  0  3.14159  -1.29671e-08  0.00813873
-13.1947  0  3.14159  1.18469e-06  0.0166716
-10.6814  0  3.14159  2.13992e-06  0.0204623
-8.16814  0  3.14159  4.10662e-06  0.0262017
-6.9115  0  3.14159  5.89624e-06  0.0302242
-5.65487  0  3.14159  8.7382e-06  0.0353464
-4.39823  0  3.14159  1.34665e-05  0.041869
-3.14159  0  3.14159  2.20244e-05  0.0500631
-1.88496  0  3.14159  3.88746e-05  0.0599586
-0.628319  0  3.14159  9.7765e-05  0.0680626
0.628319  0  3.14159  0.000140129  -0.0680672
1.88496  0  3.14159  5.07155e-05  -0.05996
3.14159  0  3.14159  2.92226e-05  -0.0500636
4.39823  0  3.14159  1.88586e-05  -0.0418692
5.65487  0  3.14159  1.29659e-05  -0.0353466
6.9115  0  3.14159  9.39838e-06  -0.0302243
8.16814  0  3.14159  7.09042e-06  -0.0262018
10.6814  0  3.14159  4.42262e-06  -0.0204623
15.708  0  3.14159  2.23282e-06  -0.0140271
33.3009  0  3.14159  6.77522e-07  -0.00659553
-54.6637  3.14159  0  -1.3201e-07  0.00401071
-27.0177  3.14159  0  -1.29671e-08  0.00813873
-13.1947  3.14159  0  1.18469e-06  0.0166716
-10.6814  3.14159  0  2.13992e-06  0.0204623
-8.16814  3.14159  0  4.10662e-06  0.0262017
-6.9115  3.14159  0  5.89624e-06  0.0302242
-5.65487  3.14159  0  8.7382e-06  0.0353464
-4.39823  3.14159  0  1.34665e-05  0.041869
-3.14159  3.14159  0  2.20244e-05  0.0500631
-1.88496  3.14159  0  3.88746e-05  0.0599586
-0.628319  3.14159  0  9.7765e-05  0.0680626
0.628319  3.14159  0  0.000140129  -0.0680672
1.88496  3.14159  0  5.07155e-05  -0.05996
3.14159  3.14159  0  2.92226e-05  -0.0500636
4.39823  3.14159  0  1.88586e-05  -0.0418692
5.65487  3.14159  0  1.29659e-05  -0.0353466
6.9115  3.14159  0  9.39838e-06  -0.0302243
8.16814  3.14159  0  7.09042e-06  -0.0262018
10.6814  3.14159  0  4.42262e-06  -0.0204623
15.708  3.14159  0  2.23282e-06  -0.0140271
33.3009  3.14159  0  6.77522e-07  -0.00659553
-54.6637  3.14159  3.14159  5.6322e-05  0.0040089
-27.0177  3.14159  3.14159  0.000244718  0.00812297
-13.1947  3.14159  3.14159  0.0011417  0.0165377
-10.6814  3.14159  3.14159  0.00177047  0.0202274
-8.16814  3.14159  3.14159  0.00297518  0.0257561
-6.9115  3.14159  3.14159  0.00398786  0.0295814
-5.65487  3.14159  3.14159  0.00546383  0.034355
-4.39823  3.14159  3.14159  0.00762593  0.0401034
-3.14159  3.14159  3.14159  0.0107453  0.0460266
-1.88496  3.14159  3.14159  0.0149625  0.0479987
-0.628319  3.14159  3.14159  0.0194888  0.031195
0.628319  3.14159  3.14159  0.0194983  -0.031197
1.88496  3.14159  3.14159  0.0149714  -0.0480001
3.14159  3.14159  3.14159  0.0107516  -0.0460274
4.39823  3.14159  3.14159  0.00763069  -0.0401039
5.65487  3.14159  3.14159  0.00546769  -0.0343552
6.9115  3.14159  3.14159  0.00399111  -0.0295816
8.16814  3.14159  3.14159  0.00297799  -0.0257562
10.6814  3.14159  3.14159  0.00177267  -0.0202274
15.708  3.14159  3.14159  0.000787904  -0.0139456
33.3009  3.14159  3.14159  0.000158035  -0.00658725
