-54.6637  0  0  -2.93104e-05  0.00158991
-27.0177  0  0  -0.000119746  0.0032041
-13.1947  0  0  -0.000499239  0.0064522
-10.6814  0  0  -0.000756656  0.007877
-8.16814  0  0  -0.00126505  0.0100482
-6.9115  0  0  -0.00171712  0.011595
-5.65487  0  0  -0.00242363  0.0136046
-4.39823  0  0  -0.00356819  0.0162094
-3.14159  0  0  -0.00546543  0.0193498
-1.88496  0  0  -0.00854859  0.021704
-0.628319  0  0  -0.0127761  0.0160703
0.628319  0  0  -0.0127761  -0.0160702
1.88496  0  0  -0.00854859  -0.021704
3.14159  0  0  -0.00546542  -0.0193498
4.39823  0  0  -0.00356819  -0.0162094
5.65487  0  0  -0.00242362  -0.0136046
6.9115  0  0  -0.00171711  -0.011595
8.16814  0  0  -0.00126504  -0.0100482
10.6814  0  0  -0.000756652  -0.007877
15.708  0  0  -0.000353137  -0.00545519
33.3009  0  0  -7.88775e-05  -0.00260422
-54.6637  0  3.14159  -2.36087e-08  0.00159145
-27.0177  0  3.14159  -8.7831e-08  0.00321663
-13.1947  0  3.14159  -3.40321e-07  0.00655714
-10.6814  0  3.14159  -4.93139e-07  0.00807064
-8.16814  0  3.14159  -8.11174e-07  0.0104578
-6.9115  0  3.14159  -1.05969e-06  0.0122337
-5.65487  0  3.14159  -1.45761e-06  0.0146629
-4.39823  0  3.14159  -2.0021e-06  0.0181159
-3.14159  0  3.14159  -2.85476e-06  0.0232477
-1.88496  0  3.14159  -4.52376e-06  0.0313301
-0.628319  0  3.14159  -4.75512e-06  0.0439523
0.628319  0  3.14159  -4.69299e-06  -0.0439523
1.88496  0  3.14159  -4.49013e-06  -0.0313301
3.14159  0  3.14159  -2.83517e-06  -0.0232477
4.39823  0  3.14159  -1.99818e-06  -0.0181159
5.65487  0  3.14159  -1.44647e-06  -0.0146629
6.9115  0  3.14159  -1.05451e-06  -0.0122337
8.16814  0  3.14159  -8.05382e-07  -0.0104578
10.6814  0  3.14159  -4.95989e-07  -0.00807064
15.708  0  3.14159  -2.41038e-07  -0.005518
33.3009  0  3.14159  -5.19246e-08  -0.00261091
-54.6637  3.14159  0  -2.36087e-08  0.00159145
-27.0177  3.14159  0  -8.7831e-08  0.00321663
-13.1947  3.14159  0  -3.40321e-07  0.00655714
-10.6814  3.14159  0  -4.93139e-07  0.00807064
-8.16814  3.14159  0  -8.11174e-07  0.0104578
-6.9115  3.14159  0  -1.05969e-06  0.0122337
-5.65487  3.14159  0  -1.45761e-06  0.0146629
-4.39823  3.14159  0  -2.0021e-06  0.0181159
-3.14159  3.14159  0  -2.85476e-06  0.0232477
-1.88496  3.14159  0  -4.52376e-06  0.0313301
-0.628319  3.14159  0  -4.75512e-06  0.0439523
0.628319  3.14159  0  -4.69299e-06  -0.0439523
1.88496  3.14159  0  -4.49013e-06  -0.0313301
3.14159  3.14159  0  -2.83517e-06  -0.0232477
4.39823  3.14159  0  -1.99818e-06  -0.0181159
5.65487  3.14159  0  -1.44647e-06  -0.0146629
6.9115  3.14159  0  -1.05451e-06  -0.0122337
8.16814  3.14159  0  -8.05382e-07  -0.0104578
10.6814  3.14159  0  -4.95989e-07  -0.00807064
15.708  3.14159  0  -2.41038e-07  -0.005518
33.3009  3.14159  0  -5.19246e-08  -0.00261091
-54.6637  3.14159  3.14159  2.92739e-05  0.00158991
-27.0177  3.14159  3.14159  0.000119594  0.00320412
-13.1947  3.14159  3.14159  0.000498592  0.00645234
-10.6814  3.14159  3.14159  0.000755745  0.00787725
-8.16814  3.14159  3.14159  0.00126367  0.0100487
-6.9115  3.14159  3.14159  0.0017154  0.0115958
-5.65487  3.14159  3.14159  0.00242141  0.0136057
-4.39823  3.14159  3.14159  0.00356574  0.0162112
-3.14159  3.14159  3.14159  0.00546303  0.0193525
-1.88496  3.14159  3.14159  0.00854783  0.0217076
-0.628319  3.14159  3.14159  0.0127795  0.0160734
0.628319  3.14159  3.14159  0.0127795  -0.0160733
1.88496  3.14159  3.14159  0.00854783  -0.0217076
3.14159  3.14159  3.14159  0.00546303  -0.0193525
4.39823  3.14159  3.14159  0.00356574  -0.0162112
5.65487  3.14159  3.14159  0.00242142  -0.0136057
6.9115  3.14159  3.14159  0.00171541  -0.0115958
8.16814  3.14159  3.14159  0.00126367  -0.0100487
10.6814  3.14159  3.14159  0.000755753  -0.00787725
15.708  3.14159  3.14159  0.000352679  -0.00545527
33.3009  3.14159  3.14159  7.87778e-05  -0.00260422
