-54.6637  0  0  -2.98205e-05  0.00161754
-27.0177  0  0  -0.000121289  0.00325958
-13.1947  0  0  -0.000504338  0.00656269
-10.6814  0  0  -0.000763925  0.00801095
-8.16814  0  0  -0.00127632  0.0102174
-6.9115  0  0  -0.00173184  0.0117891
-5.65487  0  0  -0.00244368  0.0138312
-4.39823  0  0  -0.00359744  0.0164792
-3.14159  0  0  -0.00551195  0.0196779
-1.88496  0  0  -0.008631  0.0220978
-0.628319  0  0  -0.0129322  0.0164054
0.628319  0  0  -0.012925  -0.0164089
1.88496  0  0  -0.00862356  -0.0220995
3.14159  0  0  -0.00550594  -0.0196788
4.39823  0  0  -0.00359247  -0.0164798
5.65487  0  0  -0.00243949  -0.0138316
6.9115  0  0  -0.00172823  -0.0117894
8.16814  0  0  -0.00127317  -0.0102176
10.6814  0  0  -0.000761425  -0.00801107
15.708  0  0  -0.000355193  -0.00554901
33.3009  0  0  -7.91394e-05  -0.00264937
-54.6637  0  3.14159  -2.15233e-07  0.00161911
-27.0177  0  3.14159  -3.47427e-07  0.00327249
-13.1947  0  3.14159  -3.32317e-07  0.00667083
-10.6814  0  3.14159  -1.96281e-07  0.00821036
-8.16814  0  3.14159  1.81372e-07  0.0106392
-6.9115  0  3.14159  5.95061e-07  0.0124465
-5.65487  0  3.14159  1.35951e-06  0.0149205
-4.39823  0  3.14159  2.88251e-06  0.0184414
-3.14159  0  3.14159  6.18688e-06  0.0236909
-1.88496  0  3.14159  1.35599e-05  0.0320374
-0.628319  0  3.14159  5.30256e-05  0.0458437
0.628319  0  3.14159  8.97189e-05  -0.0458464
1.88496  0  3.14159  2.58754e-05  -0.032038
3.14159  0  3.14159  1.42066e-05  -0.023691
4.39823  0  3.14159  8.92953e-06  -0.0184414
5.65487  0  3.14159  6.14692e-06  -0.0149205
6.9115  0  3.14159  4.55475e-06  -0.0124465
8.16814  0  3.14159  3.56111e-06  -0.0106392
10.6814  0  3.14159  2.41759e-06  -0.00821035
15.708  0  3.14159  1.41229e-06  -0.0056137
33.3009  0  3.14159  5.37684e-07  -0.00265627
-54.6637  3.14159  0  -2.15233e-07  0.00161911
-27.0177  3.14159  0  -3.47427e-07  0.00327249
-13.1947  3.14159  0  -3.32317e-07  0.00667083
-10.6814  3.14159  0  -1.96281e-07  0.00821036
-8.16814  3.14159  0  1.81372e-07  0.0106392
-6.9115  3.14159  0  5.95061e-07  0.0124465
-5.65487  3.14159  0  1.35951e-06  0.0149205
-4.39823  3.14159  0  2.88251e-06  0.0184414
-3.14159  3.14159  0  6.18688e-06  0.0236909
-1.88496  3.14159  0  1.35599e-05  0.0320374
-0.628319  3.14159  0  5.30256e-05  0.0458437
0.628319  3.14159  0  8.97189e-05  -0.0458464
1.88496  3.14159  0  2.58754e-05  -0.032038
3.14159  3.14159  0  1.42066e-05  -0.023691
4.39823  3.14159  0  8.92953e-06  -0.0184414
5.65487  3.14159  0  6.14692e-06  -0.0149205
6.9115  3.14159  0  4.55475e-06  -0.0124465
8.16814  3.14159  0  3.56111e-06  -0.0106392
10.6814  3.14159  0  2.41759e-06  -0.00821035
15.708  3.14159  0  1.41229e-06  -0.0056137
33.3009  3.14159  0  5.37684e-07  -0.00265627
-54.6637  3.14159  3.14159  2.93893e-05  0.00161754
-27.0177  3.14159  3.14159  0.000120597  0.00325957
-13.1947  3.14159  3.14159  0.000503656  0.00656255
-10.6814  3.14159  3.14159  0.000763463  0.00801067
-8.16814  3.14159  3.14159  0.00127644  0.0102167
-6.9115  3.14159  3.14159  0.00173254  0.0117881
-5.65487  3.14159  3.14159  0.00244539  0.0138295
-4.39823  3.14159  3.14159  0.0036009  0.0164763
-3.14159  3.14159  3.14159  0.00551853  0.0196731
-1.88496  3.14159  3.14159  0.00864281  0.0220904
-0.628319  3.14159  3.14159  0.0129475  0.016398
0.628319  3.14159  3.14159  0.0129547  -0.0163962
1.88496  3.14159  3.14159  0.00865027  -0.0220892
3.14159  3.14159  3.14159  0.00552454  -0.0196724
4.39823  3.14159  3.14159  0.00360587  -0.0164758
5.65487  3.14159  3.14159  0.00244959  -0.0138292
6.9115  3.14159  3.14159  0.00173616  -0.0117878
8.16814  3.14159  3.14159  0.0012796  -0.0102165
10.6814  3.14159  3.14159  0.000765962  -0.00801054
15.708  3.14159  3.14159  0.000357936  -0.00554881
33.3009  3.14159  3.14159  8.02127e-05  -0.00264934
