-54.6637  0  0  2.82425e-07  -1.41329e-05
-27.0177  0  0  3.33059e-06  -0.000108707
-13.1947  0  0  4.33688e-05  -0.000723954
-10.6814  0  0  8.72257e-05  -0.00118554
-8.16814  0  0  0.000197647  -0.00208877
-6.9115  0  0  0.000314379  -0.00286179
-5.65487  0  0  0.000522554  -0.00400777
-4.39823  0  0  0.000913317  -0.00571384
-3.14159  0  0  0.00168335  -0.00813729
-1.88496  0  0  0.00321335  -0.0107319
-0.628319  0  0  0.00572752  -0.00902746
0.628319  0  0  0.00572711  0.00902752
1.88496  0  0  0.00321302  0.0107319
3.14159  0  0  0.00168317  0.00813726
4.39823  0  0  0.000913217  0.00571382
5.65487  0  0  0.000522497  0.00400775
6.9115  0  0  0.000314345  0.00286178
8.16814  0  0  0.000197626  0.00208876
10.6814  0  0  8.72161e-05  0.00118553
15.708  0  0  2.36901e-05  0.000469216
33.3009  0  0  1.56178e-06  5.99743e-05
-54.6637  0  3.14159  9.88788e-08  -1.41339e-05
-27.0177  0  3.14159  3.87351e-07  -0.000108731
-13.1947  0  3.14159  1.39875e-06  -0.000725896
-10.6814  0  3.14159  1.96284e-06  -0.00119118
-8.16814  0  3.14159  2.90452e-06  -0.00210741
-6.9115  0  3.14159  3.61736e-06  -0.00289861
-5.65487  0  3.14159  4.58707e-06  -0.00408903
-4.39823  0  3.14159  5.93432e-06  -0.00593154
-3.14159  0  3.14159  7.81945e-06  -0.00889762
-1.88496  0  3.14159  9.95822e-06  -0.0140707
-0.628319  0  3.14159  4.56649e-06  -0.0242706
0.628319  0  3.14159  2.49363e-06  0.0242706
1.88496  0  3.14159  9.54698e-06  0.0140707
3.14159  0  3.14159  7.65194e-06  0.00889758
4.39823  0  3.14159  5.84725e-06  0.00593151
5.65487  0  3.14159  4.53784e-06  0.00408901
6.9115  0  3.14159  3.58724e-06  0.0028986
8.16814  0  3.14159  2.88527e-06  0.0021074
10.6814  0  3.14159  1.9542e-06  0.00119117
15.708  0  3.14159  1.03798e-06  0.000469953
33.3009  0  3.14159  2.5982e-07  5.99812e-05
-54.6637  3.14159  0  9.88788e-08  -1.41339e-05
-27.0177  3.14159  0  3.87351e-07  -0.000108731
-13.1947  3.14159  0  1.39875e-06  -0.000725896
-10.6814  3.14159  0  1.96284e-06  -0.00119118
-8.16814  3.14159  0  2.90452e-06  -0.00210741
-6.9115  3.14159  0  3.61736e-06  -0.00289861
-5.65487  3.14159  0  4.58707e-06  -0.00408903
-4.39823  3.14159  0  5.93432e-06  -0.00593154
-3.14159  3.14159  0  7.81945e-06  -0.00889762
-1.88496  3.14159  0  9.95822e-06  -0.0140707
-0.628319  3.14159  0  4.56649e-06  -0.0242706
0.628319  3.14159  0  2.49363e-06  0.0242706
1.88496  3.14159  0  9.54698e-06  0.0140707
3.14159  3.14159  0  7.65194e-06  0.00889758
4.39823  3.14159  0  5.84725e-06  0.00593151
5.65487  3.14159  0  4.53784e-06  0.00408901
6.9115  3.14159  0  3.58724e-06  0.0028986
8.16814  3.14159  0  2.88527e-06  0.0021074
10.6814  3.14159  0  1.9542e-06  0.00119117
15.708  3.14159  0  1.03798e-06  0.000469953
33.3009  3.14159  0  2.5982e-07  5.99812e-05
-54.6637  3.14159  3.14159  -8.48236e-08  -1.41359e-05
-27.0177  3.14159  3.14159  -2.55872e-06  -0.000108733
-13.1947  3.14159  3.14159  -4.06229e-05  -0.000724214
-10.6814  3.14159  3.14159  -8.34177e-05  -0.00118603
-8.16814  3.14159  3.14159  -0.000192163  -0.00208983
-6.9115  3.14159  3.14159  -0.000307742  -0.00286342
-5.65487  3.14159  3.14159  -0.000514587  -0.0040103
-4.39823  3.14159  3.14159  -0.000904125  -0.00571785
-3.14159  3.14159  3.14159  -0.00167403  -0.00814341
-1.88496  3.14159  3.14159  -0.00320733  -0.01074
-0.628319  3.14159  3.14159  -0.00572844  -0.00903288
0.628319  3.14159  3.14159  -0.00572883  0.00903286
1.88496  3.14159  3.14159  -0.00320763  0.0107399
3.14159  3.14159  3.14159  -0.00167419  0.0081434
4.39823  3.14159  3.14159  -0.000904208  0.00571783
5.65487  3.14159  3.14159  -0.000514634  0.00401029
6.9115  3.14159  3.14159  -0.00030777  0.0028634
8.16814  3.14159  3.14159  -0.00019218  0.00208982
10.6814  3.14159  3.14159  -8.34255e-05  0.00118603
15.708  3.14159  3.14159  -2.16406e-05  0.000469366
33.3009  3.14159  3.14159  -1.04349e-06  5.99879e-05
