-54.6637  0  0  5.6513e-05  -0.00398363
-27.0177  0  0  0.000245002  -0.0080723
-13.1947  0  0  0.00114183  -0.0164371
-10.6814  0  0  0.00177035  -0.0201051
-8.16814  0  0  0.00297435  -0.0256001
-6.9115  0  0  0.00398613  -0.0294003
-5.65487  0  0  0.00546021  -0.0341383
-4.39823  0  0  0.00761805  -0.0398328
-3.14159  0  0  0.0107273  -0.0456709
-1.88496  0  0  0.0149204  -0.0475289
-0.628319  0  0  0.0193984  -0.0307733
0.628319  0  0  0.0193984  0.0307733
1.88496  0  0  0.0149205  0.0475289
3.14159  0  0  0.0107273  0.0456709
4.39823  0  0  0.00761805  0.0398328
5.65487  0  0  0.00546021  0.0341383
6.9115  0  0  0.00398613  0.0294003
8.16814  0  0  0.00297436  0.0256001
10.6814  0  0  0.00177036  0.0201051
15.708  0  0  0.000786598  0.0138601
33.3009  0  0  0.00015754  0.00654597
-54.6637  0  3.14159  1.04815e-07  -0.00398541
-27.0177  0  3.14159  4.02829e-07  -0.00808777
-13.1947  0  3.14159  1.35891e-06  -0.0165685
-10.6814  0  3.14159  1.83075e-06  -0.0203355
-8.16814  0  3.14159  2.52907e-06  -0.0260368
-6.9115  0  3.14159  2.99276e-06  -0.0300299
-5.65487  0  3.14159  3.54677e-06  -0.0351098
-4.39823  0  3.14159  4.18096e-06  -0.0415658
-3.14159  0  3.14159  4.80642e-06  -0.0496383
-1.88496  0  3.14159  4.80634e-06  -0.0592264
-0.628319  0  3.14159  1.58346e-07  -0.0658824
0.628319  0  3.14159  1.65978e-07  0.0658824
1.88496  0  3.14159  4.81293e-06  0.0592264
3.14159  0  3.14159  4.81242e-06  0.0496383
4.39823  0  3.14159  4.18649e-06  0.0415658
5.65487  0  3.14159  3.55184e-06  0.0351098
6.9115  0  3.14159  2.99779e-06  0.0300299
8.16814  0  3.14159  2.53379e-06  0.0260368
10.6814  0  3.14159  1.83423e-06  0.0203355
15.708  0  3.14159  1.03738e-06  0.0139401
33.3009  0  3.14159  2.71185e-07  0.00655409
-54.6637  3.14159  0  1.04815e-07  -0.00398541
-27.0177  3.14159  0  4.02829e-07  -0.00808777
-13.1947  3.14159  0  1.35891e-06  -0.0165685
-10.6814  3.14159  0  1.83075e-06  -0.0203355
-8.16814  3.14159  0  2.52907e-06  -0.0260368
-6.9115  3.14159  0  2.99276e-06  -0.0300299
-5.65487  3.14159  0  3.54677e-06  -0.0351098
-4.39823  3.14159  0  4.18096e-06  -0.0415658
-3.14159  3.14159  0  4.80642e-06  -0.0496383
-1.88496  3.14159  0  4.80634e-06  -0.0592264
-0.628319  3.14159  0  1.58346e-07  -0.0658824
0.628319  3.14159  0  1.65978e-07  0.0658824
1.88496  3.14159  0  4.81293e-06  0.0592264
3.14159  3.14159  0  4.81242e-06  0.0496383
4.39823  3.14159  0  4.18649e-06  0.0415658
5.65487  3.14159  0  3.55184e-06  0.0351098
6.9115  3.14159  0  2.99779e-06  0.0300299
8.16814  3.14159  0  2.53379e-06  0.0260368
10.6814  3.14159  0  1.83423e-06  0.0203355
15.708  3.14159  0  1.03738e-06  0.0139401
33.3009  3.14159  0  2.71185e-07  0.00655409
-54.6637  3.14159  3.14159  -5.63043e-05  -0.00398365
-27.0177  3.14159  3.14159  -0.000244202  -0.00807241
-13.1947  3.14159  3.14159  -0.00113919  -0.0164378
-10.6814  3.14159  3.14159  -0.00176685  -0.0201062
-8.16814  3.14159  3.14159  -0.00296973  -0.0256019
-6.9115  3.14159  3.14159  -0.00398092  -0.0294026
-5.65487  3.14159  3.14159  -0.00545459  -0.0341413
-4.39823  3.14159  3.14159  -0.00761264  -0.0398367
-3.14159  3.14159  3.14159  -0.0107236  -0.0456757
-1.88496  3.14159  3.14159  -0.0149213  -0.0475341
-0.628319  3.14159  3.14159  -0.0194055  -0.0307765
0.628319  3.14159  3.14159  -0.0194055  0.0307765
1.88496  3.14159  3.14159  -0.0149213  0.0475341
3.14159  3.14159  3.14159  -0.0107236  0.0456757
4.39823  3.14159  3.14159  -0.00761263  0.0398367
5.65487  3.14159  3.14159  -0.00545459  0.0341413
6.9115  3.14159  3.14159  -0.00398091  0.0294026
8.16814  3.14159  3.14159  -0.00296972  0.0256019
10.6814  3.14159  3.14159  -0.00176685  0.0201062
15.708  3.14159  3.14159  -0.00078456  0.0138606
33.3009  3.14159  3.14159  -0.000156998  0.00654604
