-54.6637  0  0  4.03127e-06  -0.00156345
-27.0177  0  0  1.30021e-05  -0.00300269
-13.1947  0  0  2.83611e-05  -0.00515664
-10.6814  0  0  3.7989e-05  -0.00579282
-8.16814  0  0  7.23175e-05  -0.00647927
-6.9115  0  0  0.000120184  -0.00680702
-5.65487  0  0  0.000220734  -0.00708581
-4.39823  0  0  0.000428963  -0.00726753
-3.14159  0  0  0.000841695  -0.00727294
-1.88496  0  0  0.00157853  -0.00683967
-0.628319  0  0  0.00256661  -0.00450068
0.628319  0  0  0.00256661  0.00450068
1.88496  0  0  0.00157853  0.00683967
3.14159  0  0  0.000841694  0.00727294
4.39823  0  0  0.000428962  0.00726753
5.65487  0  0  0.000220734  0.00708581
6.9115  0  0  0.000120183  0.00680702
8.16814  0  0  7.23166e-05  0.00647927
10.6814  0  0  3.79879e-05  0.00579282
15.708  0  0  2.39812e-05  0.00460549
33.3009  0  0  9.49967e-06  0.00249255
-54.6637  0  3.14159  4.29887e-09  -0.00156423
-27.0177  0  3.14159  2.28467e-08  -0.00300958
-13.1947  0  3.14159  1.60132e-07  -0.00522485
-10.6814  0  3.14159  2.74051e-07  -0.00592618
-8.16814  0  3.14159  5.07727e-07  -0.00677689
-6.9115  0  3.14159  7.13787e-07  -0.00727556
-5.65487  0  3.14159  1.0284e-06  -0.00784608
-4.39823  0  3.14159  1.53127e-06  -0.00852622
-3.14159  0  3.14159  2.39246e-06  -0.00937407
-1.88496  0  3.14159  4.01583e-06  -0.0104381
-0.628319  0  3.14159  6.87388e-06  -0.0115271
0.628319  0  3.14159  6.87255e-06  0.0115271
1.88496  0  3.14159  4.01454e-06  0.0104381
3.14159  0  3.14159  2.39135e-06  0.00937407
4.39823  0  3.14159  1.53034e-06  0.00852622
5.65487  0  3.14159  1.02764e-06  0.00784608
6.9115  0  3.14159  7.13654e-07  0.00727556
8.16814  0  3.14159  5.07705e-07  0.00677689
10.6814  0  3.14159  2.73092e-07  0.00592618
15.708  0  3.14159  9.74423e-08  0.00464436
33.3009  0  3.14159  1.04298e-08  0.00249614
-54.6637  3.14159  0  4.29887e-09  -0.00156423
-27.0177  3.14159  0  2.28467e-08  -0.00300958
-13.1947  3.14159  0  1.60132e-07  -0.00522485
-10.6814  3.14159  0  2.74051e-07  -0.00592618
-8.16814  3.14159  0  5.07727e-07  -0.00677689
-6.9115  3.14159  0  7.13787e-07  -0.00727556
-5.65487  3.14159  0  1.0284e-06  -0.00784608
-4.39823  3.14159  0  1.53127e-06  -0.00852622
-3.14159  3.14159  0  2.39246e-06  -0.00937407
-1.88496  3.14159  0  4.01583e-06  -0.0104381
-0.628319  3.14159  0  6.87388e-06  -0.0115271
0.628319  3.14159  0  6.87255e-06  0.0115271
1.88496  3.14159  0  4.01454e-06  0.0104381
3.14159  3.14159  0  2.39135e-06  0.00937407
4.39823  3.14159  0  1.53034e-06  0.00852622
5.65487  3.14159  0  1.02764e-06  0.00784608
6.9115  3.14159  0  7.13654e-07  0.00727556
8.16814  3.14159  0  5.07705e-07  0.00677689
10.6814  3.14159  0  2.73092e-07  0.00592618
15.708  3.14159  0  9.74423e-08  0.00464436
33.3009  3.14159  0  1.04298e-08  0.00249614
-54.6637  3.14159  3.14159  -4.02403e-06  -0.00156345
-27.0177  3.14159  3.14159  -1.29574e-05  -0.00300271
-13.1947  3.14159  3.14159  -2.80417e-05  -0.00515677
-10.6814  3.14159  3.14159  -3.74433e-05  -0.00579304
-8.16814  3.14159  3.14159  -7.13107e-05  -0.00647968
-6.9115  3.14159  3.14159  -0.000118777  -0.00680758
-5.65487  3.14159  3.14159  -0.000218744  -0.00708658
-4.39823  3.14159  3.14159  -0.000426154  -0.00726857
-3.14159  3.14159  3.14159  -0.000837865  -0.00727428
-1.88496  3.14159  3.14159  -0.00157381  -0.00684116
-0.628319  3.14159  3.14159  -0.00256179  -0.00450164
0.628319  3.14159  3.14159  -0.00256179  0.00450164
1.88496  3.14159  3.14159  -0.00157382  0.00684116
3.14159  3.14159  3.14159  -0.000837867  0.00727428
4.39823  3.14159  3.14159  -0.000426155  0.00726857
5.65487  3.14159  3.14159  -0.000218745  0.00708658
6.9115  3.14159  3.14159  -0.000118778  0.00680758
8.16814  3.14159  3.14159  -7.13122e-05  0.00647968
10.6814  3.14159  3.14159  -3.74444e-05  0.00579304
15.708  3.14159  3.14159  -2.37817e-05  0.00460557
33.3009  3.14159  3.14159  -9.47375e-06  0.00249256
