-54.6637  0  0  3.91912e-06  -0.00156645
-27.0177  0  0  1.25086e-05  -0.00300866
-13.1947  0  0  2.66255e-05  -0.00516821
-10.6814  0  0  3.56307e-05  -0.00580653
-8.16814  0  0  6.89577e-05  -0.00649587
-6.9115  0  0  0.000116057  -0.00682532
-5.65487  0  0  0.000215894  -0.00710598
-4.39823  0  0  0.00042316  -0.0072892
-3.14159  0  0  0.000835075  -0.00729509
-1.88496  0  0  0.0015719  -0.00685981
-0.628319  0  0  0.00256105  -0.00451377
0.628319  0  0  0.00256091  0.00451383
1.88496  0  0  0.00157153  0.00685985
3.14159  0  0  0.000834698  0.00729509
4.39823  0  0  0.000422779  0.00728921
5.65487  0  0  0.000215539  0.00710599
6.9115  0  0  0.00011572  0.00682533
8.16814  0  0  6.86648e-05  0.00649588
10.6814  0  0  3.53832e-05  0.00580654
15.708  0  0  2.24898e-05  0.00461542
33.3009  0  0  9.08599e-06  0.00249747
-54.6637  0  3.14159  -1.12223e-07  -0.00156723
-27.0177  0  3.14159  -4.715e-07  -0.00301553
-13.1947  0  3.14159  -1.61477e-06  -0.00523661
-10.6814  0  3.14159  -2.18803e-06  -0.00594032
-8.16814  0  3.14159  -3.11199e-06  -0.00679443
-6.9115  0  3.14159  -3.80643e-06  -0.00729559
-5.65487  0  3.14159  -4.72915e-06  -0.00786915
-4.39823  0  3.14159  -6.04707e-06  -0.00855342
-3.14159  0  3.14159  -8.19696e-06  -0.00940692
-1.88496  0  3.14159  -1.18776e-05  -0.0104781
-0.628319  0  3.14159  -2.07352e-05  -0.0115802
0.628319  0  3.14159  -2.17615e-05  0.0115803
1.88496  0  3.14159  -1.26114e-05  0.0104781
3.14159  0  3.14159  -8.81511e-06  0.00940695
4.39823  0  3.14159  -6.55709e-06  0.00855345
5.65487  0  3.14159  -5.16427e-06  0.00786916
6.9115  0  3.14159  -4.17623e-06  0.0072956
8.16814  0  3.14159  -3.44535e-06  0.00679443
10.6814  0  3.14159  -2.45248e-06  0.00594032
15.708  0  3.14159  -1.41991e-06  0.00465435
33.3009  0  3.14159  -4.03182e-07  0.00250106
-54.6637  3.14159  0  -1.12223e-07  -0.00156723
-27.0177  3.14159  0  -4.715e-07  -0.00301553
-13.1947  3.14159  0  -1.61477e-06  -0.00523661
-10.6814  3.14159  0  -2.18803e-06  -0.00594032
-8.16814  3.14159  0  -3.11199e-06  -0.00679443
-6.9115  3.14159  0  -3.80643e-06  -0.00729559
-5.65487  3.14159  0  -4.72915e-06  -0.00786915
-4.39823  3.14159  0  -6.04707e-06  -0.00855342
-3.14159  3.14159  0  -8.19696e-06  -0.00940692
-1.88496  3.14159  0  -1.18776e-05  -0.0104781
-0.628319  3.14159  0  -2.07352e-05  -0.0115802
0.628319  3.14159  0  -2.17615e-05  0.0115803
1.88496  3.14159  0  -1.26114e-05  0.0104781
3.14159  3.14159  0  -8.81511e-06  0.00940695
4.39823  3.14159  0  -6.55709e-06  0.00855345
5.65487  3.14159  0  -5.16427e-06  0.00786916
6.9115  3.14159  0  -4.17623e-06  0.0072956
8.16814  3.14159  0  -3.44535e-06  0.00679443
10.6814  3.14159  0  -2.45248e-06  0.00594032
15.708  3.14159  0  -1.41991e-06  0.00465435
33.3009  3.14159  0  -4.03182e-07  0.00250106
-54.6637  3.14159  3.14159  -4.13703e-06  -0.00156645
-27.0177  3.14159  3.14159  -1.34526e-05  -0.00300866
-13.1947  3.14159  3.14159  -2.97478e-05  -0.00516821
-10.6814  3.14159  3.14159  -3.97333e-05  -0.00580651
-8.16814  3.14159  3.14159  -7.45164e-05  -0.00649579
-6.9115  3.14159  3.14159  -0.000122678  -0.00682517
-5.65487  3.14159  3.14159  -0.000223271  -0.00710565
-4.39823  3.14159  3.14159  -0.000431579  -0.00728853
-3.14159  3.14159  3.14159  -0.000844229  -0.0072938
-1.88496  3.14159  3.14159  -0.00158096  -0.00685765
-0.628319  3.14159  3.14159  -0.00257021  -0.00451148
0.628319  3.14159  3.14159  -0.00257035  0.00451151
1.88496  3.14159  3.14159  -0.00158133  0.00685769
3.14159  3.14159  3.14159  -0.000844606  0.0072938
4.39823  3.14159  3.14159  -0.00043196  0.00728855
5.65487  3.14159  3.14159  -0.000223626  0.00710567
6.9115  3.14159  3.14159  -0.000123016  0.00682518
8.16814  3.14159  3.14159  -7.48102e-05  0.00649581
10.6814  3.14159  3.14159  -3.99806e-05  0.00580652
15.708  3.14159  3.14159  -2.52611e-05  0.00461541
33.3009  3.14159  3.14159  -9.89043e-06  0.00249747
