-54.6637  0  0  -1.21731e-06  -0.00854258
-27.0177  0  0  -4.70402e-05  -0.0169983
-13.1947  0  0  -0.000286407  -0.0301106
-10.6814  0  0  -7.67696e-05  -0.0351733
-8.16814  0  0  0.000400722  -0.0413847
-6.9115  0  0  -0.000339007  -0.0425107
-5.65487  0  0  0.000478738  -0.0448992
-4.39823  0  0  -0.000642069  -0.0443558
-3.14159  0  0  0.000300867  -0.0385675
-1.88496  0  0  0.000411264  -0.027463
-0.628319  0  0  -0.00150778  -0.010693
0.628319  0  0  -0.00142677  0.0108089
1.88496  0  0  0.000503093  0.0274966
3.14159  0  0  0.000391539  0.0385757
4.39823  0  0  -0.000717552  0.0443544
5.65487  0  0  0.000456022  0.0449185
6.9115  0  0  -0.00028817  0.0425163
8.16814  0  0  0.000297889  0.0413931
10.6814  0  0  -0.000114367  0.0351776
15.708  0  0  -0.000157872  0.026828
33.3009  0  0  2.21361e-06  0.0137816
-54.6637  0  3.14159  4.84961e-07  -0.00853708
-27.0177  0  3.14159  3.43327e-06  -0.0171094
-13.1947  0  3.14159  4.85978e-06  -0.0337325
-10.6814  0  3.14159  2.25563e-06  -0.0413413
-8.16814  0  3.14159  -3.2534e-06  -0.0536195
-6.9115  0  3.14159  8.00282e-06  -0.0591755
-5.65487  0  3.14159  -4.7308e-06  -0.0763893
-4.39823  0  3.14159  2.68882e-05  -0.0967801
-3.14159  0  3.14159  1.13749e-05  -0.126696
-1.88496  0  3.14159  -3.1581e-06  -0.200901
-0.628319  0  3.14159  1.84321e-05  -0.148844
0.628319  0  3.14159  7.22181e-06  0.148765
1.88496  0  3.14159  1.79591e-06  0.200897
3.14159  0  3.14159  1.37912e-05  0.126695
4.39823  0  3.14159  2.04166e-05  0.0967676
5.65487  0  3.14159  -1.11386e-05  0.0763922
6.9115  0  3.14159  1.14541e-05  0.0591708
8.16814  0  3.14159  -1.33576e-05  0.053623
10.6814  0  3.14159  2.29411e-06  0.04134
15.708  0  3.14159  2.87982e-06  0.029047
33.3009  0  3.14159  -5.10961e-07  0.0135795
-54.6637  3.14159  0  4.84961e-07  -0.00853708
-27.0177  3.14159  0  3.43327e-06  -0.0171094
-13.1947  3.14159  0  4.85978e-06  -0.0337325
-10.6814  3.14159  0  2.25563e-06  -0.0413413
-8.16814  3.14159  0  -3.2534e-06  -0.0536195
-6.9115  3.14159  0  8.00282e-06  -0.0591755
-5.65487  3.14159  0  -4.7308e-06  -0.0763893
-4.39823  3.14159  0  2.68882e-05  -0.0967801
-3.14159  3.14159  0  1.13749e-05  -0.126696
-1.88496  3.14159  0  -3.1581e-06  -0.200901
-0.628319  3.14159  0  1.84321e-05  -0.148844
0.628319  3.14159  0  7.22181e-06  0.148765
1.88496  3.14159  0  1.79591e-06  0.200897
3.14159  3.14159  0  1.37912e-05  0.126695
4.39823  3.14159  0  2.04166e-05  0.0967676
5.65487  3.14159  0  -1.11386e-05  0.0763922
6.9115  3.14159  0  1.14541e-05  0.0591708
8.16814  3.14159  0  -1.33576e-05  0.053623
10.6814  3.14159  0  2.29411e-06  0.04134
15.708  3.14159  0  2.87982e-06  0.029047
33.3009  3.14159  0  -5.10961e-07  0.0135795
-54.6637  3.14159  3.14159  -6.3022e-06  -0.00854258
-27.0177  3.14159  3.14159  -5.55229e-05  -0.0169983
-13.1947  3.14159  3.14159  -0.000279158  -0.0301106
-10.6814  3.14159  3.14159  -8.11149e-05  -0.0351731
-8.16814  3.14159  3.14159  0.000327077  -0.0413848
-6.9115  3.14159  3.14159  -0.000500378  -0.0425103
-5.65487  3.14159  3.14159  0.00015904  -0.0448994
-4.39823  3.14159  3.14159  -0.00122885  -0.0443554
-3.14159  3.14159  3.14159  -0.000699594  -0.038567
-1.88496  3.14159  3.14159  -0.00112037  -0.0274631
-0.628319  3.14159  3.14159  -0.00347169  -0.010692
0.628319  3.14159  3.14159  -0.00339144  0.0108091
1.88496  3.14159  3.14159  -0.00102826  0.0274967
3.14159  3.14159  3.14159  -0.000609234  0.0385759
4.39823  3.14159  3.14159  -0.00130472  0.0443545
5.65487  3.14159  3.14159  0.000136875  0.0449187
6.9115  3.14159  3.14159  -0.000449951  0.0425164
8.16814  3.14159  3.14159  0.000224699  0.0413933
10.6814  3.14159  3.14159  -0.000119145  0.0351774
15.708  3.14159  3.14159  -0.000153227  0.026828
33.3009  3.14159  3.14159  -6.3602e-06  0.0137816
