-29.531  0  0  -0.039313  0.247441
-14.4513  0  0  -0.131655  0.474345
-8.16814  0  0  -0.282687  0.751112
-5.65487  0  0  -0.408034  0.965264
-4.39823  0  0  -0.516717  1.08136
-3.14159  0  0  -0.635127  1.13544
-1.88496  0  0  -0.789389  0.936129
-0.628319  0  0  -0.862242  0.415931
0.628319  0  0  -0.862242  -0.415931
1.88496  0  0  -0.789389  -0.936129
3.14159  0  0  -0.635127  -1.13544
4.39823  0  0  -0.516717  -1.08136
5.65487  0  0  -0.408034  -0.965264
8.16814  0  0  -0.282687  -0.751112
10.6814  0  0  -0.203531  -0.612859
14.4513  0  0  -0.131655  -0.474345
33.3009  0  0  -0.0315226  -0.221166
-29.531  0  3.14159  -3.5371e-05  0.248066
-14.4513  0  3.14159  -3.10862e-14  0.471332
-8.16814  0  3.14159  -1.15463e-13  0.700268
-5.65487  0  3.14159  -1.58096e-13  0.798493
-4.39823  0  3.14159  -1.9984e-13  0.90755
-3.14159  0  3.14159  -1.59872e-13  1.11323
-1.88496  0  3.14159  5.50671e-14  1.95713
-0.628319  0  3.14159  4.26326e-14  17.8766
0.628319  0  3.14159  4.26326e-14  -17.8766
1.88496  0  3.14159  5.50671e-14  -1.95713
3.14159  0  3.14159  -1.59872e-13  -1.11323
4.39823  0  3.14159  -1.9984e-13  -0.90755
5.65487  0  3.14159  -1.58096e-13  -0.798493
8.16814  0  3.14159  -1.15463e-13  -0.700268
10.6814  0  3.14159  -0.000835537  -0.587049
14.4513  0  3.14159  -3.10862e-14  -0.471332
33.3009  0  3.14159  -0.000107387  -0.219598
-29.531  3.14159  0  -3.5371e-05  0.248066
-14.4513  3.14159  0  -3.10862e-14  0.471332
-8.16814  3.14159  0  -1.15463e-13  0.700268
-5.65487  3.14159  0  -1.58096e-13  0.798493
-4.39823  3.14159  0  -1.9984e-13  0.90755
-3.14159  3.14159  0  -1.59872e-13  1.11323
-1.88496  3.14159  0  5.50671e-14  1.95713
-0.628319  3.14159  0  4.26326e-14  17.8766
0.628319  3.14159  0  4.26326e-14  -17.8766
1.88496  3.14159  0  5.50671e-14  -1.95713
3.14159  3.14159  0  -1.59872e-13  -1.11323
4.39823  3.14159  0  -1.9984e-13  -0.90755
5.65487  3.14159  0  -1.58096e-13  -0.798493
8.16814  3.14159  0  -1.15463e-13  -0.700268
10.6814  3.14159  0  -0.000835537  -0.587049
14.4513  3.14159  0  -3.10862e-14  -0.471332
33.3009  3.14159  0  -0.000107387  -0.219598
-29.531  3.14159  3.14159  0.0384465  0.247418
-14.4513  3.14159  3.14159  0.128077  0.474311
-8.16814  3.14159  3.14159  0.279521  0.751182
-5.65487  3.14159  3.14159  0.4282  0.965498
-4.39823  3.14159  3.14159  0.52467  1.08123
-3.14159  3.14159  3.14159  0.662166  1.13535
-1.88496  3.14159  3.14159  0.775812  0.936185
-0.628319  3.14159  3.14159  0.882779  0.415705
0.628319  3.14159  3.14159  0.882779  -0.415705
1.88496  3.14159  3.14159  0.775812  -0.936185
3.14159  3.14159  3.14159  0.662166  -1.13535
4.39823  3.14159  3.14159  0.52467  -1.08123
5.65487  3.14159  3.14159  0.4282  -0.965498
8.16814  3.14159  3.14159  0.279521  -0.751182
10.6814  3.14159  3.14159  0.196606  -0.612996
14.4513  3.14159  3.14159  0.128077  -0.474311
33.3009  3.14159  3.14159  0.0307788  -0.221175
