-29.531  0  0  0.00665307  0.0325009
-14.4513  0  0  0.0246351  0.0588927
-8.16814  0  0  0.0585415  0.0791017
-5.65487  0  0  0.0882233  0.0825286
-4.39823  0  0  0.108165  0.078698
-3.14159  0  0  0.130247  0.0676885
-1.88496  0  0  0.150765  0.0470112
-0.628319  0  0  0.163656  0.0170102
0.628319  0  0  0.163656  -0.0170102
1.88496  0  0  0.150765  -0.0470112
3.14159  0  0  0.130247  -0.0676885
4.39823  0  0  0.108165  -0.078698
5.65487  0  0  0.0882233  -0.0825286
8.16814  0  0  0.0585415  -0.0791017
10.6814  0  0  0.0401314  -0.0709088
14.4513  0  0  0.0246351  -0.0588927
33.3009  0  0  0.00527741  -0.0290713
-29.531  0  3.14159  0.00395796  0.0333924
-14.4513  0  3.14159  0.0158297  0.065363
-8.16814  0  3.14159  0.0443274  0.103443
-5.65487  0  3.14159  0.0791874  0.127888
-4.39823  0  3.14159  0.110827  0.139224
-3.14159  0  3.14159  0.158238  0.142032
-1.88496  0  3.14159  0.221487  0.119279
-0.628319  0  3.14159  0.276803  0.0496902
0.628319  0  3.14159  0.276803  -0.0496902
1.88496  0  3.14159  0.221487  -0.119279
3.14159  0  3.14159  0.158238  -0.142032
4.39823  0  3.14159  0.110827  -0.139224
5.65487  0  3.14159  0.0791874  -0.127888
8.16814  0  3.14159  0.0443274  -0.103443
10.6814  0  3.14159  0.0277001  -0.0845642
14.4513  0  3.14159  0.0158297  -0.065363
33.3009  0  3.14159  0.0031218  -0.0297036
-29.531  3.14159  0  0.00395796  0.0333924
-14.4513  3.14159  0  0.0158297  0.065363
-8.16814  3.14159  0  0.0443274  0.103443
-5.65487  3.14159  0  0.0791874  0.127888
-4.39823  3.14159  0  0.110827  0.139224
-3.14159  3.14159  0  0.158238  0.142032
-1.88496  3.14159  0  0.221487  0.119279
-0.628319  3.14159  0  0.276803  0.0496902
0.628319  3.14159  0  0.276803  -0.0496902
1.88496  3.14159  0  0.221487  -0.119279
3.14159  3.14159  0  0.158238  -0.142032
4.39823  3.14159  0  0.110827  -0.139224
5.65487  3.14159  0  0.0791874  -0.127888
8.16814  3.14159  0  0.0443274  -0.103443
10.6814  3.14159  0  0.0277001  -0.0845642
14.4513  3.14159  0  0.0158297  -0.065363
33.3009  3.14159  0  0.0031218  -0.0297036
-29.531  3.14159  3.14159  0.00109362  0.0338274
-14.4513  3.14159  3.14159  0.00455167  0.0688971
-8.16814  3.14159  3.14159  0.0141168  0.120777
-5.65487  3.14159  3.14159  0.0290292  0.171938
-4.39823  3.14159  3.14159  0.0471329  0.217134
-3.14159  3.14159  3.14159  0.0885544  0.291398
-1.88496  3.14159  3.14159  0.213845  0.422205
-0.628319  3.14159  3.14159  0.730871  0.480999
0.628319  3.14159  3.14159  0.730871  -0.480999
1.88496  3.14159  3.14159  0.213845  -0.422205
3.14159  3.14159  3.14159  0.0885544  -0.291398
4.39823  3.14159  3.14159  0.0471329  -0.217134
5.65487  3.14159  3.14159  0.0290292  -0.171938
8.16814  3.14159  3.14159  0.0141168  -0.120777
10.6814  3.14159  3.14159  0.00830141  -0.0928786
14.4513  3.14159  3.14159  0.00455167  -0.0688971
33.3009  3.14159  3.14159  0.000860201  -0.0300046
