-29.531  0  0  0.00665316  0.0325009
-14.4513  0  0  0.0246352  0.0588922
-8.16814  0  0  0.0585421  0.0791008
-5.65487  0  0  0.088224  0.082528
-4.39823  0  0  0.108163  0.0786957
-3.14159  0  0  0.130247  0.0676863
-1.88496  0  0  0.150763  0.0470097
-0.628319  0  0  0.163654  0.0170095
0.628319  0  0  0.163654  -0.0170095
1.88496  0  0  0.150763  -0.0470097
3.14159  0  0  0.130247  -0.0676863
4.39823  0  0  0.108163  -0.0786957
5.65487  0  0  0.088224  -0.082528
8.16814  0  0  0.0585421  -0.0791008
10.6814  0  0  0.0401316  -0.0709078
14.4513  0  0  0.0246352  -0.0588922
33.3009  0  0  0.00527749  -0.0290714
-29.531  0  3.14159  0.00395941  0.0333892
-14.4513  0  3.14159  0.0158289  0.0653606
-8.16814  0  3.14159  0.0443445  0.103458
-5.65487  0  3.14159  0.0793091  0.127954
-4.39823  0  3.14159  0.110947  0.139253
-3.14159  0  3.14159  0.158254  0.142026
-1.88496  0  3.14159  0.221499  0.119264
-0.628319  0  3.14159  0.276798  0.0496813
0.628319  0  3.14159  0.276798  -0.0496813
1.88496  0  3.14159  0.221499  -0.119264
3.14159  0  3.14159  0.158254  -0.142026
4.39823  0  3.14159  0.110947  -0.139253
5.65487  0  3.14159  0.0793091  -0.127954
8.16814  0  3.14159  0.0443445  -0.103458
10.6814  0  3.14159  0.0276983  -0.0846125
14.4513  0  3.14159  0.0158289  -0.0653606
33.3009  0  3.14159  0.00312321  -0.0297097
-29.531  3.14159  0  0.00395941  0.0333892
-14.4513  3.14159  0  0.0158289  0.0653606
-8.16814  3.14159  0  0.0443445  0.103458
-5.65487  3.14159  0  0.0793091  0.127954
-4.39823  3.14159  0  0.110947  0.139253
-3.14159  3.14159  0  0.158254  0.142026
-1.88496  3.14159  0  0.221499  0.119264
-0.628319  3.14159  0  0.276798  0.0496813
0.628319  3.14159  0  0.276798  -0.0496813
1.88496  3.14159  0  0.221499  -0.119264
3.14159  3.14159  0  0.158254  -0.142026
4.39823  3.14159  0  0.110947  -0.139253
5.65487  3.14159  0  0.0793091  -0.127954
8.16814  3.14159  0  0.0443445  -0.103458
10.6814  3.14159  0  0.0276983  -0.0846125
14.4513  3.14159  0  0.0158289  -0.0653606
33.3009  3.14159  0  0.00312321  -0.0297097
-29.531  3.14159  3.14159  0.00109373  0.0338273
-14.4513  3.14159  3.14159  0.00455211  0.0688972
-8.16814  3.14159  3.14159  0.014118  0.120776
-5.65487  3.14159  3.14159  0.0290331  0.171938
-4.39823  3.14159  3.14159  0.0471369  0.217134
-3.14159  3.14159  3.14159  0.0885595  0.291392
-1.88496  3.14159  3.14159  0.213857  0.422188
-0.628319  3.14159  3.14159  0.730842  0.480935
0.628319  3.14159  3.14159  0.730842  -0.480935
1.88496  3.14159  3.14159  0.213857  -0.422188
3.14159  3.14159  3.14159  0.0885595  -0.291392
4.39823  3.14159  3.14159  0.0471369  -0.217134
5.65487  3.14159  3.14159  0.0290331  -0.171938
8.16814  3.14159  3.14159  0.014118  -0.120776
10.6814  3.14159  3.14159  0.00830194  -0.0928787
14.4513  3.14159  3.14159  0.00455211  -0.0688972
33.3009  3.14159  3.14159  0.000860279  -0.0300045
