-29.531  0  0  -1254.79  -4838.5
-14.4513  0  0  2402.47  8417.43
-8.16814  0  0  4974.34  -18862.5
-5.65487  0  0  -5190.35  -5051.87
-4.39823  0  0  6037.39  4490.71
-3.14159  0  0  -2085.43  -7932.77
-1.88496  0  0  57924.9  -41413.7
-0.628319  0  0  57165  -36003.9
0.628319  0  0  57165  36003.9
1.88496  0  0  57924.9  41413.7
3.14159  0  0  -2085.43  7932.77
4.39823  0  0  6037.39  -4490.71
5.65487  0  0  -5190.35  5051.87
8.16814  0  0  4974.34  18862.5
10.6814  0  0  7236.92  -4621
14.4513  0  0  2402.47  -8417.43
33.3009  0  0  -1098.67  5006.03
-29.531  0  3.14159  -2.85135  -274.978
-14.4513  0  3.14159  1.10595e-09  952.992
-8.16814  0  3.14159  -2.79397e-09  -306.143
-5.65487  0  3.14159  -8.14907e-10  -92.8812
-4.39823  0  3.14159  9.31323e-10  -143.282
-3.14159  0  3.14159  -4.65661e-09  -1485.99
-1.88496  0  3.14159  3.46918e-08  -1760.72
-0.628319  0  3.14159  5.9139e-08  -6262.81
0.628319  0  3.14159  5.9139e-08  6262.81
1.88496  0  3.14159  3.46918e-08  1760.72
3.14159  0  3.14159  -4.65661e-09  1485.99
4.39823  0  3.14159  9.31323e-10  143.282
5.65487  0  3.14159  -8.14907e-10  92.8812
8.16814  0  3.14159  -2.79397e-09  306.143
10.6814  0  3.14159  -56.045  63.3207
14.4513  0  3.14159  1.10595e-09  -952.992
33.3009  0  3.14159  -7.52498  514.021
-29.531  3.14159  0  -2.85135  -274.978
-14.4513  3.14159  0  1.10595e-09  952.992
-8.16814  3.14159  0  -2.79397e-09  -306.143
-5.65487  3.14159  0  -8.14907e-10  -92.8812
-4.39823  3.14159  0  9.31323e-10  -143.282
-3.14159  3.14159  0  -4.65661e-09  -1485.99
-1.88496  3.14159  0  3.46918e-08  -1760.72
-0.628319  3.14159  0  5.9139e-08  -6262.81
0.628319  3.14159  0  5.9139e-08  6262.81
1.88496  3.14159  0  3.46918e-08  1760.72
3.14159  3.14159  0  -4.65661e-09  1485.99
4.39823  3.14159  0  9.31323e-10  143.282
5.65487  3.14159  0  -8.14907e-10  92.8812
8.16814  3.14159  0  -2.79397e-09  306.143
10.6814  3.14159  0  -56.045  63.3207
14.4513  3.14159  0  1.10595e-09  -952.992
33.3009  3.14159  0  -7.52498  514.021
-29.531  3.14159  3.14159  563.549  8624.75
-14.4513  3.14159  3.14159  -3890.78  -26642.1
-8.16814  3.14159  3.14159  -11013.4  30343.5
-5.65487  3.14159  3.14159  7535.13  -8463.82
-4.39823  3.14159  3.14159  -8276.83  -13028.5
-3.14159  3.14159  3.14159  -12885.2  18003.3
-1.88496  3.14159  3.14159  -137512  95425.6
-0.628319  3.14159  3.14159  -135445  127223
0.628319  3.14159  3.14159  -135445  -127223
1.88496  3.14159  3.14159  -137512  -95425.6
3.14159  3.14159  3.14159  -12885.2  -18003.3
4.39823  3.14159  3.14159  -8276.83  13028.5
5.65487  3.14159  3.14159  7535.13  8463.82
8.16814  3.14159  3.14159  -11013.4  -30343.5
10.6814  3.14159  3.14159  -11626.6  7413.89
14.4513  3.14159  3.14159  -3890.78  26642.1
33.3009  3.14159  3.14159  456.116  -11866.1
