-29.531  0  0  -367.617  -1517.25
-14.4513  0  0  752.227  2542.98
-8.16814  0  0  1539.39  -5823.17
-5.65487  0  0  -1644.19  -1624.94
-4.39823  0  0  1822.05  1287.34
-3.14159  0  0  -869.428  -2558.23
-1.88496  0  0  17819.5  -12522.7
-0.628319  0  0  17460.2  -11343.9
0.628319  0  0  17460.2  11343.9
1.88496  0  0  17819.5  12522.7
3.14159  0  0  -869.428  2558.23
4.39823  0  0  1822.05  -1287.34
5.65487  0  0  -1644.19  1624.94
8.16814  0  0  1539.39  5823.17
10.6814  0  0  2238.17  -1355.59
14.4513  0  0  752.227  -2542.98
33.3009  0  0  -321.523  1571.24
-29.531  0  3.14159  -0.766754  -30.1672
-14.4513  0  3.14159  -4.22006e-10  110.624
-8.16814  0  3.14159  -3.0268e-09  -326.88
-5.65487  0  3.14159  -2.76486e-09  -387.147
-4.39823  0  3.14159  -2.96859e-09  235.744
-3.14159  0  3.14159  -5.87897e-09  85.1309
-1.88496  0  3.14159  9.57516e-09  -632.675
-0.628319  0  3.14159  -8.14907e-10  656.419
0.628319  0  3.14159  -8.14907e-10  -656.419
1.88496  0  3.14159  9.57516e-09  632.675
3.14159  0  3.14159  -5.87897e-09  -85.1309
4.39823  0  3.14159  -2.96859e-09  -235.744
5.65487  0  3.14159  -2.76486e-09  387.147
8.16814  0  3.14159  -3.0268e-09  326.88
10.6814  0  3.14159  -17.0656  232.443
14.4513  0  3.14159  -4.22006e-10  -110.624
33.3009  0  3.14159  -2.21893  85.2112
-29.531  3.14159  0  -0.766754  -30.1672
-14.4513  3.14159  0  -4.22006e-10  110.624
-8.16814  3.14159  0  -3.0268e-09  -326.88
-5.65487  3.14159  0  -2.76486e-09  -387.147
-4.39823  3.14159  0  -2.96859e-09  235.744
-3.14159  3.14159  0  -5.87897e-09  85.1309
-1.88496  3.14159  0  9.57516e-09  -632.675
-0.628319  3.14159  0  -8.14907e-10  656.419
0.628319  3.14159  0  -8.14907e-10  -656.419
1.88496  3.14159  0  9.57516e-09  632.675
3.14159  3.14159  0  -5.87897e-09  -85.1309
4.39823  3.14159  0  -2.96859e-09  -235.744
5.65487  3.14159  0  -2.76486e-09  387.147
8.16814  3.14159  0  -3.0268e-09  326.88
10.6814  3.14159  0  -17.0656  232.443
14.4513  3.14159  0  -4.22006e-10  -110.624
33.3009  3.14159  0  -2.21893  85.2112
-29.531  3.14159  3.14159  167.667  2614.26
-14.4513  3.14159  3.14159  -1180.52  -8011.88
-8.16814  3.14159  3.14159  -3325.67  9207.58
-5.65487  3.14159  3.14159  2296.15  -2491.92
-4.39823  3.14159  3.14159  -2490.92  -3879.8
-3.14159  3.14159  3.14159  -3766.39  5433.15
-1.88496  3.14159  3.14159  -41459.5  28740.7
-0.628319  3.14159  3.14159  -40806.4  38253.8
0.628319  3.14159  3.14159  -40806.4  -38253.8
1.88496  3.14159  3.14159  -41459.5  -28740.7
3.14159  3.14159  3.14159  -3766.39  -5433.15
4.39823  3.14159  3.14159  -2490.92  3879.8
5.65487  3.14159  3.14159  2296.15  2491.92
8.16814  3.14159  3.14159  -3325.67  -9207.58
10.6814  3.14159  3.14159  -3515.57  2166.56
14.4513  3.14159  3.14159  -1180.52  8011.88
33.3009  3.14159  3.14159  135.777  -3596.76
