-29.531  0  0  -113.144  -166.009
-14.4513  0  0  80.3437  773.742
-8.16814  0  0  358.729  1375.75
-5.65487  0  0  -465.647  1734.65
-4.39823  0  0  -1000.15  -2010.13
-3.14159  0  0  -19.7317  -2501.93
-1.88496  0  0  4902.76  -18.7518
-0.628319  0  0  3419.47  -10782.7
0.628319  0  0  3419.47  10782.7
1.88496  0  0  4902.76  18.7518
3.14159  0  0  -19.7317  2501.93
4.39823  0  0  -1000.15  2010.13
5.65487  0  0  -465.647  -1734.65
8.16814  0  0  358.729  -1375.75
10.6814  0  0  277.348  -278.003
14.4513  0  0  80.3437  -773.742
33.3009  0  0  -107.972  380.141
-29.531  0  3.14159  52.5283  10901.5
-14.4513  0  3.14159  8.05594e-08  -38416.2
-8.16814  0  3.14159  -2.87779e-07  -73196.4
-5.65487  0  3.14159  -3.12924e-07  -85941.7
-4.39823  0  3.14159  -5.64381e-07  80981.5
-3.14159  0  3.14159  -5.11296e-07  135955
-1.88496  0  3.14159  5.16884e-07  -42492.8
-0.628319  0  3.14159  -2.37487e-07  523468
0.628319  0  3.14159  -2.37487e-07  -523468
1.88496  0  3.14159  5.16884e-07  42492.8
3.14159  0  3.14159  -5.11296e-07  -135955
4.39823  0  3.14159  -5.64381e-07  -80981.5
5.65487  0  3.14159  -3.12924e-07  85941.7
8.16814  0  3.14159  -2.87779e-07  73196.4
10.6814  0  3.14159  334.64  52292.6
14.4513  0  3.14159  8.05594e-08  38416.2
33.3009  0  3.14159  73.7659  -14920.1
-29.531  3.14159  0  52.5283  10901.5
-14.4513  3.14159  0  8.05594e-08  -38416.2
-8.16814  3.14159  0  -2.87779e-07  -73196.4
-5.65487  3.14159  0  -3.12924e-07  -85941.7
-4.39823  3.14159  0  -5.64381e-07  80981.5
-3.14159  3.14159  0  -5.11296e-07  135955
-1.88496  3.14159  0  5.16884e-07  -42492.8
-0.628319  3.14159  0  -2.37487e-07  523468
0.628319  3.14159  0  -2.37487e-07  -523468
1.88496  3.14159  0  5.16884e-07  42492.8
3.14159  3.14159  0  -5.11296e-07  -135955
4.39823  3.14159  0  -5.64381e-07  -80981.5
5.65487  3.14159  0  -3.12924e-07  85941.7
8.16814  3.14159  0  -2.87779e-07  73196.4
10.6814  3.14159  0  334.64  52292.6
14.4513  3.14159  0  8.05594e-08  38416.2
33.3009  3.14159  0  73.7659  -14920.1
-29.531  3.14159  3.14159  -111.893  -155.942
-14.4513  3.14159  3.14159  75.6542  747.99
-8.16814  3.14159  3.14159  346.908  1412.46
-5.65487  3.14159  3.14159  -456.166  1732.33
-4.39823  3.14159  3.14159  -1010.73  -2022.76
-3.14159  3.14159  3.14159  -27.3118  -2482.32
-1.88496  3.14159  3.14159  4757.99  81.705
-0.628319  3.14159  3.14159  3277.72  -10661.5
0.628319  3.14159  3.14159  3277.72  10661.5
1.88496  3.14159  3.14159  4757.99  -81.705
3.14159  3.14159  3.14159  -27.3118  2482.32
4.39823  3.14159  3.14159  -1010.73  2022.76
5.65487  3.14159  3.14159  -456.166  -1732.33
8.16814  3.14159  3.14159  346.908  -1412.46
10.6814  3.14159  3.14159  263.398  -269.346
14.4513  3.14159  3.14159  75.6542  -747.99
33.3009  3.14159  3.14159  -106.908  367.563
