-29.531  0  0  0.00664669  0.0325134
-14.4513  0  0  0.0246272  0.0588831
-8.16814  0  0  0.058527  0.0790921
-5.65487  0  0  0.0882036  0.0825336
-4.39823  0  0  0.108185  0.0786998
-3.14159  0  0  0.130264  0.0676746
-1.88496  0  0  0.150753  0.0470024
-0.628319  0  0  0.163653  0.0170037
0.628319  0  0  0.163653  -0.0170037
1.88496  0  0  0.150753  -0.0470024
3.14159  0  0  0.130264  -0.0676746
4.39823  0  0  0.108185  -0.0786998
5.65487  0  0  0.0882036  -0.0825336
8.16814  0  0  0.058527  -0.0790921
10.6814  0  0  0.0401223  -0.0708682
14.4513  0  0  0.0246272  -0.0588831
33.3009  0  0  0.00527178  -0.0290803
-29.531  0  3.14159  0.00395772  0.0333935
-14.4513  0  3.14159  0.0158307  0.065364
-8.16814  0  3.14159  0.0443217  0.103436
-5.65487  0  3.14159  0.0791368  0.127859
-4.39823  0  3.14159  0.110778  0.139209
-3.14159  0  3.14159  0.15823  0.142028
-1.88496  0  3.14159  0.22148  0.119276
-0.628319  0  3.14159  0.276794  0.0496905
0.628319  0  3.14159  0.276794  -0.0496905
1.88496  0  3.14159  0.22148  -0.119276
3.14159  0  3.14159  0.15823  -0.142028
4.39823  0  3.14159  0.110778  -0.139209
5.65487  0  3.14159  0.0791368  -0.127859
8.16814  0  3.14159  0.0443217  -0.103436
10.6814  0  3.14159  0.027702  -0.0845437
14.4513  0  3.14159  0.0158307  -0.065364
33.3009  0  3.14159  0.00312153  -0.0297009
-29.531  3.14159  0  0.00395772  0.0333935
-14.4513  3.14159  0  0.0158307  0.065364
-8.16814  3.14159  0  0.0443217  0.103436
-5.65487  3.14159  0  0.0791368  0.127859
-4.39823  3.14159  0  0.110778  0.139209
-3.14159  3.14159  0  0.15823  0.142028
-1.88496  3.14159  0  0.22148  0.119276
-0.628319  3.14159  0  0.276794  0.0496905
0.628319  3.14159  0  0.276794  -0.0496905
1.88496  3.14159  0  0.22148  -0.119276
3.14159  3.14159  0  0.15823  -0.142028
4.39823  3.14159  0  0.110778  -0.139209
5.65487  3.14159  0  0.0791368  -0.127859
8.16814  3.14159  0  0.0443217  -0.103436
10.6814  3.14159  0  0.027702  -0.0845437
14.4513  3.14159  0  0.0158307  -0.065364
33.3009  3.14159  0  0.00312153  -0.0297009
-29.531  3.14159  3.14159  0.00108  0.0338385
-14.4513  3.14159  3.14159  0.0045515  0.0688819
-8.16814  3.14159  3.14159  0.0141183  0.120751
-5.65487  3.14159  3.14159  0.0290078  0.171902
-4.39823  3.14159  3.14159  0.0471353  0.217187
-3.14159  3.14159  3.14159  0.0886149  0.291473
-1.88496  3.14159  3.14159  0.213927  0.422089
-0.628319  3.14159  3.14159  0.730974  0.480815
0.628319  3.14159  3.14159  0.730974  -0.480815
1.88496  3.14159  3.14159  0.213927  -0.422089
3.14159  3.14159  3.14159  0.0886149  -0.291473
4.39823  3.14159  3.14159  0.0471353  -0.217187
5.65487  3.14159  3.14159  0.0290078  -0.171902
8.16814  3.14159  3.14159  0.0141183  -0.120751
10.6814  3.14159  3.14159  0.00831008  -0.0928325
14.4513  3.14159  3.14159  0.0045515  -0.0688819
33.3009  3.14159  3.14159  0.000847659  -0.0300125
