-29.531  0  0  0.00662933  0.0325019
-14.4513  0  0  0.0246048  0.0588611
-8.16814  0  0  0.0584721  0.0790557
-5.65487  0  0  0.0881424  0.082565
-4.39823  0  0  0.108247  0.0787076
-3.14159  0  0  0.13032  0.0676372
-1.88496  0  0  0.150727  0.04698
-0.628319  0  0  0.163651  0.0169856
0.628319  0  0  0.163651  -0.0169856
1.88496  0  0  0.150727  -0.04698
3.14159  0  0  0.13032  -0.0676372
4.39823  0  0  0.108247  -0.0787076
5.65487  0  0  0.0881424  -0.082565
8.16814  0  0  0.0584721  -0.0790557
10.6814  0  0  0.040097  -0.0708486
14.4513  0  0  0.0246048  -0.0588611
33.3009  0  0  0.00525695  -0.0290727
-29.531  0  3.14159  0.00395761  0.0333931
-14.4513  0  3.14159  0.015831  0.0653646
-8.16814  0  3.14159  0.0443225  0.103436
-5.65487  0  3.14159  0.0791382  0.12786
-4.39823  0  3.14159  0.110776  0.139208
-3.14159  0  3.14159  0.158228  0.142028
-1.88496  0  3.14159  0.221487  0.119271
-0.628319  0  3.14159  0.276794  0.0496912
0.628319  0  3.14159  0.276794  -0.0496912
1.88496  0  3.14159  0.221487  -0.119271
3.14159  0  3.14159  0.158228  -0.142028
4.39823  0  3.14159  0.110776  -0.139208
5.65487  0  3.14159  0.0791382  -0.12786
8.16814  0  3.14159  0.0443225  -0.103436
10.6814  0  3.14159  0.0277025  -0.0845445
14.4513  0  3.14159  0.015831  -0.0653646
33.3009  0  3.14159  0.00312141  -0.0297004
-29.531  3.14159  0  0.00395761  0.0333931
-14.4513  3.14159  0  0.015831  0.0653646
-8.16814  3.14159  0  0.0443225  0.103436
-5.65487  3.14159  0  0.0791382  0.12786
-4.39823  3.14159  0  0.110776  0.139208
-3.14159  3.14159  0  0.158228  0.142028
-1.88496  3.14159  0  0.221487  0.119271
-0.628319  3.14159  0  0.276794  0.0496912
0.628319  3.14159  0  0.276794  -0.0496912
1.88496  3.14159  0  0.221487  -0.119271
3.14159  3.14159  0  0.158228  -0.142028
4.39823  3.14159  0  0.110776  -0.139208
5.65487  3.14159  0  0.0791382  -0.12786
8.16814  3.14159  0  0.0443225  -0.103436
10.6814  3.14159  0  0.0277025  -0.0845445
14.4513  3.14159  0  0.015831  -0.0653646
33.3009  3.14159  0  0.00312141  -0.0297004
-29.531  3.14159  3.14159  0.00107487  0.0338181
-14.4513  3.14159  3.14159  0.00454597  0.0688426
-8.16814  3.14159  3.14159  0.0141146  0.120678
-5.65487  3.14159  3.14159  0.0289415  0.171792
-4.39823  3.14159  3.14159  0.0471285  0.21737
-3.14159  3.14159  3.14159  0.0888657  0.291699
-1.88496  3.14159  3.14159  0.214161  0.421783
-0.628319  3.14159  3.14159  0.731413  0.480452
0.628319  3.14159  3.14159  0.731413  -0.480452
1.88496  3.14159  3.14159  0.214161  -0.421783
3.14159  3.14159  3.14159  0.0888657  -0.291699
4.39823  3.14159  3.14159  0.0471285  -0.21737
5.65487  3.14159  3.14159  0.0289415  -0.171792
8.16814  3.14159  3.14159  0.0141146  -0.120678
10.6814  3.14159  3.14159  0.00831557  -0.0927954
14.4513  3.14159  3.14159  0.00454597  -0.0688426
33.3009  3.14159  3.14159  0.000843604  -0.0299963
