-29.531  0  0  0.00288871  0.0335852
-14.4513  0  0  0.0117043  0.0669146
-8.16814  0  0  0.033928  0.110896
-5.65487  0  0  0.0637071  0.14613
-4.39823  0  0  0.0941173  0.169966
-3.14159  0  0  0.148154  0.194758
-1.88496  0  0  0.245541  0.200149
-0.628319  0  0  0.384219  0.114988
0.628319  0  0  0.384219  -0.114988
1.88496  0  0  0.245541  -0.200149
3.14159  0  0  0.148154  -0.194758
4.39823  0  0  0.0941173  -0.169966
5.65487  0  0  0.0637071  -0.14613
8.16814  0  0  0.033928  -0.110896
10.6814  0  0  0.0207667  -0.0881749
14.4513  0  0  0.0117043  -0.0669146
33.3009  0  0  0.00227645  -0.0298352
-29.531  0  3.14159  -1.2355e-06  0.0338335
-14.4513  0  3.14159  -5.08658e-06  0.0689563
-8.16814  0  3.14159  -1.56232e-05  0.121192
-5.65487  0  3.14159  -3.17995e-05  0.173472
-4.39823  0  3.14159  -5.12487e-05  0.220872
-3.14159  0  3.14159  -9.57063e-05  0.303263
-1.88496  0  3.14159  -0.000236285  0.480575
-0.628319  0  3.14159  -0.002282  1.46112
0.628319  0  3.14159  -0.002282  -1.46112
1.88496  0  3.14159  -0.000236285  -0.480575
3.14159  0  3.14159  -9.57063e-05  -0.303263
4.39823  0  3.14159  -5.12487e-05  -0.220872
5.65487  0  3.14159  -3.17995e-05  -0.173472
8.16814  0  3.14159  -1.56232e-05  -0.121192
10.6814  0  3.14159  -9.3652e-06  -0.0930421
14.4513  0  3.14159  -5.08658e-06  -0.0689563
33.3009  0  3.14159  -9.81434e-07  -0.0300088
-29.531  3.14159  0  -1.2355e-06  0.0338335
-14.4513  3.14159  0  -5.08658e-06  0.0689563
-8.16814  3.14159  0  -1.56232e-05  0.121192
-5.65487  3.14159  0  -3.17995e-05  0.173472
-4.39823  3.14159  0  -5.12487e-05  0.220872
-3.14159  3.14159  0  -9.57063e-05  0.303263
-1.88496  3.14159  0  -0.000236285  0.480575
-0.628319  3.14159  0  -0.002282  1.46112
0.628319  3.14159  0  -0.002282  -1.46112
1.88496  3.14159  0  -0.000236285  -0.480575
3.14159  3.14159  0  -9.57063e-05  -0.303263
4.39823  3.14159  0  -5.12487e-05  -0.220872
5.65487  3.14159  0  -3.17995e-05  -0.173472
8.16814  3.14159  0  -1.56232e-05  -0.121192
10.6814  3.14159  0  -9.3652e-06  -0.0930421
14.4513  3.14159  0  -5.08658e-06  -0.0689563
33.3009  3.14159  0  -9.81434e-07  -0.0300088
-29.531  3.14159  3.14159  -0.00289111  0.0335848
-14.4513  3.14159  3.14159  -0.0117138  0.0669111
-8.16814  3.14159  3.14159  -0.033956  0.110875
-5.65487  3.14159  3.14159  -0.0637542  0.146058
-4.39823  3.14159  3.14159  -0.0941572  0.169807
-3.14159  3.14159  3.14159  -0.14806  0.194409
-1.88496  3.14159  3.14159  -0.244778  0.199719
-0.628319  3.14159  3.14159  -0.383272  0.11672
0.628319  3.14159  3.14159  -0.383272  -0.11672
1.88496  3.14159  3.14159  -0.244778  -0.199719
3.14159  3.14159  3.14159  -0.14806  -0.194409
4.39823  3.14159  3.14159  -0.0941572  -0.169807
5.65487  3.14159  3.14159  -0.0637542  -0.146058
8.16814  3.14159  3.14159  -0.033956  -0.110875
10.6814  3.14159  3.14159  -0.0207836  -0.0881661
14.4513  3.14159  3.14159  -0.0117138  -0.0669111
33.3009  3.14159  3.14159  -0.00227833  -0.0298349
