-29.531  0  0  740.628  1094.92
-14.4513  0  0  -494.74  -3944
-8.16814  0  0  -1516.09  -220.261
-5.65487  0  0  1543.57  -4701.41
-4.39823  0  0  1099.77  178.746
-3.14159  0  0  -16.9264  6083.79
-1.88496  0  0  -17427.1  5903.31
-0.628319  0  0  -16725.2  34239.3
0.628319  0  0  -16725.2  -34239.3
1.88496  0  0  -17427.1  -5903.31
3.14159  0  0  -16.9264  -6083.79
4.39823  0  0  1099.77  -178.746
5.65487  0  0  1543.57  4701.41
8.16814  0  0  -1516.09  220.261
10.6814  0  0  -1944.43  4084.29
14.4513  0  0  -494.74  3944
33.3009  0  0  665.624  -1293.87
-29.531  0  3.14159  -24.4218  9739.2
-14.4513  0  3.14159  1.03842e-07  -37417
-8.16814  0  3.14159  -2.08151e-07  -11711.3
-5.65487  0  3.14159  -5.68107e-08  -46972.6
-4.39823  0  3.14159  -1.94646e-07  12525.9
-3.14159  0  3.14159  -5.40167e-08  62157.3
-1.88496  0  3.14159  2.52109e-06  39205
-0.628319  0  3.14159  1.56835e-06  352380
0.628319  0  3.14159  1.56835e-06  -352380
1.88496  0  3.14159  2.52109e-06  -39205
3.14159  0  3.14159  -5.40167e-08  -62157.3
4.39823  0  3.14159  -1.94646e-07  -12525.9
5.65487  0  3.14159  -5.68107e-08  46972.6
8.16814  0  3.14159  -2.08151e-07  11711.3
10.6814  0  3.14159  -885.235  39838.7
14.4513  0  3.14159  1.03842e-07  37417
33.3009  0  3.14159  -103.376  -12024.4
-29.531  3.14159  0  -24.4218  9739.2
-14.4513  3.14159  0  1.03842e-07  -37417
-8.16814  3.14159  0  -2.08151e-07  -11711.3
-5.65487  3.14159  0  -5.68107e-08  -46972.6
-4.39823  3.14159  0  -1.94646e-07  12525.9
-3.14159  3.14159  0  -5.40167e-08  62157.3
-1.88496  3.14159  0  2.52109e-06  39205
-0.628319  3.14159  0  1.56835e-06  352380
0.628319  3.14159  0  1.56835e-06  -352380
1.88496  3.14159  0  2.52109e-06  -39205
3.14159  3.14159  0  -5.40167e-08  -62157.3
4.39823  3.14159  0  -1.94646e-07  -12525.9
5.65487  3.14159  0  -5.68107e-08  46972.6
8.16814  3.14159  0  -2.08151e-07  11711.3
10.6814  3.14159  0  -885.235  39838.7
14.4513  3.14159  0  1.03842e-07  37417
33.3009  3.14159  0  -103.376  -12024.4
-29.531  3.14159  3.14159  821.612  1079.96
-14.4513  3.14159  3.14159  -482.038  -3858.78
-8.16814  3.14159  3.14159  -1479.58  382.08
-5.65487  3.14159  3.14159  1464.46  -4214.93
-4.39823  3.14159  3.14159  710.07  -350.457
-3.14159  3.14159  3.14159  -340.17  5441.95
-1.88496  3.14159  3.14159  -17088.3  6796.77
-0.628319  3.14159  3.14159  -16673.3  31837.8
0.628319  3.14159  3.14159  -16673.3  -31837.8
1.88496  3.14159  3.14159  -17088.3  -6796.77
3.14159  3.14159  3.14159  -340.17  -5441.95
4.39823  3.14159  3.14159  710.07  350.457
5.65487  3.14159  3.14159  1464.46  4214.93
8.16814  3.14159  3.14159  -1479.58  -382.08
10.6814  3.14159  3.14159  -1976.28  3958.56
14.4513  3.14159  3.14159  -482.038  3858.78
33.3009  3.14159  3.14159  738.241  -1245.48
