-35.3429  0  0  4.46492e-56  -2.88526e-56
-22.7765  0  0  2.71949e-56  1.994e-56
-16.4934  0  0  5.13266e-56  8.5082e-56
-10.2102  0  0  -5.61795e-55  7.30268e-56
-8.63938  0  0  8.83564e-55  -5.15313e-55
-7.06858  0  0  2.645e-55  5.076e-55
-5.49779  0  0  -2.82547e-55  -1.42027e-55
-3.92699  0  0  -1.24431e-55  -2.34859e-55
-2.35619  0  0  -1.13481e-54  9.47528e-56
-0.785398  0  0  1.58928e-55  2.7205e-54
0.785398  0  0  2.53141e-54  7.00132e-55
2.35619  0  0  2.78881e-55  -1.12287e-54
3.92699  0  0  -1.84137e-55  -1.21765e-55
5.49779  0  0  -1.14443e-55  -3.07549e-55
7.06858  0  0  4.45762e-55  3.56344e-55
8.63938  0  0  -6.51318e-55  8.0468e-55
10.2102  0  0  1.48893e-55  -5.74284e-55
16.4934  0  0  8.13508e-56  6.59424e-56
33.7721  0  0  1.25779e-55  -1.01812e-55
62.0465  0  0  -8.09616e-56  6.34343e-56
-35.3429  0  3.14159  -1.27246e-55  -1.4041e-55
-22.7765  0  3.14159  7.70173e-56  -1.48695e-55
-16.4934  0  3.14159  2.90799e-55  -3.88408e-55
-10.2102  0  3.14159  1.43742e-54  2.44942e-54
-8.63938  0  3.14159  -4.00744e-54  -3.13129e-54
-7.06858  0  3.14159  1.74239e-54  -1.97973e-54
-5.49779  0  3.14159  -1.34405e-55  1.57674e-54
-3.92699  0  3.14159  -1.10934e-54  8.94811e-55
-2.35619  0  3.14159  2.62228e-54  4.83922e-54
-0.785398  0  3.14159  1.23004e-53  -4.81107e-54
0.785398  0  3.14159  -1.784e-54  -1.22478e-53
2.35619  0  3.14159  -5.83095e-54  3.88271e-55
3.92699  0  3.14159  -1.26607e-56  1.14236e-54
5.49779  0  3.14159  -1.28692e-54  1.02675e-54
7.06858  0  3.14159  9.42988e-55  -2.54328e-54
8.63938  0  3.14159  4.90205e-54  1.69212e-54
10.2102  0  3.14159  -2.9962e-54  1.81525e-55
16.4934  0  3.14159  1.8657e-55  -4.7563e-55
33.7721  0  3.14159  -6.82809e-55  -4.03985e-55
62.0465  0  3.14159  3.97364e-55  2.52281e-55
-35.3429  3.14159  0  -1.27246e-55  -1.4041e-55
-22.7765  3.14159  0  7.70173e-56  -1.48695e-55
-16.4934  3.14159  0  2.90799e-55  -3.88408e-55
-10.2102  3.14159  0  1.43742e-54  2.44942e-54
-8.63938  3.14159  0  -4.00744e-54  -3.13129e-54
-7.06858  3.14159  0  1.74239e-54  -1.97973e-54
-5.49779  3.14159  0  -1.34405e-55  1.57674e-54
-3.92699  3.14159  0  -1.10934e-54  8.94811e-55
-2.35619  3.14159  0  2.62228e-54  4.83922e-54
-0.785398  3.14159  0  1.23004e-53  -4.81107e-54
0.785398  3.14159  0  -1.784e-54  -1.22478e-53
2.35619  3.14159  0  -5.83095e-54  3.88271e-55
3.92699  3.14159  0  -1.26607e-56  1.14236e-54
5.49779  3.14159  0  -1.28692e-54  1.02675e-54
7.06858  3.14159  0  9.42988e-55  -2.54328e-54
8.63938  3.14159  0  4.90205e-54  1.69212e-54
10.2102  3.14159  0  -2.9962e-54  1.81525e-55
16.4934  3.14159  0  1.8657e-55  -4.7563e-55
33.7721  3.14159  0  -6.82809e-55  -4.03985e-55
62.0465  3.14159  0  3.97364e-55  2.52281e-55
-35.3429  3.14159  3.14159  -5.08556e-56  1.56415e-56
-22.7765  3.14159  3.14159  -2.91593e-56  -5.63971e-56
-16.4934  3.14159  3.14159  -8.80036e-56  -1.77292e-55
-10.2102  3.14159  3.14159  1.18272e-54  -6.69136e-56
-8.63938  3.14159  3.14159  -1.89884e-54  8.56655e-55
-7.06858  3.14159  3.14159  -3.99043e-55  -9.50457e-55
-5.49779  3.14159  3.14159  5.4967e-55  3.49947e-55
-3.92699  3.14159  3.14159  3.10681e-56  5.70492e-55
-2.35619  3.14159  3.14159  2.26121e-54  -9.79062e-56
-0.785398  3.14159  3.14159  6.88465e-55  -5.10738e-54
0.785398  3.14159  3.14159  -4.78779e-54  -1.44946e-54
2.35619  3.14159  3.14159  -1.0299e-54  2.10245e-54
3.92699  3.14159  3.14159  4.78996e-55  2.19745e-55
5.49779  3.14159  3.14159  9.76531e-56  6.56998e-55
7.06858  3.14159  3.14159  -6.97982e-55  -7.9028e-55
8.63938  3.14159  3.14159  1.55792e-54  -1.40868e-54
10.2102  3.14159  3.14159  -5.44213e-55  1.07995e-54
16.4934  3.14159  3.14159  -1.26698e-55  -1.56718e-55
33.7721  3.14159  3.14159  -2.72472e-55  1.65851e-55
62.0465  3.14159  3.14159  1.5462e-55  -9.34425e-56
