-35.3429  0  0  0.319693  -0.392661
-22.7765  0  0  -0.921482  1.02265
-16.4934  0  0  -3.35029  3.85175
-10.2102  0  0  -6.06907  -8.73993
-8.63938  0  0  1.42192  -4.97494
-7.06858  0  0  22.9064  -4.40261
-5.49779  0  0  16.3056  -12.6908
-3.92699  0  0  -25.9554  46.6453
-2.35619  0  0  135.526  -217.505
-0.785398  0  0  593.439  -221.542
0.785398  0  0  687.862  311.355
2.35619  0  0  97.4001  258.372
3.92699  0  0  -11.8164  -52.578
5.49779  0  0  12.4995  2.94788
7.06858  0  0  26.8334  18.9687
8.63938  0  0  -2.18633  10.9546
10.2102  0  0  -7.13179  3.84296
16.4934  0  0  -3.02416  -1.52664
33.7721  0  0  1.96012  0.231461
62.0465  0  0  -0.72379  -0.189353
-35.3429  0  3.14159  0.0998644  0.0263036
-22.7765  0  3.14159  -0.486428  -0.917703
-16.4934  0  3.14159  -1.85132  -2.85731
-10.2102  0  3.14159  4.45211  -4.23563
-8.63938  0  3.14159  0.939031  -3.0741
-7.06858  0  3.14159  4.74633  10.8073
-5.49779  0  3.14159  4.52248  9.51437
-3.92699  0  3.14159  -16.8738  -8.63429
-2.35619  0  3.14159  101.822  93.7108
-0.785398  0  3.14159  132.074  387.517
0.785398  0  3.14159  -231.009  387.54
2.35619  0  3.14159  -136.113  44.1229
3.92699  0  3.14159  22.0016  6.08577
5.49779  0  3.14159  -0.804826  8.02821
7.06858  0  3.14159  -13.5455  10.0523
8.63938  0  3.14159  -3.76816  -5.12829
10.2102  0  3.14159  -1.53448  -4.53102
16.4934  0  3.14159  1.15329  -2.5408
33.7721  0  3.14159  -0.353163  0.999661
62.0465  0  3.14159  0.138012  -0.247359
-35.3429  3.14159  0  0.0998644  0.0263036
-22.7765  3.14159  0  -0.486428  -0.917703
-16.4934  3.14159  0  -1.85132  -2.85731
-10.2102  3.14159  0  4.45211  -4.23563
-8.63938  3.14159  0  0.939031  -3.0741
-7.06858  3.14159  0  4.74633  10.8073
-5.49779  3.14159  0  4.52248  9.51437
-3.92699  3.14159  0  -16.8738  -8.63429
-2.35619  3.14159  0  101.822  93.7108
-0.785398  3.14159  0  132.074  387.517
0.785398  3.14159  0  -231.009  387.54
2.35619  3.14159  0  -136.113  44.1229
3.92699  3.14159  0  22.0016  6.08577
5.49779  3.14159  0  -0.804826  8.02821
7.06858  3.14159  0  -13.5455  10.0523
8.63938  3.14159  0  -3.76816  -5.12829
10.2102  3.14159  0  -1.53448  -4.53102
16.4934  3.14159  0  1.15329  -2.5408
33.7721  3.14159  0  -0.353163  0.999661
62.0465  3.14159  0  0.138012  -0.247359
-35.3429  3.14159  3.14159  -0.33796  -0.107781
-22.7765  3.14159  3.14159  -0.296316  0.175025
-16.4934  3.14159  3.14159  0.284216  1.0333
-10.2102  3.14159  3.14159  -6.91029  0.274899
-8.63938  3.14159  3.14159  -6.65921  0.0193964
-7.06858  3.14159  3.14159  1.80755  -9.76087
-5.49779  3.14159  3.14159  -5.37388  -5.99293
-3.92699  3.14159  3.14159  18.1396  8.3901
-2.35619  3.14159  3.14159  -23.5473  -48.4198
-0.785398  3.14159  3.14159  141.948  -152.406
0.785398  3.14159  3.14159  230.57  -64.5777
2.35619  3.14159  3.14159  92.6087  2.08608
3.92699  3.14159  3.14159  -0.634929  3.73587
5.49779  3.14159  3.14159  3.28832  -6.6603
7.06858  3.14159  3.14159  4.59108  -3.51444
8.63938  3.14159  3.14159  0.979048  -1.78196
10.2102  3.14159  3.14159  -0.714704  0.00317532
16.4934  3.14159  3.14159  -1.33752  0.144647
33.7721  3.14159  3.14159  0.30424  -0.105694
62.0465  3.14159  3.14159  -0.0176792  0.20126
