-35.3429  0  0  -0.000190866  0.00872228
-22.7765  0  0  -0.000384812  0.0133754
-16.4934  0  0  -0.000818799  0.0180086
-10.2102  0  0  -0.00193781  0.0267474
-8.63938  0  0  -0.002508  0.0300668
-7.06858  0  0  -0.00333936  0.0336539
-5.49779  0  0  -0.00434318  0.0382285
-3.92699  0  0  -0.00690208  0.040659
-2.35619  0  0  -0.0102808  0.0367556
-0.785398  0  0  -0.0136742  0.0166345
0.785398  0  0  -0.0136056  -0.0166076
2.35619  0  0  -0.0102602  -0.0367447
3.92699  0  0  -0.00689345  -0.0406603
5.49779  0  0  -0.0043397  -0.038225
7.06858  0  0  -0.00333181  -0.033645
8.63938  0  0  -0.00249673  -0.0300568
10.2102  0  0  -0.00193333  -0.0267389
16.4934  0  0  -0.000829214  -0.0180034
33.7721  0  0  -0.000183076  -0.00908243
62.0465  0  0  -5.79254e-05  -0.00495231
-35.3429  0  3.14159  -4.64975e-07  0.0087887
-22.7765  0  3.14159  -5.18516e-07  0.0136925
-16.4934  0  3.14159  -1.20622e-06  0.0187424
-10.2102  0  3.14159  -2.62679e-06  0.0299795
-8.63938  0  3.14159  -4.40711e-06  0.0349716
-7.06858  0  3.14159  1.13455e-06  0.0446534
-5.49779  0  3.14159  -3.05373e-06  0.0557035
-3.92699  0  3.14159  -3.41957e-06  0.0774254
-2.35619  0  3.14159  -1.13974e-05  0.126138
-0.785398  0  3.14159  -3.65851e-05  0.372918
0.785398  0  3.14159  4.58512e-05  -0.372918
2.35619  0  3.14159  1.06699e-05  -0.126138
3.92699  0  3.14159  3.82388e-06  -0.0774254
5.49779  0  3.14159  2.64783e-06  -0.0557034
7.06858  0  3.14159  -1.34414e-06  -0.0446534
8.63938  0  3.14159  4.3305e-06  -0.0349716
10.2102  0  3.14159  2.69176e-06  -0.0299795
16.4934  0  3.14159  1.20319e-06  -0.0187424
33.7721  0  3.14159  8.74506e-07  -0.00907223
62.0465  0  3.14159  2.48679e-07  -0.00500901
-35.3429  3.14159  0  -4.64975e-07  0.0087887
-22.7765  3.14159  0  -5.18516e-07  0.0136925
-16.4934  3.14159  0  -1.20622e-06  0.0187424
-10.2102  3.14159  0  -2.62679e-06  0.0299795
-8.63938  3.14159  0  -4.40711e-06  0.0349716
-7.06858  3.14159  0  1.13455e-06  0.0446534
-5.49779  3.14159  0  -3.05373e-06  0.0557035
-3.92699  3.14159  0  -3.41957e-06  0.0774254
-2.35619  3.14159  0  -1.13974e-05  0.126138
-0.785398  3.14159  0  -3.65851e-05  0.372918
0.785398  3.14159  0  4.58512e-05  -0.372918
2.35619  3.14159  0  1.06699e-05  -0.126138
3.92699  3.14159  0  3.82388e-06  -0.0774254
5.49779  3.14159  0  2.64783e-06  -0.0557034
7.06858  3.14159  0  -1.34414e-06  -0.0446534
8.63938  3.14159  0  4.3305e-06  -0.0349716
10.2102  3.14159  0  2.69176e-06  -0.0299795
16.4934  3.14159  0  1.20319e-06  -0.0187424
33.7721  3.14159  0  8.74506e-07  -0.00907223
62.0465  3.14159  0  2.48679e-07  -0.00500901
-35.3429  3.14159  3.14159  0.000152691  0.0087206
-22.7765  3.14159  3.14159  0.000428952  0.013369
-16.4934  3.14159  3.14159  0.000700984  0.0180045
-10.2102  3.14159  3.14159  0.00171654  0.0267378
-8.63938  3.14159  3.14159  0.00233825  0.0300723
-7.06858  3.14159  3.14159  0.00330929  0.0336638
-5.49779  3.14159  3.14159  0.005105  0.0382327
-3.92699  3.14159  3.14159  0.0069157  0.0406536
-2.35619  3.14159  3.14159  0.00974852  0.0367473
-0.785398  3.14159  3.14159  0.0122245  0.0166231
0.785398  3.14159  3.14159  0.0122953  -0.016614
2.35619  3.14159  3.14159  0.00977126  -0.036745
3.92699  3.14159  3.14159  0.00692508  -0.0406629
5.49779  3.14159  3.14159  0.00510473  -0.0382364
7.06858  3.14159  3.14159  0.00331079  -0.0336604
8.63938  3.14159  3.14159  0.00234626  -0.0300654
10.2102  3.14159  3.14159  0.00172483  -0.0267329
16.4934  3.14159  3.14159  0.000692129  -0.0180005
33.7721  3.14159  3.14159  0.00019339  -0.00908217
62.0465  3.14159  3.14159  5.44092e-05  -0.00495237
