-35.3429  0  0  358.894  1180.59
-22.7765  0  0  -5036.85  -6579.53
-16.4934  0  0  11465.2  10151.4
-10.2102  0  0  -20685.9  -8395.82
-8.63938  0  0  -45682.4  -2297.42
-7.06858  0  0  27534.2  -66859.4
-5.49779  0  0  45347.1  127656
-3.92699  0  0  31091.4  -20467.4
-2.35619  0  0  -19642.4  81266.8
-0.785398  0  0  -474073  207883
0.785398  0  0  305833  -259698
2.35619  0  0  205001  47150.5
3.92699  0  0  130984  -182684
5.49779  0  0  49552.1  88113.4
7.06858  0  0  -34279.5  -32145.3
8.63938  0  0  -15735.7  -54636.1
10.2102  0  0  -6703.93  -28377
16.4934  0  0  8872.35  12046.4
33.7721  0  0  6660.63  4539.37
62.0465  0  0  -1543.11  -1336.27
-35.3429  0  3.14159  109.043  211.721
-22.7765  0  3.14159  -2579.46  719.645
-16.4934  0  3.14159  3148.46  -1413.75
-10.2102  0  3.14159  -2068.8  8108.63
-8.63938  0  3.14159  -13116.5  10323.3
-7.06858  0  3.14159  -20270.7  -2547.64
-5.49779  0  3.14159  21955.4  -18388
-3.92699  0  3.14159  -8781.27  59556.7
-2.35619  0  3.14159  69025.8  42111.8
-0.785398  0  3.14159  -107089  115163
0.785398  0  3.14159  -178389  1861.16
2.35619  0  3.14159  -62628.3  -46085.4
3.92699  0  3.14159  -14522.3  25394.3
5.49779  0  3.14159  38491.2  -9721.37
7.06858  0  3.14159  131.866  18566.9
8.63938  0  3.14159  -17097.9  -2507.63
10.2102  0  3.14159  -5075.5  -3495.15
16.4934  0  3.14159  3185.17  -1926.99
33.7721  0  3.14159  2081.66  -361.581
62.0465  0  3.14159  -578.255  176.847
-35.3429  3.14159  0  109.043  211.721
-22.7765  3.14159  0  -2579.46  719.645
-16.4934  3.14159  0  3148.46  -1413.75
-10.2102  3.14159  0  -2068.8  8108.63
-8.63938  3.14159  0  -13116.5  10323.3
-7.06858  3.14159  0  -20270.7  -2547.64
-5.49779  3.14159  0  21955.4  -18388
-3.92699  3.14159  0  -8781.27  59556.7
-2.35619  3.14159  0  69025.8  42111.8
-0.785398  3.14159  0  -107089  115163
0.785398  3.14159  0  -178389  1861.16
2.35619  3.14159  0  -62628.3  -46085.4
3.92699  3.14159  0  -14522.3  25394.3
5.49779  3.14159  0  38491.2  -9721.37
7.06858  3.14159  0  131.866  18566.9
8.63938  3.14159  0  -17097.9  -2507.63
10.2102  3.14159  0  -5075.5  -3495.15
16.4934  3.14159  0  3185.17  -1926.99
33.7721  3.14159  0  2081.66  -361.581
62.0465  3.14159  0  -578.255  176.847
-35.3429  3.14159  3.14159  2544.97  84.229
-22.7765  3.14159  3.14159  -19010  -3132.97
-16.4934  3.14159  3.14159  31555.9  4944.91
-10.2102  3.14159  3.14159  -47117.2  27940.5
-8.63938  3.14159  3.14159  -67316.1  30460.6
-7.06858  3.14159  3.14159  -78086.6  -82347.4
-5.49779  3.14159  3.14159  209508  61992.9
-3.92699  3.14159  3.14159  -135381  44386.8
-2.35619  3.14159  3.14159  -47956.9  189302
-0.785398  3.14159  3.14159  -448433  580584
0.785398  3.14159  3.14159  -62478.8  -1.02969e+06
2.35619  3.14159  3.14159  376482  -270707
3.92699  3.14159  3.14159  -77066.2  -252809
5.49779  3.14159  3.14159  237264  7792.61
7.06858  3.14159  3.14159  -112497  19667.2
8.63938  3.14159  3.14159  -86584.4  -66026.5
10.2102  3.14159  3.14159  -41573.8  -20001.3
16.4934  3.14159  3.14159  23335  7457.39
33.7721  3.14159  3.14159  15035.6  1415.55
62.0465  3.14159  3.14159  -4173.01  -36.1691
