-35.3429  0  0  -5.81711e-57  -1.13153e-55
-22.7765  0  0  2.14206e-55  1.78843e-55
-16.4934  0  0  2.60874e-55  6.75266e-55
-10.2102  0  0  4.08224e-55  1.12562e-54
-8.63938  0  0  7.07009e-55  1.34647e-55
-7.06858  0  0  6.24031e-56  -7.37358e-56
-5.49779  0  0  -9.90461e-55  9.45047e-56
-3.92699  0  0  8.28266e-55  -9.07923e-55
-2.35619  0  0  7.74047e-55  9.56122e-55
-0.785398  0  0  6.80407e-54  1.04845e-53
0.785398  0  0  -4.75628e-54  -1.34116e-53
2.35619  0  0  2.30919e-55  -1.68315e-54
3.92699  0  0  1.40285e-54  -7.64815e-57
5.49779  0  0  -4.09636e-55  8.32368e-55
7.06858  0  0  5.39379e-56  -2.25537e-55
8.63938  0  0  8.68577e-56  -4.73452e-55
10.2102  0  0  -2.93022e-55  -1.04876e-54
16.4934  0  0  -2.80407e-55  -7.29576e-55
33.7721  0  0  -1.43461e-55  1.94366e-56
62.0465  0  0  8.13729e-56  1.48733e-55
-35.3429  0  3.14159  -4.1666e-55  -4.63883e-55
-22.7765  0  3.14159  1.31777e-54  2.41332e-55
-16.4934  0  3.14159  3.33663e-54  2.35498e-54
-10.2102  0  3.14159  5.47966e-54  3.73814e-54
-8.63938  0  3.14159  3.34854e-54  -1.28722e-54
-7.06858  0  3.14159  3.45426e-55  -2.47734e-55
-5.49779  0  3.14159  -4.24813e-54  2.95763e-54
-3.92699  0  3.14159  1.29327e-54  -7.01413e-54
-2.35619  0  3.14159  7.29902e-54  2.0774e-54
-0.785398  0  3.14159  6.26593e-53  3.0774e-53
0.785398  0  3.14159  -5.96507e-53  -4.60996e-53
2.35619  0  3.14159  -4.4215e-54  -7.85242e-54
3.92699  0  3.14159  6.40815e-54  -4.18374e-54
5.49779  0  3.14159  7.07462e-56  4.91274e-54
7.06858  0  3.14159  -3.51356e-55  -9.79724e-55
8.63938  0  3.14159  -6.28825e-55  -2.72984e-54
10.2102  0  3.14159  -4.86161e-54  -4.0069e-54
16.4934  0  3.14159  -3.50267e-54  -2.4228e-54
33.7721  0  3.14159  -3.86213e-55  3.61208e-55
62.0465  0  3.14159  7.76622e-55  4.72322e-55
-35.3429  3.14159  0  -4.1666e-55  -4.63883e-55
-22.7765  3.14159  0  1.31777e-54  2.41332e-55
-16.4934  3.14159  0  3.33663e-54  2.35498e-54
-10.2102  3.14159  0  5.47966e-54  3.73814e-54
-8.63938  3.14159  0  3.34854e-54  -1.28722e-54
-7.06858  3.14159  0  3.45426e-55  -2.47734e-55
-5.49779  3.14159  0  -4.24813e-54  2.95763e-54
-3.92699  3.14159  0  1.29327e-54  -7.01413e-54
-2.35619  3.14159  0  7.29902e-54  2.0774e-54
-0.785398  3.14159  0  6.26593e-53  3.0774e-53
0.785398  3.14159  0  -5.96507e-53  -4.60996e-53
2.35619  3.14159  0  -4.4215e-54  -7.85242e-54
3.92699  3.14159  0  6.40815e-54  -4.18374e-54
5.49779  3.14159  0  7.07462e-56  4.91274e-54
7.06858  3.14159  0  -3.51356e-55  -9.79724e-55
8.63938  3.14159  0  -6.28825e-55  -2.72984e-54
10.2102  3.14159  0  -4.86161e-54  -4.0069e-54
16.4934  3.14159  0  -3.50267e-54  -2.4228e-54
33.7721  3.14159  0  -3.86213e-55  3.61208e-55
62.0465  3.14159  0  7.76622e-55  4.72322e-55
-35.3429  3.14159  3.14159  -3.53801e-55  1.65811e-55
-22.7765  3.14159  3.14159  4.92381e-55  -7.01303e-55
-16.4934  3.14159  3.14159  2.15663e-54  -1.5844e-54
-10.2102  3.14159  3.14159  3.36179e-54  -2.59571e-54
-8.63938  3.14159  3.14159  5.66995e-56  -2.26925e-54
-7.06858  3.14159  3.14159  -4.95832e-56  -4.06633e-55
-5.49779  3.14159  3.14159  7.46526e-55  3.31648e-54
-3.92699  3.14159  3.14159  -4.1745e-54  -2.30408e-54
-2.35619  3.14159  3.14159  2.67933e-54  -4.322e-54
-0.785398  3.14159  3.14159  3.34896e-53  -3.23836e-53
0.785398  3.14159  3.14159  -4.12542e-53  2.56093e-53
2.35619  3.14159  3.14159  -5.49862e-54  1.07124e-54
3.92699  3.14159  3.14159  -1.17453e-54  -4.83171e-54
5.49779  3.14159  3.14159  3.08934e-54  1.21577e-54
7.06858  3.14159  3.14159  -6.10374e-55  -5.43652e-56
8.63938  3.14159  3.14159  -1.97879e-54  -2.73014e-55
10.2102  3.14159  3.14159  -3.4583e-54  2.25622e-54
16.4934  3.14159  3.14159  -2.2096e-54  1.62149e-54
33.7721  3.14159  3.14159  4.60634e-56  2.72283e-55
62.0465  3.14159  3.14159  4.7613e-55  -3.66895e-55
