-35.3429  0  0  -1.98476e-56  -2.46612e-57
-22.7765  0  0  -2.15587e-56  1.31449e-57
-16.4934  0  0  6.39578e-56  -6.32781e-57
-10.2102  0  0  8.28007e-56  -6.03047e-56
-8.63938  0  0  -6.50794e-56  -1.01467e-55
-7.06858  0  0  3.66424e-55  -1.75141e-56
-5.49779  0  0  2.9182e-55  -1.1268e-56
-3.92699  0  0  5.58564e-56  -1.50114e-56
-2.35619  0  0  5.16003e-55  -5.19882e-55
-0.785398  0  0  1.56267e-55  8.73021e-56
0.785398  0  0  -1.58766e-55  7.85478e-56
2.35619  0  0  -6.08138e-55  -4.54363e-55
3.92699  0  0  -9.27756e-56  -5.47984e-56
5.49779  0  0  -2.9051e-55  8.37949e-56
7.06858  0  0  -3.67652e-55  2.14659e-56
8.63938  0  0  5.27707e-56  -1.19643e-55
10.2102  0  0  -9.67921e-56  -4.03566e-56
16.4934  0  0  -6.51779e-56  2.76034e-57
33.7721  0  0  3.55509e-56  9.29273e-58
62.0465  0  0  3.88139e-56  -4.25819e-58
-35.3429  0  3.14159  4.04471e-57  -8.89913e-57
-22.7765  0  3.14159  -8.2551e-58  -8.73038e-57
-16.4934  0  3.14159  -5.87484e-58  2.64577e-56
-10.2102  0  3.14159  2.10422e-56  3.60208e-56
-8.63938  0  3.14159  4.27516e-56  -2.13446e-56
-7.06858  0  3.14159  -1.31714e-56  1.52968e-55
-5.49779  0  3.14159  -2.23257e-57  1.17886e-55
-3.92699  0  3.14159  -4.72092e-57  2.18008e-56
-2.35619  0  3.14159  1.85869e-55  2.38126e-55
-0.785398  0  3.14159  -4.88612e-56  5.98763e-56
0.785398  0  3.14159  -2.09614e-56  -7.34686e-56
2.35619  0  3.14159  2.18564e-55  -2.3336e-55
3.92699  0  3.14159  3.30592e-56  -4.33899e-56
5.49779  0  3.14159  -2.7456e-56  -1.22305e-55
7.06858  0  3.14159  1.12825e-56  -1.54189e-55
8.63938  0  3.14159  4.80793e-56  2.91234e-56
10.2102  0  3.14159  2.00302e-56  -3.83972e-56
16.4934  0  3.14159  2.17467e-57  -2.71121e-56
33.7721  0  3.14159  -3.80907e-57  1.51805e-56
62.0465  0  3.14159  -2.66005e-57  1.62362e-56
-35.3429  3.14159  0  4.04471e-57  -8.89913e-57
-22.7765  3.14159  0  -8.2551e-58  -8.73038e-57
-16.4934  3.14159  0  -5.87484e-58  2.64577e-56
-10.2102  3.14159  0  2.10422e-56  3.60208e-56
-8.63938  3.14159  0  4.27516e-56  -2.13446e-56
-7.06858  3.14159  0  -1.31714e-56  1.52968e-55
-5.49779  3.14159  0  -2.23257e-57  1.17886e-55
-3.92699  3.14159  0  -4.72092e-57  2.18008e-56
-2.35619  3.14159  0  1.85869e-55  2.38126e-55
-0.785398  3.14159  0  -4.88612e-56  5.98763e-56
0.785398  3.14159  0  -2.09614e-56  -7.34686e-56
2.35619  3.14159  0  2.18564e-55  -2.3336e-55
3.92699  3.14159  0  3.30592e-56  -4.33899e-56
5.49779  3.14159  0  -2.7456e-56  -1.22305e-55
7.06858  3.14159  0  1.12825e-56  -1.54189e-55
8.63938  3.14159  0  4.80793e-56  2.91234e-56
10.2102  3.14159  0  2.00302e-56  -3.83972e-56
16.4934  3.14159  0  2.17467e-57  -2.71121e-56
33.7721  3.14159  0  -3.80907e-57  1.51805e-56
62.0465  3.14159  0  -2.66005e-57  1.62362e-56
-35.3429  3.14159  3.14159  -1.60173e-56  -1.14672e-57
-22.7765  3.14159  3.14159  -1.74225e-56  2.18636e-57
-16.4934  3.14159  3.14159  5.12999e-56  -8.22202e-57
-10.2102  3.14159  3.14159  6.38741e-56  -5.28294e-56
-8.63938  3.14159  3.14159  -5.75553e-56  -7.85961e-56
-7.06858  3.14159  3.14159  2.94813e-55  -3.19131e-56
-5.49779  3.14159  3.14159  2.35321e-55  -2.38677e-56
-3.92699  3.14159  3.14159  4.36791e-56  -1.46126e-56
-2.35619  3.14159  3.14159  3.90805e-55  -4.44752e-55
-0.785398  3.14159  3.14159  1.30079e-55  6.29891e-56
0.785398  3.14159  3.14159  -1.24228e-55  7.076e-56
2.35619  3.14159  3.14159  -5.13051e-55  -3.37418e-55
3.92699  3.14159  3.14159  -7.74796e-56  -4.0448e-56
5.49779  3.14159  3.14159  -2.30827e-55  8.22546e-56
7.06858  3.14159  3.14159  -2.95618e-55  3.51396e-56
8.63938  3.14159  3.14159  3.69047e-56  -9.91651e-56
10.2102  3.14159  3.14159  -8.02051e-56  -2.78276e-56
16.4934  3.14159  3.14159  -5.2478e-56  5.38164e-57
33.7721  3.14159  3.14159  2.86552e-56  -8.76215e-58
62.0465  3.14159  3.14159  3.12559e-56  -2.17428e-57
