-35.3429  0  0  1.86919e-06  -8.16492e-05
-22.7765  0  0  9.45728e-06  -0.000279524
-16.4934  0  0  2.66412e-05  -0.000657176
-10.2102  0  0  9.18693e-05  -0.00208639
-8.63938  0  0  0.000131184  -0.00298818
-7.06858  0  0  0.000196055  -0.00441944
-5.49779  0  0  0.000322588  -0.006676
-3.92699  0  0  0.000620497  -0.00980497
-2.35619  0  0  0.00133171  -0.0118486
-0.785398  0  0  0.00239651  -0.00636743
0.785398  0  0  0.00239682  0.00636748
2.35619  0  0  0.00133159  0.0118487
3.92699  0  0  0.000620376  0.00980478
5.49779  0  0  0.000322509  0.00667595
7.06858  0  0  0.000196026  0.00441946
8.63938  0  0  0.000131218  0.00298822
10.2102  0  0  9.18828e-05  0.00208644
16.4934  0  0  2.66516e-05  0.000657199
33.7721  0  0  2.26576e-06  9.29903e-05
62.0465  0  0  2.04604e-07  1.58287e-05
-35.3429  0  3.14159  -4.02403e-08  -8.07583e-05
-22.7765  0  3.14159  -2.90905e-08  -0.000272377
-16.4934  0  3.14159  2.8796e-09  -0.000625731
-10.2102  0  3.14159  2.03062e-07  -0.00185106
-8.63938  0  3.14159  -9.71789e-07  -0.00256245
-7.06858  0  3.14159  -3.50807e-08  -0.00365043
-5.49779  0  3.14159  -5.85315e-07  -0.00541784
-3.92699  0  3.14159  5.42278e-07  -0.00873775
-2.35619  0  3.14159  1.08887e-05  -0.0182393
-0.785398  0  3.14159  -3.39677e-06  -0.170005
0.785398  0  3.14159  -3.40842e-06  0.170005
2.35619  0  3.14159  1.09105e-05  0.0182393
3.92699  0  3.14159  5.62523e-07  0.00873775
5.49779  0  3.14159  -5.7414e-07  0.00541784
7.06858  0  3.14159  -2.22281e-08  0.00365043
8.63938  0  3.14159  -9.60156e-07  0.00256245
10.2102  0  3.14159  2.12526e-07  0.00185105
16.4934  0  3.14159  9.14074e-09  0.000625729
33.7721  0  3.14159  2.69266e-08  9.18778e-05
62.0465  0  3.14159  -2.56858e-09  1.57714e-05
-35.3429  3.14159  0  -4.02403e-08  -8.07583e-05
-22.7765  3.14159  0  -2.90905e-08  -0.000272377
-16.4934  3.14159  0  2.8796e-09  -0.000625731
-10.2102  3.14159  0  2.03062e-07  -0.00185106
-8.63938  3.14159  0  -9.71789e-07  -0.00256245
-7.06858  3.14159  0  -3.50807e-08  -0.00365043
-5.49779  3.14159  0  -5.85315e-07  -0.00541784
-3.92699  3.14159  0  5.42278e-07  -0.00873775
-2.35619  3.14159  0  1.08887e-05  -0.0182393
-0.785398  3.14159  0  -3.39677e-06  -0.170005
0.785398  3.14159  0  -3.40842e-06  0.170005
2.35619  3.14159  0  1.09105e-05  0.0182393
3.92699  3.14159  0  5.62523e-07  0.00873775
5.49779  3.14159  0  -5.7414e-07  0.00541784
7.06858  3.14159  0  -2.22281e-08  0.00365043
8.63938  3.14159  0  -9.60156e-07  0.00256245
10.2102  3.14159  0  2.12526e-07  0.00185105
16.4934  3.14159  0  9.14074e-09  0.000625729
33.7721  3.14159  0  2.69266e-08  9.18778e-05
62.0465  3.14159  0  -2.56858e-09  1.57714e-05
-35.3429  3.14159  3.14159  -1.94361e-06  -8.16491e-05
-22.7765  3.14159  3.14159  -9.39544e-06  -0.000279524
-16.4934  3.14159  3.14159  -2.66812e-05  -0.000657176
-10.2102  3.14159  3.14159  -9.20729e-05  -0.00208639
-8.63938  3.14159  3.14159  -0.000131205  -0.00298818
-7.06858  3.14159  3.14159  -0.000196402  -0.00441944
-5.49779  3.14159  3.14159  -0.000323493  -0.006676
-3.92699  3.14159  3.14159  -0.000619595  -0.00980497
-2.35619  3.14159  3.14159  -0.0013322  -0.0118486
-0.785398  3.14159  3.14159  -0.0023967  -0.00636745
0.785398  3.14159  3.14159  -0.00239639  0.00636749
2.35619  3.14159  3.14159  -0.00133232  0.0118487
3.92699  3.14159  3.14159  -0.000619716  0.00980479
5.49779  3.14159  3.14159  -0.000323571  0.00667595
7.06858  3.14159  3.14159  -0.000196431  0.00441946
8.63938  3.14159  3.14159  -0.00013117  0.00298822
10.2102  3.14159  3.14159  -9.20588e-05  0.00208644
16.4934  3.14159  3.14159  -2.66709e-05  0.000657199
33.7721  3.14159  3.14159  -2.2618e-06  9.29902e-05
62.0465  3.14159  3.14159  -2.2354e-07  1.58287e-05
