-35.3429  0  0  -8.32297e-49  -4.81494e-48
-22.7765  0  0  2.2791e-48  1.00819e-47
-16.4934  0  0  1.23795e-47  1.01173e-47
-10.2102  0  0  8.40586e-48  -6.12361e-47
-8.63938  0  0  -5.17952e-48  -9.95725e-47
-7.06858  0  0  8.10399e-48  -3.44377e-47
-5.49779  0  0  -1.04556e-47  3.53756e-47
-3.92699  0  0  5.50363e-48  5.01062e-48
-2.35619  0  0  1.71584e-47  7.8891e-47
-0.785398  0  0  5.6876e-47  -5.50746e-47
0.785398  0  0  7.55505e-47  3.69351e-47
2.35619  0  0  -2.27652e-47  -8.15998e-47
3.92699  0  0  9.92865e-48  -3.50604e-48
5.49779  0  0  -3.52977e-47  -2.70228e-47
7.06858  0  0  1.40126e-47  3.31665e-47
8.63938  0  0  3.23548e-47  9.02399e-47
10.2102  0  0  3.00458e-47  5.66248e-47
16.4934  0  0  9.24963e-48  -1.41215e-47
33.7721  0  0  3.04631e-48  3.76906e-48
62.0465  0  0  -9.02337e-49  -3.13358e-48
-35.3429  0  3.14159  4.98557e-48  -1.66612e-49
-22.7765  0  3.14159  -9.81747e-48  1.05615e-48
-16.4934  0  3.14159  -1.17345e-47  1.05559e-47
-10.2102  0  3.14159  5.64169e-47  1.38235e-47
-8.63938  0  3.14159  9.5831e-47  -1.66634e-51
-7.06858  0  3.14159  3.55232e-47  1.4968e-47
-5.49779  0  3.14159  -2.46326e-47  -7.15204e-48
-3.92699  0  3.14159  -1.02779e-47  5.63211e-48
-2.35619  0  3.14159  -6.89093e-47  1.13314e-47
-0.785398  0  3.14159  4.34851e-47  6.08684e-47
0.785398  0  3.14159  -4.13827e-47  7.31287e-47
2.35619  0  3.14159  7.54471e-47  -2.25426e-47
3.92699  0  3.14159  3.76207e-48  1.55773e-47
5.49779  0  3.14159  2.06184e-47  -3.72005e-47
7.06858  0  3.14159  -3.83473e-47  9.89998e-48
8.63938  0  3.14159  -8.55869e-47  2.24317e-47
10.2102  0  3.14159  -5.74696e-47  2.58461e-47
16.4934  0  3.14159  1.37936e-47  1.04205e-47
33.7721  0  3.14159  -3.46873e-48  2.74024e-48
62.0465  0  3.14159  3.0278e-48  -7.59947e-49
-35.3429  3.14159  0  4.98557e-48  -1.66612e-49
-22.7765  3.14159  0  -9.81747e-48  1.05615e-48
-16.4934  3.14159  0  -1.17345e-47  1.05559e-47
-10.2102  3.14159  0  5.64169e-47  1.38235e-47
-8.63938  3.14159  0  9.5831e-47  -1.66634e-51
-7.06858  3.14159  0  3.55232e-47  1.4968e-47
-5.49779  3.14159  0  -2.46326e-47  -7.15204e-48
-3.92699  3.14159  0  -1.02779e-47  5.63211e-48
-2.35619  3.14159  0  -6.89093e-47  1.13314e-47
-0.785398  3.14159  0  4.34851e-47  6.08684e-47
0.785398  3.14159  0  -4.13827e-47  7.31287e-47
2.35619  3.14159  0  7.54471e-47  -2.25426e-47
3.92699  3.14159  0  3.76207e-48  1.55773e-47
5.49779  3.14159  0  2.06184e-47  -3.72005e-47
7.06858  3.14159  0  -3.83473e-47  9.89998e-48
8.63938  3.14159  0  -8.55869e-47  2.24317e-47
10.2102  3.14159  0  -5.74696e-47  2.58461e-47
16.4934  3.14159  0  1.37936e-47  1.04205e-47
33.7721  3.14159  0  -3.46873e-48  2.74024e-48
62.0465  3.14159  0  3.0278e-48  -7.59947e-49
-35.3429  3.14159  3.14159  -3.88463e-48  -5.572e-48
-22.7765  3.14159  3.14159  8.56784e-48  1.11382e-47
-16.4934  3.14159  3.14159  2.1191e-47  5.71166e-48
-10.2102  3.14159  3.14159  -2.48566e-47  -7.9462e-47
-8.63938  3.14159  3.14159  -6.54342e-47  -1.16602e-46
-7.06858  3.14159  3.14159  -1.02855e-47  -4.95795e-47
-5.49779  3.14159  3.14159  6.07621e-48  4.42931e-47
-3.92699  3.14159  3.14159  1.23246e-47  3.83583e-48
-2.35619  3.14159  3.14159  6.37729e-47  8.29264e-47
-0.785398  3.14159  3.14159  3.88577e-47  -9.93986e-47
0.785398  3.14159  3.14159  1.14362e-46  -1.59251e-48
2.35619  3.14159  3.14159  -7.60297e-47  -8.15355e-47
3.92699  3.14159  3.14159  1.13024e-47  -1.26754e-47
5.49779  3.14159  3.14159  -5.67543e-47  -7.28254e-48
7.06858  3.14159  3.14159  3.85359e-47  3.42395e-47
8.63938  3.14159  3.14159  9.07049e-47  9.04107e-47
10.2102  3.14159  3.14159  7.03073e-47  5.0675e-47
16.4934  3.14159  3.14159  2.7469e-48  -2.32413e-47
33.7721  3.14159  3.14159  5.84185e-48  2.53137e-48
62.0465  3.14159  3.14159  -2.93806e-48  -3.24012e-48
