-35.3429  0  0  1.19755e-07  -5.10196e-06
-22.7765  0  0  5.90239e-07  -1.7468e-05
-16.4934  0  0  1.66765e-06  -4.107e-05
-10.2102  0  0  5.74775e-06  -0.000130406
-8.63938  0  0  8.19845e-06  -0.000186757
-7.06858  0  0  1.22635e-05  -0.000276218
-5.49779  0  0  2.01897e-05  -0.000417244
-3.92699  0  0  3.87519e-05  -0.000612812
-2.35619  0  0  8.32548e-05  -0.000740599
-0.785398  0  0  0.000149754  -0.000397826
0.785398  0  0  0.000149763  0.000397829
2.35619  0  0  8.32566e-05  0.000740598
3.92699  0  0  3.8753e-05  0.000612814
5.49779  0  0  2.01902e-05  0.000417243
7.06858  0  0  1.22839e-05  0.000276218
8.63938  0  0  8.20895e-06  0.000186756
10.2102  0  0  5.74901e-06  0.000130403
16.4934  0  0  1.66184e-06  4.10683e-05
33.7721  0  0  1.40353e-07  5.80994e-06
62.0465  0  0  1.31719e-08  9.88906e-07
-35.3429  0  3.14159  7.42185e-11  -5.0465e-06
-22.7765  0  3.14159  3.70328e-10  -1.70213e-05
-16.4934  0  3.14159  -3.92162e-11  -3.91046e-05
-10.2102  0  3.14159  1.12944e-09  -0.000115685
-8.63938  0  3.14159  8.05359e-10  -0.000160147
-7.06858  0  3.14159  3.07861e-09  -0.000228144
-5.49779  0  3.14159  1.40786e-09  -0.000338606
-3.92699  0  3.14159  8.16843e-09  -0.000546093
-2.35619  0  3.14159  -1.16537e-08  -0.00113992
-0.785398  0  3.14159  1.3522e-07  -0.0106243
0.785398  0  3.14159  1.34259e-07  0.0106243
2.35619  0  3.14159  -9.83747e-09  0.00113992
3.92699  0  3.14159  8.76828e-09  0.000546093
5.49779  0  3.14159  2.56037e-09  0.000338607
7.06858  0  3.14159  4.73591e-09  0.000228144
8.63938  0  3.14159  2.13158e-09  0.000160146
10.2102  0  3.14159  1.7936e-09  0.000115686
16.4934  0  3.14159  -7.77753e-10  3.91038e-05
33.7721  0  3.14159  -1.0368e-10  5.74091e-06
62.0465  0  3.14159  -4.39902e-11  9.85385e-07
-35.3429  3.14159  0  7.42185e-11  -5.0465e-06
-22.7765  3.14159  0  3.70328e-10  -1.70213e-05
-16.4934  3.14159  0  -3.92162e-11  -3.91046e-05
-10.2102  3.14159  0  1.12944e-09  -0.000115685
-8.63938  3.14159  0  8.05359e-10  -0.000160147
-7.06858  3.14159  0  3.07861e-09  -0.000228144
-5.49779  3.14159  0  1.40786e-09  -0.000338606
-3.92699  3.14159  0  8.16843e-09  -0.000546093
-2.35619  3.14159  0  -1.16537e-08  -0.00113992
-0.785398  3.14159  0  1.3522e-07  -0.0106243
0.785398  3.14159  0  1.34259e-07  0.0106243
2.35619  3.14159  0  -9.83747e-09  0.00113992
3.92699  3.14159  0  8.76828e-09  0.000546093
5.49779  3.14159  0  2.56037e-09  0.000338607
7.06858  3.14159  0  4.73591e-09  0.000228144
8.63938  3.14159  0  2.13158e-09  0.000160146
10.2102  3.14159  0  1.7936e-09  0.000115686
16.4934  3.14159  0  -7.77753e-10  3.91038e-05
33.7721  3.14159  0  -1.0368e-10  5.74091e-06
62.0465  3.14159  0  -4.39902e-11  9.85385e-07
-35.3429  3.14159  3.14159  -1.18998e-07  -5.10207e-06
-22.7765  3.14159  3.14159  -5.88783e-07  -1.74683e-05
-16.4934  3.14159  3.14159  -1.66544e-06  -4.10701e-05
-10.2102  3.14159  3.14159  -5.74766e-06  -0.000130406
-8.63938  3.14159  3.14159  -8.19961e-06  -0.000186758
-7.06858  3.14159  3.14159  -1.22639e-05  -0.000276218
-5.49779  3.14159  3.14159  -2.01884e-05  -0.000417243
-3.92699  3.14159  3.14159  -3.87534e-05  -0.000612813
-2.35619  3.14159  3.14159  -8.32385e-05  -0.000740602
-0.785398  3.14159  3.14159  -0.000149825  -0.000397823
0.785398  3.14159  3.14159  -0.000149805  0.000397826
2.35619  3.14159  3.14159  -8.3237e-05  0.000740597
3.92699  3.14159  3.14159  -3.87517e-05  0.000612813
5.49779  3.14159  3.14159  -2.0188e-05  0.000417244
7.06858  3.14159  3.14159  -1.2252e-05  0.000276218
8.63938  3.14159  3.14159  -8.19315e-06  0.000186756
10.2102  3.14159  3.14159  -5.74597e-06  0.000130404
16.4934  3.14159  3.14159  -1.66702e-06  4.10687e-05
33.7721  3.14159  3.14159  -1.4153e-07  5.8101e-06
62.0465  3.14159  3.14159  -1.33781e-08  9.88942e-07
