-35.3429  0  0  -5.67392e-15  -1.58231e-14
-22.7765  0  0  -2.75865e-14  -5.46432e-14
-16.4934  0  0  -1.34111e-13  -1.22943e-13
-10.2102  0  0  1.52786e-13  1.371e-13
-8.63938  0  0  -2.00401e-13  -1.69714e-13
-7.06858  0  0  -1.21856e-13  2.08522e-13
-5.49779  0  0  1.40914e-14  6.97512e-13
-3.92699  0  0  1.79205e-12  3.09602e-12
-2.35619  0  0  3.70272e-12  -2.48101e-12
-0.785398  0  0  -3.94506e-11  6.43053e-12
0.785398  0  0  2.57278e-11  -2.98586e-11
2.35619  0  0  -3.77743e-12  1.86243e-12
3.92699  0  0  1.63651e-12  3.18328e-12
5.49779  0  0  6.64276e-13  3.87699e-13
7.06858  0  0  1.89187e-13  3.72217e-14
8.63938  0  0  -5.01801e-14  -2.29124e-13
10.2102  0  0  7.29582e-14  1.77846e-13
16.4934  0  0  -2.30974e-14  -1.78214e-13
33.7721  0  0  5.37669e-15  9.86982e-15
62.0465  0  0  -1.0499e-15  -1.387e-15
-35.3429  0  3.14159  -4.00129e-13  2.22114e-12
-22.7765  0  3.14159  -4.10951e-13  8.1731e-12
-16.4934  0  3.14159  7.4578e-12  2.32203e-11
-10.2102  0  3.14159  -8.74709e-12  -2.59963e-11
-8.63938  0  3.14159  1.21841e-11  3.30119e-11
-7.06858  0  3.14159  2.80597e-11  -1.6272e-11
-5.49779  0  3.14159  4.4778e-11  -8.19413e-11
-3.92699  0  3.14159  -2.15297e-12  -4.79219e-10
-2.35619  0  3.14159  -5.95269e-10  4.35018e-11
-0.785398  0  3.14159  5.01223e-09  1.86772e-09
0.785398  0  3.14159  -4.96958e-09  1.76281e-09
2.35619  0  3.14159  5.61698e-10  3.40445e-11
3.92699  0  3.14159  2.17038e-11  -4.78191e-10
5.49779  0  3.14159  -5.14992e-11  -8.89741e-11
7.06858  0  3.14159  -1.9483e-11  -1.69004e-11
8.63938  0  3.14159  -9.28059e-12  2.98556e-11
10.2102  0  3.14159  3.23976e-12  -2.54419e-11
16.4934  0  3.14159  -9.12495e-12  2.22345e-11
33.7721  0  3.14159  2.17412e-14  -1.50599e-12
62.0465  0  3.14159  2.99957e-14  2.2945e-13
-35.3429  3.14159  0  -4.00129e-13  2.22114e-12
-22.7765  3.14159  0  -4.10951e-13  8.1731e-12
-16.4934  3.14159  0  7.4578e-12  2.32203e-11
-10.2102  3.14159  0  -8.74709e-12  -2.59963e-11
-8.63938  3.14159  0  1.21841e-11  3.30119e-11
-7.06858  3.14159  0  2.80597e-11  -1.6272e-11
-5.49779  3.14159  0  4.4778e-11  -8.19413e-11
-3.92699  3.14159  0  -2.15297e-12  -4.79219e-10
-2.35619  3.14159  0  -5.95269e-10  4.35018e-11
-0.785398  3.14159  0  5.01223e-09  1.86772e-09
0.785398  3.14159  0  -4.96958e-09  1.76281e-09
2.35619  3.14159  0  5.61698e-10  3.40445e-11
3.92699  3.14159  0  2.17038e-11  -4.78191e-10
5.49779  3.14159  0  -5.14992e-11  -8.89741e-11
7.06858  3.14159  0  -1.9483e-11  -1.69004e-11
8.63938  3.14159  0  -9.28059e-12  2.98556e-11
10.2102  3.14159  0  3.23976e-12  -2.54419e-11
16.4934  3.14159  0  -9.12495e-12  2.22345e-11
33.7721  3.14159  0  2.17412e-14  -1.50599e-12
62.0465  3.14159  0  2.99957e-14  2.2945e-13
-35.3429  3.14159  3.14159  3.58413e-15  3.9004e-15
-22.7765  3.14159  3.14159  1.42596e-14  1.19451e-14
-16.4934  3.14159  3.14159  5.27256e-14  1.81427e-14
-10.2102  3.14159  3.14159  -5.86439e-14  -1.90386e-14
-8.63938  3.14159  3.14159  7.64557e-14  2.19855e-14
-7.06858  3.14159  3.14159  8.43605e-15  -7.46311e-14
-5.49779  3.14159  3.14159  -8.7096e-14  -1.93865e-13
-3.92699  3.14159  3.14159  -8.86416e-13  -6.55309e-13
-2.35619  3.14159  3.14159  -7.33353e-13  1.15017e-12
-0.785398  3.14159  3.14159  1.0306e-11  -6.59184e-12
0.785398  3.14159  3.14159  -3.64408e-12  1.14859e-11
2.35619  3.14159  3.14159  8.37085e-13  -9.68466e-13
3.92699  3.14159  3.14159  -8.50838e-13  -7.05664e-13
5.49779  3.14159  3.14159  -2.35216e-13  -2.81954e-14
7.06858  3.14159  3.14159  -5.82326e-14  1.06619e-14
8.63938  3.14159  3.14159  3.98266e-14  5.77793e-14
10.2102  3.14159  3.14159  -4.11761e-14  -4.01112e-14
16.4934  3.14159  3.14159  2.77533e-14  4.75068e-14
33.7721  3.14159  3.14159  -2.66856e-15  -2.06604e-15
62.0465  3.14159  3.14159  4.5851e-16  2.63739e-16
