-35.3429  0  0  7.53129e-25  -2.67095e-24
-22.7765  0  0  3.45605e-24  3.32509e-24
-16.4934  0  0  4.77493e-24  2.02726e-23
-10.2102  0  0  5.68425e-23  1.50964e-23
-8.63938  0  0  4.24151e-23  4.03697e-23
-7.06858  0  0  -3.37841e-23  -7.19599e-23
-5.49779  0  0  1.09049e-23  3.84155e-23
-3.92699  0  0  1.92559e-22  1.38591e-22
-2.35619  0  0  -9.55729e-22  -4.81593e-22
-0.785398  0  0  3.35191e-21  -3.51113e-21
0.785398  0  0  1.97625e-22  -2.60581e-21
2.35619  0  0  7.42176e-22  -7.61598e-22
3.92699  0  0  -2.08752e-22  1.31636e-22
5.49779  0  0  6.71571e-23  2.15091e-23
7.06858  0  0  1.23519e-23  -9.16338e-23
8.63938  0  0  -3.5786e-23  4.17214e-23
10.2102  0  0  -3.12349e-23  -1.59879e-23
16.4934  0  0  -1.02559e-23  1.58497e-23
33.7721  0  0  -8.98595e-25  2.59737e-24
62.0465  0  0  -2.44606e-25  3.9612e-25
-35.3429  0  3.14159  -2.56242e-22  2.48925e-22
-22.7765  0  3.14159  -1.83636e-22  -5.9012e-22
-16.4934  0  3.14159  7.17556e-22  -2.57899e-21
-10.2102  0  3.14159  -5.36449e-21  -5.30748e-21
-8.63938  0  3.14159  -2.3666e-21  -7.09547e-21
-7.06858  0  3.14159  -5.92555e-22  1.00786e-20
-5.49779  0  3.14159  9.7258e-22  -5.04898e-21
-3.92699  0  3.14159  -1.28524e-20  -2.77584e-20
-2.35619  0  3.14159  7.82976e-20  1.1402e-19
-0.785398  0  3.14159  -6.01495e-19  1.90562e-19
0.785398  0  3.14159  -1.8483e-19  2.84778e-19
2.35619  0  3.14159  -1.31834e-19  3.99244e-20
3.92699  0  3.14159  3.2029e-20  -2.08494e-21
5.49779  0  3.14159  -6.24809e-21  -6.67051e-21
7.06858  0  3.14159  -7.04925e-21  9.41616e-21
8.63938  0  3.14159  6.61788e-21  -2.35267e-21
10.2102  0  3.14159  2.58497e-21  3.65556e-21
16.4934  0  3.14159  2.14872e-21  -1.13172e-21
33.7721  0  3.14159  2.61062e-22  -2.33602e-22
62.0465  0  3.14159  5.15038e-23  -2.83231e-23
-35.3429  3.14159  0  -2.56242e-22  2.48925e-22
-22.7765  3.14159  0  -1.83636e-22  -5.9012e-22
-16.4934  3.14159  0  7.17556e-22  -2.57899e-21
-10.2102  3.14159  0  -5.36449e-21  -5.30748e-21
-8.63938  3.14159  0  -2.3666e-21  -7.09547e-21
-7.06858  3.14159  0  -5.92555e-22  1.00786e-20
-5.49779  3.14159  0  9.7258e-22  -5.04898e-21
-3.92699  3.14159  0  -1.28524e-20  -2.77584e-20
-2.35619  3.14159  0  7.82976e-20  1.1402e-19
-0.785398  3.14159  0  -6.01495e-19  1.90562e-19
0.785398  3.14159  0  -1.8483e-19  2.84778e-19
2.35619  3.14159  0  -1.31834e-19  3.99244e-20
3.92699  3.14159  0  3.2029e-20  -2.08494e-21
5.49779  3.14159  0  -6.24809e-21  -6.67051e-21
7.06858  3.14159  0  -7.04925e-21  9.41616e-21
8.63938  3.14159  0  6.61788e-21  -2.35267e-21
10.2102  3.14159  0  2.58497e-21  3.65556e-21
16.4934  3.14159  0  2.14872e-21  -1.13172e-21
33.7721  3.14159  0  2.61062e-22  -2.33602e-22
62.0465  3.14159  0  5.15038e-23  -2.83231e-23
-35.3429  3.14159  3.14159  -1.36411e-25  5.47402e-25
-22.7765  3.14159  3.14159  -5.89552e-25  -6.07123e-25
-16.4934  3.14159  3.14159  -7.81092e-25  -3.68958e-24
-10.2102  3.14159  3.14159  -1.06998e-23  -2.18696e-24
-8.63938  3.14159  3.14159  -6.84414e-24  -7.8116e-24
-7.06858  3.14159  3.14159  5.43446e-24  1.40878e-23
-5.49779  3.14159  3.14159  -6.87368e-25  -5.15864e-24
-3.92699  3.14159  3.14159  -3.49775e-23  -2.42518e-23
-2.35619  3.14159  3.14159  1.64873e-22  8.08933e-23
-0.785398  3.14159  3.14159  -5.50115e-22  6.12747e-22
0.785398  3.14159  3.14159  -2.7823e-23  4.36494e-22
2.35619  3.14159  3.14159  -1.24788e-22  1.35547e-22
3.92699  3.14159  3.14159  3.64568e-23  -2.24393e-23
5.49779  3.14159  3.14159  -1.29428e-23  -3.22918e-24
7.06858  3.14159  3.14159  -2.61722e-24  1.71752e-23
8.63938  3.14159  3.14159  6.49412e-24  -8.52747e-24
10.2102  3.14159  3.14159  5.42332e-24  3.39953e-24
16.4934  3.14159  3.14159  1.85821e-24  -2.98324e-24
33.7721  3.14159  3.14159  1.74278e-25  -4.82139e-25
62.0465  3.14159  3.14159  4.59874e-26  -7.9774e-26
