-35.3429  0  0  0.0960548  0.0207736
-22.7765  0  0  -0.323099  -0.00535718
-16.4934  0  0  -0.137072  -0.000114876
-10.2102  0  0  0.391993  -0.0947387
-8.63938  0  0  0.301921  -0.0189313
-7.06858  0  0  0.233872  -0.0440823
-5.49779  0  0  -0.879777  0.678846
-3.92699  0  0  0.756285  -0.166798
-2.35619  0  0  1.89256  1.17795
-0.785398  0  0  -3.44888  -3.40343
0.785398  0  0  4.03738  -3.56216
2.35619  0  0  -2.14927  1.34764
3.92699  0  0  -0.572933  -0.469024
5.49779  0  0  0.807901  0.869228
7.06858  0  0  -0.126253  -0.170337
8.63938  0  0  -0.314535  -0.0754526
10.2102  0  0  -0.355335  -0.12371
16.4934  0  0  0.136668  -0.0124557
33.7721  0  0  0.0239764  -0.00986215
62.0465  0  0  -0.0871323  -0.00513505
-35.3429  0  3.14159  -0.0114552  -0.00852574
-22.7765  0  3.14159  0.0645639  0.0252464
-16.4934  0  3.14159  0.0241526  0.00147194
-10.2102  0  3.14159  -0.112081  -0.0203831
-8.63938  0  3.14159  -0.0486512  -0.000844274
-7.06858  0  3.14159  -0.0198225  0.00713787
-5.49779  0  3.14159  0.171761  -0.0455261
-3.92699  0  3.14159  -0.0830398  -0.094256
-2.35619  0  3.14159  0.00280143  -0.258371
-0.785398  0  3.14159  0.218185  0.256646
0.785398  0  3.14159  -0.340077  0.319664
2.35619  0  3.14159  0.239037  -0.397292
3.92699  0  3.14159  0.0636  0.00315259
5.49779  0  3.14159  -0.101273  -0.15965
7.06858  0  3.14159  -0.00634569  0.0257995
8.63938  0  3.14159  0.0421082  0.0316691
10.2102  0  3.14159  0.0991098  0.0534146
16.4934  0  3.14159  -0.0213036  -0.00767959
33.7721  0  3.14159  -0.00504766  0.000384362
62.0465  0  3.14159  0.0192481  0.00758953
-35.3429  3.14159  0  -0.0114552  -0.00852574
-22.7765  3.14159  0  0.0645639  0.0252464
-16.4934  3.14159  0  0.0241526  0.00147194
-10.2102  3.14159  0  -0.112081  -0.0203831
-8.63938  3.14159  0  -0.0486512  -0.000844274
-7.06858  3.14159  0  -0.0198225  0.00713787
-5.49779  3.14159  0  0.171761  -0.0455261
-3.92699  3.14159  0  -0.0830398  -0.094256
-2.35619  3.14159  0  0.00280143  -0.258371
-0.785398  3.14159  0  0.218185  0.256646
0.785398  3.14159  0  -0.340077  0.319664
2.35619  3.14159  0  0.239037  -0.397292
3.92699  3.14159  0  0.0636  0.00315259
5.49779  3.14159  0  -0.101273  -0.15965
7.06858  3.14159  0  -0.00634569  0.0257995
8.63938  3.14159  0  0.0421082  0.0316691
10.2102  3.14159  0  0.0991098  0.0534146
16.4934  3.14159  0  -0.0213036  -0.00767959
33.7721  3.14159  0  -0.00504766  0.000384362
62.0465  3.14159  0  0.0192481  0.00758953
-35.3429  3.14159  3.14159  -0.0764354  0.0300268
-22.7765  3.14159  3.14159  0.211973  -0.203025
-16.4934  3.14159  3.14159  0.126881  -0.11385
-10.2102  3.14159  3.14159  -0.158094  0.313132
-8.63938  3.14159  3.14159  -0.142996  0.0996503
-7.06858  3.14159  3.14159  -0.0759745  0.108439
-5.49779  3.14159  3.14159  0.210497  -0.880569
-3.92699  3.14159  3.14159  -0.50057  0.430457
-2.35619  3.14159  3.14159  -1.97698  0.0123153
-0.785398  3.14159  3.14159  3.5254  0.905956
0.785398  3.14159  3.14159  -0.655193  3.56461
2.35619  3.14159  3.14159  0.226134  -1.86916
3.92699  3.14159  3.14159  0.416054  0.22352
5.49779  3.14159  3.14159  -0.967236  -0.181535
7.06858  3.14159  3.14159  0.17001  0.119983
8.63938  3.14159  3.14159  0.192268  -0.0970949
10.2102  3.14159  3.14159  0.232215  -0.186019
16.4934  3.14159  3.14159  -0.126703  0.129514
33.7721  3.14159  3.14159  -0.0348514  0.05142
62.0465  3.14159  3.14159  0.0528987  -0.0483566
