-35.3429  0  0  1.20557e-07  -5.10043e-06
-22.7765  0  0  5.93218e-07  -1.74641e-05
-16.4934  0  0  1.67653e-06  -4.10614e-05
-10.2102  0  0  5.75946e-06  -0.000130392
-8.63938  0  0  8.22835e-06  -0.000186735
-7.06858  0  0  1.22762e-05  -0.000276195
-5.49779  0  0  2.01647e-05  -0.000417234
-3.92699  0  0  3.87601e-05  -0.000612789
-2.35619  0  0  8.32382e-05  -0.0007405
-0.785398  0  0  0.000149565  -0.000397784
0.785398  0  0  0.000149521  0.000397715
2.35619  0  0  8.32376e-05  0.000740474
3.92699  0  0  3.87372e-05  0.000612779
5.49779  0  0  2.014e-05  0.000417227
7.06858  0  0  1.22624e-05  0.000276198
8.63938  0  0  8.20353e-06  0.000186739
10.2102  0  0  5.72869e-06  0.000130391
16.4934  0  0  1.65555e-06  4.10605e-05
33.7721  0  0  1.38372e-07  5.80828e-06
62.0465  0  0  1.27418e-08  9.8856e-07
-35.3429  0  3.14159  1.31677e-09  -5.04476e-06
-22.7765  0  3.14159  3.40097e-09  -1.70172e-05
-16.4934  0  3.14159  7.51388e-09  -3.90969e-05
-10.2102  0  3.14159  9.66165e-09  -0.000115677
-8.63938  0  3.14159  3.01914e-08  -0.000160125
-7.06858  0  3.14159  1.91472e-08  -0.000228117
-5.49779  0  3.14159  -9.98364e-09  -0.00033859
-3.92699  0  3.14159  1.83753e-08  -0.000546067
-2.35619  0  3.14159  2.12745e-08  -0.00113982
-0.785398  0  3.14159  -2.88883e-07  -0.0106243
0.785398  0  3.14159  -5.63633e-07  0.0106241
2.35619  0  3.14159  -1.73427e-08  0.0011398
3.92699  0  3.14159  -2.90944e-08  0.00054606
5.49779  0  3.14159  -4.54286e-08  0.000338576
7.06858  0  3.14159  -8.4424e-09  0.000228116
8.63938  0  3.14159  4.31808e-09  0.00016013
10.2102  0  3.14159  -1.7172e-08  0.000115674
16.4934  0  3.14159  -7.70973e-09  3.90961e-05
33.7721  0  3.14159  -3.09298e-09  5.73891e-06
62.0465  0  3.14159  -5.16213e-10  9.84971e-07
-35.3429  3.14159  0  1.31677e-09  -5.04476e-06
-22.7765  3.14159  0  3.40097e-09  -1.70172e-05
-16.4934  3.14159  0  7.51388e-09  -3.90969e-05
-10.2102  3.14159  0  9.66165e-09  -0.000115677
-8.63938  3.14159  0  3.01914e-08  -0.000160125
-7.06858  3.14159  0  1.91472e-08  -0.000228117
-5.49779  3.14159  0  -9.98364e-09  -0.00033859
-3.92699  3.14159  0  1.83753e-08  -0.000546067
-2.35619  3.14159  0  2.12745e-08  -0.00113982
-0.785398  3.14159  0  -2.88883e-07  -0.0106243
0.785398  3.14159  0  -5.63633e-07  0.0106241
2.35619  3.14159  0  -1.73427e-08  0.0011398
3.92699  3.14159  0  -2.90944e-08  0.00054606
5.49779  3.14159  0  -4.54286e-08  0.000338576
7.06858  3.14159  0  -8.4424e-09  0.000228116
8.63938  3.14159  0  4.31808e-09  0.00016013
10.2102  3.14159  0  -1.7172e-08  0.000115674
16.4934  3.14159  0  -7.70973e-09  3.90961e-05
33.7721  3.14159  0  -3.09298e-09  5.73891e-06
62.0465  3.14159  0  -5.16213e-10  9.84971e-07
-35.3429  3.14159  3.14159  -1.1808e-07  -5.10061e-06
-22.7765  3.14159  3.14159  -5.85978e-07  -1.74644e-05
-16.4934  3.14159  3.14159  -1.65699e-06  -4.10619e-05
-10.2102  3.14159  3.14159  -5.73709e-06  -0.000130395
-8.63938  3.14159  3.14159  -8.16906e-06  -0.000186735
-7.06858  3.14159  3.14159  -1.22535e-05  -0.000276198
-5.49779  3.14159  3.14159  -2.0216e-05  -0.000417239
-3.92699  3.14159  3.14159  -3.87349e-05  -0.000612784
-2.35619  3.14159  3.14159  -8.3247e-05  -0.000740486
-0.785398  3.14159  3.14159  -0.000150026  -0.000397795
0.785398  3.14159  3.14159  -0.000150034  0.000397719
2.35619  3.14159  3.14159  -8.32417e-05  0.000740482
3.92699  3.14159  3.14159  -3.87654e-05  0.000612785
5.49779  3.14159  3.14159  -2.02397e-05  0.000417225
7.06858  3.14159  3.14159  -1.22647e-05  0.000276192
8.63938  3.14159  3.14159  -8.19152e-06  0.000186738
10.2102  3.14159  3.14159  -5.76649e-06  0.00013039
16.4934  3.14159  3.14159  -1.67303e-06  4.10608e-05
33.7721  3.14159  3.14159  -1.43802e-07  5.80827e-06
62.0465  3.14159  3.14159  -1.38332e-08  9.88563e-07
