-35.3429  0  0  1.69446e-20  -3.13953e-20
-22.7765  0  0  1.76033e-20  -3.13857e-20
-16.4934  0  0  1.78295e-20  -3.04405e-20
-10.2102  0  0  1.82414e-20  -2.97855e-20
-8.63938  0  0  1.83769e-20  -2.98017e-20
-7.06858  0  0  1.85158e-20  -2.9868e-20
-5.49779  0  0  1.86674e-20  -2.99647e-20
-3.92699  0  0  1.87756e-20  -3.00547e-20
-2.35619  0  0  1.88027e-20  -3.01482e-20
-0.785398  0  0  1.88874e-20  -3.0209e-20
0.785398  0  0  1.89178e-20  -3.02449e-20
2.35619  0  0  1.8891e-20  -3.02138e-20
3.92699  0  0  1.88468e-20  -3.00497e-20
5.49779  0  0  1.8698e-20  -2.98108e-20
7.06858  0  0  1.84557e-20  -2.95045e-20
8.63938  0  0  1.81679e-20  -2.90723e-20
10.2102  0  0  1.77856e-20  -2.85283e-20
16.4934  0  0  1.58483e-20  -2.55187e-20
33.7721  0  0  1.25249e-20  -1.86508e-20
62.0465  0  0  5.62094e-21  -8.42279e-21
-35.3429  0  3.14159  -3.58031e-19  -2.99177e-19
-22.7765  0  3.14159  -3.56109e-19  -3.07906e-19
-16.4934  0  3.14159  -3.43999e-19  -3.08072e-19
-10.2102  0  3.14159  -3.35428e-19  -3.11012e-19
-8.63938  0  3.14159  -3.354e-19  -3.12589e-19
-7.06858  0  3.14159  -3.35995e-19  -3.14317e-19
-5.49779  0  3.14159  -3.36878e-19  -3.16334e-19
-3.92699  0  3.14159  -3.37805e-19  -3.17897e-19
-2.35619  0  3.14159  -3.3888e-19  -3.18675e-19
-0.785398  0  3.14159  -3.39275e-19  -3.19716e-19
0.785398  0  3.14159  -3.39411e-19  -3.20161e-19
2.35619  0  3.14159  -3.3867e-19  -3.19746e-19
3.92699  0  3.14159  -3.36675e-19  -3.18905e-19
5.49779  0  3.14159  -3.33819e-19  -3.16647e-19
7.06858  0  3.14159  -3.29976e-19  -3.12993e-19
8.63938  0  3.14159  -3.24707e-19  -3.08325e-19
10.2102  0  3.14159  -3.18245e-19  -3.02394e-19
16.4934  0  3.14159  -2.83195e-19  -2.70847e-19
33.7721  0  3.14159  -2.04068e-19  -2.10937e-19
62.0465  0  3.14159  -8.7407e-20  -9.79466e-20
-35.3429  3.14159  0  -3.58031e-19  -2.99177e-19
-22.7765  3.14159  0  -3.56109e-19  -3.07906e-19
-16.4934  3.14159  0  -3.43999e-19  -3.08072e-19
-10.2102  3.14159  0  -3.35428e-19  -3.11012e-19
-8.63938  3.14159  0  -3.354e-19  -3.12589e-19
-7.06858  3.14159  0  -3.35995e-19  -3.14317e-19
-5.49779  3.14159  0  -3.36878e-19  -3.16334e-19
-3.92699  3.14159  0  -3.37805e-19  -3.17897e-19
-2.35619  3.14159  0  -3.3888e-19  -3.18675e-19
-0.785398  3.14159  0  -3.39275e-19  -3.19716e-19
0.785398  3.14159  0  -3.39411e-19  -3.20161e-19
2.35619  3.14159  0  -3.3867e-19  -3.19746e-19
3.92699  3.14159  0  -3.36675e-19  -3.18905e-19
5.49779  3.14159  0  -3.33819e-19  -3.16647e-19
7.06858  3.14159  0  -3.29976e-19  -3.12993e-19
8.63938  3.14159  0  -3.24707e-19  -3.08325e-19
10.2102  3.14159  0  -3.18245e-19  -3.02394e-19
16.4934  3.14159  0  -2.83195e-19  -2.70847e-19
33.7721  3.14159  0  -2.04068e-19  -2.10937e-19
62.0465  3.14159  0  -8.7407e-20  -9.79466e-20
-35.3429  3.14159  3.14159  1.19583e-20  -3.13842e-20
-22.7765  3.14159  3.14159  1.2561e-20  -3.14384e-20
-16.4934  3.14159  3.14159  1.28816e-20  -3.05723e-20
-10.2102  3.14159  3.14159  1.33389e-20  -2.99999e-20
-8.63938  3.14159  3.14159  1.3462e-20  -3.00255e-20
-7.06858  3.14159  3.14159  1.35808e-20  -3.01013e-20
-5.49779  3.14159  3.14159  1.37138e-20  -3.02063e-20
-3.92699  3.14159  3.14159  1.38007e-20  -3.03009e-20
-2.35619  3.14159  3.14159  1.38143e-20  -3.03868e-20
-0.785398  3.14159  3.14159  1.38894e-20  -3.04545e-20
0.785398  3.14159  3.14159  1.39142e-20  -3.04881e-20
2.35619  3.14159  3.14159  1.38956e-20  -3.04537e-20
3.92699  3.14159  3.14159  1.38678e-20  -3.02896e-20
5.49779  3.14159  3.14159  1.37666e-20  -3.00484e-20
7.06858  3.14159  3.14159  1.35798e-20  -2.97322e-20
8.63938  3.14159  3.14159  1.33652e-20  -2.92957e-20
10.2102  3.14159  3.14159  1.30788e-20  -2.87441e-20
16.4934  3.14159  3.14159  1.16393e-20  -2.5713e-20
33.7721  3.14159  3.14159  9.35353e-21  -1.89013e-20
62.0465  3.14159  3.14159  4.16814e-21  -8.53997e-21
