-35.3429  0  0  6.04459e-12  -3.66415e-11
-22.7765  0  0  1.50915e-11  -3.52541e-11
-16.4934  0  0  1.673e-11  -4.11612e-11
-10.2102  0  0  1.12036e-12  9.08758e-11
-8.63938  0  0  1.57822e-11  -1.12131e-10
-7.06858  0  0  -2.41855e-11  4.49834e-11
-5.49779  0  0  5.12912e-11  1.31661e-11
-3.92699  0  0  -8.83095e-11  1.51557e-10
-2.35619  0  0  5.84474e-11  1.38557e-10
-0.785398  0  0  6.97757e-11  -2.76787e-11
0.785398  0  0  5.19011e-11  3.44499e-11
2.35619  0  0  1.06149e-10  -1.07351e-10
3.92699  0  0  -2.85945e-11  -1.72994e-10
5.49779  0  0  5.39508e-11  3.19735e-12
7.06858  0  0  -9.55742e-12  -4.81811e-11
8.63938  0  0  -2.58005e-11  1.04264e-10
10.2102  0  0  3.37952e-11  -8.98183e-11
16.4934  0  0  -2.07323e-12  4.2847e-11
33.7721  0  0  3.14491e-13  -5.13828e-12
62.0465  0  0  -8.1538e-13  5.83326e-12
-35.3429  0  3.14159  -1.04308e-09  3.9286e-11
-22.7765  0  3.14159  -1.05578e-09  -2.21968e-10
-16.4934  0  3.14159  -1.22971e-09  -2.31532e-10
-10.2102  0  3.14159  2.49981e-09  -5.51625e-10
-8.63938  0  3.14159  -3.19154e-09  1.97562e-10
-7.06858  0  3.14159  1.38838e-09  4.10429e-10
-5.49779  0  3.14159  6.87072e-11  -1.49648e-09
-3.92699  0  3.14159  4.67914e-09  1.58073e-09
-2.35619  0  3.14159  3.49667e-09  -2.4066e-09
-0.785398  0  3.14159  -1.15428e-09  -1.79241e-09
0.785398  0  3.14159  6.63004e-10  -1.64859e-09
2.35619  0  3.14159  -3.56434e-09  -2.32529e-09
3.92699  0  3.14159  -4.61129e-09  1.76512e-09
5.49779  0  3.14159  -2.16301e-10  -1.51056e-09
7.06858  0  3.14159  -1.2793e-09  5.45225e-10
8.63938  0  3.14159  3.02456e-09  1.12788e-10
10.2102  0  3.14159  -2.67461e-09  -4.28732e-10
16.4934  0  3.14159  1.19222e-09  -1.84836e-10
33.7721  0  3.14159  -1.43953e-10  2.07795e-11
62.0465  0  3.14159  1.66842e-10  -1.11334e-11
-35.3429  3.14159  0  -1.04308e-09  3.9286e-11
-22.7765  3.14159  0  -1.05578e-09  -2.21968e-10
-16.4934  3.14159  0  -1.22971e-09  -2.31532e-10
-10.2102  3.14159  0  2.49981e-09  -5.51625e-10
-8.63938  3.14159  0  -3.19154e-09  1.97562e-10
-7.06858  3.14159  0  1.38838e-09  4.10429e-10
-5.49779  3.14159  0  6.87072e-11  -1.49648e-09
-3.92699  3.14159  0  4.67914e-09  1.58073e-09
-2.35619  3.14159  0  3.49667e-09  -2.4066e-09
-0.785398  3.14159  0  -1.15428e-09  -1.79241e-09
0.785398  3.14159  0  6.63004e-10  -1.64859e-09
2.35619  3.14159  0  -3.56434e-09  -2.32529e-09
3.92699  3.14159  0  -4.61129e-09  1.76512e-09
5.49779  3.14159  0  -2.16301e-10  -1.51056e-09
7.06858  3.14159  0  -1.2793e-09  5.45225e-10
8.63938  3.14159  0  3.02456e-09  1.12788e-10
10.2102  3.14159  0  -2.67461e-09  -4.28732e-10
16.4934  3.14159  0  1.19222e-09  -1.84836e-10
33.7721  3.14159  0  -1.43953e-10  2.07795e-11
62.0465  3.14159  0  1.66842e-10  -1.11334e-11
-35.3429  3.14159  3.14159  -1.50772e-11  -1.36364e-11
-22.7765  3.14159  3.14159  -1.18656e-11  -1.75226e-11
-16.4934  3.14159  3.14159  -1.41204e-11  -1.99146e-11
-10.2102  3.14159  3.14159  4.20294e-11  2.59582e-11
-8.63938  3.14159  3.14159  -4.74866e-11  -4.00801e-11
-7.06858  3.14159  3.14159  1.39751e-11  2.40823e-11
-5.49779  3.14159  3.14159  2.0738e-11  -1.99024e-11
-3.92699  3.14159  3.14159  4.38841e-11  8.53538e-11
-2.35619  3.14159  3.14159  8.09557e-11  1.32136e-11
-0.785398  3.14159  3.14159  6.92915e-12  -4.1308e-11
0.785398  3.14159  3.14159  3.05595e-11  -1.48779e-11
2.35619  3.14159  3.14159  -1.85934e-11  -8.06412e-11
3.92699  3.14159  3.14159  -8.82248e-11  -3.77516e-11
5.49779  3.14159  3.14159  1.72578e-11  -2.42019e-11
7.06858  3.14159  3.14159  -2.50155e-11  -9.35335e-12
8.63938  3.14159  3.14159  4.04131e-11  4.21337e-11
10.2102  3.14159  3.14159  -3.17864e-11  -4.2032e-11
16.4934  3.14159  3.14159  1.91016e-11  1.35814e-11
33.7721  3.14159  3.14159  -2.28522e-12  -1.6254e-12
62.0465  3.14159  3.14159  2.4885e-12  2.0325e-12
