-35.3429  0  0  -1.35093e-25  -3.53203e-26
-22.7765  0  0  1.72316e-25  5.34026e-26
-16.4934  0  0  -1.36951e-25  -3.70723e-26
-10.2102  0  0  -3.71939e-25  -7.97703e-26
-8.63938  0  0  -3.48175e-25  -9.3704e-26
-7.06858  0  0  -8.1891e-25  -3.20823e-25
-5.49779  0  0  -6.86936e-25  -4.60048e-25
-3.92699  0  0  1.45943e-24  4.8246e-25
-2.35619  0  0  -2.67165e-24  -1.22305e-24
-0.785398  0  0  -6.05377e-25  6.89567e-25
0.785398  0  0  -2.1077e-25  1.0681e-24
2.35619  0  0  2.75333e-24  3.39834e-25
3.92699  0  0  -1.48768e-24  -4.08555e-25
5.49779  0  0  8.5309e-25  -1.11795e-25
7.06858  0  0  8.93072e-25  2.02654e-25
8.63938  0  0  3.8826e-25  1.06097e-25
10.2102  0  0  3.8383e-25  1.89344e-25
16.4934  0  0  1.31937e-25  4.63378e-26
33.7721  0  0  -5.39281e-26  -3.40229e-26
62.0465  0  0  6.76381e-27  -2.56179e-27
-35.3429  0  3.14159  -5.90908e-25  4.55494e-24
-22.7765  0  3.14159  1.00928e-24  -6.11715e-24
-16.4934  0  3.14159  -6.18947e-25  4.67179e-24
-10.2102  0  3.14159  -1.17688e-24  1.30215e-23
-8.63938  0  3.14159  -1.70247e-24  1.19498e-23
-7.06858  0  3.14159  -7.25042e-24  2.8747e-23
-5.49779  0  3.14159  -1.25121e-23  2.47691e-23
-3.92699  0  3.14159  9.5358e-24  -5.05629e-23
-2.35619  0  3.14159  -2.94707e-23  9.43556e-23
-0.785398  0  3.14159  2.52729e-23  1.80745e-23
0.785398  0  3.14159  3.59521e-23  1.81346e-24
2.35619  0  3.14159  -5.64028e-25  -9.33688e-23
3.92699  0  3.14159  -7.51656e-24  5.12238e-23
5.49779  0  3.14159  -7.43955e-24  -2.78368e-23
7.06858  0  3.14159  2.80806e-24  -3.06737e-23
8.63938  0  3.14159  1.78443e-24  -1.33217e-23
10.2102  0  3.14159  4.52332e-24  -1.37787e-23
16.4934  0  3.14159  9.73258e-25  -4.54356e-24
33.7721  0  3.14159  -8.87053e-25  2.14916e-24
62.0465  0  3.14159  -1.18195e-25  -1.93384e-25
-35.3429  3.14159  0  -5.90908e-25  4.55494e-24
-22.7765  3.14159  0  1.00928e-24  -6.11715e-24
-16.4934  3.14159  0  -6.18947e-25  4.67179e-24
-10.2102  3.14159  0  -1.17688e-24  1.30215e-23
-8.63938  3.14159  0  -1.70247e-24  1.19498e-23
-7.06858  3.14159  0  -7.25042e-24  2.8747e-23
-5.49779  3.14159  0  -1.25121e-23  2.47691e-23
-3.92699  3.14159  0  9.5358e-24  -5.05629e-23
-2.35619  3.14159  0  -2.94707e-23  9.43556e-23
-0.785398  3.14159  0  2.52729e-23  1.80745e-23
0.785398  3.14159  0  3.59521e-23  1.81346e-24
2.35619  3.14159  0  -5.64028e-25  -9.33688e-23
3.92699  3.14159  0  -7.51656e-24  5.12238e-23
5.49779  3.14159  0  -7.43955e-24  -2.78368e-23
7.06858  3.14159  0  2.80806e-24  -3.06737e-23
8.63938  3.14159  0  1.78443e-24  -1.33217e-23
10.2102  3.14159  0  4.52332e-24  -1.37787e-23
16.4934  3.14159  0  9.73258e-25  -4.54356e-24
33.7721  3.14159  0  -8.87053e-25  2.14916e-24
62.0465  3.14159  0  -1.18195e-25  -1.93384e-25
-35.3429  3.14159  3.14159  -1.02296e-25  3.481e-26
-22.7765  3.14159  3.14159  1.31061e-25  -4.3319e-26
-16.4934  3.14159  3.14159  -1.05583e-25  3.56857e-26
-10.2102  3.14159  3.14159  -2.61217e-25  1.1437e-25
-8.63938  3.14159  3.14159  -2.56576e-25  9.25595e-26
-7.06858  3.14159  3.14159  -6.51041e-25  1.57067e-25
-5.49779  3.14159  3.14159  -6.22145e-25  1.21263e-26
-3.92699  3.14159  3.14159  1.11933e-24  -3.30062e-25
-2.35619  3.14159  3.14159  -2.1901e-24  4.03014e-25
-0.785398  3.14159  3.14159  -5.47136e-26  6.83464e-25
0.785398  3.14159  3.14159  3.09465e-25  7.26274e-25
2.35619  3.14159  3.14159  1.85948e-24  -9.73795e-25
3.92699  3.14159  3.14159  -1.11197e-24  3.88416e-25
5.49779  3.14159  3.14159  4.76442e-25  -4.34773e-25
7.06858  3.14159  3.14159  6.433e-25  -2.58773e-25
8.63938  3.14159  3.14159  2.84041e-25  -9.99147e-26
10.2102  3.14159  3.14159  3.12735e-25  -5.18567e-26
16.4934  3.14159  3.14159  1.06892e-25  -2.73031e-26
33.7721  3.14159  3.14159  -4.67847e-26  5.23553e-27
62.0465  3.14159  3.14159  3.99601e-27  -4.02737e-27
