-35.3429  0  0  2.32444e-17  -4.30809e-17
-22.7765  0  0  2.41468e-17  -4.30732e-17
-16.4934  0  0  2.44577e-17  -4.17774e-17
-10.2102  0  0  2.50226e-17  -4.08817e-17
-8.63938  0  0  2.52073e-17  -4.09071e-17
-7.06858  0  0  2.53903e-17  -4.09951e-17
-5.49779  0  0  2.56105e-17  -4.11246e-17
-3.92699  0  0  2.57469e-17  -4.1243e-17
-2.35619  0  0  2.57824e-17  -4.13729e-17
-0.785398  0  0  2.5904e-17  -4.14544e-17
0.785398  0  0  2.59558e-17  -4.14982e-17
2.35619  0  0  2.59073e-17  -4.1456e-17
3.92699  0  0  2.58454e-17  -4.12309e-17
5.49779  0  0  2.56457e-17  -4.0908e-17
7.06858  0  0  2.53113e-17  -4.04847e-17
8.63938  0  0  2.4908e-17  -3.98916e-17
10.2102  0  0  2.43888e-17  -3.91446e-17
16.4934  0  0  2.17369e-17  -3.50139e-17
33.7721  0  0  1.71796e-17  -2.55889e-17
62.0465  0  0  7.70943e-18  -1.15562e-17
-35.3429  0  3.14159  -4.91319e-16  -4.10699e-16
-22.7765  0  3.14159  -4.88685e-16  -4.22709e-16
-16.4934  0  3.14159  -4.72071e-16  -4.22948e-16
-10.2102  0  3.14159  -4.60316e-16  -4.26966e-16
-8.63938  0  3.14159  -4.60369e-16  -4.2915e-16
-7.06858  0  3.14159  -4.611e-16  -4.31569e-16
-5.49779  0  3.14159  -4.6231e-16  -4.34305e-16
-3.92699  0  3.14159  -4.63679e-16  -4.36484e-16
-2.35619  0  3.14159  -4.65152e-16  -4.37496e-16
-0.785398  0  3.14159  -4.65735e-16  -4.38883e-16
0.785398  0  3.14159  -4.65943e-16  -4.39567e-16
2.35619  0  3.14159  -4.6493e-16  -4.38932e-16
3.92699  0  3.14159  -4.62214e-16  -4.37777e-16
5.49779  0  3.14159  -4.58264e-16  -4.34669e-16
7.06858  0  3.14159  -4.52973e-16  -4.29618e-16
8.63938  0  3.14159  -4.45737e-16  -4.23281e-16
10.2102  0  3.14159  -4.36856e-16  -4.14991e-16
16.4934  0  3.14159  -3.88753e-16  -3.7174e-16
33.7721  0  3.14159  -2.80106e-16  -2.89526e-16
62.0465  0  3.14159  -1.19976e-16  -1.3442e-16
-35.3429  3.14159  0  -4.91319e-16  -4.10699e-16
-22.7765  3.14159  0  -4.88685e-16  -4.22709e-16
-16.4934  3.14159  0  -4.72071e-16  -4.22948e-16
-10.2102  3.14159  0  -4.60316e-16  -4.26966e-16
-8.63938  3.14159  0  -4.60369e-16  -4.2915e-16
-7.06858  3.14159  0  -4.611e-16  -4.31569e-16
-5.49779  3.14159  0  -4.6231e-16  -4.34305e-16
-3.92699  3.14159  0  -4.63679e-16  -4.36484e-16
-2.35619  3.14159  0  -4.65152e-16  -4.37496e-16
-0.785398  3.14159  0  -4.65735e-16  -4.38883e-16
0.785398  3.14159  0  -4.65943e-16  -4.39567e-16
2.35619  3.14159  0  -4.6493e-16  -4.38932e-16
3.92699  3.14159  0  -4.62214e-16  -4.37777e-16
5.49779  3.14159  0  -4.58264e-16  -4.34669e-16
7.06858  3.14159  0  -4.52973e-16  -4.29618e-16
8.63938  3.14159  0  -4.45737e-16  -4.23281e-16
10.2102  3.14159  0  -4.36856e-16  -4.14991e-16
16.4934  3.14159  0  -3.88753e-16  -3.7174e-16
33.7721  3.14159  0  -2.80106e-16  -2.89526e-16
62.0465  3.14159  0  -1.19976e-16  -1.3442e-16
-35.3429  3.14159  3.14159  1.64035e-17  -4.30656e-17
-22.7765  3.14159  3.14159  1.72292e-17  -4.3137e-17
-16.4934  3.14159  3.14159  1.76709e-17  -4.19502e-17
-10.2102  3.14159  3.14159  1.83001e-17  -4.11607e-17
-8.63938  3.14159  3.14159  1.84645e-17  -4.11958e-17
-7.06858  3.14159  3.14159  1.86269e-17  -4.13057e-17
-5.49779  3.14159  3.14159  1.88135e-17  -4.1443e-17
-3.92699  3.14159  3.14159  1.89314e-17  -4.1575e-17
-2.35619  3.14159  3.14159  1.89418e-17  -4.16936e-17
-0.785398  3.14159  3.14159  1.90427e-17  -4.17808e-17
0.785398  3.14159  3.14159  1.90884e-17  -4.18276e-17
2.35619  3.14159  3.14159  1.90651e-17  -4.17832e-17
3.92699  3.14159  3.14159  1.90316e-17  -4.15622e-17
5.49779  3.14159  3.14159  1.88869e-17  -4.12312e-17
7.06858  3.14159  3.14159  1.86312e-17  -4.07977e-17
8.63938  3.14159  3.14159  1.83344e-17  -4.01955e-17
10.2102  3.14159  3.14159  1.79394e-17  -3.94448e-17
16.4934  3.14159  3.14159  1.59679e-17  -3.5285e-17
33.7721  3.14159  3.14159  1.28316e-17  -2.59376e-17
62.0465  3.14159  3.14159  5.71814e-18  -1.17197e-17
