-35.3429  0  0  -6.09381e-23  9.70351e-23
-22.7765  0  0  5.34199e-22  -4.19493e-22
-16.4934  0  0  -1.56757e-21  3.65938e-22
-10.2102  0  0  1.37395e-21  9.18049e-22
-8.63938  0  0  5.44398e-22  -1.98443e-21
-7.06858  0  0  1.1862e-21  -1.5471e-21
-5.49779  0  0  -3.47238e-21  -6.7192e-23
-3.92699  0  0  3.70886e-22  -1.78874e-21
-2.35619  0  0  -5.42191e-21  -2.59401e-20
-0.785398  0  0  -4.48347e-21  -4.75395e-21
0.785398  0  0  4.7391e-21  6.58644e-21
2.35619  0  0  2.51586e-20  9.19021e-21
3.92699  0  0  2.12634e-21  -7.56141e-22
5.49779  0  0  -5.66889e-22  2.93953e-21
7.06858  0  0  1.60128e-21  -1.21066e-21
8.63938  0  0  2.0929e-21  -5.15682e-22
10.2102  0  0  -6.71893e-22  -1.13113e-21
16.4934  0  0  -6.23093e-22  1.37082e-21
33.7721  0  0  -2.42697e-22  1.94162e-22
62.0465  0  0  -8.0422e-23  7.35465e-23
-35.3429  0  3.14159  -4.69684e-21  -1.21852e-20
-22.7765  0  3.14159  1.66623e-21  7.74016e-20
-16.4934  0  3.14159  7.29873e-20  -1.67988e-19
-10.2102  0  3.14159  -1.79577e-19  6.37544e-20
-8.63938  0  3.14159  1.43533e-19  1.85702e-19
-7.06858  0  3.14159  6.42819e-20  2.12886e-19
-5.49779  0  3.14159  2.41853e-19  -3.15381e-19
-3.92699  0  3.14159  1.37828e-19  1.55602e-19
-2.35619  0  3.14159  2.74181e-18  1.25435e-18
-0.785398  0  3.14159  7.31801e-19  -8.51364e-20
0.785398  0  3.14159  -9.26199e-19  -1.84713e-20
2.35619  0  3.14159  -2.54051e-18  1.67848e-18
3.92699  0  3.14159  -7.82842e-20  2.51368e-19
5.49779  0  3.14159  -2.27461e-19  -2.49524e-19
7.06858  0  3.14159  3.93436e-21  2.27087e-19
8.63938  0  3.14159  -9.63979e-20  2.28929e-19
10.2102  0  3.14159  1.47943e-19  1.4971e-20
16.4934  0  3.14159  -8.34394e-20  -1.496e-19
33.7721  0  3.14159  -1.28822e-21  -3.54527e-20
62.0465  0  3.14159  -1.28979e-21  -1.23776e-20
-35.3429  3.14159  0  -4.69684e-21  -1.21852e-20
-22.7765  3.14159  0  1.66623e-21  7.74016e-20
-16.4934  3.14159  0  7.29873e-20  -1.67988e-19
-10.2102  3.14159  0  -1.79577e-19  6.37544e-20
-8.63938  3.14159  0  1.43533e-19  1.85702e-19
-7.06858  3.14159  0  6.42819e-20  2.12886e-19
-5.49779  3.14159  0  2.41853e-19  -3.15381e-19
-3.92699  3.14159  0  1.37828e-19  1.55602e-19
-2.35619  3.14159  0  2.74181e-18  1.25435e-18
-0.785398  3.14159  0  7.31801e-19  -8.51364e-20
0.785398  3.14159  0  -9.26199e-19  -1.84713e-20
2.35619  3.14159  0  -2.54051e-18  1.67848e-18
3.92699  3.14159  0  -7.82842e-20  2.51368e-19
5.49779  3.14159  0  -2.27461e-19  -2.49524e-19
7.06858  3.14159  0  3.93436e-21  2.27087e-19
8.63938  3.14159  0  -9.63979e-20  2.28929e-19
10.2102  3.14159  0  1.47943e-19  1.4971e-20
16.4934  3.14159  0  -8.34394e-20  -1.496e-19
33.7721  3.14159  0  -1.28822e-21  -3.54527e-20
62.0465  3.14159  0  -1.28979e-21  -1.23776e-20
-35.3429  3.14159  3.14159  8.3826e-23  -7.59498e-23
-22.7765  3.14159  3.14159  -6.20579e-22  2.55539e-22
-16.4934  3.14159  3.14159  1.59181e-21  7.02713e-23
-10.2102  3.14159  3.14159  -1.05771e-21  -1.24934e-21
-8.63938  3.14159  3.14159  -1.04847e-21  1.74097e-21
-7.06858  3.14159  3.14159  -1.54579e-21  1.15852e-21
-5.49779  3.14159  3.14159  3.29314e-21  9.95361e-22
-3.92699  3.14159  3.14159  -8.18052e-22  1.60367e-21
-2.35619  3.14159  3.14159  -1.7675e-21  2.61496e-20
-0.785398  3.14159  3.14159  2.97e-21  5.67184e-21
0.785398  3.14159  3.14159  -2.68915e-21  -7.54056e-21
2.35619  3.14159  3.14159  -2.14981e-20  -1.54921e-20
3.92699  3.14159  3.14159  -2.23397e-21  1.35907e-22
5.49779  3.14159  3.14159  1.32258e-21  -2.64935e-21
7.06858  3.14159  3.14159  -1.84858e-21  7.28177e-22
8.63938  3.14159  3.14159  -2.12912e-21  -7.22565e-23
10.2102  3.14159  3.14159  3.42512e-22  1.24903e-21
16.4934  3.14159  3.14159  9.603e-22  -1.13997e-21
33.7721  3.14159  3.14159  2.8301e-22  -1.19907e-22
62.0465  3.14159  3.14159  9.63414e-23  -4.86428e-23
