-35.3429  0  0  3.80536e-17  6.58237e-17
-22.7765  0  0  7.07304e-18  2.05016e-17
-16.4934  0  0  -6.11521e-17  -1.21318e-16
-10.2102  0  0  -7.93296e-17  -1.15044e-16
-8.63938  0  0  -3.53074e-17  1.6029e-17
-7.06858  0  0  -1.8654e-16  -3.96252e-16
-5.49779  0  0  -2.26892e-17  -3.62567e-16
-3.92699  0  0  2.55733e-16  3.6942e-16
-2.35619  0  0  2.34063e-16  4.21752e-16
-0.785398  0  0  1.05239e-15  -1.66175e-15
0.785398  0  0  1.92132e-15  -1.41781e-16
2.35619  0  0  -2.36312e-16  -4.34507e-16
3.92699  0  0  -1.8203e-16  -4.19506e-16
5.49779  0  0  2.88416e-16  1.94848e-16
7.06858  0  0  2.39899e-16  3.74479e-16
8.63938  0  0  -2.5738e-17  9.25968e-18
10.2102  0  0  4.39758e-17  1.23908e-16
16.4934  0  0  8.12868e-17  1.07439e-16
33.7721  0  0  6.86763e-18  6.9486e-18
62.0465  0  0  1.13713e-17  1.91725e-17
-35.3429  0  3.14159  3.04107e-15  -9.85942e-16
-22.7765  0  3.14159  9.20896e-16  -1.21128e-16
-16.4934  0  3.14159  -5.44314e-15  1.43983e-15
-10.2102  0  3.14159  -5.45607e-15  2.30663e-15
-8.63938  0  3.14159  4.26363e-16  1.62776e-15
-7.06858  0  3.14159  -1.79498e-14  4.1385e-15
-5.49779  0  3.14159  -1.5075e-14  -2.13037e-15
-3.92699  0  3.14159  1.74467e-14  -7.18623e-15
-2.35619  0  3.14159  1.94511e-14  -5.81854e-15
-0.785398  0  3.14159  -5.87343e-14  -5.71699e-14
0.785398  0  3.14159  1.11375e-14  -7.93763e-14
2.35619  0  3.14159  -1.99168e-14  5.95023e-15
3.92699  0  3.14159  -1.88401e-14  3.8082e-15
5.49779  0  3.14159  1.05638e-14  -1.00649e-14
7.06858  0  3.14159  1.75085e-14  -6.59977e-15
8.63938  0  3.14159  1.00035e-16  1.1908e-15
10.2102  0  3.14159  5.54751e-15  -6.64776e-16
16.4934  0  3.14159  5.05814e-15  -2.36198e-15
33.7721  0  3.14159  3.00344e-16  -2.10457e-16
62.0465  0  3.14159  8.9225e-16  -3.05903e-16
-35.3429  3.14159  0  3.04107e-15  -9.85942e-16
-22.7765  3.14159  0  9.20896e-16  -1.21128e-16
-16.4934  3.14159  0  -5.44314e-15  1.43983e-15
-10.2102  3.14159  0  -5.45607e-15  2.30663e-15
-8.63938  3.14159  0  4.26363e-16  1.62776e-15
-7.06858  3.14159  0  -1.79498e-14  4.1385e-15
-5.49779  3.14159  0  -1.5075e-14  -2.13037e-15
-3.92699  3.14159  0  1.74467e-14  -7.18623e-15
-2.35619  3.14159  0  1.94511e-14  -5.81854e-15
-0.785398  3.14159  0  -5.87343e-14  -5.71699e-14
0.785398  3.14159  0  1.11375e-14  -7.93763e-14
2.35619  3.14159  0  -1.99168e-14  5.95023e-15
3.92699  3.14159  0  -1.88401e-14  3.8082e-15
5.49779  3.14159  0  1.05638e-14  -1.00649e-14
7.06858  3.14159  0  1.75085e-14  -6.59977e-15
8.63938  3.14159  0  1.00035e-16  1.1908e-15
10.2102  3.14159  0  5.54751e-15  -6.64776e-16
16.4934  3.14159  0  5.05814e-15  -2.36198e-15
33.7721  3.14159  0  3.00344e-16  -2.10457e-16
62.0465  3.14159  0  8.9225e-16  -3.05903e-16
-35.3429  3.14159  3.14159  4.13043e-17  6.76168e-17
-22.7765  3.14159  3.14159  7.91266e-18  2.11802e-17
-16.4934  3.14159  3.14159  -6.66716e-17  -1.24791e-16
-10.2102  3.14159  3.14159  -8.56042e-17  -1.17825e-16
-8.63938  3.14159  3.14159  -3.63379e-17  1.76973e-17
-7.06858  3.14159  3.14159  -2.04283e-16  -4.08195e-16
-5.49779  3.14159  3.14159  -3.2871e-17  -3.76987e-16
-3.92699  3.14159  3.14159  2.75632e-16  3.7854e-16
-2.35619  3.14159  3.14159  2.54443e-16  4.33674e-16
-0.785398  3.14159  3.14159  1.05434e-15  -1.75678e-15
0.785398  3.14159  3.14159  1.99739e-15  -1.95122e-16
2.35619  3.14159  3.14159  -2.5712e-16  -4.46644e-16
3.92699  3.14159  3.14159  -2.00173e-16  -4.32472e-16
5.49779  3.14159  3.14159  3.05361e-16  1.95806e-16
7.06858  3.14159  3.14159  2.59376e-16  3.84079e-16
8.63938  3.14159  3.14159  -2.66695e-17  1.02965e-17
10.2102  3.14159  3.14159  4.89498e-17  1.28106e-16
16.4934  3.14159  3.14159  8.72855e-17  1.09862e-16
33.7721  3.14159  3.14159  7.276e-18  7.03844e-18
62.0465  3.14159  3.14159  1.23452e-17  1.968e-17
