-35.3429  0  0  -5.55837e-23  -1.4493e-23
-22.7765  0  0  7.0848e-23  2.20162e-23
-16.4934  0  0  -5.63572e-23  -1.51256e-23
-10.2102  0  0  -1.53083e-22  -3.27526e-23
-8.63938  0  0  -1.43417e-22  -3.83475e-23
-7.06858  0  0  -3.37062e-22  -1.32007e-22
-5.49779  0  0  -2.82738e-22  -1.89113e-22
-3.92699  0  0  6.00318e-22  1.98735e-22
-2.35619  0  0  -1.09977e-21  -5.0291e-22
-0.785398  0  0  -2.49708e-22  2.83704e-22
0.785398  0  0  -8.67869e-23  4.39109e-22
2.35619  0  0  1.13328e-21  1.39481e-22
3.92699  0  0  -6.1197e-22  -1.68317e-22
5.49779  0  0  3.50966e-22  -4.6119e-23
7.06858  0  0  3.67528e-22  8.34229e-23
8.63938  0  0  1.59863e-22  4.35399e-23
10.2102  0  0  1.57932e-22  7.78288e-23
16.4934  0  0  5.42497e-23  1.89891e-23
33.7721  0  0  -2.21944e-23  -1.4026e-23
62.0465  0  0  2.79608e-24  -1.07218e-24
-35.3429  0  3.14159  -2.43072e-22  1.8746e-21
-22.7765  0  3.14159  4.14036e-22  -2.51945e-21
-16.4934  0  3.14159  -2.56147e-22  1.92146e-21
-10.2102  0  3.14159  -4.8521e-22  5.36309e-21
-8.63938  0  3.14159  -7.02152e-22  4.92194e-21
-7.06858  0  3.14159  -2.98748e-21  1.18314e-20
-5.49779  0  3.14159  -5.149e-21  1.01899e-20
-3.92699  0  3.14159  3.92567e-21  -2.08037e-20
-2.35619  0  3.14159  -1.21405e-20  3.88325e-20
-0.785398  0  3.14159  1.04027e-20  7.4374e-21
0.785398  0  3.14159  1.48008e-20  7.36032e-22
2.35619  0  3.14159  -2.23915e-22  -3.84348e-20
3.92699  0  3.14159  -3.08494e-21  2.10705e-20
5.49779  0  3.14159  -3.05068e-21  -1.14562e-20
7.06858  0  3.14159  1.16537e-21  -1.2621e-20
8.63938  0  3.14159  7.36834e-22  -5.48564e-21
10.2102  0  3.14159  1.86353e-21  -5.67553e-21
16.4934  0  3.14159  4.02302e-22  -1.8686e-21
33.7721  0  3.14159  -3.63374e-22  8.8462e-22
62.0465  0  3.14159  -4.85598e-23  -7.95232e-23
-35.3429  3.14159  0  -2.43072e-22  1.8746e-21
-22.7765  3.14159  0  4.14036e-22  -2.51945e-21
-16.4934  3.14159  0  -2.56147e-22  1.92146e-21
-10.2102  3.14159  0  -4.8521e-22  5.36309e-21
-8.63938  3.14159  0  -7.02152e-22  4.92194e-21
-7.06858  3.14159  0  -2.98748e-21  1.18314e-20
-5.49779  3.14159  0  -5.149e-21  1.01899e-20
-3.92699  3.14159  0  3.92567e-21  -2.08037e-20
-2.35619  3.14159  0  -1.21405e-20  3.88325e-20
-0.785398  3.14159  0  1.04027e-20  7.4374e-21
0.785398  3.14159  0  1.48008e-20  7.36032e-22
2.35619  3.14159  0  -2.23915e-22  -3.84348e-20
3.92699  3.14159  0  -3.08494e-21  2.10705e-20
5.49779  3.14159  0  -3.05068e-21  -1.14562e-20
7.06858  3.14159  0  1.16537e-21  -1.2621e-20
8.63938  3.14159  0  7.36834e-22  -5.48564e-21
10.2102  3.14159  0  1.86353e-21  -5.67553e-21
16.4934  3.14159  0  4.02302e-22  -1.8686e-21
33.7721  3.14159  0  -3.63374e-22  8.8462e-22
62.0465  3.14159  0  -4.85598e-23  -7.95232e-23
-35.3429  3.14159  3.14159  -4.20891e-23  1.43901e-23
-22.7765  3.14159  3.14159  5.38919e-23  -1.77259e-23
-16.4934  3.14159  3.14159  -4.35275e-23  1.4814e-23
-10.2102  3.14159  3.14159  -1.07665e-22  4.72959e-23
-8.63938  3.14159  3.14159  -1.05795e-22  3.82883e-23
-7.06858  3.14159  3.14159  -2.68158e-22  6.49246e-23
-5.49779  3.14159  3.14159  -2.56215e-22  5.22169e-24
-3.92699  3.14159  3.14159  4.6024e-22  -1.35694e-22
-2.35619  3.14159  3.14159  -9.0185e-22  1.66052e-22
-0.785398  3.14159  3.14159  -2.29018e-23  2.81014e-22
0.785398  3.14159  3.14159  1.27074e-22  2.98198e-22
2.35619  3.14159  3.14159  7.65138e-22  -4.01176e-22
3.92699  3.14159  3.14159  -4.57666e-22  1.59459e-22
5.49779  3.14159  3.14159  1.95959e-22  -1.79185e-22
7.06858  3.14159  3.14159  2.6471e-22  -1.06742e-22
8.63938  3.14159  3.14159  1.16951e-22  -4.12792e-23
10.2102  3.14159  3.14159  1.28714e-22  -2.14808e-23
16.4934  3.14159  3.14159  4.40025e-23  -1.13433e-23
33.7721  3.14159  3.14159  -1.92882e-23  2.09934e-24
62.0465  3.14159  3.14159  1.66788e-24  -1.69151e-24
