-35.3429  0  0  8.61137e-16  -1.59716e-15
-22.7765  0  0  8.94648e-16  -1.5969e-15
-16.4934  0  0  9.06197e-16  -1.54902e-15
-10.2102  0  0  9.27176e-16  -1.51596e-15
-8.63938  0  0  9.33982e-16  -1.51675e-15
-7.06858  0  0  9.40981e-16  -1.52046e-15
-5.49779  0  0  9.48788e-16  -1.5254e-15
-3.92699  0  0  9.54079e-16  -1.52989e-15
-2.35619  0  0  9.55391e-16  -1.53466e-15
-0.785398  0  0  9.59597e-16  -1.53791e-15
0.785398  0  0  9.60781e-16  -1.53958e-15
2.35619  0  0  9.59257e-16  -1.53787e-15
3.92699  0  0  9.56881e-16  -1.52937e-15
5.49779  0  0  9.49153e-16  -1.51718e-15
7.06858  0  0  9.36928e-16  -1.50134e-15
8.63938  0  0  9.2215e-16  -1.47928e-15
10.2102  0  0  9.02775e-16  -1.45145e-15
16.4934  0  0  8.04559e-16  -1.29812e-15
33.7721  0  0  6.35989e-16  -9.48706e-16
62.0465  0  0  2.8539e-16  -4.2838e-16
-35.3429  0  3.14159  -1.82182e-14  -1.52354e-14
-22.7765  0  3.14159  -1.81218e-14  -1.56808e-14
-16.4934  0  3.14159  -1.75045e-14  -1.56902e-14
-10.2102  0  3.14159  -1.70666e-14  -1.5839e-14
-8.63938  0  3.14159  -1.70678e-14  -1.59194e-14
-7.06858  0  3.14159  -1.70974e-14  -1.60098e-14
-5.49779  0  3.14159  -1.71435e-14  -1.61102e-14
-3.92699  0  3.14159  -1.71941e-14  -1.61938e-14
-2.35619  0  3.14159  -1.72488e-14  -1.62284e-14
-0.785398  0  3.14159  -1.72685e-14  -1.62815e-14
0.785398  0  3.14159  -1.72746e-14  -1.63054e-14
2.35619  0  3.14159  -1.72375e-14  -1.62845e-14
3.92699  0  3.14159  -1.71379e-14  -1.624e-14
5.49779  0  3.14159  -1.69908e-14  -1.61239e-14
7.06858  0  3.14159  -1.67953e-14  -1.59367e-14
8.63938  0  3.14159  -1.65274e-14  -1.57011e-14
10.2102  0  3.14159  -1.6199e-14  -1.53973e-14
16.4934  0  3.14159  -1.44142e-14  -1.37906e-14
33.7721  0  3.14159  -1.03864e-14  -1.07397e-14
62.0465  0  3.14159  -4.44949e-15  -4.98599e-15
-35.3429  3.14159  0  -1.82182e-14  -1.52354e-14
-22.7765  3.14159  0  -1.81218e-14  -1.56808e-14
-16.4934  3.14159  0  -1.75045e-14  -1.56902e-14
-10.2102  3.14159  0  -1.70666e-14  -1.5839e-14
-8.63938  3.14159  0  -1.70678e-14  -1.59194e-14
-7.06858  3.14159  0  -1.70974e-14  -1.60098e-14
-5.49779  3.14159  0  -1.71435e-14  -1.61102e-14
-3.92699  3.14159  0  -1.71941e-14  -1.61938e-14
-2.35619  3.14159  0  -1.72488e-14  -1.62284e-14
-0.785398  3.14159  0  -1.72685e-14  -1.62815e-14
0.785398  3.14159  0  -1.72746e-14  -1.63054e-14
2.35619  3.14159  0  -1.72375e-14  -1.62845e-14
3.92699  3.14159  0  -1.71379e-14  -1.624e-14
5.49779  3.14159  0  -1.69908e-14  -1.61239e-14
7.06858  3.14159  0  -1.67953e-14  -1.59367e-14
8.63938  3.14159  0  -1.65274e-14  -1.57011e-14
10.2102  3.14159  0  -1.6199e-14  -1.53973e-14
16.4934  3.14159  0  -1.44142e-14  -1.37906e-14
33.7721  3.14159  0  -1.03864e-14  -1.07397e-14
62.0465  3.14159  0  -4.44949e-15  -4.98599e-15
-35.3429  3.14159  3.14159  6.07688e-16  -1.59641e-15
-22.7765  3.14159  3.14159  6.38395e-16  -1.5993e-15
-16.4934  3.14159  3.14159  6.54803e-16  -1.55532e-15
-10.2102  3.14159  3.14159  6.78167e-16  -1.52634e-15
-8.63938  3.14159  3.14159  6.84474e-16  -1.52754e-15
-7.06858  3.14159  3.14159  6.90293e-16  -1.53183e-15
-5.49779  3.14159  3.14159  6.97395e-16  -1.53699e-15
-3.92699  3.14159  3.14159  7.01497e-16  -1.5419e-15
-2.35619  3.14159  3.14159  7.02049e-16  -1.54648e-15
-0.785398  3.14159  3.14159  7.05683e-16  -1.54978e-15
0.785398  3.14159  3.14159  7.06881e-16  -1.55149e-15
2.35619  3.14159  3.14159  7.05682e-16  -1.54966e-15
3.92699  3.14159  3.14159  7.04376e-16  -1.54131e-15
5.49779  3.14159  3.14159  6.9914e-16  -1.52893e-15
7.06858  3.14159  3.14159  6.89545e-16  -1.51279e-15
8.63938  3.14159  3.14159  6.78608e-16  -1.4906e-15
10.2102  3.14159  3.14159  6.64235e-16  -1.46247e-15
16.4934  3.14159  3.14159  5.91023e-16  -1.30821e-15
33.7721  3.14159  3.14159  4.75122e-16  -9.61583e-16
62.0465  3.14159  3.14159  2.11665e-16  -4.34498e-16
