-35.3429  0  0  7.98449e-10  1.38037e-09
-22.7765  0  0  1.48455e-10  4.29949e-10
-16.4934  0  0  -1.28314e-09  -2.5442e-09
-10.2102  0  0  -1.6644e-09  -2.41246e-09
-8.63938  0  0  -7.40405e-10  3.36371e-10
-7.06858  0  0  -3.91439e-09  -8.30994e-09
-5.49779  0  0  -4.77638e-10  -7.60417e-09
-3.92699  0  0  5.36548e-09  7.74687e-09
-2.35619  0  0  4.91128e-09  8.84457e-09
-0.785398  0  0  2.20646e-08  -3.4858e-08
0.785398  0  0  4.02964e-08  -2.98272e-09
2.35619  0  0  -4.95844e-09  -9.11201e-09
3.92699  0  0  -3.81988e-09  -8.79768e-09
5.49779  0  0  6.05012e-09  4.08527e-09
7.06858  0  0  5.0334e-09  7.85299e-09
8.63938  0  0  -5.39791e-10  1.94365e-10
10.2102  0  0  9.22983e-10  2.59861e-09
16.4934  0  0  1.70538e-09  2.25301e-09
33.7721  0  0  1.44053e-10  1.45714e-10
62.0465  0  0  2.38594e-10  4.02055e-10
-35.3429  0  3.14159  6.3839e-08  -2.06664e-08
-22.7765  0  3.14159  1.93303e-08  -2.53395e-09
-16.4934  0  3.14159  -1.1426e-07  3.01714e-08
-10.2102  0  3.14159  -1.14541e-07  4.83649e-08
-8.63938  0  3.14159  8.93422e-09  3.41701e-08
-7.06858  0  3.14159  -3.76792e-07  8.66994e-08
-5.49779  0  3.14159  -3.16395e-07  -4.48523e-08
-3.92699  0  3.14159  3.66259e-07  -1.50674e-07
-2.35619  0  3.14159  4.08319e-07  -1.21948e-07
-0.785398  0  3.14159  -1.23227e-06  -1.20049e-06
0.785398  0  3.14159  2.34491e-07  -1.66595e-06
2.35619  0  3.14159  -4.18095e-07  1.24709e-07
3.92699  0  3.14159  -3.95475e-07  7.97589e-08
5.49779  0  3.14159  2.21819e-07  -2.11158e-07
7.06858  0  3.14159  3.67553e-07  -1.38364e-07
8.63938  0  3.14159  2.08841e-09  2.49949e-08
10.2102  0  3.14159  1.16444e-07  -1.39017e-08
16.4934  0  3.14159  1.06188e-07  -4.95302e-08
33.7721  0  3.14159  6.30569e-09  -4.41476e-09
62.0465  0  3.14159  1.87306e-08  -6.41256e-09
-35.3429  3.14159  0  6.3839e-08  -2.06664e-08
-22.7765  3.14159  0  1.93303e-08  -2.53395e-09
-16.4934  3.14159  0  -1.1426e-07  3.01714e-08
-10.2102  3.14159  0  -1.14541e-07  4.83649e-08
-8.63938  3.14159  0  8.93422e-09  3.41701e-08
-7.06858  3.14159  0  -3.76792e-07  8.66994e-08
-5.49779  3.14159  0  -3.16395e-07  -4.48523e-08
-3.92699  3.14159  0  3.66259e-07  -1.50674e-07
-2.35619  3.14159  0  4.08319e-07  -1.21948e-07
-0.785398  3.14159  0  -1.23227e-06  -1.20049e-06
0.785398  3.14159  0  2.34491e-07  -1.66595e-06
2.35619  3.14159  0  -4.18095e-07  1.24709e-07
3.92699  3.14159  0  -3.95475e-07  7.97589e-08
5.49779  3.14159  0  2.21819e-07  -2.11158e-07
7.06858  3.14159  0  3.67553e-07  -1.38364e-07
8.63938  3.14159  0  2.08841e-09  2.49949e-08
10.2102  3.14159  0  1.16444e-07  -1.39017e-08
16.4934  3.14159  0  1.06188e-07  -4.95302e-08
33.7721  3.14159  0  6.30569e-09  -4.41476e-09
62.0465  3.14159  0  1.87306e-08  -6.41256e-09
-35.3429  3.14159  3.14159  8.66513e-10  1.41791e-09
-22.7765  3.14159  3.14159  1.66036e-10  4.44155e-10
-16.4934  3.14159  3.14159  -1.39871e-09  -2.6169e-09
-10.2102  3.14159  3.14159  -1.79578e-09  -2.47069e-09
-8.63938  3.14159  3.14159  -7.61978e-10  3.71302e-10
-7.06858  3.14159  3.14159  -4.28592e-09  -8.55996e-09
-5.49779  3.14159  3.14159  -6.9085e-10  -7.90606e-09
-3.92699  3.14159  3.14159  5.78214e-09  7.93778e-09
-2.35619  3.14159  3.14159  5.33801e-09  9.09414e-09
-0.785398  3.14159  3.14159  2.21052e-08  -3.68475e-08
0.785398  3.14159  3.14159  4.18891e-08  -4.0997e-09
2.35619  3.14159  3.14159  -5.39413e-09  -9.36609e-09
3.92699  3.14159  3.14159  -4.19979e-09  -9.06912e-09
5.49779  3.14159  3.14159  6.40491e-09  4.1053e-09
7.06858  3.14159  3.14159  5.44121e-09  8.05396e-09
8.63938  3.14159  3.14159  -5.59292e-10  2.16075e-10
10.2102  3.14159  3.14159  1.02714e-09  2.6865e-09
16.4934  3.14159  3.14159  1.83098e-09  2.30372e-09
33.7721  3.14159  3.14159  1.52604e-10  1.47595e-10
62.0465  3.14159  3.14159  2.58987e-10  4.12679e-10
