-35.3429  0  0  2.88885e-19  -1.75099e-18
-22.7765  0  0  7.2121e-19  -1.68468e-18
-16.4934  0  0  7.99516e-19  -1.96697e-18
-10.2102  0  0  5.34599e-20  4.34271e-18
-8.63938  0  0  7.54291e-19  -5.3584e-18
-7.06858  0  0  -1.1558e-18  2.14961e-18
-5.49779  0  0  2.45106e-18  6.29221e-19
-3.92699  0  0  -4.22021e-18  7.24243e-18
-2.35619  0  0  2.79292e-18  6.62134e-18
-0.785398  0  0  3.33442e-18  -1.32261e-18
0.785398  0  0  2.48018e-18  1.64633e-18
2.35619  0  0  5.07265e-18  -5.12991e-18
3.92699  0  0  -1.3663e-18  -8.26692e-18
5.49779  0  0  2.57816e-18  1.52844e-19
7.06858  0  0  -4.5668e-19  -2.30246e-18
8.63938  0  0  -1.23303e-18  4.98249e-18
10.2102  0  0  1.61506e-18  -4.29214e-18
16.4934  0  0  -9.91107e-20  2.04754e-18
33.7721  0  0  1.50333e-20  -2.45544e-19
62.0465  0  0  -3.89708e-20  2.78755e-19
-35.3429  0  3.14159  -4.98245e-17  1.88609e-18
-22.7765  0  3.14159  -5.04332e-17  -1.05931e-17
-16.4934  0  3.14159  -5.87415e-17  -1.10483e-17
-10.2102  0  3.14159  1.19403e-16  -2.63723e-17
-8.63938  0  3.14159  -1.52448e-16  9.46626e-18
-7.06858  0  3.14159  6.63223e-17  1.9592e-17
-5.49779  0  3.14159  3.26813e-18  -7.14825e-17
-3.92699  0  3.14159  2.23522e-16  7.54636e-17
-2.35619  0  3.14159  1.67003e-16  -1.14988e-16
-0.785398  0  3.14159  -5.51531e-17  -8.56072e-17
0.785398  0  3.14159  3.16541e-17  -7.87541e-17
2.35619  0  3.14159  -1.70279e-16  -1.11039e-16
3.92699  0  3.14159  -2.20251e-16  8.43561e-17
5.49779  0  3.14159  -1.03459e-17  -7.21528e-17
7.06858  0  3.14159  -6.11029e-17  2.60555e-17
8.63938  0  3.14159  1.44475e-16  5.35974e-18
10.2102  0  3.14159  -1.27762e-16  -2.04547e-17
16.4934  0  3.14159  5.69469e-17  -8.83991e-18
33.7721  0  3.14159  -6.87598e-18  9.93905e-19
62.0465  0  3.14159  7.96939e-18  -5.33352e-19
-35.3429  3.14159  0  -4.98245e-17  1.88609e-18
-22.7765  3.14159  0  -5.04332e-17  -1.05931e-17
-16.4934  3.14159  0  -5.87415e-17  -1.10483e-17
-10.2102  3.14159  0  1.19403e-16  -2.63723e-17
-8.63938  3.14159  0  -1.52448e-16  9.46626e-18
-7.06858  3.14159  0  6.63223e-17  1.9592e-17
-5.49779  3.14159  0  3.26813e-18  -7.14825e-17
-3.92699  3.14159  0  2.23522e-16  7.54636e-17
-2.35619  3.14159  0  1.67003e-16  -1.14988e-16
-0.785398  3.14159  0  -5.51531e-17  -8.56072e-17
0.785398  3.14159  0  3.16541e-17  -7.87541e-17
2.35619  3.14159  0  -1.70279e-16  -1.11039e-16
3.92699  3.14159  0  -2.20251e-16  8.43561e-17
5.49779  3.14159  0  -1.03459e-17  -7.21528e-17
7.06858  3.14159  0  -6.11029e-17  2.60555e-17
8.63938  3.14159  0  1.44475e-16  5.35974e-18
10.2102  3.14159  0  -1.27762e-16  -2.04547e-17
16.4934  3.14159  0  5.69469e-17  -8.83991e-18
33.7721  3.14159  0  -6.87598e-18  9.93905e-19
62.0465  3.14159  0  7.96939e-18  -5.33352e-19
-35.3429  3.14159  3.14159  -7.20439e-19  -6.51344e-19
-22.7765  3.14159  3.14159  -5.67041e-19  -8.37039e-19
-16.4934  3.14159  3.14159  -6.74785e-19  -9.51295e-19
-10.2102  3.14159  3.14159  2.00819e-18  1.23978e-18
-8.63938  3.14159  3.14159  -2.26904e-18  -1.9144e-18
-7.06858  3.14159  3.14159  6.67881e-19  1.1504e-18
-5.49779  3.14159  3.14159  9.90579e-19  -9.51025e-19
-3.92699  3.14159  3.14159  2.09733e-18  4.07739e-18
-2.35619  3.14159  3.14159  3.86778e-18  6.30549e-19
-0.785398  3.14159  3.14159  3.30656e-19  -1.97356e-18
0.785398  3.14159  3.14159  1.45984e-18  -7.11067e-19
2.35619  3.14159  3.14159  -8.89032e-19  -3.85248e-18
3.92699  3.14159  3.14159  -4.21529e-18  -1.80279e-18
5.49779  3.14159  3.14159  8.24273e-19  -1.15641e-18
7.06858  3.14159  3.14159  -1.1952e-18  -4.4663e-19
8.63938  3.14159  3.14159  1.93112e-18  2.01257e-18
10.2102  3.14159  3.14159  -1.51898e-18  -2.00779e-18
16.4934  3.14159  3.14159  9.12702e-19  6.4868e-19
33.7721  3.14159  3.14159  -1.09191e-19  -7.76326e-20
62.0465  3.14159  3.14159  1.18907e-19  9.70799e-20
