-35.3429  0  0  835.121  6624.42
-22.7765  0  0  -3276.71  19016.7
-16.4934  0  0  -1770.73  -2035.39
-10.2102  0  0  67688.8  -14256.3
-8.63938  0  0  -26778  5417.27
-7.06858  0  0  -17509.6  107469
-5.49779  0  0  -150748  29781.8
-3.92699  0  0  -120.136  -179234
-2.35619  0  0  -252965  179689
-0.785398  0  0  -402120  204325
0.785398  0  0  473399  -93880.5
2.35619  0  0  535396  -188647
3.92699  0  0  -128710  130638
5.49779  0  0  64994.7  82263.9
7.06858  0  0  66837.7  44907.4
8.63938  0  0  -10627.9  72471.1
10.2102  0  0  -57228.9  532.702
16.4934  0  0  -11903.4  -6282.16
33.7721  0  0  12207.6  -11767.7
62.0465  0  0  4195.56  -4626.3
-35.3429  0  3.14159  875.952  -2240.76
-22.7765  0  3.14159  10550.7  1239.15
-16.4934  0  3.14159  4321.92  4693.42
-10.2102  0  3.14159  -35922.8  31868.5
-8.63938  0  3.14159  -15160.5  -15687.6
-7.06858  0  3.14159  -3951.99  -71610
-5.49779  0  3.14159  24675  -63614.5
-3.92699  0  3.14159  -59255.3  83599.4
-2.35619  0  3.14159  244042  -236166
-0.785398  0  3.14159  246070  -258872
0.785398  0  3.14159  -313536  163814
2.35619  0  3.14159  -281637  162005
3.92699  0  3.14159  98735.5  -20557.2
5.49779  0  3.14159  -67223.1  17337.2
7.06858  0  3.14159  -70709.1  -24673.4
8.63938  0  3.14159  -13026.5  -14043.6
10.2102  0  3.14159  40313.7  -27558.8
16.4934  0  3.14159  1414.95  3980.28
33.7721  0  3.14159  -12553.8  4038.05
62.0465  0  3.14159  -4040.31  2378.28
-35.3429  3.14159  0  875.952  -2240.76
-22.7765  3.14159  0  10550.7  1239.15
-16.4934  3.14159  0  4321.92  4693.42
-10.2102  3.14159  0  -35922.8  31868.5
-8.63938  3.14159  0  -15160.5  -15687.6
-7.06858  3.14159  0  -3951.99  -71610
-5.49779  3.14159  0  24675  -63614.5
-3.92699  3.14159  0  -59255.3  83599.4
-2.35619  3.14159  0  244042  -236166
-0.785398  3.14159  0  246070  -258872
0.785398  3.14159  0  -313536  163814
2.35619  3.14159  0  -281637  162005
3.92699  3.14159  0  98735.5  -20557.2
5.49779  3.14159  0  -67223.1  17337.2
7.06858  3.14159  0  -70709.1  -24673.4
8.63938  3.14159  0  -13026.5  -14043.6
10.2102  3.14159  0  40313.7  -27558.8
16.4934  3.14159  0  1414.95  3980.28
33.7721  3.14159  0  -12553.8  4038.05
62.0465  3.14159  0  -4040.31  2378.28
-35.3429  3.14159  3.14159  -1352.11  2933.63
-22.7765  3.14159  3.14159  -4582.86  13690.2
-16.4934  3.14159  3.14159  4107.71  -2067.11
-10.2102  3.14159  3.14159  -2854.47  16775.2
-8.63938  3.14159  3.14159  -9344.83  -30514.8
-7.06858  3.14159  3.14159  -1047.14  7467.33
-5.49779  3.14159  3.14159  -35759.8  -61681.2
-3.92699  3.14159  3.14159  20707.9  -93968
-2.35619  3.14159  3.14159  80239.5  42450.5
-0.785398  3.14159  3.14159  60672.7  -51407.7
0.785398  3.14159  3.14159  -54133.1  47858.9
2.35619  3.14159  3.14159  102366  41715.2
3.92699  3.14159  3.14159  -86729.3  70214.2
5.49779  3.14159  3.14159  -55625.7  20743.2
7.06858  3.14159  3.14159  -9115.67  -527.781
8.63938  3.14159  3.14159  -33818.8  20781.6
10.2102  3.14159  3.14159  12609.1  -13243.7
16.4934  3.14159  3.14159  -10132.8  44.6177
33.7721  3.14159  3.14159  3569.74  -7501.55
62.0465  3.14159  3.14159  -431.026  -1267.05
