-35.3429  0  0  -6.28993e-23  7.108e-23
-22.7765  0  0  2.28349e-23  -1.09164e-22
-16.4934  0  0  -1.87735e-22  -1.90129e-22
-10.2102  0  0  8.47076e-22  8.56183e-22
-8.63938  0  0  -8.60953e-22  4.04571e-22
-7.06858  0  0  1.65508e-21  -8.32526e-22
-5.49779  0  0  -1.95513e-21  -2.31915e-22
-3.92699  0  0  -3.89931e-21  1.7657e-21
-2.35619  0  0  -1.10344e-20  -8.37e-22
-0.785398  0  0  -4.71727e-20  -2.10086e-20
0.785398  0  0  -3.3419e-20  -3.25758e-20
2.35619  0  0  -5.63616e-21  -8.08076e-21
3.92699  0  0  4.80924e-22  -4.77176e-21
5.49779  0  0  -8.98802e-22  -2.07252e-21
7.06858  0  0  -8.43205e-23  1.66615e-21
8.63938  0  0  -1.65192e-24  -9.24905e-22
10.2102  0  0  1.1303e-21  4.86747e-22
16.4934  0  0  -2.71709e-22  -1.05787e-22
33.7721  0  0  -5.63112e-23  1.65656e-23
62.0465  0  0  -1.29199e-23  -5.95611e-24
-35.3429  0  3.14159  2.54772e-21  1.52344e-21
-22.7765  0  3.14159  -3.49983e-21  -6.89219e-23
-16.4934  0  3.14159  -4.71918e-21  6.86335e-21
-10.2102  0  3.14159  2.13247e-20  -3.09416e-20
-8.63938  0  3.14159  1.7387e-20  2.41035e-20
-7.06858  0  3.14159  -3.50523e-20  -4.59601e-20
-5.49779  0  3.14159  4.18927e-21  6.12484e-20
-3.92699  0  3.14159  7.66656e-20  1.09453e-19
-2.35619  0  3.14159  3.83921e-20  3.43341e-19
-0.785398  0  3.14159  -3.711e-19  1.56876e-18
0.785398  0  3.14159  -8.056e-19  1.21348e-18
2.35619  0  3.14159  -2.1504e-19  2.19791e-19
3.92699  0  3.14159  -1.49082e-19  1.29728e-20
5.49779  0  3.14159  -5.83476e-20  3.95594e-20
7.06858  0  3.14159  5.15233e-20  -7.09388e-21
8.63938  0  3.14159  -2.83131e-20  5.47128e-21
10.2102  0  3.14159  8.4334e-21  -3.74971e-20
16.4934  0  3.14159  -1.69809e-21  8.96033e-21
33.7721  0  3.14159  8.15977e-22  1.63773e-21
62.0465  0  3.14159  -1.01051e-22  4.33152e-22
-35.3429  3.14159  0  2.54772e-21  1.52344e-21
-22.7765  3.14159  0  -3.49983e-21  -6.89219e-23
-16.4934  3.14159  0  -4.71918e-21  6.86335e-21
-10.2102  3.14159  0  2.13247e-20  -3.09416e-20
-8.63938  3.14159  0  1.7387e-20  2.41035e-20
-7.06858  3.14159  0  -3.50523e-20  -4.59601e-20
-5.49779  3.14159  0  4.18927e-21  6.12484e-20
-3.92699  3.14159  0  7.66656e-20  1.09453e-19
-2.35619  3.14159  0  3.83921e-20  3.43341e-19
-0.785398  3.14159  0  -3.711e-19  1.56876e-18
0.785398  3.14159  0  -8.056e-19  1.21348e-18
2.35619  3.14159  0  -2.1504e-19  2.19791e-19
3.92699  3.14159  0  -1.49082e-19  1.29728e-20
5.49779  3.14159  0  -5.83476e-20  3.95594e-20
7.06858  3.14159  0  5.15233e-20  -7.09388e-21
8.63938  3.14159  0  -2.83131e-20  5.47128e-21
10.2102  3.14159  0  8.4334e-21  -3.74971e-20
16.4934  3.14159  0  -1.69809e-21  8.96033e-21
33.7721  3.14159  0  8.15977e-22  1.63773e-21
62.0465  3.14159  0  -1.01051e-22  4.33152e-22
-35.3429  3.14159  3.14159  -6.63353e-24  6.0602e-23
-22.7765  3.14159  3.14159  -2.86711e-23  -6.54371e-23
-16.4934  3.14159  3.14159  -1.68337e-22  -3.04379e-23
-10.2102  3.14159  3.14159  7.60656e-22  1.35365e-22
-8.63938  3.14159  3.14159  -3.02659e-22  5.31251e-22
-7.06858  3.14159  3.14159  5.61774e-22  -1.05165e-21
-5.49779  3.14159  3.14159  -1.11328e-21  6.01239e-22
-3.92699  3.14159  3.14159  -1.39626e-21  2.3692e-21
-2.35619  3.14159  3.14159  -6.10847e-21  3.64503e-21
-0.785398  3.14159  3.14159  -3.25561e-20  6.45126e-21
0.785398  3.14159  3.14159  -2.96111e-20  -4.72235e-21
2.35619  3.14159  3.14159  -5.95069e-21  -2.15755e-21
3.92699  3.14159  3.14159  -1.51173e-21  -2.68517e-21
5.49779  3.14159  3.14159  -1.2378e-21  -7.57962e-22
7.06858  3.14159  3.14159  5.70842e-22  9.05978e-22
8.63938  3.14159  3.14159  -3.41285e-22  -4.8534e-22
10.2102  3.14159  3.14159  7.742e-22  -1.64324e-22
16.4934  3.14159  3.14159  -1.82156e-22  4.573e-23
33.7721  3.14159  3.14159  -2.3636e-23  2.9939e-23
62.0465  3.14159  3.14159  -8.78538e-24  1.59007e-24
