-35.3429  0  0  -2.58844e-20  2.92407e-20
-22.7765  0  0  9.38531e-21  -4.49493e-20
-16.4934  0  0  -7.72767e-20  -7.82628e-20
-10.2102  0  0  3.48632e-19  3.5235e-19
-8.63938  0  0  -3.54357e-19  1.66497e-19
-7.06858  0  0  6.81167e-19  -3.4274e-19
-5.49779  0  0  -8.04695e-19  -9.54687e-20
-3.92699  0  0  -1.60481e-18  7.26644e-19
-2.35619  0  0  -4.54135e-18  -3.44302e-19
-0.785398  0  0  -1.94151e-17  -8.64624e-18
0.785398  0  0  -1.37545e-17  -1.3407e-17
2.35619  0  0  -2.31977e-18  -3.32576e-18
3.92699  0  0  1.97861e-19  -1.96396e-18
5.49779  0  0  -3.70003e-19  -8.52967e-19
7.06858  0  0  -3.47422e-20  6.85797e-19
8.63938  0  0  -7.33305e-22  -3.80654e-19
10.2102  0  0  4.65167e-19  2.0033e-19
16.4934  0  0  -1.11851e-19  -4.35362e-20
33.7721  0  0  -2.31804e-20  6.81353e-21
62.0465  0  0  -5.31526e-21  -2.45231e-21
-35.3429  0  3.14159  1.04868e-18  6.27047e-19
-22.7765  0  3.14159  -1.4403e-18  -2.84437e-20
-16.4934  0  3.14159  -1.94213e-18  2.82484e-18
-10.2102  0  3.14159  8.77801e-18  -1.27361e-17
-8.63938  0  3.14159  7.15581e-18  9.92187e-18
-7.06858  0  3.14159  -1.44304e-17  -1.89182e-17
-5.49779  0  3.14159  1.72335e-18  2.52106e-17
-3.92699  0  3.14159  3.15604e-17  4.50515e-17
-2.35619  0  3.14159  1.58021e-17  1.41325e-16
-0.785398  0  3.14159  -1.52764e-16  6.45707e-16
0.785398  0  3.14159  -3.31608e-16  4.99472e-16
2.35619  0  3.14159  -8.85186e-17  9.04644e-17
3.92699  0  3.14159  -6.13675e-17  5.34021e-18
5.49779  0  3.14159  -2.40164e-17  1.62836e-17
7.06858  0  3.14159  2.12105e-17  -2.91895e-18
8.63938  0  3.14159  -1.16542e-17  2.25219e-18
10.2102  0  3.14159  3.4715e-18  -1.54331e-17
16.4934  0  3.14159  -6.99905e-19  3.68826e-18
33.7721  0  3.14159  3.35664e-19  6.74168e-19
62.0465  0  3.14159  -4.1702e-20  1.78442e-19
-35.3429  3.14159  0  1.04868e-18  6.27047e-19
-22.7765  3.14159  0  -1.4403e-18  -2.84437e-20
-16.4934  3.14159  0  -1.94213e-18  2.82484e-18
-10.2102  3.14159  0  8.77801e-18  -1.27361e-17
-8.63938  3.14159  0  7.15581e-18  9.92187e-18
-7.06858  3.14159  0  -1.44304e-17  -1.89182e-17
-5.49779  3.14159  0  1.72335e-18  2.52106e-17
-3.92699  3.14159  0  3.15604e-17  4.50515e-17
-2.35619  3.14159  0  1.58021e-17  1.41325e-16
-0.785398  3.14159  0  -1.52764e-16  6.45707e-16
0.785398  3.14159  0  -3.31608e-16  4.99472e-16
2.35619  3.14159  0  -8.85186e-17  9.04644e-17
3.92699  3.14159  0  -6.13675e-17  5.34021e-18
5.49779  3.14159  0  -2.40164e-17  1.62836e-17
7.06858  3.14159  0  2.12105e-17  -2.91895e-18
8.63938  3.14159  0  -1.16542e-17  2.25219e-18
10.2102  3.14159  0  3.4715e-18  -1.54331e-17
16.4934  3.14159  0  -6.99905e-19  3.68826e-18
33.7721  3.14159  0  3.35664e-19  6.74168e-19
62.0465  3.14159  0  -4.1702e-20  1.78442e-19
-35.3429  3.14159  3.14159  -2.72745e-21  2.49347e-20
-22.7765  3.14159  3.14159  -1.18015e-20  -2.6958e-20
-16.4934  3.14159  3.14159  -6.92827e-20  -1.25536e-20
-10.2102  3.14159  3.14159  3.13103e-19  5.56657e-20
-8.63938  3.14159  3.14159  -1.24537e-19  2.18632e-19
-7.06858  3.14159  3.14159  2.31258e-19  -4.32901e-19
-5.49779  3.14159  3.14159  -4.58159e-19  2.4753e-19
-3.92699  3.14159  3.14159  -5.74607e-19  9.74995e-19
-2.35619  3.14159  3.14159  -2.5142e-18  1.50016e-18
-0.785398  3.14159  3.14159  -1.33999e-17  2.65537e-18
0.785398  3.14159  3.14159  -1.21878e-17  -1.94363e-18
2.35619  3.14159  3.14159  -2.44929e-18  -8.87896e-19
3.92699  3.14159  3.14159  -6.22179e-19  -1.10499e-18
5.49779  3.14159  3.14159  -5.09467e-19  -3.1198e-19
7.06858  3.14159  3.14159  2.34944e-19  3.7297e-19
8.63938  3.14159  3.14159  -1.40482e-19  -1.99712e-19
10.2102  3.14159  3.14159  3.18637e-19  -6.75685e-20
16.4934  3.14159  3.14159  -7.49862e-20  1.8854e-20
33.7721  3.14159  3.14159  -9.73172e-21  1.23304e-20
62.0465  3.14159  3.14159  -3.61702e-21  6.50852e-22
