-35.3429  0  0  1.95934e-19  -8.59433e-20
-22.7765  0  0  1.69346e-19  -5.141e-19
-16.4934  0  0  -2.73357e-19  4.61498e-19
-10.2102  0  0  6.28931e-19  -1.79875e-18
-8.63938  0  0  -1.65389e-18  1.12489e-18
-7.06858  0  0  -2.10334e-19  1.95492e-18
-5.49779  0  0  5.54542e-20  1.50568e-18
-3.92699  0  0  2.39308e-18  -1.86065e-18
-2.35619  0  0  5.20565e-19  -7.87535e-19
-0.785398  0  0  3.52856e-18  3.89118e-18
0.785398  0  0  5.19976e-18  1.65547e-18
2.35619  0  0  -4.62424e-19  1.13402e-18
3.92699  0  0  -3.35865e-19  2.36761e-18
5.49779  0  0  1.68297e-18  -1.10544e-18
7.06858  0  0  1.15618e-18  -1.02982e-18
8.63938  0  0  4.34068e-19  -2.07561e-18
10.2102  0  0  -1.09138e-18  1.63239e-18
16.4934  0  0  6.07531e-19  -3.57329e-19
33.7721  0  0  1.92976e-19  -4.36621e-19
62.0465  0  0  1.32003e-20  -7.18165e-20
-35.3429  0  3.14159  -9.03859e-19  -4.24694e-18
-22.7765  0  3.14159  -1.11864e-17  -2.89012e-18
-16.4934  0  3.14159  3.1644e-18  2.90931e-18
-10.2102  0  3.14159  -4.60894e-17  -9.36556e-18
-8.63938  0  3.14159  2.52437e-17  3.14316e-17
-7.06858  0  3.14159  4.89368e-17  5.7863e-18
-5.49779  0  3.14159  3.25166e-17  -1.37311e-17
-3.92699  0  3.14159  -3.75617e-17  -5.8174e-17
-2.35619  0  3.14159  -2.16986e-17  -4.82169e-18
-0.785398  0  3.14159  7.02415e-17  -7.90289e-17
0.785398  0  3.14159  3.47708e-17  -1.091e-16
2.35619  0  3.14159  2.84754e-17  1.38347e-17
3.92699  0  3.14159  4.5622e-17  -8.28053e-18
5.49779  0  3.14159  -2.59911e-17  -4.47395e-17
7.06858  0  3.14159  -3.03923e-17  -1.91451e-17
8.63938  0  3.14159  -4.39681e-17  -8.53399e-18
10.2102  0  3.14159  4.32008e-17  2.29032e-17
16.4934  0  3.14159  -1.27983e-18  -1.36193e-17
33.7721  0  3.14159  -1.35237e-17  -3.88773e-18
62.0465  0  3.14159  -1.18369e-18  -1.66976e-20
-35.3429  3.14159  0  -9.03859e-19  -4.24694e-18
-22.7765  3.14159  0  -1.11864e-17  -2.89012e-18
-16.4934  3.14159  0  3.1644e-18  2.90931e-18
-10.2102  3.14159  0  -4.60894e-17  -9.36556e-18
-8.63938  3.14159  0  2.52437e-17  3.14316e-17
-7.06858  3.14159  0  4.89368e-17  5.7863e-18
-5.49779  3.14159  0  3.25166e-17  -1.37311e-17
-3.92699  3.14159  0  -3.75617e-17  -5.8174e-17
-2.35619  3.14159  0  -2.16986e-17  -4.82169e-18
-0.785398  3.14159  0  7.02415e-17  -7.90289e-17
0.785398  3.14159  0  3.47708e-17  -1.091e-16
2.35619  3.14159  0  2.84754e-17  1.38347e-17
3.92699  3.14159  0  4.5622e-17  -8.28053e-18
5.49779  3.14159  0  -2.59911e-17  -4.47395e-17
7.06858  3.14159  0  -3.03923e-17  -1.91451e-17
8.63938  3.14159  0  -4.39681e-17  -8.53399e-18
10.2102  3.14159  0  4.32008e-17  2.29032e-17
16.4934  3.14159  0  -1.27983e-18  -1.36193e-17
33.7721  3.14159  0  -1.35237e-17  -3.88773e-18
62.0465  3.14159  0  -1.18369e-18  -1.66976e-20
-35.3429  3.14159  3.14159  9.88215e-20  -1.80477e-19
-22.7765  3.14159  3.14159  -1.47479e-19  -3.92313e-19
-16.4934  3.14159  3.14159  -1.57509e-19  5.29754e-19
-10.2102  3.14159  3.14159  -6.13818e-19  -1.19886e-18
-8.63938  3.14159  3.14159  -5.36268e-19  1.46447e-18
-7.06858  3.14159  3.14159  1.07934e-18  1.21143e-18
-5.49779  3.14159  3.14159  5.23892e-19  6.38098e-19
-3.92699  3.14159  3.14159  4.37284e-19  -2.63583e-18
-2.35619  3.14159  3.14159  -3.51864e-20  -5.15485e-19
-0.785398  3.14159  3.14159  3.89431e-18  8.51629e-19
0.785398  3.14159  3.14159  4.21894e-18  -1.58529e-18
2.35619  3.14159  3.14159  4.94678e-19  9.54741e-19
3.92699  3.14159  3.14159  5.29005e-19  1.44673e-18
5.49779  3.14159  3.14159  2.26389e-19  -1.72393e-18
7.06858  3.14159  3.14159  1.44044e-19  -9.36244e-19
8.63938  3.14159  3.14159  -7.85705e-19  -1.53997e-18
10.2102  3.14159  3.14159  3.37367e-19  1.40042e-18
16.4934  3.14159  3.14159  3.309e-19  -7.10768e-19
33.7721  3.14159  3.14159  -1.94802e-19  -2.72376e-19
62.0465  3.14159  3.14159  -1.41448e-20  -5.31099e-20
