-35.3429  0  0  -2.70741e-22  -7.54994e-22
-22.7765  0  0  -1.31631e-21  -2.60729e-21
-16.4934  0  0  -6.39914e-21  -5.86614e-21
-10.2102  0  0  7.29022e-21  6.54174e-21
-8.63938  0  0  -9.56217e-21  -8.09786e-21
-7.06858  0  0  -5.81427e-21  9.94959e-21
-5.49779  0  0  6.7265e-22  3.32819e-20
-3.92699  0  0  8.55089e-20  1.47726e-19
-2.35619  0  0  1.76674e-19  -1.18382e-19
-0.785398  0  0  -1.88238e-18  3.06848e-19
0.785398  0  0  1.22759e-18  -1.42472e-18
2.35619  0  0  -1.8024e-19  8.88674e-20
3.92699  0  0  7.80873e-20  1.51889e-19
5.49779  0  0  3.1696e-20  1.84989e-20
7.06858  0  0  9.02713e-21  1.77585e-21
8.63938  0  0  -2.39445e-21  -1.09327e-20
10.2102  0  0  3.48126e-21  8.48594e-21
16.4934  0  0  -1.10217e-21  -8.50345e-21
33.7721  0  0  2.56552e-22  4.7093e-22
62.0465  0  0  -5.00962e-23  -6.61821e-23
-35.3429  0  3.14159  -1.8996e-20  1.05819e-19
-22.7765  0  3.14159  -1.93432e-20  3.89354e-19
-16.4934  0  3.14159  3.55932e-19  1.10593e-18
-10.2102  0  3.14159  -4.17418e-19  -1.23815e-18
-8.63938  0  3.14159  5.81349e-19  1.57224e-18
-7.06858  0  3.14159  1.33621e-18  -7.75938e-19
-5.49779  0  3.14159  2.13075e-18  -3.90474e-18
-3.92699  0  3.14159  -1.16296e-19  -2.28284e-17
-2.35619  0  3.14159  -2.83556e-17  2.08927e-18
-0.785398  0  3.14159  2.38821e-16  8.88292e-17
0.785398  0  3.14159  -2.36686e-16  8.41173e-17
2.35619  0  3.14159  2.67587e-17  1.60571e-18
3.92699  0  3.14159  1.02016e-18  -2.27802e-17
5.49779  0  3.14159  -2.4558e-18  -4.23698e-18
7.06858  0  3.14159  -9.28619e-19  -8.04517e-19
8.63938  0  3.14159  -4.41248e-19  1.42251e-18
10.2102  0  3.14159  1.53613e-19  -1.21208e-18
16.4934  0  3.14159  -4.34046e-19  1.05945e-18
33.7721  0  3.14159  9.92559e-22  -7.1741e-20
62.0465  0  3.14159  1.43533e-21  1.09296e-20
-35.3429  3.14159  0  -1.8996e-20  1.05819e-19
-22.7765  3.14159  0  -1.93432e-20  3.89354e-19
-16.4934  3.14159  0  3.55932e-19  1.10593e-18
-10.2102  3.14159  0  -4.17418e-19  -1.23815e-18
-8.63938  3.14159  0  5.81349e-19  1.57224e-18
-7.06858  3.14159  0  1.33621e-18  -7.75938e-19
-5.49779  3.14159  0  2.13075e-18  -3.90474e-18
-3.92699  3.14159  0  -1.16296e-19  -2.28284e-17
-2.35619  3.14159  0  -2.83556e-17  2.08927e-18
-0.785398  3.14159  0  2.38821e-16  8.88292e-17
0.785398  3.14159  0  -2.36686e-16  8.41173e-17
2.35619  3.14159  0  2.67587e-17  1.60571e-18
3.92699  3.14159  0  1.02016e-18  -2.27802e-17
5.49779  3.14159  0  -2.4558e-18  -4.23698e-18
7.06858  3.14159  0  -9.28619e-19  -8.04517e-19
8.63938  3.14159  0  -4.41248e-19  1.42251e-18
10.2102  3.14159  0  1.53613e-19  -1.21208e-18
16.4934  3.14159  0  -4.34046e-19  1.05945e-18
33.7721  3.14159  0  9.92559e-22  -7.1741e-20
62.0465  3.14159  0  1.43533e-21  1.09296e-20
-35.3429  3.14159  3.14159  1.71413e-22  1.85998e-22
-22.7765  3.14159  3.14159  6.81767e-22  5.69395e-22
-16.4934  3.14159  3.14159  2.51902e-21  8.62644e-22
-10.2102  3.14159  3.14159  -2.80176e-21  -9.05011e-22
-8.63938  3.14159  3.14159  3.65252e-21  1.04449e-21
-7.06858  3.14159  3.14159  3.97704e-22  -3.56431e-21
-5.49779  3.14159  3.14159  -4.1727e-21  -9.25129e-21
-3.92699  3.14159  3.14159  -4.23737e-20  -3.12304e-20
-2.35619  3.14159  3.14159  -3.49386e-20  5.49744e-20
-0.785398  3.14159  3.14159  4.9167e-19  -3.15495e-19
0.785398  3.14159  3.14159  -1.73203e-19  5.48728e-19
2.35619  3.14159  3.14159  3.99038e-20  -4.6305e-20
3.92699  3.14159  3.14159  -4.06778e-20  -3.36372e-20
5.49779  3.14159  3.14159  -1.12339e-20  -1.33007e-21
7.06858  3.14159  3.14159  -2.77983e-21  5.13283e-22
8.63938  3.14159  3.14159  1.90593e-21  2.75616e-21
10.2102  3.14159  3.14159  -1.96914e-21  -1.91249e-21
16.4934  3.14159  3.14159  1.3286e-21  2.26655e-21
33.7721  3.14159  3.14159  -1.27577e-22  -9.84646e-23
62.0465  3.14159  3.14159  2.1913e-23  1.25626e-23
