-35.3429  0  0  -2.02724e-05  0.00126229
-22.7765  0  0  -5.1244e-05  0.00193657
-16.4934  0  0  -9.90205e-05  0.00262337
-10.2102  0  0  -0.000234433  0.00396745
-8.63938  0  0  -0.000302259  0.00450349
-7.06858  0  0  -0.000396755  0.00515215
-5.49779  0  0  -0.000531103  0.00588322
-3.92699  0  0  -0.000723338  0.00647063
-2.35619  0  0  -0.00097844  0.00603617
-0.785398  0  0  -0.0012095  0.00276672
0.785398  0  0  -0.0012095  -0.00276672
2.35619  0  0  -0.000978443  -0.00603617
3.92699  0  0  -0.000723341  -0.00647063
5.49779  0  0  -0.000531106  -0.00588322
7.06858  0  0  -0.000396758  -0.00515215
8.63938  0  0  -0.000302259  -0.00450349
10.2102  0  0  -0.000234433  -0.00396745
16.4934  0  0  -9.9026e-05  -0.00262337
33.7721  0  0  -2.23201e-05  -0.00132005
62.0465  0  0  -6.28143e-06  -0.000722501
-35.3429  0  3.14159  1.46414e-09  0.00127294
-22.7765  0  3.14159  1.95436e-09  0.0019755
-16.4934  0  3.14159  1.72846e-09  0.00272042
-10.2102  0  3.14159  7.70523e-10  0.00430641
-8.63938  0  3.14159  8.14814e-10  0.00501498
-7.06858  0  3.14159  1.06409e-09  0.00598749
-5.49779  0  3.14159  1.35641e-09  0.00742885
-3.92699  0  3.14159  1.673e-09  0.00990227
-2.35619  0  3.14159  2.29443e-09  0.0156169
-0.785398  0  3.14159  5.82607e-09  0.0450222
0.785398  0  3.14159  -5.95519e-09  -0.0450222
2.35619  0  3.14159  -2.3898e-09  -0.0156169
3.92699  0  3.14159  -1.84969e-09  -0.00990227
5.49779  0  3.14159  -1.67022e-09  -0.00742885
7.06858  0  3.14159  -1.58458e-09  -0.00598749
8.63938  0  3.14159  -1.51622e-09  -0.00501498
10.2102  0  3.14159  -1.39634e-09  -0.00430641
16.4934  0  3.14159  -8.13358e-10  -0.00272042
33.7721  0  3.14159  -6.37988e-10  -0.00133224
62.0465  0  3.14159  -4.87307e-10  -0.00072447
-35.3429  3.14159  0  1.46414e-09  0.00127294
-22.7765  3.14159  0  1.95436e-09  0.0019755
-16.4934  3.14159  0  1.72846e-09  0.00272042
-10.2102  3.14159  0  7.70523e-10  0.00430641
-8.63938  3.14159  0  8.14814e-10  0.00501498
-7.06858  3.14159  0  1.06409e-09  0.00598749
-5.49779  3.14159  0  1.35641e-09  0.00742885
-3.92699  3.14159  0  1.673e-09  0.00990227
-2.35619  3.14159  0  2.29443e-09  0.0156169
-0.785398  3.14159  0  5.82607e-09  0.0450222
0.785398  3.14159  0  -5.95519e-09  -0.0450222
2.35619  3.14159  0  -2.3898e-09  -0.0156169
3.92699  3.14159  0  -1.84969e-09  -0.00990227
5.49779  3.14159  0  -1.67022e-09  -0.00742885
7.06858  3.14159  0  -1.58458e-09  -0.00598749
8.63938  3.14159  0  -1.51622e-09  -0.00501498
10.2102  3.14159  0  -1.39634e-09  -0.00430641
16.4934  3.14159  0  -8.13358e-10  -0.00272042
33.7721  3.14159  0  -6.37988e-10  -0.00133224
62.0465  3.14159  0  -4.87307e-10  -0.00072447
-35.3429  3.14159  3.14159  2.02818e-05  0.00126229
-22.7765  3.14159  3.14159  5.12564e-05  0.00193657
-16.4934  3.14159  3.14159  9.90312e-05  0.00262337
-10.2102  3.14159  3.14159  0.00023443  0.00396745
-8.63938  3.14159  3.14159  0.000302255  0.00450349
-7.06858  3.14159  3.14159  0.000396758  0.00515215
-5.49779  3.14159  3.14159  0.000531106  0.00588322
-3.92699  3.14159  3.14159  0.000723341  0.00647063
-2.35619  3.14159  3.14159  0.000978443  0.00603617
-0.785398  3.14159  3.14159  0.0012095  0.00276672
0.785398  3.14159  3.14159  0.0012095  -0.00276672
2.35619  3.14159  3.14159  0.00097844  -0.00603617
3.92699  3.14159  3.14159  0.000723338  -0.00647063
5.49779  3.14159  3.14159  0.000531103  -0.00588322
7.06858  3.14159  3.14159  0.000396755  -0.00515215
8.63938  3.14159  3.14159  0.000302254  -0.00450349
10.2102  3.14159  3.14159  0.000234429  -0.00396745
16.4934  3.14159  3.14159  9.90258e-05  -0.00262337
33.7721  3.14159  3.14159  2.23179e-05  -0.00132005
62.0465  3.14159  3.14159  6.27902e-06  -0.000722501
