-35.3429  0  0  1.01243e-10  -6.04426e-11
-22.7765  0  0  -5.41259e-10  4.57302e-10
-16.4934  0  0  -2.91974e-10  2.60797e-10
-10.2102  0  0  -7.77395e-10  5.31357e-10
-8.63938  0  0  -1.86599e-12  1.51401e-10
-7.06858  0  0  -1.29023e-10  3.42354e-10
-5.49779  0  0  -3.1471e-10  1.98791e-10
-3.92699  0  0  -4.337e-10  1.86089e-10
-2.35619  0  0  2.34e-09  -1.80228e-09
-0.785398  0  0  -3.95519e-10  -2.62833e-09
0.785398  0  0  -2.13498e-09  -8.16208e-10
2.35619  0  0  -2.05016e-09  2.00255e-09
3.92699  0  0  3.68613e-10  -3.71179e-10
5.49779  0  0  2.1605e-10  -4.39662e-10
7.06858  0  0  4.10743e-10  -1.01984e-10
8.63938  0  0  1.3201e-10  -9.42032e-12
10.2102  0  0  7.78781e-10  -5.41296e-10
16.4934  0  0  3.08741e-10  -2.34587e-10
33.7721  0  0  -1.10271e-10  5.94265e-11
62.0465  0  0  6.7847e-12  9.24027e-13
-35.3429  0  3.14159  -2.00569e-09  -3.18714e-09
-22.7765  0  3.14159  1.48177e-08  1.71719e-08
-16.4934  0  3.14159  8.44524e-09  9.24389e-09
-10.2102  0  3.14159  1.7524e-08  2.44736e-08
-8.63938  0  3.14159  4.79188e-09  7.84692e-11
-7.06858  0  3.14159  1.10749e-08  4.11201e-09
-5.49779  0  3.14159  6.31624e-09  1.037e-08
-3.92699  0  3.14159  6.32434e-09  1.38301e-08
-2.35619  0  3.14159  -5.81191e-08  -7.43911e-08
-0.785398  0  3.14159  -8.3319e-08  1.33137e-08
0.785398  0  3.14159  -2.55292e-08  6.93455e-08
2.35619  0  3.14159  6.47213e-08  6.53592e-08
3.92699  0  3.14159  -1.19959e-08  -1.14491e-08
5.49779  0  3.14159  -1.3792e-08  -6.92568e-09
7.06858  0  3.14159  -3.30607e-09  -1.30442e-08
8.63938  0  3.14159  -2.85332e-10  -4.29179e-09
10.2102  0  3.14159  -1.78268e-08  -2.4498e-08
16.4934  0  3.14159  -7.62611e-09  -9.80388e-09
33.7721  0  3.14159  1.98922e-09  3.46254e-09
62.0465  0  3.14159  2.55821e-12  -1.88661e-10
-35.3429  3.14159  0  -2.00569e-09  -3.18714e-09
-22.7765  3.14159  0  1.48177e-08  1.71719e-08
-16.4934  3.14159  0  8.44524e-09  9.24389e-09
-10.2102  3.14159  0  1.7524e-08  2.44736e-08
-8.63938  3.14159  0  4.79188e-09  7.84692e-11
-7.06858  3.14159  0  1.10749e-08  4.11201e-09
-5.49779  3.14159  0  6.31624e-09  1.037e-08
-3.92699  3.14159  0  6.32434e-09  1.38301e-08
-2.35619  3.14159  0  -5.81191e-08  -7.43911e-08
-0.785398  3.14159  0  -8.3319e-08  1.33137e-08
0.785398  3.14159  0  -2.55292e-08  6.93455e-08
2.35619  3.14159  0  6.47213e-08  6.53592e-08
3.92699  3.14159  0  -1.19959e-08  -1.14491e-08
5.49779  3.14159  0  -1.3792e-08  -6.92568e-09
7.06858  3.14159  0  -3.30607e-09  -1.30442e-08
8.63938  3.14159  0  -2.85332e-10  -4.29179e-09
10.2102  3.14159  0  -1.78268e-08  -2.4498e-08
16.4934  3.14159  0  -7.62611e-09  -9.80388e-09
33.7721  3.14159  0  1.98922e-09  3.46254e-09
62.0465  3.14159  0  2.55821e-12  -1.88661e-10
-35.3429  3.14159  3.14159  1.75362e-11  -9.83488e-11
-22.7765  3.14159  3.14159  -9.99283e-12  5.93242e-10
-16.4934  3.14159  3.14159  4.14855e-12  3.26214e-10
-10.2102  3.14159  3.14159  -9.08807e-11  7.88249e-10
-8.63938  3.14159  3.14159  9.05985e-11  8.27271e-11
-7.06858  3.14159  3.14159  1.38574e-10  2.71997e-10
-5.49779  3.14159  3.14159  -5.86396e-11  3.06683e-10
-3.92699  3.14159  3.14159  -1.21334e-10  3.84447e-10
-2.35619  3.14159  3.14159  1.54408e-10  -2.4627e-09
-0.785398  3.14159  3.14159  -1.89358e-09  -1.1935e-09
0.785398  3.14159  3.14159  -1.71973e-09  8.80995e-10
2.35619  3.14159  3.14159  1.26357e-10  2.3954e-09
3.92699  3.14159  3.14159  -3.06252e-11  -4.39626e-10
5.49779  3.14159  3.14159  -1.57912e-10  -3.77069e-10
7.06858  3.14159  3.14159  1.58487e-10  -3.17565e-10
8.63938  3.14159  3.14159  6.52243e-11  -8.89877e-11
10.2102  3.14159  3.14159  8.38637e-11  -7.94905e-10
16.4934  3.14159  3.14159  2.1373e-11  -3.22796e-10
33.7721  3.14159  3.14159  -2.26433e-11  1.03509e-10
62.0465  3.14159  3.14159  4.17568e-12  -4.73359e-12
