-35.3429  0  0  -1.07064e-05  0.000552067
-22.7765  0  0  -2.52365e-05  0.000843397
-16.4934  0  0  -4.70335e-05  0.00113517
-10.2102  0  0  -0.000113665  0.00169272
-8.63938  0  0  -0.000150257  0.0019058
-7.06858  0  0  -0.00020914  0.00215422
-5.49779  0  0  -0.000294154  0.00241481
-3.92699  0  0  -0.000433553  0.00258747
-2.35619  0  0  -0.000626633  0.00235147
-0.785398  0  0  -0.000811179  0.00106146
0.785398  0  0  -0.00080952  -0.00106051
2.35619  0  0  -0.000625749  -0.00235236
3.92699  0  0  -0.000433059  -0.00258696
5.49779  0  0  -0.000295163  -0.00241477
7.06858  0  0  -0.00021019  -0.00215335
8.63938  0  0  -0.000151085  -0.0019061
10.2102  0  0  -0.000114601  -0.00169282
16.4934  0  0  -4.75408e-05  -0.00113528
33.7721  0  0  -1.17143e-05  -0.000576809
62.0465  0  0  -3.46882e-06  -0.000317092
-35.3429  0  3.14159  -2.33921e-08  0.000558377
-22.7765  0  3.14159  -5.25904e-08  0.000866233
-16.4934  0  3.14159  -7.46585e-08  0.00119548
-10.2102  0  3.14159  2.68084e-08  0.00192724
-8.63938  0  3.14159  -3.98239e-07  0.00227013
-7.06858  0  3.14159  3.45024e-07  0.00277022
-5.49779  0  3.14159  2.77321e-07  0.00354044
-3.92699  0  3.14159  -7.12991e-07  0.00490665
-2.35619  0  3.14159  2.13932e-06  0.00811678
-0.785398  0  3.14159  3.89873e-06  0.0241443
0.785398  0  3.14159  -3.85983e-06  -0.0241444
2.35619  0  3.14159  -2.12165e-06  -0.0081169
3.92699  0  3.14159  7.17568e-07  -0.00490681
5.49779  0  3.14159  -2.77381e-07  -0.00354043
7.06858  0  3.14159  -3.36415e-07  -0.00277039
8.63938  0  3.14159  3.95703e-07  -0.0022701
10.2102  0  3.14159  -2.61049e-08  -0.00192726
16.4934  0  3.14159  7.49108e-08  -0.00119547
33.7721  0  3.14159  -1.00523e-07  -0.000585071
62.0465  0  3.14159  -1.07636e-07  -0.000318935
-35.3429  3.14159  0  -2.33921e-08  0.000558377
-22.7765  3.14159  0  -5.25904e-08  0.000866233
-16.4934  3.14159  0  -7.46585e-08  0.00119548
-10.2102  3.14159  0  2.68084e-08  0.00192724
-8.63938  3.14159  0  -3.98239e-07  0.00227013
-7.06858  3.14159  0  3.45024e-07  0.00277022
-5.49779  3.14159  0  2.77321e-07  0.00354044
-3.92699  3.14159  0  -7.12991e-07  0.00490665
-2.35619  3.14159  0  2.13932e-06  0.00811678
-0.785398  3.14159  0  3.89873e-06  0.0241443
0.785398  3.14159  0  -3.85983e-06  -0.0241444
2.35619  3.14159  0  -2.12165e-06  -0.0081169
3.92699  3.14159  0  7.17568e-07  -0.00490681
5.49779  3.14159  0  -2.77381e-07  -0.00354043
7.06858  3.14159  0  -3.36415e-07  -0.00277039
8.63938  3.14159  0  3.95703e-07  -0.0022701
10.2102  3.14159  0  -2.61049e-08  -0.00192726
16.4934  3.14159  0  7.49108e-08  -0.00119547
33.7721  3.14159  0  -1.00523e-07  -0.000585071
62.0465  3.14159  0  -1.07636e-07  -0.000318935
-35.3429  3.14159  3.14159  1.07522e-05  0.00055208
-22.7765  3.14159  3.14159  2.5447e-05  0.000843104
-16.4934  3.14159  3.14159  4.7446e-05  0.00113492
-10.2102  3.14159  3.14159  0.000113969  0.00169256
-8.63938  3.14159  3.14159  0.000151905  0.00190607
-7.06858  3.14159  3.14159  0.000205053  0.00215311
-5.49779  3.14159  3.14159  0.000294709  0.00241371
-3.92699  3.14159  3.14159  0.000429855  0.00258864
-2.35619  3.14159  3.14159  0.000623002  0.00235345
-0.785398  3.14159  3.14159  0.000805635  0.00106072
0.785398  3.14159  3.14159  0.00080775  -0.00106065
2.35619  3.14159  3.14159  0.000622809  -0.00235166
3.92699  3.14159  3.14159  0.000428592  -0.00258782
5.49779  3.14159  3.14159  0.000295295  -0.00241394
7.06858  3.14159  3.14159  0.000205506  -0.00215267
8.63938  3.14159  3.14159  0.000151045  -0.001906
10.2102  3.14159  3.14159  0.000113431  -0.00169236
16.4934  3.14159  3.14159  4.74972e-05  -0.00113487
33.7721  3.14159  3.14159  1.18847e-05  -0.000576585
62.0465  3.14159  3.14159  3.51951e-06  -0.000317106
