-35.3429  0  0  -1.27714e-15  2.03398e-15
-22.7765  0  0  1.11965e-14  -8.7942e-15
-16.4934  0  0  -3.28579e-14  7.6735e-15
-10.2102  0  0  2.87999e-14  1.92406e-14
-8.63938  0  0  1.14063e-14  -4.15969e-14
-7.06858  0  0  2.48592e-14  -3.24329e-14
-5.49779  0  0  -7.27859e-14  -1.40213e-15
-3.92699  0  0  7.77108e-15  -3.74953e-14
-2.35619  0  0  -1.13707e-13  -5.43719e-13
-0.785398  0  0  -9.39893e-14  -9.96462e-14
0.785398  0  0  9.93504e-14  1.38057e-13
2.35619  0  0  5.27374e-13  1.92586e-13
3.92699  0  0  4.45665e-14  -1.58516e-14
5.49779  0  0  -1.18762e-14  6.16177e-14
7.06858  0  0  3.35615e-14  -2.53803e-14
8.63938  0  0  4.38683e-14  -1.08143e-14
10.2102  0  0  -1.40881e-14  -2.37082e-14
16.4934  0  0  -1.30574e-14  2.87348e-14
33.7721  0  0  -5.08683e-15  4.07042e-15
62.0465  0  0  -1.68562e-15  1.54179e-15
-35.3429  0  3.14159  -9.84327e-14  -2.55841e-13
-22.7765  0  3.14159  3.39763e-14  1.62473e-12
-16.4934  0  3.14159  1.53431e-12  -3.52536e-12
-10.2102  0  3.14159  -3.7702e-12  1.33593e-12
-8.63938  0  3.14159  3.01038e-12  3.89989e-12
-7.06858  0  3.14159  1.34661e-12  4.4695e-12
-5.49779  0  3.14159  5.08132e-12  -6.61716e-12
-3.92699  0  3.14159  2.89104e-12  3.26819e-12
-2.35619  0  3.14159  5.7538e-11  2.63664e-11
-0.785398  0  3.14159  1.53633e-11  -1.77748e-12
0.785398  0  3.14159  -1.94422e-11  -3.98837e-13
2.35619  0  3.14159  -5.33507e-11  3.52004e-11
3.92699  0  3.14159  -1.64625e-12  5.27575e-12
5.49779  0  3.14159  -4.77167e-12  -5.24087e-12
7.06858  0  3.14159  7.95596e-14  4.76681e-12
8.63938  0  3.14159  -2.02643e-12  4.80416e-12
10.2102  0  3.14159  3.10517e-12  3.16217e-13
16.4934  0  3.14159  -1.74948e-12  -3.14144e-12
33.7721  0  3.14159  -2.65747e-14  -7.44223e-13
62.0465  0  3.14159  -2.69082e-14  -2.59834e-13
-35.3429  3.14159  0  -9.84327e-14  -2.55841e-13
-22.7765  3.14159  0  3.39763e-14  1.62473e-12
-16.4934  3.14159  0  1.53431e-12  -3.52536e-12
-10.2102  3.14159  0  -3.7702e-12  1.33593e-12
-8.63938  3.14159  0  3.01038e-12  3.89989e-12
-7.06858  3.14159  0  1.34661e-12  4.4695e-12
-5.49779  3.14159  0  5.08132e-12  -6.61716e-12
-3.92699  3.14159  0  2.89104e-12  3.26819e-12
-2.35619  3.14159  0  5.7538e-11  2.63664e-11
-0.785398  3.14159  0  1.53633e-11  -1.77748e-12
0.785398  3.14159  0  -1.94422e-11  -3.98837e-13
2.35619  3.14159  0  -5.33507e-11  3.52004e-11
3.92699  3.14159  0  -1.64625e-12  5.27575e-12
5.49779  3.14159  0  -4.77167e-12  -5.24087e-12
7.06858  3.14159  0  7.95596e-14  4.76681e-12
8.63938  3.14159  0  -2.02643e-12  4.80416e-12
10.2102  3.14159  0  3.10517e-12  3.16217e-13
16.4934  3.14159  0  -1.74948e-12  -3.14144e-12
33.7721  3.14159  0  -2.65747e-14  -7.44223e-13
62.0465  3.14159  0  -2.69082e-14  -2.59834e-13
-35.3429  3.14159  3.14159  1.75698e-15  -1.59253e-15
-22.7765  3.14159  3.14159  -1.30093e-14  5.35956e-15
-16.4934  3.14159  3.14159  3.33721e-14  1.46736e-15
-10.2102  3.14159  3.14159  -2.21788e-14  -2.61888e-14
-8.63938  3.14159  3.14159  -2.19753e-14  3.65037e-14
-7.06858  3.14159  3.14159  -3.24021e-14  2.42917e-14
-5.49779  3.14159  3.14159  6.90429e-14  2.08581e-14
-3.92699  3.14159  3.14159  -1.71426e-14  3.36204e-14
-2.35619  3.14159  3.14159  -3.69674e-14  5.48223e-13
-0.785398  3.14159  3.14159  6.22846e-14  1.18895e-13
0.785398  3.14159  3.14159  -5.64056e-14  -1.58071e-13
2.35619  3.14159  3.14159  -4.50757e-13  -3.2471e-13
3.92699  3.14159  3.14159  -4.68348e-14  2.85841e-15
5.49779  3.14159  3.14159  2.77189e-14  -5.55493e-14
7.06858  3.14159  3.14159  -3.87535e-14  1.52756e-14
8.63938  3.14159  3.14159  -4.46372e-14  -1.50809e-15
10.2102  3.14159  3.14159  7.18417e-15  2.61844e-14
16.4934  3.14159  3.14159  2.01281e-14  -2.39023e-14
33.7721  3.14159  3.14159  5.93275e-15  -2.51485e-15
62.0465  3.14159  3.14159  2.0196e-15  -1.0201e-15
