-29.531  0  0  -0.00397253  0.213491
-14.4513  0  0  -0.0179717  0.431002
-8.16814  0  0  -0.0552362  0.728489
-5.65487  0  0  -0.100031  0.977716
-4.39823  0  0  -0.139184  1.15697
-3.14159  0  0  -0.197496  1.36855
-1.88496  0  0  -0.28271  1.5043
-0.628319  0  0  -0.385069  0.999161
0.628319  0  0  -0.38507  -0.999161
1.88496  0  0  -0.28271  -1.5043
3.14159  0  0  -0.197497  -1.36855
4.39823  0  0  -0.139185  -1.15697
5.65487  0  0  -0.100032  -0.977716
8.16814  0  0  -0.055237  -0.728487
10.6814  0  0  -0.0333167  -0.5733
14.4513  0  0  -0.0179712  -0.431004
33.3009  0  0  -0.00309277  -0.189434
-29.531  0  3.14159  0  0.214248
-14.4513  0  3.14159  0  0.437252
-8.16814  0  3.14159  0  0.756917
-5.65487  0  3.14159  0  1.04415
-4.39823  0  3.14159  0  1.27363
-3.14159  0  3.14159  0  1.62106
-1.88496  0  3.14159  0  2.27288
-0.628319  0  3.14159  0  5.62278
0.628319  0  3.14159  0  -5.62278
1.88496  0  3.14159  0  -2.27288
3.14159  0  3.14159  0  -1.62106
4.39823  0  3.14159  0  -1.27363
5.65487  0  3.14159  0  -1.04415
8.16814  0  3.14159  0  -0.756912
10.6814  0  3.14159  0  -0.587689
14.4513  0  3.14159  0  -0.437258
33.3009  0  3.14159  0  -0.189964
-29.531  3.14159  0  0  0.214248
-14.4513  3.14159  0  0  0.437252
-8.16814  3.14159  0  0  0.756917
-5.65487  3.14159  0  0  1.04415
-4.39823  3.14159  0  0  1.27363
-3.14159  3.14159  0  0  1.62106
-1.88496  3.14159  0  0  2.27288
-0.628319  3.14159  0  0  5.62278
0.628319  3.14159  0  0  -5.62278
1.88496  3.14159  0  0  -2.27288
3.14159  3.14159  0  0  -1.62106
4.39823  3.14159  0  0  -1.27363
5.65487  3.14159  0  0  -1.04415
8.16814  3.14159  0  0  -0.756912
10.6814  3.14159  0  0  -0.587689
14.4513  3.14159  0  0  -0.437258
33.3009  3.14159  0  0  -0.189964
-29.531  3.14159  3.14159  0.00382115  0.213499
-14.4513  3.14159  3.14159  0.0173862  0.431077
-8.16814  3.14159  3.14159  0.0538005  0.72884
-5.65487  3.14159  3.14159  0.0979263  0.978464
-4.39823  3.14159  3.14159  0.136845  1.15809
-3.14159  3.14159  3.14159  0.19567  1.37023
-1.88496  3.14159  3.14159  0.284363  1.50674
-0.628319  3.14159  3.14159  0.401573  1.00205
0.628319  3.14159  3.14159  0.401573  -1.00205
1.88496  3.14159  3.14159  0.284362  -1.50674
3.14159  3.14159  3.14159  0.19567  -1.37023
4.39823  3.14159  3.14159  0.136845  -1.15809
5.65487  3.14159  3.14159  0.0979259  -0.978463
8.16814  3.14159  3.14159  0.0538  -0.728838
10.6814  3.14159  3.14159  0.0323434  -0.573478
14.4513  3.14159  3.14159  0.0173863  -0.431079
33.3009  3.14159  3.14159  0.00297227  -0.189439
