-29.531  0  0  0.000113762  -0.00529812
-14.4513  0  0  0.00168186  -0.0380672
-8.16814  0  0  0.00992232  -0.151089
-5.65487  0  0  0.024485  -0.32009
-4.39823  0  0  0.0413425  -0.495232
-3.14159  0  0  0.0764346  -0.790005
-1.88496  0  0  0.162553  -1.18852
-0.628319  0  0  0.360228  -1.01414
0.628319  0  0  0.360232  1.01414
1.88496  0  0  0.162554  1.18852
3.14159  0  0  0.076436  0.790006
4.39823  0  0  0.0413435  0.495233
5.65487  0  0  0.0244861  0.320091
8.16814  0  0  0.00992326  0.151091
10.6814  0  0  0.00454961  0.0813116
14.4513  0  0  0.00168259  0.0380672
33.3009  0  0  7.02104e-05  0.00374468
-29.531  0  3.14159  0  -0.00528559
-14.4513  0  3.14159  0  -0.0377474
-8.16814  0  3.14159  0  -0.147466
-5.65487  0  3.14159  0  -0.306553
-4.39823  0  3.14159  0  -0.470577
-3.14159  0  3.14159  0  -0.772695
-1.88496  0  3.14159  0  -1.44425
-0.628319  0  3.14159  0  -8.09838
0.628319  0  3.14159  0  8.09836
1.88496  0  3.14159  0  1.44425
3.14159  0  3.14159  0  0.772704
4.39823  0  3.14159  0  0.470575
5.65487  0  3.14159  0  0.306552
8.16814  0  3.14159  0  0.147471
10.6814  0  3.14159  0  0.0801241
14.4513  0  3.14159  0  0.037747
33.3009  0  3.14159  0  0.00373752
-29.531  3.14159  0  0  -0.00528559
-14.4513  3.14159  0  0  -0.0377474
-8.16814  3.14159  0  0  -0.147466
-5.65487  3.14159  0  0  -0.306553
-4.39823  3.14159  0  0  -0.470577
-3.14159  3.14159  0  0  -0.772695
-1.88496  3.14159  0  0  -1.44425
-0.628319  3.14159  0  0  -8.09838
0.628319  3.14159  0  0  8.09836
1.88496  3.14159  0  0  1.44425
3.14159  3.14159  0  0  0.772704
4.39823  3.14159  0  0  0.470575
5.65487  3.14159  0  0  0.306552
8.16814  3.14159  0  0  0.147471
10.6814  3.14159  0  0  0.0801241
14.4513  3.14159  0  0  0.037747
33.3009  3.14159  0  0  0.00373752
-29.531  3.14159  3.14159  -0.000114944  -0.00529838
-14.4513  3.14159  3.14159  -0.00155567  -0.0380779
-8.16814  3.14159  3.14159  -0.00906879  -0.151154
-5.65487  3.14159  3.14159  -0.0222331  -0.320172
-4.39823  3.14159  3.14159  -0.0373838  -0.495245
-3.14159  3.14159  3.14159  -0.069303  -0.78977
-1.88496  3.14159  3.14159  -0.151917  -1.18768
-0.628319  3.14159  3.14159  -0.36772  -1.01202
0.628319  3.14159  3.14159  -0.367715  1.01202
1.88496  3.14159  3.14159  -0.151916  1.18768
3.14159  3.14159  3.14159  -0.0693017  0.789771
4.39823  3.14159  3.14159  -0.037383  0.495246
5.65487  3.14159  3.14159  -0.0222324  0.320173
8.16814  3.14159  3.14159  -0.00906797  0.151156
10.6814  3.14159  3.14159  -0.00417334  0.0813443
14.4513  3.14159  3.14159  -0.00155483  0.038078
33.3009  3.14159  3.14159  -7.30446e-05  0.00374479
