-29.531  0  0  -0.0138093  0.227099
-14.4513  0  0  -0.0475065  0.431043
-8.16814  0  0  -0.100793  0.655153
-5.65487  0  0  -0.140059  0.799818
-4.39823  0  0  -0.163694  0.880794
-3.14159  0  0  -0.187792  0.944473
-1.88496  0  0  -0.208239  0.908397
-0.628319  0  0  -0.218476  0.512809
0.628319  0  0  -0.218476  -0.51281
1.88496  0  0  -0.208239  -0.908398
3.14159  0  0  -0.187792  -0.944474
4.39823  0  0  -0.163694  -0.880795
5.65487  0  0  -0.140059  -0.799819
8.16814  0  0  -0.100792  -0.655154
10.6814  0  0  -0.0732309  -0.545773
14.4513  0  0  -0.0475056  -0.431052
33.3009  0  0  -0.0110264  -0.20253
-29.531  0  3.14159  0  0.227036
-14.4513  0  3.14159  0  0.429324
-8.16814  0  3.14159  0  0.642263
-5.65487  0  3.14159  0  0.769276
-4.39823  0  3.14159  0  0.839311
-3.14159  0  3.14159  0  0.912688
-1.88496  0  3.14159  0  1.01196
-0.628319  0  3.14159  0  1.89297
0.628319  0  3.14159  0  -1.89297
1.88496  0  3.14159  0  -1.01196
3.14159  0  3.14159  0  -0.912689
4.39823  0  3.14159  0  -0.839312
5.65487  0  3.14159  0  -0.769277
8.16814  0  3.14159  0  -0.642264
10.6814  0  3.14159  0  -0.540326
14.4513  0  3.14159  0  -0.429334
33.3009  0  3.14159  0  -0.202496
-29.531  3.14159  0  0  0.227036
-14.4513  3.14159  0  0  0.429324
-8.16814  3.14159  0  0  0.642263
-5.65487  3.14159  0  0  0.769276
-4.39823  3.14159  0  0  0.839311
-3.14159  3.14159  0  0  0.912688
-1.88496  3.14159  0  0  1.01196
-0.628319  3.14159  0  0  1.89297
0.628319  3.14159  0  0  -1.89297
1.88496  3.14159  0  0  -1.01196
3.14159  3.14159  0  0  -0.912689
4.39823  3.14159  0  0  -0.839312
5.65487  3.14159  0  0  -0.769277
8.16814  3.14159  0  0  -0.642264
10.6814  3.14159  0  0  -0.540326
14.4513  3.14159  0  0  -0.429334
33.3009  3.14159  0  0  -0.202496
-29.531  3.14159  3.14159  0.0137046  0.227125
-14.4513  3.14159  3.14159  0.0471786  0.431193
-8.16814  3.14159  3.14159  0.100233  0.655547
-5.65487  3.14159  3.14159  0.139456  0.800362
-4.39823  3.14159  3.14159  0.163191  0.881387
-3.14159  3.14159  3.14159  0.187705  0.945049
-1.88496  3.14159  3.14159  0.20954  0.90884
-0.628319  3.14159  3.14159  0.224692  0.512979
0.628319  3.14159  3.14159  0.224692  -0.51298
1.88496  3.14159  3.14159  0.20954  -0.908841
3.14159  3.14159  3.14159  0.187705  -0.94505
4.39823  3.14159  3.14159  0.163191  -0.881388
5.65487  3.14159  3.14159  0.139456  -0.800363
8.16814  3.14159  3.14159  0.100233  -0.655549
10.6814  3.14159  3.14159  0.0727749  -0.546041
14.4513  3.14159  3.14159  0.0471795  -0.431202
33.3009  3.14159  3.14159  0.0109338  -0.202548
