-29.531  0  0  -0.0143401  0.737092
-14.4513  0  0  -0.0580511  1.42878
-8.16814  0  0  -0.154634  2.20441
-5.65487  0  0  -0.254626  2.66423
-4.39823  0  0  -0.350629  2.84699
-3.14159  0  0  -0.470275  2.83303
-1.88496  0  0  -0.642649  2.28631
-0.628319  0  0  -0.743687  0.953431
0.628319  0  0  -0.755203  -0.950092
1.88496  0  0  -0.642297  -2.28172
3.14159  0  0  -0.473038  -2.83412
4.39823  0  0  -0.352158  -2.848
5.65487  0  0  -0.252984  -2.66477
8.16814  0  0  -0.153414  -2.20401
10.6814  0  0  -0.0975792  -1.8287
14.4513  0  0  -0.0571553  -1.42861
33.3009  0  0  -0.0112817  -0.658514
-29.531  0  3.14159  0  0.746619
-14.4513  0  3.14159  0  1.5341
-8.16814  0  3.14159  0  2.71538
-5.65487  0  3.14159  0  3.8738
-4.39823  0  3.14159  0  4.9739
-3.14159  0  3.14159  0  6.93307
-1.88496  0  3.14159  0  11.5584
-0.628319  0  3.14159  0  34.3542
0.628319  0  3.14159  0  -34.3542
1.88496  0  3.14159  0  -11.5584
3.14159  0  3.14159  0  -6.93308
4.39823  0  3.14159  0  -4.9739
5.65487  0  3.14159  0  -3.87381
8.16814  0  3.14159  0  -2.71538
10.6814  0  3.14159  0  -2.07088
14.4513  0  3.14159  0  -1.5341
33.3009  0  3.14159  0  -0.667792
-29.531  3.14159  0  0  0.746619
-14.4513  3.14159  0  0  1.5341
-8.16814  3.14159  0  0  2.71538
-5.65487  3.14159  0  0  3.8738
-4.39823  3.14159  0  0  4.9739
-3.14159  3.14159  0  0  6.93307
-1.88496  3.14159  0  0  11.5584
-0.628319  3.14159  0  0  34.3542
0.628319  3.14159  0  0  -34.3542
1.88496  3.14159  0  0  -11.5584
3.14159  3.14159  0  0  -6.93308
4.39823  3.14159  0  0  -4.9739
5.65487  3.14159  0  0  -3.87381
8.16814  3.14159  0  0  -2.71538
10.6814  3.14159  0  0  -2.07088
14.4513  3.14159  0  0  -1.5341
33.3009  3.14159  0  0  -0.667792
-29.531  3.14159  3.14159  0.0139219  0.737095
-14.4513  3.14159  3.14159  0.0541646  1.42876
-8.16814  3.14159  3.14159  0.150753  2.20448
-5.65487  3.14159  3.14159  0.269672  2.6644
-4.39823  3.14159  3.14159  0.358808  2.84685
-3.14159  3.14159  3.14159  0.495568  2.83292
-1.88496  3.14159  3.14159  0.631021  2.28649
-0.628319  3.14159  3.14159  0.772614  0.953346
0.628319  3.14159  3.14159  0.760398  -0.949802
1.88496  3.14159  3.14159  0.631397  -2.28163
3.14159  3.14159  3.14159  0.492639  -2.83407
4.39823  3.14159  3.14159  0.357184  -2.84793
5.65487  3.14159  3.14159  0.271423  -2.66498
8.16814  3.14159  3.14159  0.152047  -2.20405
10.6814  3.14159  3.14159  0.0967555  -1.82881
14.4513  3.14159  3.14159  0.0551175  -1.42857
33.3009  3.14159  3.14159  0.0109874  -0.658502
