-29.531  0  0  0.000113605  -0.00524292
-14.4513  0  0  0.00164216  -0.0376208
-8.16814  0  0  0.0096744  -0.148937
-5.65487  0  0  0.0238723  -0.314731
-4.39823  0  0  0.0403121  -0.485944
-3.14159  0  0  0.0746295  -0.772964
-1.88496  0  0  0.159523  -1.15925
-0.628319  0  0  0.359453  -0.989256
0.628319  0  0  0.359456  0.989255
1.88496  0  0  0.159525  1.15925
3.14159  0  0  0.0746319  0.772965
4.39823  0  0  0.0403141  0.485945
5.65487  0  0  0.0238739  0.314733
8.16814  0  0  0.00967572  0.148939
10.6814  0  0  0.00443694  0.0802667
14.4513  0  0  0.0016432  0.0376207
33.3009  0  0  7.08471e-05  0.00370604
-29.531  0  3.14159  0  -0.00523094
-14.4513  0  3.14159  0  -0.0373164
-8.16814  0  3.14159  0  -0.145517
-5.65487  0  3.14159  0  -0.301997
-4.39823  0  3.14159  0  -0.463117
-3.14159  0  3.14159  0  -0.759911
-1.88496  0  3.14159  0  -1.42793
-0.628319  0  3.14159  0  -7.74183
0.628319  0  3.14159  0  7.74182
1.88496  0  3.14159  0  1.42793
3.14159  0  3.14159  0  0.759919
4.39823  0  3.14159  0  0.463115
5.65487  0  3.14159  0  0.301997
8.16814  0  3.14159  0  0.145523
10.6814  0  3.14159  0  0.0791432
14.4513  0  3.14159  0  0.0373159
33.3009  0  3.14159  0  0.0036992
-29.531  3.14159  0  0  -0.00523094
-14.4513  3.14159  0  0  -0.0373164
-8.16814  3.14159  0  0  -0.145517
-5.65487  3.14159  0  0  -0.301997
-4.39823  3.14159  0  0  -0.463117
-3.14159  3.14159  0  0  -0.759911
-1.88496  3.14159  0  0  -1.42793
-0.628319  3.14159  0  0  -7.74183
0.628319  3.14159  0  0  7.74182
1.88496  3.14159  0  0  1.42793
3.14159  3.14159  0  0  0.759919
4.39823  3.14159  0  0  0.463115
5.65487  3.14159  0  0  0.301997
8.16814  3.14159  0  0  0.145523
10.6814  3.14159  0  0  0.0791432
14.4513  3.14159  0  0  0.0373159
33.3009  3.14159  0  0  0.0036992
-29.531  3.14159  3.14159  -0.000114517  -0.00524303
-14.4513  3.14159  3.14159  -0.00158907  -0.0376254
-8.16814  3.14159  3.14159  -0.00930798  -0.148966
-5.65487  3.14159  3.14159  -0.0229071  -0.314768
-4.39823  3.14159  3.14159  -0.0386207  -0.485952
-3.14159  3.14159  3.14159  -0.0715928  -0.772865
-1.88496  3.14159  3.14159  -0.154994  -1.15889
-0.628319  3.14159  3.14159  -0.362777  -0.988378
0.628319  3.14159  3.14159  -0.362774  0.988378
1.88496  3.14159  3.14159  -0.154992  1.15889
3.14159  3.14159  3.14159  -0.0715905  0.772866
4.39823  3.14159  3.14159  -0.0386191  0.485953
5.65487  3.14159  3.14159  -0.0229058  0.314769
8.16814  3.14159  3.14159  -0.00930677  0.148968
10.6814  3.14159  3.14159  -0.00427434  0.080281
14.4513  3.14159  3.14159  -0.00158788  0.0376254
33.3009  3.14159  3.14159  -7.20347e-05  0.00370609
