-29.531  0  0  0.000176999  -0.00734879
-14.4513  0  0  0.00184918  -0.0503605
-8.16814  0  0  0.00698226  -0.187382
-5.65487  0  0  0.0145016  -0.362475
-4.39823  0  0  0.0237914  -0.502231
-3.14159  0  0  0.0430309  -0.646296
-1.88496  0  0  0.07841  -0.655562
-0.628319  0  0  0.117425  -0.303263
0.628319  0  0  0.117417  0.303267
1.88496  0  0  0.0784111  0.655563
3.14159  0  0  0.043032  0.646295
4.39823  0  0  0.0237927  0.502232
5.65487  0  0  0.0145033  0.362475
8.16814  0  0  0.0069828  0.187381
10.6814  0  0  0.00394704  0.104498
14.4513  0  0  0.00185026  0.0503604
33.3009  0  0  0.000113534  0.00522027
-29.531  0  3.14159  0  -0.00721855
-14.4513  0  3.14159  0  -0.0469111
-8.16814  0  3.14159  0  -0.157078
-5.65487  0  3.14159  0  -0.290383
-4.39823  0  3.14159  0  -0.419157
-3.14159  0  3.14159  0  -0.668569
-1.88496  0  3.14159  0  -1.43406
-0.628319  0  3.14159  0  -14.9836
0.628319  0  3.14159  0  14.9836
1.88496  0  3.14159  0  1.43406
3.14159  0  3.14159  0  0.668569
4.39823  0  3.14159  0  0.419157
5.65487  0  3.14159  0  0.290383
8.16814  0  3.14159  0  0.157078
10.6814  0  3.14159  0  0.0925848
14.4513  0  3.14159  0  0.0469111
33.3009  0  3.14159  0  0.00514693
-29.531  3.14159  0  0  -0.00721855
-14.4513  3.14159  0  0  -0.0469111
-8.16814  3.14159  0  0  -0.157078
-5.65487  3.14159  0  0  -0.290383
-4.39823  3.14159  0  0  -0.419157
-3.14159  3.14159  0  0  -0.668569
-1.88496  3.14159  0  0  -1.43406
-0.628319  3.14159  0  0  -14.9836
0.628319  3.14159  0  0  14.9836
1.88496  3.14159  0  0  1.43406
3.14159  3.14159  0  0  0.668569
4.39823  3.14159  0  0  0.419157
5.65487  3.14159  0  0  0.290383
8.16814  3.14159  0  0  0.157078
10.6814  3.14159  0  0  0.0925848
14.4513  3.14159  0  0  0.0469111
33.3009  3.14159  0  0  0.00514693
-29.531  3.14159  3.14159  -0.000177394  -0.00734878
-14.4513  3.14159  3.14159  -0.00185025  -0.0503604
-8.16814  3.14159  3.14159  -0.00698244  -0.187382
-5.65487  3.14159  3.14159  -0.014503  -0.362475
-4.39823  3.14159  3.14159  -0.0237907  -0.502231
-3.14159  3.14159  3.14159  -0.0430302  -0.646295
-1.88496  3.14159  3.14159  -0.0784171  -0.655561
-0.628319  3.14159  3.14159  -0.117427  -0.303263
0.628319  3.14159  3.14159  -0.117434  0.303267
1.88496  3.14159  3.14159  -0.078416  0.655563
3.14159  3.14159  3.14159  -0.0430292  0.646295
4.39823  3.14159  3.14159  -0.0237895  0.502232
5.65487  3.14159  3.14159  -0.0145013  0.362475
8.16814  3.14159  3.14159  -0.00698201  0.187381
10.6814  3.14159  3.14159  -0.00394556  0.104498
14.4513  3.14159  3.14159  -0.00184908  0.0503604
33.3009  3.14159  3.14159  -0.000113094  0.00522028
