-29.531  0  0  -0.0102276  0.446355
-14.4513  0  0  -0.0415832  0.89235
-8.16814  0  0  -0.122165  1.49081
-5.65487  0  0  -0.229522  1.98576
-4.39823  0  0  -0.336594  2.33779
-3.14159  0  0  -0.520456  2.74912
-1.88496  0  0  -0.836477  3.01797
-0.628319  0  0  -1.2789  2.04701
0.628319  0  0  -1.27834  -2.0471
1.88496  0  0  -0.836637  -3.01782
3.14159  0  0  -0.520474  -2.74895
4.39823  0  0  -0.3369  -2.33774
5.65487  0  0  -0.229717  -1.98575
8.16814  0  0  -0.122193  -1.49082
10.6814  0  0  -0.0744601  -1.17982
14.4513  0  0  -0.041693  -0.892363
33.3009  0  0  -0.00805189  -0.396432
-29.531  0  3.14159  0  0.449053
-14.4513  0  3.14159  0  0.914407
-8.16814  0  3.14159  0  1.6011
-5.65487  0  3.14159  0  2.27454
-4.39823  0  3.14159  0  2.86671
-3.14159  0  3.14159  0  3.85789
-1.88496  0  3.14159  0  5.90557
-0.628319  0  3.14159  0  16.1564
0.628319  0  3.14159  0  -16.1595
1.88496  0  3.14159  0  -5.90938
3.14159  0  3.14159  0  -3.85724
4.39823  0  3.14159  0  -2.86588
5.65487  0  3.14159  0  -2.2741
8.16814  0  3.14159  0  -1.60143
10.6814  0  3.14159  0  -1.2322
14.4513  0  3.14159  0  -0.914542
33.3009  0  3.14159  0  -0.398166
-29.531  3.14159  0  0  0.449053
-14.4513  3.14159  0  0  0.914407
-8.16814  3.14159  0  0  1.6011
-5.65487  3.14159  0  0  2.27454
-4.39823  3.14159  0  0  2.86671
-3.14159  3.14159  0  0  3.85789
-1.88496  3.14159  0  0  5.90557
-0.628319  3.14159  0  0  16.1564
0.628319  3.14159  0  0  -16.1595
1.88496  3.14159  0  0  -5.90938
3.14159  3.14159  0  0  -3.85724
4.39823  3.14159  0  0  -2.86588
5.65487  3.14159  0  0  -2.2741
8.16814  3.14159  0  0  -1.60143
10.6814  3.14159  0  0  -1.2322
14.4513  3.14159  0  0  -0.914542
33.3009  3.14159  0  0  -0.398166
-29.531  3.14159  3.14159  0.00978099  0.446373
-14.4513  3.14159  3.14159  0.0401959  0.89251
-8.16814  3.14159  3.14159  0.118354  1.49159
-5.65487  3.14159  3.14159  0.223738  1.98768
-4.39823  3.14159  3.14159  0.32992  2.34097
-3.14159  3.14159  3.14159  0.514435  2.75468
-1.88496  3.14159  3.14159  0.840186  3.02754
-0.628319  3.14159  3.14159  1.32495  2.06008
0.628319  3.14159  3.14159  1.32558  -2.0602
1.88496  3.14159  3.14159  0.840026  -3.02743
3.14159  3.14159  3.14159  0.514433  -2.7545
4.39823  3.14159  3.14159  0.329623  -2.34091
5.65487  3.14159  3.14159  0.223534  -1.98766
8.16814  3.14159  3.14159  0.118318  -1.4916
10.6814  3.14159  3.14159  0.071725  -1.18021
14.4513  3.14159  3.14159  0.0400784  -0.892524
33.3009  3.14159  3.14159  0.00771159  -0.396445
