-29.531  0  0  0.000455385  -0.440284
-14.4513  0  0  0.000492091  -0.833612
-8.16814  0  0  0.00029513  -1.25479
-5.65487  0  0  0.00505625  -1.49816
-4.39823  0  0  0.0144209  -1.60133
-3.14159  0  0  0.0369479  -1.61394
-1.88496  0  0  0.0859082  -1.38039
-0.628319  0  0  0.163511  -0.677979
0.628319  0  0  0.163511  0.677979
1.88496  0  0  0.0859091  1.38039
3.14159  0  0  0.0369488  1.61395
4.39823  0  0  0.0144216  1.60133
5.65487  0  0  0.00505725  1.49816
8.16814  0  0  0.00029732  1.25479
10.6814  0  0  0.000107609  1.05215
14.4513  0  0  0.000491851  0.833612
33.3009  0  0  0.000387609  0.392711
-29.531  0  3.14159  0  -0.442246
-14.4513  0  3.14159  0  -0.851485
-8.16814  0  3.14159  0  -1.35844
-5.65487  0  3.14159  0  -1.79228
-4.39823  0  3.14159  0  -2.15332
-3.14159  0  3.14159  0  -2.73776
-1.88496  0  3.14159  0  -3.93498
-0.628319  0  3.14159  0  -3.69025
0.628319  0  3.14159  0  3.69025
1.88496  0  3.14159  0  3.93498
3.14159  0  3.14159  0  2.73776
4.39823  0  3.14159  0  2.15333
5.65487  0  3.14159  0  1.79228
8.16814  0  3.14159  0  1.35844
10.6814  0  3.14159  0  1.09794
14.4513  0  3.14159  0  0.851485
33.3009  0  3.14159  0  0.39407
-29.531  3.14159  0  0  -0.442246
-14.4513  3.14159  0  0  -0.851485
-8.16814  3.14159  0  0  -1.35844
-5.65487  3.14159  0  0  -1.79228
-4.39823  3.14159  0  0  -2.15332
-3.14159  3.14159  0  0  -2.73776
-1.88496  3.14159  0  0  -3.93498
-0.628319  3.14159  0  0  -3.69025
0.628319  3.14159  0  0  3.69025
1.88496  3.14159  0  0  3.93498
3.14159  3.14159  0  0  2.73776
4.39823  3.14159  0  0  2.15333
5.65487  3.14159  0  0  1.79228
8.16814  3.14159  0  0  1.35844
10.6814  3.14159  0  0  1.09794
14.4513  3.14159  0  0  0.851485
33.3009  3.14159  0  0  0.39407
-29.531  3.14159  3.14159  -0.000684855  -0.440275
-14.4513  3.14159  3.14159  -0.00140057  -0.833544
-8.16814  3.14159  3.14159  -0.00254823  -1.25452
-5.65487  3.14159  3.14159  -0.00824627  -1.49764
-4.39823  3.14159  3.14159  -0.0176661  -1.60055
-3.14159  3.14159  3.14159  -0.0384454  -1.61276
-1.88496  3.14159  3.14159  -0.0796348  -1.37859
-0.628319  3.14159  3.14159  -0.14458  -0.67555
0.628319  3.14159  3.14159  -0.14458  0.67555
1.88496  3.14159  3.14159  -0.0796339  1.37859
3.14159  3.14159  3.14159  -0.0384445  1.61276
4.39823  3.14159  3.14159  -0.0176653  1.60055
5.65487  3.14159  3.14159  -0.00824522  1.49764
8.16814  3.14159  3.14159  -0.00254628  1.25452
10.6814  3.14159  3.14159  -0.00163097  1.052
14.4513  3.14159  3.14159  -0.00140089  0.833544
33.3009  3.14159  3.14159  -0.000571024  0.392705
