-29.531  0  0  2.7229e-05  -0.511213
-14.4513  0  0  -0.00118917  -0.972816
-8.16814  0  0  -0.00399929  -1.47672
-5.65487  0  0  -0.00127599  -1.77546
-4.39823  0  0  0.00780846  -1.90642
-3.14159  0  0  0.0339072  -1.92794
-1.88496  0  0  0.0987462  -1.64192
-0.628319  0  0  0.204327  -0.788828
0.628319  0  0  0.205214  0.787417
1.88496  0  0  0.0985893  1.64186
3.14159  0  0  0.0336917  1.92778
4.39823  0  0  0.00796938  1.90637
5.65487  0  0  -0.00130385  1.77565
8.16814  0  0  -0.00399286  1.47671
10.6814  0  0  -0.00275564  1.2327
14.4513  0  0  -0.00117568  0.972795
33.3009  0  0  5.75456e-05  0.455777
-29.531  0  3.14159  0  -0.513572
-14.4513  0  3.14159  0  -0.994286
-8.16814  0  3.14159  0  -1.60061
-5.65487  0  3.14159  0  -2.12886
-4.39823  0  3.14159  0  -2.57429
-3.14159  0  3.14159  0  -3.30895
-1.88496  0  3.14159  0  -4.92383
-0.628319  0  3.14159  0  -4.41612
0.628319  0  3.14159  0  4.41618
1.88496  0  3.14159  0  4.92366
3.14159  0  3.14159  0  3.30899
4.39823  0  3.14159  0  2.57426
5.65487  0  3.14159  0  2.12877
8.16814  0  3.14159  0  1.60064
10.6814  0  3.14159  0  1.28754
14.4513  0  3.14159  0  0.994282
33.3009  0  3.14159  0  0.457406
-29.531  3.14159  0  0  -0.513572
-14.4513  3.14159  0  0  -0.994286
-8.16814  3.14159  0  0  -1.60061
-5.65487  3.14159  0  0  -2.12886
-4.39823  3.14159  0  0  -2.57429
-3.14159  3.14159  0  0  -3.30895
-1.88496  3.14159  0  0  -4.92383
-0.628319  3.14159  0  0  -4.41612
0.628319  3.14159  0  0  4.41618
1.88496  3.14159  0  0  4.92366
3.14159  3.14159  0  0  3.30899
4.39823  3.14159  0  0  2.57426
5.65487  3.14159  0  0  2.12877
8.16814  3.14159  0  0  1.60064
10.6814  3.14159  0  0  1.28754
14.4513  3.14159  0  0  0.994282
33.3009  3.14159  0  0  0.457406
-29.531  3.14159  3.14159  -0.00112776  -0.51118
-14.4513  3.14159  3.14159  -0.00306637  -0.972568
-8.16814  3.14159  3.14159  -0.00649481  -1.47576
-5.65487  3.14159  3.14159  -0.0137487  -1.77354
-4.39823  3.14159  3.14159  -0.0232146  -1.90357
-3.14159  3.14159  3.14159  -0.040864  -1.92353
-1.88496  3.14159  3.14159  -0.0693337  -1.63507
-0.628319  3.14159  3.14159  -0.115143  -0.78138
0.628319  3.14159  3.14159  -0.114261  0.779973
1.88496  3.14159  3.14159  -0.0694901  1.63502
3.14159  3.14159  3.14159  -0.0410793  1.92337
4.39823  3.14159  3.14159  -0.0230537  1.90352
5.65487  3.14159  3.14159  -0.013777  1.77373
8.16814  3.14159  3.14159  -0.00648519  1.47575
10.6814  3.14159  3.14159  -0.00436689  1.23217
14.4513  3.14159  3.14159  -0.00305495  0.972548
33.3009  3.14159  3.14159  -0.000916308  0.455754
