-29.531  0  0  0.00045678  -0.434428
-14.4513  0  0  0.000500682  -0.822128
-8.16814  0  0  0.000331285  -1.23652
-5.65487  0  0  0.00512319  -1.4754
-4.39823  0  0  0.0145008  -1.57639
-3.14159  0  0  0.0370108  -1.58842
-1.88496  0  0  0.0858076  -1.35931
-0.628319  0  0  0.162942  -0.669193
0.628319  0  0  0.162942  0.669193
1.88496  0  0  0.0858081  1.35931
3.14159  0  0  0.0370113  1.58842
4.39823  0  0  0.0145012  1.57639
5.65487  0  0  0.0051239  1.4754
8.16814  0  0  0.00033318  1.23652
10.6814  0  0  0.000126633  1.03726
14.4513  0  0  0.000500341  0.822128
33.3009  0  0  0.000388572  0.387503
-29.531  0  3.14159  0  -0.436355
-14.4513  0  3.14159  0  -0.839698
-8.16814  0  3.14159  0  -1.33845
-5.65487  0  3.14159  0  -1.76453
-4.39823  0  3.14159  0  -2.11866
-3.14159  0  3.14159  0  -2.691
-1.88496  0  3.14159  0  -3.85545
-0.628319  0  3.14159  0  -3.63022
0.628319  0  3.14159  0  3.63022
1.88496  0  3.14159  0  3.85545
3.14159  0  3.14159  0  2.691
4.39823  0  3.14159  0  2.11866
5.65487  0  3.14159  0  1.76453
8.16814  0  3.14159  0  1.33845
10.6814  0  3.14159  0  1.08229
14.4513  0  3.14159  0  0.839698
33.3009  0  3.14159  0  0.388838
-29.531  3.14159  0  0  -0.436355
-14.4513  3.14159  0  0  -0.839698
-8.16814  3.14159  0  0  -1.33845
-5.65487  3.14159  0  0  -1.76453
-4.39823  3.14159  0  0  -2.11866
-3.14159  3.14159  0  0  -2.691
-1.88496  3.14159  0  0  -3.85545
-0.628319  3.14159  0  0  -3.63022
0.628319  3.14159  0  0  3.63022
1.88496  3.14159  0  0  3.85545
3.14159  3.14159  0  0  2.691
4.39823  3.14159  0  0  2.11866
5.65487  3.14159  0  0  1.76453
8.16814  3.14159  0  0  1.33845
10.6814  3.14159  0  0  1.08229
14.4513  3.14159  0  0  0.839698
33.3009  3.14159  0  0  0.388838
-29.531  3.14159  3.14159  -0.000682686  -0.434419
-14.4513  3.14159  3.14159  -0.00139573  -0.822062
-8.16814  3.14159  3.14159  -0.0025488  -1.23626
-5.65487  3.14159  3.14159  -0.0082589  -1.4749
-4.39823  3.14159  3.14159  -0.0176847  -1.57564
-3.14159  3.14159  3.14159  -0.0384452  -1.58727
-1.88496  3.14159  3.14159  -0.0795535  -1.35756
-0.628319  3.14159  3.14159  -0.144359  -0.667019
0.628319  3.14159  3.14159  -0.144359  0.667019
1.88496  3.14159  3.14159  -0.079553  1.35756
3.14159  3.14159  3.14159  -0.0384447  1.58727
4.39823  3.14159  3.14159  -0.0176842  1.57564
5.65487  3.14159  3.14159  -0.00825813  1.4749
8.16814  3.14159  3.14159  -0.00254717  1.23626
10.6814  3.14159  3.14159  -0.00162725  1.03712
14.4513  3.14159  3.14159  -0.00139611  0.822062
33.3009  3.14159  3.14159  -0.000569316  0.387497
