-29.531  0  0  -0.00397757  0.215877
-14.4513  0  0  -0.0179866  0.435755
-8.16814  0  0  -0.0552604  0.7364
-5.65487  0  0  -0.100059  0.988295
-4.39823  0  0  -0.139219  1.16953
-3.14159  0  0  -0.197553  1.38367
-1.88496  0  0  -0.282936  1.52155
-0.628319  0  0  -0.385506  1.01051
0.628319  0  0  -0.385506  -1.01051
1.88496  0  0  -0.282936  -1.52155
3.14159  0  0  -0.197553  -1.38367
4.39823  0  0  -0.139219  -1.16953
5.65487  0  0  -0.100059  -0.988295
8.16814  0  0  -0.0552606  -0.7364
10.6814  0  0  -0.0333374  -0.579568
14.4513  0  0  -0.0179864  -0.435756
33.3009  0  0  -0.00309626  -0.191552
-29.531  0  3.14159  0  0.21665
-14.4513  0  3.14159  0  0.442143
-8.16814  0  3.14159  0  0.765491
-5.65487  0  3.14159  0  1.05644
-4.39823  0  3.14159  0  1.28919
-3.14159  0  3.14159  0  1.64231
-1.88496  0  3.14159  0  2.30322
-0.628319  0  3.14159  0  5.76989
0.628319  0  3.14159  0  -5.76989
1.88496  0  3.14159  0  -2.30322
3.14159  0  3.14159  0  -1.64231
4.39823  0  3.14159  0  -1.28919
5.65487  0  3.14159  0  -1.05644
8.16814  0  3.14159  0  -0.765489
10.6814  0  3.14159  0  -0.594275
14.4513  0  3.14159  0  -0.442145
33.3009  0  3.14159  0  -0.192092
-29.531  3.14159  0  0  0.21665
-14.4513  3.14159  0  0  0.442143
-8.16814  3.14159  0  0  0.765491
-5.65487  3.14159  0  0  1.05644
-4.39823  3.14159  0  0  1.28919
-3.14159  3.14159  0  0  1.64231
-1.88496  3.14159  0  0  2.30322
-0.628319  3.14159  0  0  5.76989
0.628319  3.14159  0  0  -5.76989
1.88496  3.14159  0  0  -2.30322
3.14159  3.14159  0  0  -1.64231
4.39823  3.14159  0  0  -1.28919
5.65487  3.14159  0  0  -1.05644
8.16814  3.14159  0  0  -0.765489
10.6814  3.14159  0  0  -0.594275
14.4513  3.14159  0  0  -0.442145
33.3009  3.14159  0  0  -0.192092
-29.531  3.14159  3.14159  0.00382136  0.215885
-14.4513  3.14159  3.14159  0.0173837  0.435832
-8.16814  3.14159  3.14159  0.0537791  0.73676
-5.65487  3.14159  3.14159  0.097884  0.989066
-4.39823  3.14159  3.14159  0.136802  1.17069
-3.14159  3.14159  3.14159  0.195684  1.38541
-1.88496  3.14159  3.14159  0.284652  1.52409
-0.628319  3.14159  3.14159  0.402921  1.01397
0.628319  3.14159  3.14159  0.402921  -1.01397
1.88496  3.14159  3.14159  0.284652  -1.52409
3.14159  3.14159  3.14159  0.195684  -1.38541
4.39823  3.14159  3.14159  0.136802  -1.17069
5.65487  3.14159  3.14159  0.097884  -0.989065
8.16814  3.14159  3.14159  0.0537791  -0.73676
10.6814  3.14159  3.14159  0.0323341  -0.57975
14.4513  3.14159  3.14159  0.0173836  -0.435833
33.3009  3.14159  3.14159  0.00297281  -0.191558
