-29.531  0  0  0.000467777  -0.587744
-14.4513  0  0  0.000449476  -1.12303
-8.16814  0  0  -0.000152905  -1.71659
-5.65487  0  0  0.00407778  -2.07668
-4.39823  0  0  0.0132022  -2.2401
-3.14159  0  0  0.0363107  -2.28072
-1.88496  0  0  0.0900278  -1.95429
-0.628319  0  0  0.185827  -0.937674
0.628319  0  0  0.185827  0.937674
1.88496  0  0  0.0900282  1.95429
3.14159  0  0  0.0363112  2.28072
4.39823  0  0  0.0132029  2.2401
5.65487  0  0  0.0040797  2.07668
8.16814  0  0  -0.000146487  1.71659
10.6814  0  0  -7.52443e-05  1.42766
14.4513  0  0  0.000446549  1.12304
33.3009  0  0  0.000393154  0.523841
-29.531  0  3.14159  0  -0.590552
-14.4513  0  3.14159  0  -1.14837
-8.16814  0  3.14159  0  -1.86211
-5.65487  0  3.14159  0  -2.49037
-4.39823  0  3.14159  0  -3.02385
-3.14159  0  3.14159  0  -3.92148
-1.88496  0  3.14159  0  -6.01756
-0.628319  0  3.14159  0  -5.18131
0.628319  0  3.14159  0  5.1813
1.88496  0  3.14159  0  6.01756
3.14159  0  3.14159  0  3.92148
4.39823  0  3.14159  0  3.02385
5.65487  0  3.14159  0  2.49037
8.16814  0  3.14159  0  1.86211
10.6814  0  3.14159  0  1.4922
14.4513  0  3.14159  0  1.14837
33.3009  0  3.14159  0  0.525788
-29.531  3.14159  0  0  -0.590552
-14.4513  3.14159  0  0  -1.14837
-8.16814  3.14159  0  0  -1.86211
-5.65487  3.14159  0  0  -2.49037
-4.39823  3.14159  0  0  -3.02385
-3.14159  3.14159  0  0  -3.92148
-1.88496  3.14159  0  0  -6.01756
-0.628319  3.14159  0  0  -5.18131
0.628319  3.14159  0  0  5.1813
1.88496  3.14159  0  0  6.01756
3.14159  3.14159  0  0  3.92148
4.39823  3.14159  0  0  3.02385
5.65487  3.14159  0  0  2.49037
8.16814  3.14159  0  0  1.86211
10.6814  3.14159  0  0  1.4922
14.4513  3.14159  0  0  1.14837
33.3009  3.14159  0  0  0.525788
-29.531  3.14159  3.14159  -0.000748553  -0.587736
-14.4513  3.14159  3.14159  -0.0015747  -1.12298
-8.16814  3.14159  3.14159  -0.00264109  -1.71635
-5.65487  3.14159  3.14159  -0.00803744  -2.07622
-4.39823  3.14159  3.14159  -0.017295  -2.23941
-3.14159  3.14159  3.14159  -0.0382821  -2.27965
-1.88496  3.14159  3.14159  -0.0815319  -1.95258
-0.628319  3.14159  3.14159  -0.160046  -0.935581
0.628319  3.14159  3.14159  -0.160046  0.935581
1.88496  3.14159  3.14159  -0.0815316  1.95258
3.14159  3.14159  3.14159  -0.0382816  2.27965
4.39823  3.14159  3.14159  -0.0172944  2.23941
5.65487  3.14159  3.14159  -0.00803554  2.07622
8.16814  3.14159  3.14159  -0.00263467  1.71635
10.6814  3.14159  3.14159  -0.00181121  1.42753
14.4513  3.14159  3.14159  -0.00157727  1.12298
33.3009  3.14159  3.14159  -0.000627888  0.523835
