-29.531  0  0  0.000173506  -0.464638
-14.4513  0  0  -0.000603501  -0.88142
-8.16814  0  0  -0.00245749  -1.33103
-5.65487  0  0  0.00107926  -1.59341
-4.39823  0  0  0.0103271  -1.70599
-3.14159  0  0  0.0350466  -1.72142
-1.88496  0  0  0.0938646  -1.46982
-0.628319  0  0  0.187739  -0.716079
0.628319  0  0  0.18785  0.715917
1.88496  0  0  0.0938566  1.46981
3.14159  0  0  0.0350285  1.72141
4.39823  0  0  0.0103498  1.70598
5.65487  0  0  0.00108117  1.59344
8.16814  0  0  -0.00245127  1.33103
10.6814  0  0  -0.00173806  1.11417
14.4513  0  0  -0.000597723  0.88142
33.3009  0  0  0.000172451  0.414366
-29.531  0  3.14159  0  -0.466731
-14.4513  0  3.14159  0  -0.900501
-8.16814  0  3.14159  0  -1.44147
-5.65487  0  3.14159  0  -1.90777
-4.39823  0  3.14159  0  -2.29782
-3.14159  0  3.14159  0  -2.93398
-1.88496  0  3.14159  0  -4.26906
-0.628319  0  3.14159  0  -3.93989
0.628319  0  3.14159  0  3.94046
1.88496  0  3.14159  0  4.26911
3.14159  0  3.14159  0  2.93405
4.39823  0  3.14159  0  2.29784
5.65487  0  3.14159  0  1.90769
8.16814  0  3.14159  0  1.44148
10.6814  0  3.14159  0  1.163
14.4513  0  3.14159  0  0.900513
33.3009  0  3.14159  0  0.415817
-29.531  3.14159  0  0  -0.466731
-14.4513  3.14159  0  0  -0.900501
-8.16814  3.14159  0  0  -1.44147
-5.65487  3.14159  0  0  -1.90777
-4.39823  3.14159  0  0  -2.29782
-3.14159  3.14159  0  0  -2.93398
-1.88496  3.14159  0  0  -4.26906
-0.628319  3.14159  0  0  -3.93989
0.628319  3.14159  0  0  3.94046
1.88496  3.14159  0  0  4.26911
3.14159  3.14159  0  0  2.93405
4.39823  3.14159  0  0  2.29784
5.65487  3.14159  0  0  1.90769
8.16814  3.14159  0  0  1.44148
10.6814  3.14159  0  0  1.163
14.4513  3.14159  0  0  0.900513
33.3009  3.14159  0  0  0.415817
-29.531  3.14159  3.14159  -0.000969605  -0.464611
-14.4513  3.14159  3.14159  -0.00248086  -0.881214
-8.16814  3.14159  3.14159  -0.00515129  -1.33023
-5.65487  3.14159  3.14159  -0.0118862  -1.59183
-4.39823  3.14159  3.14159  -0.0213329  -1.70363
-3.14159  3.14159  3.14159  -0.0400927  -1.7178
-1.88496  3.14159  3.14159  -0.0725304  -1.46428
-0.628319  3.14159  3.14159  -0.123652  -0.709495
0.628319  3.14159  3.14159  -0.12354  0.709337
1.88496  3.14159  3.14159  -0.0725383  1.46427
3.14159  3.14159  3.14159  -0.0401108  1.71779
4.39823  3.14159  3.14159  -0.0213102  1.70363
5.65487  3.14159  3.14159  -0.0118843  1.59185
8.16814  3.14159  3.14159  -0.00514439  1.33023
10.6814  3.14159  3.14159  -0.00341491  1.11373
14.4513  3.14159  3.14159  -0.00247605  0.881215
33.3009  3.14159  3.14159  -0.000789747  0.414347
