-29.531  0  0  -0.0101076  0.450214
-14.4513  0  0  -0.041478  0.890019
-8.16814  0  0  -0.12131  1.49398
-5.65487  0  0  -0.229426  1.98304
-4.39823  0  0  -0.338252  2.32289
-3.14159  0  0  -0.515075  2.74714
-1.88496  0  0  -0.819088  3.01006
-0.628319  0  0  -1.28391  2.05212
0.628319  0  0  -1.27057  -2.05568
1.88496  0  0  -0.819673  -3.01602
3.14159  0  0  -0.511382  -2.74625
4.39823  0  0  -0.335161  -2.32153
5.65487  0  0  -0.231244  -1.98242
8.16814  0  0  -0.123204  -1.4944
10.6814  0  0  -0.0746789  -1.17375
14.4513  0  0  -0.0422637  -0.890197
33.3009  0  0  -0.00777799  -0.39362
-29.531  0  3.14159  0  0.443935
-14.4513  0  3.14159  0  0.899351
-8.16814  0  3.14159  0  1.60012
-5.65487  0  3.14159  0  2.22702
-4.39823  0  3.14159  0  2.8806
-3.14159  0  3.14159  0  3.87741
-1.88496  0  3.14159  0  5.98835
-0.628319  0  3.14159  0  16.2324
0.628319  0  3.14159  0  -16.2257
1.88496  0  3.14159  0  -5.9819
3.14159  0  3.14159  0  -3.87794
4.39823  0  3.14159  0  -2.88027
5.65487  0  3.14159  0  -2.22788
8.16814  0  3.14159  0  -1.59951
10.6814  0  3.14159  0  -1.22027
14.4513  0  3.14159  0  -0.899111
33.3009  0  3.14159  0  -0.408091
-29.531  3.14159  0  0  0.443935
-14.4513  3.14159  0  0  0.899351
-8.16814  3.14159  0  0  1.60012
-5.65487  3.14159  0  0  2.22702
-4.39823  3.14159  0  0  2.8806
-3.14159  3.14159  0  0  3.87741
-1.88496  3.14159  0  0  5.98835
-0.628319  3.14159  0  0  16.2324
0.628319  3.14159  0  0  -16.2257
1.88496  3.14159  0  0  -5.9819
3.14159  3.14159  0  0  -3.87794
4.39823  3.14159  0  0  -2.88027
5.65487  3.14159  0  0  -2.22788
8.16814  3.14159  0  0  -1.59951
10.6814  3.14159  0  0  -1.22027
14.4513  3.14159  0  0  -0.899111
33.3009  3.14159  0  0  -0.408091
-29.531  3.14159  3.14159  0.00992034  0.450226
-14.4513  3.14159  3.14159  0.0403848  0.890182
-8.16814  3.14159  3.14159  0.119447  1.49473
-5.65487  3.14159  3.14159  0.224289  1.98496
-4.39823  3.14159  3.14159  0.328953  2.32607
-3.14159  3.14159  3.14159  0.520878  2.75272
-1.88496  3.14159  3.14159  0.859319  3.01964
-0.628319  3.14159  3.14159  1.32255  2.06524
0.628319  3.14159  3.14159  1.33606  -2.06885
1.88496  3.14159  3.14159  0.858731  -3.02566
3.14159  3.14159  3.14159  0.524605  -2.7518
4.39823  3.14159  3.14159  0.332061  -2.32469
5.65487  3.14159  3.14159  0.222449  -1.98434
8.16814  3.14159  3.14159  0.117533  -1.49516
10.6814  3.14159  3.14159  0.0716453  -1.17415
14.4513  3.14159  3.14159  0.0395847  -0.890363
33.3009  3.14159  3.14159  0.00800291  -0.393634
