-29.531  0  0  0.000114134  -0.00526171
-14.4513  0  0  0.00164555  -0.0377775
-8.16814  0  0  0.00968425  -0.149698
-5.65487  0  0  0.0238825  -0.316615
-4.39823  0  0  0.0403164  -0.489178
-3.14159  0  0  0.0746095  -0.778823
-1.88496  0  0  0.159583  -1.1692
-0.628319  0  0  0.360348  -0.997759
0.628319  0  0  0.360353  0.997761
1.88496  0  0  0.159584  1.1692
3.14159  0  0  0.0746086  0.778824
4.39823  0  0  0.0403162  0.489178
5.65487  0  0  0.023883  0.316616
8.16814  0  0  0.00968456  0.149699
10.6814  0  0  0.00444281  0.0806352
14.4513  0  0  0.0016458  0.0377777
33.3009  0  0  7.11145e-05  0.00371932
-29.531  0  3.14159  0  -0.00524952
-14.4513  0  3.14159  0  -0.0374671
-8.16814  0  3.14159  0  -0.146201
-5.65487  0  3.14159  0  -0.303625
-4.39823  0  3.14159  0  -0.465784
-3.14159  0  3.14159  0  -0.764623
-1.88496  0  3.14159  0  -1.43265
-0.628319  0  3.14159  0  -7.86576
0.628319  0  3.14159  0  7.86575
1.88496  0  3.14159  0  1.43265
3.14159  0  3.14159  0  0.764625
4.39823  0  3.14159  0  0.465783
5.65487  0  3.14159  0  0.303623
8.16814  0  3.14159  0  0.146203
10.6814  0  3.14159  0  0.0794856
14.4513  0  3.14159  0  0.0374667
33.3009  0  3.14159  0  0.0037124
-29.531  3.14159  0  0  -0.00524952
-14.4513  3.14159  0  0  -0.0374671
-8.16814  3.14159  0  0  -0.146201
-5.65487  3.14159  0  0  -0.303625
-4.39823  3.14159  0  0  -0.465784
-3.14159  3.14159  0  0  -0.764623
-1.88496  3.14159  0  0  -1.43265
-0.628319  3.14159  0  0  -7.86576
0.628319  3.14159  0  0  7.86575
1.88496  3.14159  0  0  1.43265
3.14159  3.14159  0  0  0.764625
4.39823  3.14159  0  0  0.465783
5.65487  3.14159  0  0  0.303623
8.16814  3.14159  0  0  0.146203
10.6814  3.14159  0  0  0.0794856
14.4513  3.14159  0  0  0.0374667
33.3009  3.14159  0  0  0.0037124
-29.531  3.14159  3.14159  -0.000114137  -0.00526183
-14.4513  3.14159  3.14159  -0.00158755  -0.0377824
-8.16814  3.14159  3.14159  -0.00930109  -0.149728
-5.65487  3.14159  3.14159  -0.0228814  -0.316654
-4.39823  3.14159  3.14159  -0.0385616  -0.489185
-3.14159  3.14159  3.14159  -0.0714687  -0.778719
-1.88496  3.14159  3.14159  -0.154871  -1.16882
-0.628319  3.14159  3.14159  -0.363787  -0.996712
0.628319  3.14159  3.14159  -0.363783  0.996713
1.88496  3.14159  3.14159  -0.15487  1.16882
3.14159  3.14159  3.14159  -0.0714697  0.77872
4.39823  3.14159  3.14159  -0.0385618  0.489186
5.65487  3.14159  3.14159  -0.022881  0.316654
8.16814  3.14159  3.14159  -0.0093008  0.149729
10.6814  3.14159  3.14159  -0.00427213  0.0806501
14.4513  3.14159  3.14159  -0.00158728  0.0377826
33.3009  3.14159  3.14159  -7.18827e-05  0.00371937
