-29.531  0  0  0.000379212  -0.448032
-14.4513  0  0  0.000192729  -0.84882
-8.16814  0  0  -0.000460346  -1.27903
-5.65487  0  0  0.00396865  -1.52844
-4.39823  0  0  0.0133031  -1.63457
-3.14159  0  0  0.0364328  -1.6481
-1.88496  0  0  0.0881273  -1.40887
-0.628319  0  0  0.170255  -0.690201
0.628319  0  0  0.170257  0.690201
1.88496  0  0  0.0881299  1.40887
3.14159  0  0  0.0364352  1.6481
4.39823  0  0  0.0133052  1.63457
5.65487  0  0  0.00397081  1.52844
8.16814  0  0  -0.000457192  1.27903
10.6814  0  0  -0.000397908  1.07187
14.4513  0  0  0.00019342  0.84882
33.3009  0  0  0.000328778  0.399601
-29.531  0  3.14159  0  -0.450037
-14.4513  0  3.14159  0  -0.867078
-8.16814  0  3.14159  0  -1.38486
-5.65487  0  3.14159  0  -1.82898
-4.39823  0  3.14159  0  -2.19925
-3.14159  0  3.14159  0  -2.79979
-1.88496  0  3.14159  0  -4.04067
-0.628319  0  3.14159  0  -3.76967
0.628319  0  3.14159  0  3.76967
1.88496  0  3.14159  0  4.04067
3.14159  0  3.14159  0  2.79979
4.39823  0  3.14159  0  2.19925
5.65487  0  3.14159  0  1.82899
8.16814  0  3.14159  0  1.38486
10.6814  0  3.14159  0  1.11864
14.4513  0  3.14159  0  0.867079
33.3009  0  3.14159  0  0.400989
-29.531  3.14159  0  0  -0.450037
-14.4513  3.14159  0  0  -0.867078
-8.16814  3.14159  0  0  -1.38486
-5.65487  3.14159  0  0  -1.82898
-4.39823  3.14159  0  0  -2.19925
-3.14159  3.14159  0  0  -2.79979
-1.88496  3.14159  0  0  -4.04067
-0.628319  3.14159  0  0  -3.76967
0.628319  3.14159  0  0  3.76967
1.88496  3.14159  0  0  4.04067
3.14159  3.14159  0  0  2.79979
4.39823  3.14159  0  0  2.19925
5.65487  3.14159  0  0  1.82899
8.16814  3.14159  0  0  1.38486
10.6814  3.14159  0  0  1.11864
14.4513  3.14159  0  0  0.867079
33.3009  3.14159  0  0  0.400989
-29.531  3.14159  3.14159  -0.000761871  -0.448018
-14.4513  3.14159  3.14159  -0.00169447  -0.848711
-8.16814  3.14159  3.14159  -0.00325431  -1.27861
-5.65487  3.14159  3.14159  -0.0092258  -1.5276
-4.39823  3.14159  3.14159  -0.0186486  -1.63333
-3.14159  3.14159  3.14159  -0.0388731  -1.6462
-1.88496  3.14159  3.14159  -0.0776507  -1.40598
-0.628319  3.14159  3.14159  -0.138831  -0.686443
0.628319  3.14159  3.14159  -0.138829  0.686445
1.88496  3.14159  3.14159  -0.0776481  1.40598
3.14159  3.14159  3.14159  -0.0388706  1.6462
4.39823  3.14159  3.14159  -0.0186465  1.63333
5.65487  3.14159  3.14159  -0.00922357  1.5276
8.16814  3.14159  3.14159  -0.00325132  1.27861
10.6814  3.14159  3.14159  -0.00211567  1.07164
14.4513  3.14159  3.14159  -0.00169396  0.848712
33.3009  3.14159  3.14159  -0.000630753  0.399591
