-29.531  0  0  -0.01044  0.462776
-14.4513  0  0  -0.0429199  0.918981
-8.16814  0  0  -0.125367  1.53893
-5.65487  0  0  -0.235764  2.04482
-4.39823  0  0  -0.346151  2.4013
-3.14159  0  0  -0.529631  2.83106
-1.88496  0  0  -0.844228  3.0992
-0.628319  0  0  -1.2941  2.10375
0.628319  0  0  -1.28615  -2.10584
1.88496  0  0  -0.844545  -3.1031
3.14159  0  0  -0.527231  -2.83063
4.39823  0  0  -0.343815  -2.40046
5.65487  0  0  -0.236731  -2.04445
8.16814  0  0  -0.126594  -1.53918
10.6814  0  0  -0.0766916  -1.21335
14.4513  0  0  -0.0432947  -0.919087
33.3009  0  0  -0.0080744  -0.407721
-29.531  0  3.14159  0  0.46049
-14.4513  0  3.14159  0  0.930102
-8.16814  0  3.14159  0  1.64646
-5.65487  0  3.14159  0  2.31097
-4.39823  0  3.14159  0  2.97452
-3.14159  0  3.14159  0  4.00869
-1.88496  0  3.14159  0  6.15396
-0.628319  0  3.14159  0  16.9929
0.628319  0  3.14159  0  -16.986
1.88496  0  3.14159  0  -6.14732
3.14159  0  3.14159  0  -4.00919
4.39823  0  3.14159  0  -2.97435
5.65487  0  3.14159  0  -2.31185
8.16814  0  3.14159  0  -1.64583
10.6814  0  3.14159  0  -1.26165
14.4513  0  3.14159  0  -0.929873
33.3009  0  3.14159  0  -0.420071
-29.531  3.14159  0  0  0.46049
-14.4513  3.14159  0  0  0.930102
-8.16814  3.14159  0  0  1.64646
-5.65487  3.14159  0  0  2.31097
-4.39823  3.14159  0  0  2.97452
-3.14159  3.14159  0  0  4.00869
-1.88496  3.14159  0  0  6.15396
-0.628319  3.14159  0  0  16.9929
0.628319  3.14159  0  0  -16.986
1.88496  3.14159  0  0  -6.14732
3.14159  3.14159  0  0  -4.00919
4.39823  3.14159  0  0  -2.97435
5.65487  3.14159  0  0  -2.31185
8.16814  3.14159  0  0  -1.64583
10.6814  3.14159  0  0  -1.26165
14.4513  3.14159  0  0  -0.929873
33.3009  3.14159  0  0  -0.420071
-29.531  3.14159  3.14159  0.00998061  0.462799
-14.4513  3.14159  3.14159  0.0405303  0.919245
-8.16814  3.14159  3.14159  0.119946  1.54018
-5.65487  3.14159  3.14159  0.226453  2.04799
-4.39823  3.14159  3.14159  0.33359  2.40655
-3.14159  3.14159  3.14159  0.5262  2.84029
-1.88496  3.14159  3.14159  0.867763  3.11513
-0.628319  3.14159  3.14159  1.36476  2.12788
0.628319  3.14159  3.14159  1.3729  -2.13003
1.88496  3.14159  3.14159  0.867441  -3.1191
3.14159  3.14159  3.14159  0.528644  -2.83984
4.39823  3.14159  3.14159  0.335949  -2.4057
5.65487  3.14159  3.14159  0.225459  -2.0476
8.16814  3.14159  3.14159  0.118697  -1.54044
10.6814  3.14159  3.14159  0.0724321  -1.214
14.4513  3.14159  3.14159  0.0401387  -0.919353
33.3009  3.14159  3.14159  0.00801714  -0.407743
