-29.531  0  0  -0.0101954  0.444786
-14.4513  0  0  -0.0415041  0.889042
-8.16814  0  0  -0.121886  1.48544
-5.65487  0  0  -0.229023  1.97855
-4.39823  0  0  -0.335864  2.32924
-3.14159  0  0  -0.519136  2.73945
-1.88496  0  0  -0.834195  3.00746
-0.628319  0  0  -1.27584  2.0412
0.628319  0  0  -1.27534  -2.04128
1.88496  0  0  -0.834337  -3.00739
3.14159  0  0  -0.519117  -2.73931
4.39823  0  0  -0.336061  -2.32919
5.65487  0  0  -0.229183  -1.97854
8.16814  0  0  -0.121928  -1.48545
10.6814  0  0  -0.0742654  -1.17541
14.4513  0  0  -0.0415887  -0.889054
33.3009  0  0  -0.00802764  -0.394948
-29.531  0  3.14159  0  0.447328
-14.4513  0  3.14159  0  0.910395
-8.16814  0  3.14159  0  1.59471
-5.65487  0  3.14159  0  2.26451
-4.39823  0  3.14159  0  2.85666
-3.14159  0  3.14159  0  3.84456
-1.88496  0  3.14159  0  5.88367
-0.628319  0  3.14159  0  16.0805
0.628319  0  3.14159  0  -16.0824
1.88496  0  3.14159  0  -5.88607
3.14159  0  3.14159  0  -3.84408
4.39823  0  3.14159  0  -2.85607
5.65487  0  3.14159  0  -2.26423
8.16814  0  3.14159  0  -1.59491
10.6814  0  3.14159  0  -1.22721
14.4513  0  3.14159  0  -0.910485
33.3009  0  3.14159  0  -0.397171
-29.531  3.14159  0  0  0.447328
-14.4513  3.14159  0  0  0.910395
-8.16814  3.14159  0  0  1.59471
-5.65487  3.14159  0  0  2.26451
-4.39823  3.14159  0  0  2.85666
-3.14159  3.14159  0  0  3.84456
-1.88496  3.14159  0  0  5.88367
-0.628319  3.14159  0  0  16.0805
0.628319  3.14159  0  0  -16.0824
1.88496  3.14159  0  0  -5.88607
3.14159  3.14159  0  0  -3.84408
4.39823  3.14159  0  0  -2.85607
5.65487  3.14159  0  0  -2.26423
8.16814  3.14159  0  0  -1.59491
10.6814  3.14159  0  0  -1.22721
14.4513  3.14159  0  0  -0.910485
33.3009  3.14159  0  0  -0.397171
-29.531  3.14159  3.14159  0.00976649  0.444803
-14.4513  3.14159  3.14159  0.0400875  0.889202
-8.16814  3.14159  3.14159  0.118093  1.48621
-5.65487  3.14159  3.14159  0.223231  1.98047
-4.39823  3.14159  3.14159  0.329169  2.3324
-3.14159  3.14159  3.14159  0.513402  2.74499
-1.88496  3.14159  3.14159  0.838491  3.01701
-0.628319  3.14159  3.14159  1.32168  2.05411
0.628319  3.14159  3.14159  1.32229  -2.05422
1.88496  3.14159  3.14159  0.838349  -3.01697
3.14159  3.14159  3.14159  0.513442  -2.74484
4.39823  3.14159  3.14159  0.328981  -2.33234
5.65487  3.14159  3.14159  0.223059  -1.98045
8.16814  3.14159  3.14159  0.118041  -1.48622
10.6814  3.14159  3.14159  0.0715861  -1.17581
14.4513  3.14159  3.14159  0.0399936  -0.889215
33.3009  3.14159  3.14159  0.00769946  -0.394961
