-29.531  0  0  -0.00407892  0.218238
-14.4513  0  0  -0.0183733  0.440416
-8.16814  0  0  -0.0561917  0.744021
-5.65487  0  0  -0.10141  0.998331
-4.39823  0  0  -0.140715  1.18138
-3.14159  0  0  -0.198735  1.39789
-1.88496  0  0  -0.281953  1.53766
-0.628319  0  0  -0.375576  1.02015
0.628319  0  0  -0.375577  -1.02015
1.88496  0  0  -0.281954  -1.53766
3.14159  0  0  -0.198736  -1.39788
4.39823  0  0  -0.140716  -1.18138
5.65487  0  0  -0.101411  -0.99833
8.16814  0  0  -0.0561923  -0.744019
10.6814  0  0  -0.0339744  -0.585666
14.4513  0  0  -0.0183728  -0.440418
33.3009  0  0  -0.00317679  -0.193652
-29.531  0  3.14159  0  0.219032
-14.4513  0  3.14159  0  0.446981
-8.16814  0  3.14159  0  0.773978
-5.65487  0  3.14159  0  1.06854
-4.39823  0  3.14159  0  1.30456
-3.14159  0  3.14159  0  1.66308
-1.88496  0  3.14159  0  2.33621
-0.628319  0  3.14159  0  5.9138
0.628319  0  3.14159  0  -5.9138
1.88496  0  3.14159  0  -2.33621
3.14159  0  3.14159  0  -1.66308
4.39823  0  3.14159  0  -1.30456
5.65487  0  3.14159  0  -1.06854
8.16814  0  3.14159  0  -0.773974
10.6814  0  3.14159  0  -0.600797
14.4513  0  3.14159  0  -0.446986
33.3009  0  3.14159  0  -0.194208
-29.531  3.14159  0  0  0.219032
-14.4513  3.14159  0  0  0.446981
-8.16814  3.14159  0  0  0.773978
-5.65487  3.14159  0  0  1.06854
-4.39823  3.14159  0  0  1.30456
-3.14159  3.14159  0  0  1.66308
-1.88496  3.14159  0  0  2.33621
-0.628319  3.14159  0  0  5.9138
0.628319  3.14159  0  0  -5.9138
1.88496  3.14159  0  0  -2.33621
3.14159  3.14159  0  0  -1.66308
4.39823  3.14159  0  0  -1.30456
5.65487  3.14159  0  0  -1.06854
8.16814  3.14159  0  0  -0.773974
10.6814  3.14159  0  0  -0.600797
14.4513  3.14159  0  0  -0.446986
33.3009  3.14159  0  0  -0.194208
-29.531  3.14159  3.14159  0.00372455  0.218256
-14.4513  3.14159  3.14159  0.0170043  0.440586
-8.16814  3.14159  3.14159  0.0528294  0.744821
-5.65487  3.14159  3.14159  0.0964687  1.00004
-4.39823  3.14159  3.14159  0.135216  1.18393
-3.14159  3.14159  3.14159  0.194488  1.40174
-1.88496  3.14159  3.14159  0.286131  1.54328
-0.628319  3.14159  3.14159  0.414514  1.0272
0.628319  3.14159  3.14159  0.414514  -1.0272
1.88496  3.14159  3.14159  0.28613  -1.54328
3.14159  3.14159  3.14159  0.194487  -1.40174
4.39823  3.14159  3.14159  0.135216  -1.18393
5.65487  3.14159  3.14159  0.0964683  -1.00004
8.16814  3.14159  3.14159  0.0528289  -0.744819
10.6814  3.14159  3.14159  0.0316969  -0.586072
14.4513  3.14159  3.14159  0.0170044  -0.440589
33.3009  3.14159  3.14159  0.00289625  -0.193664
