-29.531  0  0  -0.0138096  0.227099
-14.4513  0  0  -0.0475085  0.431027
-8.16814  0  0  -0.100797  0.655086
-5.65487  0  0  -0.140066  0.799658
-4.39823  0  0  -0.163703  0.880535
-3.14159  0  0  -0.187805  0.944031
-1.88496  0  0  -0.208265  0.907699
-0.628319  0  0  -0.218518  0.512194
0.628319  0  0  -0.218518  -0.512195
1.88496  0  0  -0.208265  -0.9077
3.14159  0  0  -0.187805  -0.944032
4.39823  0  0  -0.163703  -0.880537
5.65487  0  0  -0.140066  -0.799659
8.16814  0  0  -0.100796  -0.655087
10.6814  0  0  -0.0732334  -0.54574
14.4513  0  0  -0.0475075  -0.431038
33.3009  0  0  -0.0110282  -0.202532
-29.531  0  3.14159  0  0.227036
-14.4513  0  3.14159  0  0.42931
-8.16814  0  3.14159  0  0.642217
-5.65487  0  3.14159  0  0.769178
-4.39823  0  3.14159  0  0.839186
-3.14159  0  3.14159  0  0.912487
-1.88496  0  3.14159  0  1.01231
-0.628319  0  3.14159  0  1.88512
0.628319  0  3.14159  0  -1.88512
1.88496  0  3.14159  0  -1.01232
3.14159  0  3.14159  0  -0.912488
4.39823  0  3.14159  0  -0.839187
5.65487  0  3.14159  0  -0.76918
8.16814  0  3.14159  0  -0.642217
10.6814  0  3.14159  0  -0.5403
14.4513  0  3.14159  0  -0.429322
33.3009  0  3.14159  0  -0.202498
-29.531  3.14159  0  0  0.227036
-14.4513  3.14159  0  0  0.42931
-8.16814  3.14159  0  0  0.642217
-5.65487  3.14159  0  0  0.769178
-4.39823  3.14159  0  0  0.839186
-3.14159  3.14159  0  0  0.912487
-1.88496  3.14159  0  0  1.01231
-0.628319  3.14159  0  0  1.88512
0.628319  3.14159  0  0  -1.88512
1.88496  3.14159  0  0  -1.01232
3.14159  3.14159  0  0  -0.912488
4.39823  3.14159  0  0  -0.839187
5.65487  3.14159  0  0  -0.76918
8.16814  3.14159  0  0  -0.642217
10.6814  3.14159  0  0  -0.5403
14.4513  3.14159  0  0  -0.429322
33.3009  3.14159  0  0  -0.202498
-29.531  3.14159  3.14159  0.0137048  0.227124
-14.4513  3.14159  3.14159  0.0471788  0.431177
-8.16814  3.14159  3.14159  0.100234  0.655478
-5.65487  3.14159  3.14159  0.139457  0.800199
-4.39823  3.14159  3.14159  0.163193  0.881125
-3.14159  3.14159  3.14159  0.187708  0.944603
-1.88496  3.14159  3.14159  0.209538  0.908138
-0.628319  3.14159  3.14159  0.224682  0.512363
0.628319  3.14159  3.14159  0.224682  -0.512364
1.88496  3.14159  3.14159  0.209538  -0.90814
3.14159  3.14159  3.14159  0.187708  -0.944604
4.39823  3.14159  3.14159  0.163193  -0.881126
5.65487  3.14159  3.14159  0.139457  -0.800201
8.16814  3.14159  3.14159  0.100234  -0.65548
10.6814  3.14159  3.14159  0.0727756  -0.546007
14.4513  3.14159  3.14159  0.0471799  -0.431188
33.3009  3.14159  3.14159  0.0109334  -0.20255
