-29.531  0  0  -0.0203443  0.221916
-14.4513  0  0  -0.0585875  0.402719
-8.16814  0  0  -0.0981018  0.577093
-5.65487  0  0  -0.117469  0.664478
-4.39823  0  0  -0.126554  0.689482
-3.14159  0  0  -0.134347  0.662768
-1.88496  0  0  -0.140098  0.520209
-0.628319  0  0  -0.143162  0.205555
0.628319  0  0  -0.143162  -0.205555
1.88496  0  0  -0.140098  -0.52021
3.14159  0  0  -0.134347  -0.662768
4.39823  0  0  -0.126554  -0.689482
5.65487  0  0  -0.117469  -0.664478
8.16814  0  0  -0.0981024  -0.577093
10.6814  0  0  -0.0800948  -0.495617
14.4513  0  0  -0.0585874  -0.402719
33.3009  0  0  -0.016501  -0.198769
-29.531  0  3.14159  0  0.221371
-14.4513  0  3.14159  0  0.392931
-8.16814  0  3.14159  0  0.533828
-5.65487  0  3.14159  0  0.609122
-4.39823  0  3.14159  0  0.664393
-3.14159  0  3.14159  0  0.768126
-1.88496  0  3.14159  0  1.0581
-0.628319  0  3.14159  0  2.79212
0.628319  0  3.14159  0  -2.79212
1.88496  0  3.14159  0  -1.0581
3.14159  0  3.14159  0  -0.768127
4.39823  0  3.14159  0  -0.664393
5.65487  0  3.14159  0  -0.609122
8.16814  0  3.14159  0  -0.533828
10.6814  0  3.14159  0  -0.471234
14.4513  0  3.14159  0  -0.392932
33.3009  0  3.14159  0  -0.198453
-29.531  3.14159  0  0  0.221371
-14.4513  3.14159  0  0  0.392931
-8.16814  3.14159  0  0  0.533828
-5.65487  3.14159  0  0  0.609122
-4.39823  3.14159  0  0  0.664393
-3.14159  3.14159  0  0  0.768126
-1.88496  3.14159  0  0  1.0581
-0.628319  3.14159  0  0  2.79212
0.628319  3.14159  0  0  -2.79212
1.88496  3.14159  0  0  -1.0581
3.14159  3.14159  0  0  -0.768127
4.39823  3.14159  0  0  -0.664393
5.65487  3.14159  0  0  -0.609122
8.16814  3.14159  0  0  -0.533828
10.6814  3.14159  0  0  -0.471234
14.4513  3.14159  0  0  -0.392932
33.3009  3.14159  0  0  -0.198453
-29.531  3.14159  3.14159  0.0203453  0.221916
-14.4513  3.14159  3.14159  0.0585858  0.402719
-8.16814  3.14159  3.14159  0.0981015  0.577093
-5.65487  3.14159  3.14159  0.117469  0.664478
-4.39823  3.14159  3.14159  0.126554  0.689482
-3.14159  3.14159  3.14159  0.134347  0.662768
-1.88496  3.14159  3.14159  0.140098  0.520209
-0.628319  3.14159  3.14159  0.143162  0.205555
0.628319  3.14159  3.14159  0.143162  -0.205555
1.88496  3.14159  3.14159  0.140098  -0.52021
3.14159  3.14159  3.14159  0.134347  -0.662768
4.39823  3.14159  3.14159  0.126554  -0.689482
5.65487  3.14159  3.14159  0.117469  -0.664478
8.16814  3.14159  3.14159  0.0981016  -0.577093
10.6814  3.14159  3.14159  0.0800952  -0.495617
14.4513  3.14159  3.14159  0.0585874  -0.402719
33.3009  3.14159  3.14159  0.0164987  -0.198768
