-29.531  0  0  -0.0139634  0.22714
-14.4513  0  0  -0.047998  0.431289
-8.16814  0  0  -0.101666  0.656786
-5.65487  0  0  -0.141067  0.804319
-4.39823  0  0  -0.164629  0.888933
-3.14159  0  0  -0.188225  0.959521
-1.88496  0  0  -0.206669  0.933552
-0.628319  0  0  -0.209751  0.532659
0.628319  0  0  -0.209751  -0.532663
1.88496  0  0  -0.206669  -0.933556
3.14159  0  0  -0.188225  -0.959525
4.39823  0  0  -0.164629  -0.888937
5.65487  0  0  -0.141068  -0.804323
8.16814  0  0  -0.101665  -0.656792
10.6814  0  0  -0.073924  -0.546499
14.4513  0  0  -0.0479952  -0.431325
33.3009  0  0  -0.0111716  -0.202588
-29.531  0  3.14159  0  0.22711
-14.4513  0  3.14159  0  0.429717
-8.16814  0  3.14159  0  0.643838
-5.65487  0  3.14159  0  0.772148
-4.39823  0  3.14159  0  0.843592
-3.14159  0  3.14159  0  0.918404
-1.88496  0  3.14159  0  1.01835
-0.628319  0  3.14159  0  2.11488
0.628319  0  3.14159  0  -2.11488
1.88496  0  3.14159  0  -1.01835
3.14159  0  3.14159  0  -0.918408
4.39823  0  3.14159  0  -0.843597
5.65487  0  3.14159  0  -0.772152
8.16814  0  3.14159  0  -0.643839
10.6814  0  3.14159  0  -0.541215
14.4513  0  3.14159  0  -0.429755
33.3009  0  3.14159  0  -0.202578
-29.531  3.14159  0  0  0.22711
-14.4513  3.14159  0  0  0.429717
-8.16814  3.14159  0  0  0.643838
-5.65487  3.14159  0  0  0.772148
-4.39823  3.14159  0  0  0.843592
-3.14159  3.14159  0  0  0.918404
-1.88496  3.14159  0  0  1.01835
-0.628319  3.14159  0  0  2.11488
0.628319  3.14159  0  0  -2.11488
1.88496  3.14159  0  0  -1.01835
3.14159  3.14159  0  0  -0.918408
4.39823  3.14159  0  0  -0.843597
5.65487  3.14159  0  0  -0.772152
8.16814  3.14159  0  0  -0.643839
10.6814  3.14159  0  0  -0.541215
14.4513  3.14159  0  0  -0.429755
33.3009  3.14159  0  0  -0.202578
-29.531  3.14159  3.14159  0.0135658  0.227236
-14.4513  3.14159  3.14159  0.0467464  0.431851
-8.16814  3.14159  3.14159  0.0995191  0.65825
-5.65487  3.14159  3.14159  0.13871  0.806327
-4.39823  3.14159  3.14159  0.162589  0.891109
-3.14159  3.14159  3.14159  0.187676  0.961621
-1.88496  3.14159  3.14159  0.211566  0.935152
-0.628319  3.14159  3.14159  0.233891  0.53327
0.628319  3.14159  3.14159  0.233891  -0.533274
1.88496  3.14159  3.14159  0.211566  -0.935156
3.14159  3.14159  3.14159  0.187676  -0.961625
4.39823  3.14159  3.14159  0.162589  -0.891113
5.65487  3.14159  3.14159  0.13871  -0.80633
8.16814  3.14159  3.14159  0.0995203  -0.658255
10.6814  3.14159  3.14159  0.0721842  -0.547495
14.4513  3.14159  3.14159  0.0467515  -0.431887
33.3009  3.14159  3.14159  0.0108118  -0.202657
