-29.531  0  0  0.000454582  -0.435419
-14.4513  0  0  0.000496936  -0.824072
-8.16814  0  0  0.000320106  -1.23961
-5.65487  0  0  0.00509964  -1.47925
-4.39823  0  0  0.0144656  -1.58058
-3.14159  0  0  0.0369573  -1.59266
-1.88496  0  0  0.08574  -1.36283
-0.628319  0  0  0.162957  -0.67072
0.628319  0  0  0.162959  0.67072
1.88496  0  0  0.0857426  1.36283
3.14159  0  0  0.0369598  1.59266
4.39823  0  0  0.0144678  1.58058
5.65487  0  0  0.00510183  1.47925
8.16814  0  0  0.000322985  1.23961
10.6814  0  0  0.000121398  1.03978
14.4513  0  0  0.000498168  0.824073
33.3009  0  0  0.000388809  0.388384
-29.531  0  3.14159  0  -0.437352
-14.4513  0  3.14159  0  -0.841697
-8.16814  0  3.14159  0  -1.34181
-5.65487  0  3.14159  0  -1.76922
-4.39823  0  3.14159  0  -2.12463
-3.14159  0  3.14159  0  -2.69936
-1.88496  0  3.14159  0  -3.86835
-0.628319  0  3.14159  0  -3.64053
0.628319  0  3.14159  0  3.64053
1.88496  0  3.14159  0  3.86835
3.14159  0  3.14159  0  2.69937
4.39823  0  3.14159  0  2.12463
5.65487  0  3.14159  0  1.76922
8.16814  0  3.14159  0  1.34181
10.6814  0  3.14159  0  1.08494
14.4513  0  3.14159  0  0.841698
33.3009  0  3.14159  0  0.389723
-29.531  3.14159  0  0  -0.437352
-14.4513  3.14159  0  0  -0.841697
-8.16814  3.14159  0  0  -1.34181
-5.65487  3.14159  0  0  -1.76922
-4.39823  3.14159  0  0  -2.12463
-3.14159  3.14159  0  0  -2.69936
-1.88496  3.14159  0  0  -3.86835
-0.628319  3.14159  0  0  -3.64053
0.628319  3.14159  0  0  3.64053
1.88496  3.14159  0  0  3.86835
3.14159  3.14159  0  0  2.69937
4.39823  3.14159  0  0  2.12463
5.65487  3.14159  0  0  1.76922
8.16814  3.14159  0  0  1.34181
10.6814  3.14159  0  0  1.08494
14.4513  3.14159  0  0  0.841698
33.3009  3.14159  0  0  0.389723
-29.531  3.14159  3.14159  -0.00068474  -0.43541
-14.4513  3.14159  3.14159  -0.00139782  -0.824006
-8.16814  3.14159  3.14159  -0.00255013  -1.23935
-5.65487  3.14159  3.14159  -0.00825858  -1.47874
-4.39823  3.14159  3.14159  -0.017688  -1.57982
-3.14159  3.14159  3.14159  -0.0384842  -1.59151
-1.88496  3.14159  3.14159  -0.0796864  -1.36108
-0.628319  3.14159  3.14159  -0.144531  -0.668532
0.628319  3.14159  3.14159  -0.144529  0.668533
1.88496  3.14159  3.14159  -0.0796837  1.36108
3.14159  3.14159  3.14159  -0.0384817  1.59151
4.39823  3.14159  3.14159  -0.0176858  1.57982
5.65487  3.14159  3.14159  -0.00825636  1.47874
8.16814  3.14159  3.14159  -0.00254711  1.23935
10.6814  3.14159  3.14159  -0.00162794  1.03964
14.4513  3.14159  3.14159  -0.00139695  0.824007
33.3009  3.14159  3.14159  -0.000569324  0.388378
