-29.531  0  0  -0.00406686  0.223271
-14.4513  0  0  -0.0183182  0.450451
-8.16814  0  0  -0.0560352  0.760766
-5.65487  0  0  -0.101175  1.02078
-4.39823  0  0  -0.140477  1.20811
-3.14159  0  0  -0.198696  1.43025
-1.88496  0  0  -0.283017  1.57509
-0.628319  0  0  -0.379834  1.04502
0.628319  0  0  -0.379834  -1.04502
1.88496  0  0  -0.283017  -1.57509
3.14159  0  0  -0.198697  -1.43025
4.39823  0  0  -0.140477  -1.20811
5.65487  0  0  -0.101175  -1.02078
8.16814  0  0  -0.0560357  -0.760764
10.6814  0  0  -0.033875  -0.598915
14.4513  0  0  -0.0183179  -0.450452
33.3009  0  0  -0.00316713  -0.198123
-29.531  0  3.14159  0  0.224099
-14.4513  0  3.14159  0  0.457288
-8.16814  0  3.14159  0  0.792054
-5.65487  0  3.14159  0  1.0944
-4.39823  0  3.14159  0  1.33737
-3.14159  0  3.14159  0  1.70787
-1.88496  0  3.14159  0  2.40272
-0.628319  0  3.14159  0  6.22262
0.628319  0  3.14159  0  -6.22262
1.88496  0  3.14159  0  -2.40272
3.14159  0  3.14159  0  -1.70787
4.39823  0  3.14159  0  -1.33737
5.65487  0  3.14159  0  -1.0944
8.16814  0  3.14159  0  -0.792051
10.6814  0  3.14159  0  -0.614686
14.4513  0  3.14159  0  -0.457292
33.3009  0  3.14159  0  -0.198701
-29.531  3.14159  0  0  0.224099
-14.4513  3.14159  0  0  0.457288
-8.16814  3.14159  0  0  0.792054
-5.65487  3.14159  0  0  1.0944
-4.39823  3.14159  0  0  1.33737
-3.14159  3.14159  0  0  1.70787
-1.88496  3.14159  0  0  2.40272
-0.628319  3.14159  0  0  6.22262
0.628319  3.14159  0  0  -6.22262
1.88496  3.14159  0  0  -2.40272
3.14159  3.14159  0  0  -1.70787
4.39823  3.14159  0  0  -1.33737
5.65487  3.14159  0  0  -1.0944
8.16814  3.14159  0  0  -0.792051
10.6814  3.14159  0  0  -0.614686
14.4513  3.14159  0  0  -0.457292
33.3009  3.14159  0  0  -0.198701
-29.531  3.14159  3.14159  0.00375167  0.223287
-14.4513  3.14159  3.14159  0.0171012  0.450598
-8.16814  3.14159  3.14159  0.0530398  0.761458
-5.65487  3.14159  3.14159  0.0967603  1.02226
-4.39823  3.14159  3.14159  0.135555  1.21034
-3.14159  3.14159  3.14159  0.194878  1.43361
-1.88496  3.14159  3.14159  0.286536  1.58001
-0.628319  3.14159  3.14159  0.414755  1.05157
0.628319  3.14159  3.14159  0.414755  -1.05157
1.88496  3.14159  3.14159  0.286535  -1.58001
3.14159  3.14159  3.14159  0.194878  -1.43361
4.39823  3.14159  3.14159  0.135555  -1.21034
5.65487  3.14159  3.14159  0.0967602  -1.02226
8.16814  3.14159  3.14159  0.0530396  -0.761457
10.6814  3.14159  3.14159  0.0318485  -0.599267
14.4513  3.14159  3.14159  0.0171011  -0.4506
33.3009  3.14159  3.14159  0.00291796  -0.198134
