-29.531  0  0  0.000295393  -0.455904
-14.4513  0  0  -0.000143566  -0.864271
-8.16814  0  0  -0.00131139  -1.30367
-5.65487  0  0  0.00274225  -1.55924
-4.39823  0  0  0.0120378  -1.66842
-3.14159  0  0  0.0358244  -1.68288
-1.88496  0  0  0.0905263  -1.43773
-0.628319  0  0  0.177645  -0.702466
0.628319  0  0  0.177647  0.702466
1.88496  0  0  0.0905283  1.43773
3.14159  0  0  0.0358263  1.68288
4.39823  0  0  0.0120395  1.66843
5.65487  0  0  0.00274414  1.55924
8.16814  0  0  -0.00130828  1.30367
10.6814  0  0  -0.000968296  1.09192
14.4513  0  0  -0.000143704  0.864272
33.3009  0  0  0.000261566  0.406601
-29.531  0  3.14159  0  -0.457953
-14.4513  0  3.14159  0  -0.882914
-8.16814  0  3.14159  0  -1.41175
-5.65487  0  3.14159  0  -1.86629
-4.39823  0  3.14159  0  -2.24577
-3.14159  0  3.14159  0  -2.86274
-1.88496  0  3.14159  0  -4.14926
-0.628319  0  3.14159  0  -3.85036
0.628319  0  3.14159  0  3.85036
1.88496  0  3.14159  0  4.14926
3.14159  0  3.14159  0  2.86274
4.39823  0  3.14159  0  2.24577
5.65487  0  3.14159  0  1.86629
8.16814  0  3.14159  0  1.41175
10.6814  0  3.14159  0  1.13967
14.4513  0  3.14159  0  0.882915
33.3009  0  3.14159  0  0.40802
-29.531  3.14159  0  0  -0.457953
-14.4513  3.14159  0  0  -0.882914
-8.16814  3.14159  0  0  -1.41175
-5.65487  3.14159  0  0  -1.86629
-4.39823  3.14159  0  0  -2.24577
-3.14159  3.14159  0  0  -2.86274
-1.88496  3.14159  0  0  -4.14926
-0.628319  3.14159  0  0  -3.85036
0.628319  3.14159  0  0  3.85036
1.88496  3.14159  0  0  4.14926
3.14159  3.14159  0  0  2.86274
4.39823  3.14159  0  0  2.24577
5.65487  3.14159  0  0  1.86629
8.16814  3.14159  0  0  1.41175
10.6814  3.14159  0  0  1.13967
14.4513  3.14159  0  0  0.882915
33.3009  3.14159  0  0  0.40802
-29.531  3.14159  3.14159  -0.00084683  -0.455884
-14.4513  3.14159  3.14159  -0.0020269  -0.864117
-8.16814  3.14159  3.14159  -0.0040615  -1.30307
-5.65487  3.14159  3.14159  -0.0103553  -1.55805
-4.39823  3.14159  3.14159  -0.0197924  -1.66666
-3.14159  3.14159  3.14159  -0.0394058  -1.68018
-1.88496  3.14159  3.14159  -0.0755075  -1.43363
-0.628319  3.14159  3.14159  -0.132466  -0.697093
0.628319  3.14159  3.14159  -0.132465  0.697094
1.88496  3.14159  3.14159  -0.0755054  1.43363
3.14159  3.14159  3.14159  -0.0394038  1.68018
4.39823  3.14159  3.14159  -0.0197907  1.66666
5.65487  3.14159  3.14159  -0.0103534  1.55805
8.16814  3.14159  3.14159  -0.00405844  1.30307
10.6814  3.14159  3.14159  -0.00266831  1.09159
14.4513  3.14159  3.14159  -0.00202731  0.864118
33.3009  3.14159  3.14159  -0.000699088  0.406587
