-29.531  0  0  -0.0120473  0.520859
-14.4513  0  0  -0.0465329  1.04146
-8.16814  0  0  -0.139101  1.73671
-5.65487  0  0  -0.259937  2.31111
-4.39823  0  0  -0.384892  2.7128
-3.14159  0  0  -0.588741  3.17985
-1.88496  0  0  -0.914746  3.46975
-0.628319  0  0  -1.35994  2.30691
0.628319  0  0  -1.32242  -2.31966
1.88496  0  0  -0.914808  -3.48313
3.14159  0  0  -0.581684  -3.17692
4.39823  0  0  -0.383142  -2.70951
5.65487  0  0  -0.267212  -2.30958
8.16814  0  0  -0.142634  -1.73804
10.6814  0  0  -0.0881611  -1.3756
14.4513  0  0  -0.0503149  -1.04193
33.3009  0  0  -0.00852878  -0.461827
-29.531  0  3.14159  0  0.524049
-14.4513  0  3.14159  0  1.06898
-8.16814  0  3.14159  0  1.87006
-5.65487  0  3.14159  0  2.66655
-4.39823  0  3.14159  0  3.35786
-3.14159  0  3.14159  0  4.52214
-1.88496  0  3.14159  0  6.92808
-0.628319  0  3.14159  0  19.9664
0.628319  0  3.14159  0  -20.0246
1.88496  0  3.14159  0  -7.0002
3.14159  0  3.14159  0  -4.51145
4.39823  0  3.14159  0  -3.34183
5.65487  0  3.14159  0  -2.65884
8.16814  0  3.14159  0  -1.87649
10.6814  0  3.14159  0  -1.43888
14.4513  0  3.14159  0  -1.07118
33.3009  0  3.14159  0  -0.462509
-29.531  3.14159  0  0  0.524049
-14.4513  3.14159  0  0  1.06898
-8.16814  3.14159  0  0  1.87006
-5.65487  3.14159  0  0  2.66655
-4.39823  3.14159  0  0  3.35786
-3.14159  3.14159  0  0  4.52214
-1.88496  3.14159  0  0  6.92808
-0.628319  3.14159  0  0  19.9664
0.628319  3.14159  0  0  -20.0246
1.88496  3.14159  0  0  -7.0002
3.14159  3.14159  0  0  -4.51145
4.39823  3.14159  0  0  -3.34183
5.65487  3.14159  0  0  -2.65884
8.16814  3.14159  0  0  -1.87649
10.6814  3.14159  0  0  -1.43888
14.4513  3.14159  0  0  -1.07118
33.3009  3.14159  0  0  -0.462509
-29.531  3.14159  3.14159  0.0100966  0.520903
-14.4513  3.14159  3.14159  0.0437778  1.04216
-8.16814  3.14159  3.14159  0.126135  1.73967
-5.65487  3.14159  3.14159  0.23934  2.31875
-4.39823  3.14159  3.14159  0.349465  2.72658
-3.14159  3.14159  3.14159  0.553322  3.20365
-1.88496  3.14159  3.14159  0.942931  3.50919
-0.628319  3.14159  3.14159  1.53638  2.35365
0.628319  3.14159  3.14159  1.57346  -2.36585
1.88496  3.14159  3.14159  0.942498  -3.5223
3.14159  3.14159  3.14159  0.560421  -3.20073
4.39823  3.14159  3.14159  0.351352  -2.72326
5.65487  3.14159  3.14159  0.232052  -2.31726
8.16814  3.14159  3.14159  0.122527  -1.74097
10.6814  3.14159  3.14159  0.0732036  -1.37703
14.4513  3.14159  3.14159  0.0400792  -1.04262
33.3009  3.14159  3.14159  0.00889369  -0.461913
