-25.9181  0  0  -1.03129e-06  -7.58834e-06
-13.3518  0  0  -1.15815e-05  -4.20586e-05
-8.63938  0  0  -4.80447e-05  -0.000108822
-7.06858  0  0  -8.60074e-05  -0.000157327
-5.49779  0  0  -0.000163369  -0.000229763
-3.92699  0  0  -0.000322151  -0.000320777
-2.35619  0  0  -0.000606899  -0.00036059
-0.785398  0  0  -0.000911667  -0.000180114
0.785398  0  0  -0.000911667  0.000180114
2.35619  0  0  -0.000606899  0.00036059
3.92699  0  0  -0.000322151  0.000320777
5.49779  0  0  -0.000163369  0.000229763
7.06858  0  0  -8.60074e-05  0.000157327
8.63938  0  0  -4.80447e-05  0.000108822
11.781  0  0  -1.77554e-05  5.62648e-05
16.4934  0  0  -5.48976e-06  2.50645e-05
25.9181  0  0  -1.03129e-06  7.58834e-06
-25.9181  0  3.14159  3.86264e-14  -7.52679e-06
-13.3518  0  3.14159  -4.82352e-13  -4.07065e-05
-8.63938  0  3.14159  -4.87862e-13  -0.000102793
-7.06858  0  3.14159  -4.87302e-13  -0.000149196
-5.49779  0  3.14159  -6.20449e-13  -0.000228609
-3.92699  0  3.14159  -4.10263e-13  -0.000388818
-2.35619  0  3.14159  -5.36246e-13  -0.000888958
-0.785398  0  3.14159  -2.02621e-13  -0.00991718
0.785398  0  3.14159  1.95447e-12  0.00991718
2.35619  0  3.14159  1.95729e-13  0.000888958
3.92699  0  3.14159  2.63655e-14  0.000388818
5.49779  0  3.14159  -3.09797e-13  0.000228609
7.06858  0  3.14159  -2.43654e-13  0.000149196
8.63938  0  3.14159  -2.82473e-13  0.000102793
11.781  0  3.14159  -4.18838e-13  5.40312e-05
16.4934  0  3.14159  -2.64176e-13  2.45293e-05
25.9181  0  3.14159  7.95561e-14  7.52679e-06
-25.9181  3.14159  0  3.86264e-14  -7.52679e-06
-13.3518  3.14159  0  -4.82352e-13  -4.07065e-05
-8.63938  3.14159  0  -4.87862e-13  -0.000102793
-7.06858  3.14159  0  -4.87302e-13  -0.000149196
-5.49779  3.14159  0  -6.20449e-13  -0.000228609
-3.92699  3.14159  0  -4.10263e-13  -0.000388818
-2.35619  3.14159  0  -5.36246e-13  -0.000888958
-0.785398  3.14159  0  -2.02621e-13  -0.00991718
0.785398  3.14159  0  1.95447e-12  0.00991718
2.35619  3.14159  0  1.95729e-13  0.000888958
3.92699  3.14159  0  2.63655e-14  0.000388818
5.49779  3.14159  0  -3.09797e-13  0.000228609
7.06858  3.14159  0  -2.43654e-13  0.000149196
8.63938  3.14159  0  -2.82473e-13  0.000102793
11.781  3.14159  0  -4.18838e-13  5.40312e-05
16.4934  3.14159  0  -2.64176e-13  2.45293e-05
25.9181  3.14159  0  7.95561e-14  7.52679e-06
-25.9181  3.14159  3.14159  1.03129e-06  -7.58834e-06
-13.3518  3.14159  3.14159  1.15815e-05  -4.20586e-05
-8.63938  3.14159  3.14159  4.80447e-05  -0.000108822
-7.06858  3.14159  3.14159  8.60074e-05  -0.000157327
-5.49779  3.14159  3.14159  0.000163369  -0.000229763
-3.92699  3.14159  3.14159  0.000322151  -0.000320777
-2.35619  3.14159  3.14159  0.000606899  -0.00036059
-0.785398  3.14159  3.14159  0.000911667  -0.000180114
0.785398  3.14159  3.14159  0.000911667  0.000180114
2.35619  3.14159  3.14159  0.000606899  0.00036059
3.92699  3.14159  3.14159  0.000322151  0.000320777
5.49779  3.14159  3.14159  0.000163369  0.000229763
7.06858  3.14159  3.14159  8.60074e-05  0.000157327
8.63938  3.14159  3.14159  4.80447e-05  0.000108822
11.781  3.14159  3.14159  1.77554e-05  5.62648e-05
16.4934  3.14159  3.14159  5.48975e-06  2.50645e-05
25.9181  3.14159  3.14159  1.03129e-06  7.58833e-06
