-29.531  0  0  -0.00474587  0.00918044
-14.4513  0  0  -0.0187804  0.0276533
-8.16814  0  0  0.0218911  -0.0455135
-5.65487  0  0  -0.109649  0.165272
-4.39823  0  0  0.0181205  -0.0243569
-3.14159  0  0  -0.116119  0.177706
-1.88496  0  0  0.169212  -0.220842
-0.628319  0  0  0.199094  0.167079
0.628319  0  0  0.34943  0.310244
1.88496  0  0  -0.017966  0.293686
3.14159  0  0  0.109349  -0.201895
4.39823  0  0  -0.0266914  0.0470962
5.65487  0  0  0.0801993  -0.177052
8.16814  0  0  -0.0292167  0.0398712
10.6814  0  0  0.0202672  -0.012426
14.4513  0  0  0.0183115  -0.0288269
33.3009  0  0  -0.00322763  0.00526861
-29.531  0  3.14159  7.54666e-05  -0.000485813
-14.4513  0  3.14159  0.00054796  -0.000787031
-8.16814  0  3.14159  -0.0007351  0.00118305
-5.65487  0  3.14159  0.0158687  -0.0252051
-4.39823  0  3.14159  0.00308255  0.000545771
-3.14159  0  3.14159  0.012866  -0.0160582
-1.88496  0  3.14159  -0.0165693  0.0183823
-0.628319  0  3.14159  -0.00824634  -0.0364086
0.628319  0  3.14159  -0.0804144  -0.115911
1.88496  0  3.14159  -0.0303773  -0.052742
3.14159  0  3.14159  -0.0169872  0.024304
4.39823  0  3.14159  0.00658481  -0.00576998
5.65487  0  3.14159  -0.0168941  0.022207
8.16814  0  3.14159  0.000475083  -0.00062388
10.6814  0  3.14159  -0.00412308  -0.00038102
14.4513  0  3.14159  -0.00122798  0.000832117
33.3009  0  3.14159  -9.82207e-05  0.000534214
-29.531  3.14159  0  7.54666e-05  -0.000485813
-14.4513  3.14159  0  0.00054796  -0.000787031
-8.16814  3.14159  0  -0.0007351  0.00118305
-5.65487  3.14159  0  0.0158687  -0.0252051
-4.39823  3.14159  0  0.00308255  0.000545771
-3.14159  3.14159  0  0.012866  -0.0160582
-1.88496  3.14159  0  -0.0165693  0.0183823
-0.628319  3.14159  0  -0.00824634  -0.0364086
0.628319  3.14159  0  -0.0804144  -0.115911
1.88496  3.14159  0  -0.0303773  -0.052742
3.14159  3.14159  0  -0.0169872  0.024304
4.39823  3.14159  0  0.00658481  -0.00576998
5.65487  3.14159  0  -0.0168941  0.022207
8.16814  3.14159  0  0.000475083  -0.00062388
10.6814  3.14159  0  -0.00412308  -0.00038102
14.4513  3.14159  0  -0.00122798  0.000832117
33.3009  3.14159  0  -9.82207e-05  0.000534214
-29.531  3.14159  3.14159  0.0047852  -0.0091271
-14.4513  3.14159  3.14159  0.0191962  -0.0289398
-8.16814  3.14159  3.14159  -0.0206163  0.0413667
-5.65487  3.14159  3.14159  0.112077  -0.161215
-4.39823  3.14159  3.14159  -0.0190159  0.0202286
-3.14159  3.14159  3.14159  0.111472  -0.171307
-1.88496  3.14159  3.14159  -0.166592  0.215295
-0.628319  3.14159  3.14159  -0.18869  -0.164625
0.628319  3.14159  3.14159  -0.330677  -0.319014
1.88496  3.14159  3.14159  0.0234108  -0.291563
3.14159  3.14159  3.14159  -0.112974  0.192666
4.39823  3.14159  3.14159  0.0222801  -0.044659
5.65487  3.14159  3.14159  -0.0814774  0.173181
8.16814  3.14159  3.14159  0.0267863  -0.0361597
10.6814  3.14159  3.14159  -0.020982  0.0133602
14.4513  3.14159  3.14159  -0.0187881  0.03007
33.3009  3.14159  3.14159  0.00310609  -0.00504527
