-29.531  0  0  2.34308e-07  -9.67075e-06
-14.4513  0  0  2.43974e-06  -6.62882e-05
-8.16814  0  0  9.1989e-06  -0.000246656
-5.65487  0  0  1.90947e-05  -0.000477124
-4.39823  0  0  3.13199e-05  -0.000661091
-3.14159  0  0  5.66479e-05  -0.000850725
-1.88496  0  0  0.000103223  -0.000862919
-0.628319  0  0  0.000154579  -0.00039919
0.628319  0  0  0.000154572  0.000399206
1.88496  0  0  0.000103212  0.000862922
3.14159  0  0  5.66282e-05  0.000850726
4.39823  0  0  3.13029e-05  0.000661092
5.65487  0  0  1.90792e-05  0.000477127
8.16814  0  0  9.18366e-06  0.000246648
10.6814  0  0  5.18852e-06  0.000137548
14.4513  0  0  2.4298e-06  6.62877e-05
33.3009  0  0  1.47388e-07  6.87008e-06
-29.531  0  3.14159  1.45483e-09  -9.49972e-06
-14.4513  0  3.14159  3.66741e-09  -6.17472e-05
-8.16814  0  3.14159  8.1499e-09  -0.00020676
-5.65487  0  3.14159  -9.92736e-10  -0.000382229
-4.39823  0  3.14159  1.98536e-09  -0.000551736
-3.14159  0  3.14159  -2.99979e-09  -0.000880037
-1.88496  0  3.14159  4.94652e-08  -0.00188766
-0.628319  0  3.14159  1.34969e-06  -0.0197233
0.628319  0  3.14159  1.19658e-06  0.0197233
1.88496  0  3.14159  -2.99406e-09  0.00188766
3.14159  0  3.14159  -3.5712e-08  0.000880036
4.39823  0  3.14159  -2.25007e-08  0.000551735
5.65487  0  3.14159  -2.08984e-08  0.000382229
8.16814  0  3.14159  -6.78234e-09  0.000206759
10.6814  0  3.14159  -1.48072e-09  0.000121867
14.4513  0  3.14159  -5.73165e-09  6.17465e-05
33.3009  0  3.14159  -1.62358e-09  6.77337e-06
-29.531  3.14159  0  1.45483e-09  -9.49972e-06
-14.4513  3.14159  0  3.66741e-09  -6.17472e-05
-8.16814  3.14159  0  8.1499e-09  -0.00020676
-5.65487  3.14159  0  -9.92736e-10  -0.000382229
-4.39823  3.14159  0  1.98536e-09  -0.000551736
-3.14159  3.14159  0  -2.99979e-09  -0.000880037
-1.88496  3.14159  0  4.94652e-08  -0.00188766
-0.628319  3.14159  0  1.34969e-06  -0.0197233
0.628319  3.14159  0  1.19658e-06  0.0197233
1.88496  3.14159  0  -2.99406e-09  0.00188766
3.14159  3.14159  0  -3.5712e-08  0.000880036
4.39823  3.14159  0  -2.25007e-08  0.000551735
5.65487  3.14159  0  -2.08984e-08  0.000382229
8.16814  3.14159  0  -6.78234e-09  0.000206759
10.6814  3.14159  0  -1.48072e-09  0.000121867
14.4513  3.14159  0  -5.73165e-09  6.17465e-05
33.3009  3.14159  0  -1.62358e-09  6.77337e-06
-29.531  3.14159  3.14159  -2.31823e-07  -9.67078e-06
-14.4513  3.14159  3.14159  -2.42969e-06  -6.62886e-05
-8.16814  3.14159  3.14159  -9.18281e-06  -0.000246657
-5.65487  3.14159  3.14159  -1.90851e-05  -0.000477125
-4.39823  3.14159  3.14159  -3.13125e-05  -0.000661093
-3.14159  3.14159  3.14159  -5.66348e-05  -0.000850727
-1.88496  3.14159  3.14159  -0.00010321  -0.000862921
-0.628319  3.14159  3.14159  -0.000154559  -0.000399192
0.628319  3.14159  3.14159  -0.000154566  0.000399204
1.88496  3.14159  3.14159  -0.000103221  0.000862919
3.14159  3.14159  3.14159  -5.66546e-05  0.000850724
4.39823  3.14159  3.14159  -3.13295e-05  0.00066109
5.65487  3.14159  3.14159  -1.90997e-05  0.000477126
8.16814  3.14159  3.14159  -9.19822e-06  0.000246648
10.6814  3.14159  3.14159  -5.20076e-06  0.000137548
14.4513  3.14159  3.14159  -2.43996e-06  6.62874e-05
33.3009  3.14159  3.14159  -1.5111e-07  6.87008e-06
