-29.531  0  0  -0.00373068  0.000879409
-14.4513  0  0  -0.00422305  0.00363713
-8.16814  0  0  -0.00632061  -0.00279122
-5.65487  0  0  0.00121745  0.00793821
-4.39823  0  0  0.0137808  0.00935292
-3.14159  0  0  -0.0108661  -0.015936
-1.88496  0  0  -0.0362938  -0.0181534
-0.628319  0  0  -0.0309974  0.0375036
0.628319  0  0  0.0125513  0.0146125
1.88496  0  0  0.00651775  -0.0261582
3.14159  0  0  0.00285989  0.0151494
4.39823  0  0  -0.00397978  0.0268425
5.65487  0  0  -0.00130967  -0.0047962
8.16814  0  0  0.00568824  -0.00125034
10.6814  0  0  0.00526245  0.00292197
14.4513  0  0  0.00357276  0.000844104
33.3009  0  0  0.00497672  0.0005842
-29.531  0  3.14159  -0.0161194  0.0070449
-14.4513  0  3.14159  -0.0187214  0.0161343
-8.16814  0  3.14159  -0.0243543  -0.00123481
-5.65487  0  3.14159  0.0232417  -0.00619659
-4.39823  0  3.14159  0.129713  -0.0208712
-3.14159  0  3.14159  0.0437619  -0.0419016
-1.88496  0  3.14159  -0.171462  -0.0696517
-0.628319  0  3.14159  -0.120275  0.0322957
0.628319  0  3.14159  0.11429  -0.056612
1.88496  0  3.14159  0.0802201  -0.139298
3.14159  0  3.14159  -0.0573328  0.0284004
4.39823  0  3.14159  -0.0966983  0.0848524
5.65487  0  3.14159  -0.022126  0.0095236
8.16814  0  3.14159  0.0189982  -0.0127153
10.6814  0  3.14159  0.00142515  0.0129747
14.4513  0  3.14159  0.0272067  0.00418027
33.3009  0  3.14159  0.0255495  -0.0101431
-29.531  3.14159  0  -0.0161194  0.0070449
-14.4513  3.14159  0  -0.0187214  0.0161343
-8.16814  3.14159  0  -0.0243543  -0.00123481
-5.65487  3.14159  0  0.0232417  -0.00619659
-4.39823  3.14159  0  0.129713  -0.0208712
-3.14159  3.14159  0  0.0437619  -0.0419016
-1.88496  3.14159  0  -0.171462  -0.0696517
-0.628319  3.14159  0  -0.120275  0.0322957
0.628319  3.14159  0  0.11429  -0.056612
1.88496  3.14159  0  0.0802201  -0.139298
3.14159  3.14159  0  -0.0573328  0.0284004
4.39823  3.14159  0  -0.0966983  0.0848524
5.65487  3.14159  0  -0.022126  0.0095236
8.16814  3.14159  0  0.0189982  -0.0127153
10.6814  3.14159  0  0.00142515  0.0129747
14.4513  3.14159  0  0.0272067  0.00418027
33.3009  3.14159  0  0.0255495  -0.0101431
-29.531  3.14159  3.14159  -0.00270039  -0.000636444
-14.4513  3.14159  3.14159  -0.00582207  -0.00169002
-8.16814  3.14159  3.14159  0.00139796  -0.000497255
-5.65487  3.14159  3.14159  -0.0258563  -0.00147035
-4.39823  3.14159  3.14159  0.019307  0.0368649
-3.14159  3.14159  3.14159  0.0512471  0.00724947
-1.88496  3.14159  3.14159  -9.0059e-05  -0.0490929
-0.628319  3.14159  3.14159  -0.0274461  -0.0344756
0.628319  3.14159  3.14159  0.0488247  -0.0153235
1.88496  3.14159  3.14159  0.0241416  -0.0493353
3.14159  3.14159  3.14159  -0.0426152  -0.0346353
4.39823  3.14159  3.14159  -0.0244852  0.00501218
5.65487  3.14159  3.14159  0.0270255  0.00236169
8.16814  3.14159  3.14159  -0.00109344  -0.00146519
10.6814  3.14159  3.14159  0.00440679  -0.00720449
14.4513  3.14159  3.14159  0.00489201  -0.00101467
33.3009  3.14159  3.14159  -0.0029664  0.000859242
