-29.531  0  0  -1.20078e-05  0.000794002
-14.4513  0  0  0.000139353  0.00014898
-8.16814  0  0  -0.000148209  0.00124131
-5.65487  0  0  0.00136651  0.00523872
-4.39823  0  0  -0.00408587  0.00103926
-3.14159  0  0  -0.00209723  0.00674537
-1.88496  0  0  0.00475668  -0.00117493
-0.628319  0  0  0.00629931  0.00107655
0.628319  0  0  0.00609952  -0.000573739
1.88496  0  0  0.00378487  0.00150748
3.14159  0  0  -0.00138421  -0.00675757
4.39823  0  0  -0.00415072  -0.00104052
5.65487  0  0  0.00206821  -0.00522348
8.16814  0  0  -0.000188003  -0.00123782
10.6814  0  0  -7.00268e-05  -0.00148775
14.4513  0  0  0.000145149  -0.00014767
33.3009  0  0  1.92775e-05  -0.00130225
-29.531  0  3.14159  -8.33498e-09  0.000984538
-14.4513  0  3.14159  -4.29461e-07  0.0024762
-8.16814  0  3.14159  -2.03602e-06  0.0067138
-5.65487  0  3.14159  -2.22751e-06  0.00958824
-4.39823  0  3.14159  2.75602e-06  0.00293923
-3.14159  0  3.14159  3.05055e-06  0.00764389
-1.88496  0  3.14159  4.50773e-06  0.00486404
-0.628319  0  3.14159  3.71218e-05  0.0121137
0.628319  0  3.14159  -2.91055e-06  -0.0121177
1.88496  0  3.14159  -7.14566e-06  -0.00486516
3.14159  0  3.14159  7.47687e-07  -0.00764354
4.39823  0  3.14159  -8.70192e-07  -0.00293819
5.65487  0  3.14159  3.17198e-06  -0.00958881
8.16814  0  3.14159  2.27529e-06  -0.00671381
10.6814  0  3.14159  1.09339e-06  -0.00413406
14.4513  0  3.14159  6.11791e-07  -0.00247626
33.3009  0  3.14159  -4.52869e-07  -0.000258449
-29.531  3.14159  0  -8.33498e-09  0.000984538
-14.4513  3.14159  0  -4.29461e-07  0.0024762
-8.16814  3.14159  0  -2.03602e-06  0.0067138
-5.65487  3.14159  0  -2.22751e-06  0.00958824
-4.39823  3.14159  0  2.75602e-06  0.00293923
-3.14159  3.14159  0  3.05055e-06  0.00764389
-1.88496  3.14159  0  4.50773e-06  0.00486404
-0.628319  3.14159  0  3.71218e-05  0.0121137
0.628319  3.14159  0  -2.91055e-06  -0.0121177
1.88496  3.14159  0  -7.14566e-06  -0.00486516
3.14159  3.14159  0  7.47687e-07  -0.00764354
4.39823  3.14159  0  -8.70192e-07  -0.00293819
5.65487  3.14159  0  3.17198e-06  -0.00958881
8.16814  3.14159  0  2.27529e-06  -0.00671381
10.6814  3.14159  0  1.09339e-06  -0.00413406
14.4513  3.14159  0  6.11791e-07  -0.00247626
33.3009  3.14159  0  -4.52869e-07  -0.000258449
-29.531  3.14159  3.14159  2.58486e-05  0.000795265
-14.4513  3.14159  3.14159  0.000291431  0.000155791
-8.16814  3.14159  3.14159  0.000254034  0.00123167
-5.65487  3.14159  3.14159  0.00205836  0.00525391
-4.39823  3.14159  3.14159  -0.00315392  0.00103734
-3.14159  3.14159  3.14159  -0.000802941  0.0067705
-1.88496  3.14159  3.14159  0.00641051  -0.00119092
-0.628319  3.14159  3.14159  0.00831285  0.00106274
0.628319  3.14159  3.14159  0.00811572  -0.000577616
1.88496  3.14159  3.14159  0.00544799  0.00153492
3.14159  3.14159  3.14159  -0.000105351  -0.0067922
4.39823  3.14159  3.14159  -0.00321758  -0.00103783
5.65487  3.14159  3.14159  0.00275388  -0.00523768
8.16814  3.14159  3.14159  0.000219428  -0.00122991
10.6814  3.14159  3.14159  0.000179933  -0.00150412
14.4513  3.14159  3.14159  0.000292746  -0.000155746
33.3009  3.14159  3.14159  4.94462e-05  -0.00130175
