-29.531  0  0  -1.85782e-05  0.000973962
-14.4513  0  0  -7.38792e-05  0.00188637
-8.16814  0  0  -0.000201025  0.00291473
-5.65487  0  0  -0.000345082  0.00351043
-4.39823  0  0  -0.00046691  0.00374238
-3.14159  0  0  -0.000635654  0.00371272
-1.88496  0  0  -0.000838086  0.00301935
-0.628319  0  0  -0.000997695  0.00122724
0.628319  0  0  -0.000997681  -0.00122716
1.88496  0  0  -0.000838087  -0.00301931
3.14159  0  0  -0.000635654  -0.0037127
4.39823  0  0  -0.000466906  -0.00374239
5.65487  0  0  -0.000345091  -0.00351044
8.16814  0  0  -0.000200986  -0.00291492
10.6814  0  0  -0.000127905  -0.00241521
14.4513  0  0  -7.38906e-05  -0.00188633
33.3009  0  0  -1.46767e-05  -0.000866836
-29.531  0  3.14159  9.12414e-10  0.000990837
-14.4513  0  3.14159  4.48591e-10  0.00202303
-8.16814  0  3.14159  9.6182e-10  0.0035671
-5.65487  0  3.14159  5.5435e-10  0.00512616
-4.39823  0  3.14159  1.42678e-09  0.00656295
-3.14159  0  3.14159  1.95756e-09  0.00913903
-1.88496  0  3.14159  2.17356e-09  0.0151497
-0.628319  0  3.14159  9.78195e-09  0.0452905
0.628319  0  3.14159  -8.4583e-09  -0.0452905
1.88496  0  3.14159  -1.4657e-09  -0.0151497
3.14159  0  3.14159  -1.58229e-09  -0.00913903
4.39823  0  3.14159  -1.8685e-09  -0.00656295
5.65487  0  3.14159  -4.68605e-10  -0.00512616
8.16814  0  3.14159  -6.70209e-10  -0.0035671
10.6814  0  3.14159  -4.37274e-10  -0.00273374
14.4513  0  3.14159  -3.00581e-10  -0.00202303
33.3009  0  3.14159  -2.31011e-10  -0.000878701
-29.531  3.14159  0  9.12414e-10  0.000990837
-14.4513  3.14159  0  4.48591e-10  0.00202303
-8.16814  3.14159  0  9.6182e-10  0.0035671
-5.65487  3.14159  0  5.5435e-10  0.00512616
-4.39823  3.14159  0  1.42678e-09  0.00656295
-3.14159  3.14159  0  1.95756e-09  0.00913903
-1.88496  3.14159  0  2.17356e-09  0.0151497
-0.628319  3.14159  0  9.78195e-09  0.0452905
0.628319  3.14159  0  -8.4583e-09  -0.0452905
1.88496  3.14159  0  -1.4657e-09  -0.0151497
3.14159  3.14159  0  -1.58229e-09  -0.00913903
4.39823  3.14159  0  -1.8685e-09  -0.00656295
5.65487  3.14159  0  -4.68605e-10  -0.00512616
8.16814  3.14159  0  -6.70209e-10  -0.0035671
10.6814  3.14159  0  -4.37274e-10  -0.00273374
14.4513  3.14159  0  -3.00581e-10  -0.00202303
33.3009  3.14159  0  -2.31011e-10  -0.000878701
-29.531  3.14159  3.14159  1.86335e-05  0.000973979
-14.4513  3.14159  3.14159  7.38887e-05  0.00188638
-8.16814  3.14159  3.14159  0.000200985  0.00291473
-5.65487  3.14159  3.14159  0.000345235  0.00351043
-4.39823  3.14159  3.14159  0.000467029  0.00374238
-3.14159  3.14159  3.14159  0.000635608  0.00371272
-1.88496  3.14159  3.14159  0.000838316  0.00301935
-0.628319  3.14159  3.14159  0.000997734  0.00122724
0.628319  3.14159  3.14159  0.000997747  -0.00122716
1.88496  3.14159  3.14159  0.000838315  -0.00301932
3.14159  3.14159  3.14159  0.000635608  -0.0037127
4.39823  3.14159  3.14159  0.000467032  -0.00374239
5.65487  3.14159  3.14159  0.000345226  -0.00351044
8.16814  3.14159  3.14159  0.000201034  -0.00291495
10.6814  3.14159  3.14159  0.000127911  -0.00241522
14.4513  3.14159  3.14159  7.3876e-05  -0.00188633
33.3009  3.14159  3.14159  1.46706e-05  -0.000866839
