-54.6637  0  0  -3.03716  20.9575
-27.0177  0  0  29.3101  -55.179
-13.1947  0  0  82.7472  18.3044
-10.6814  0  0  67.158  -92.4055
-8.16814  0  0  38.3316  -141.041
-6.9115  0  0  169.117  -67.0009
-5.65487  0  0  -12.3368  -473.658
-4.39823  0  0  212.274  24.2687
-3.14159  0  0  -556.693  -348.04
-1.88496  0  0  -553.827  218.321
-0.628319  0  0  -542.699  -144.931
0.628319  0  0  -586.985  -337.38
1.88496  0  0  -253.031  -426.927
3.14159  0  0  -715.411  -179.684
4.39823  0  0  124.391  76.6301
5.65487  0  0  -291.533  307.584
6.9115  0  0  76.1235  163.434
8.16814  0  0  -79.3268  150.797
10.6814  0  0  -3.82241  110.139
15.708  0  0  -109.753  166.118
33.3009  0  0  -7.78928  -1.44132
-54.6637  0  3.14159  -10.82  7.6202
-27.0177  0  3.14159  11.2692  -3.45367
-13.1947  0  3.14159  -20.5995  34.1625
-10.6814  0  3.14159  54.6251  -14.9928
-8.16814  0  3.14159  11.9876  -56.2103
-6.9115  0  3.14159  60.282  13.9281
-5.65487  0  3.14159  181.373  -137.807
-4.39823  0  3.14159  -56.5159  166.692
-3.14159  0  3.14159  -284.914  -68.3634
-1.88496  0  3.14159  -368.147  -209.942
-0.628319  0  3.14159  -366.793  105.916
0.628319  0  3.14159  103.469  -312.796
1.88496  0  3.14159  -268.703  -415.124
3.14159  0  3.14159  -46.4485  -246.69
4.39823  0  3.14159  155.563  -1.44784
5.65487  0  3.14159  -163.067  189.436
6.9115  0  3.14159  -0.22821  61.725
8.16814  0  3.14159  -59.198  -22.9578
10.6814  0  3.14159  -30.0746  52.8731
15.708  0  3.14159  -53.4266  30.3652
33.3009  0  3.14159  19.9372  -16.8185
-54.6637  3.14159  0  -10.82  7.6202
-27.0177  3.14159  0  11.2692  -3.45367
-13.1947  3.14159  0  -20.5995  34.1625
-10.6814  3.14159  0  54.6251  -14.9928
-8.16814  3.14159  0  11.9876  -56.2103
-6.9115  3.14159  0  60.282  13.9281
-5.65487  3.14159  0  181.373  -137.807
-4.39823  3.14159  0  -56.5159  166.692
-3.14159  3.14159  0  -284.914  -68.3634
-1.88496  3.14159  0  -368.147  -209.942
-0.628319  3.14159  0  -366.793  105.916
0.628319  3.14159  0  103.469  -312.796
1.88496  3.14159  0  -268.703  -415.124
3.14159  3.14159  0  -46.4485  -246.69
4.39823  3.14159  0  155.563  -1.44784
5.65487  3.14159  0  -163.067  189.436
6.9115  3.14159  0  -0.22821  61.725
8.16814  3.14159  0  -59.198  -22.9578
10.6814  3.14159  0  -30.0746  52.8731
15.708  3.14159  0  -53.4266  30.3652
33.3009  3.14159  0  19.9372  -16.8185
-54.6637  3.14159  3.14159  -8.28657  -5.83553
-27.0177  3.14159  3.14159  13.6042  7.17231
-13.1947  3.14159  3.14159  -34.9696  15.6363
-10.6814  3.14159  3.14159  46.5143  19.3207
-8.16814  3.14159  3.14159  -22.334  74.3665
-6.9115  3.14159  3.14159  37.9467  38.6953
-5.65487  3.14159  3.14159  159.979  -88.1105
-4.39823  3.14159  3.14159  -47.1269  77.7853
-3.14159  3.14159  3.14159  -168.802  -413.709
-1.88496  3.14159  3.14159  -347.005  -122.232
-0.628319  3.14159  3.14159  -464.131  -722.343
0.628319  3.14159  3.14159  -404.352  50.8214
1.88496  3.14159  3.14159  -39.2459  -640.094
3.14159  3.14159  3.14159  -128.301  -37.7445
4.39823  3.14159  3.14159  102.861  152.437
5.65487  3.14159  3.14159  -253.622  86.3214
6.9115  3.14159  3.14159  -30.5911  38.5233
8.16814  3.14159  3.14159  10.7492  -170.562
10.6814  3.14159  3.14159  -45.2019  22.8598
15.708  3.14159  3.14159  -63.9072  2.02576
33.3009  3.14159  3.14159  12.163  9.29151
