-54.6637  0  0  2.46026e-05  0.00026891
-27.0177  0  0  9.82381e-05  0.00053059
-13.1947  0  0  0.000373207  0.000982944
-10.6814  0  0  0.000534557  0.00113884
-8.16814  0  0  0.000810932  0.00131965
-6.9115  0  0  0.00102182  0.0014059
-5.65487  0  0  0.00130353  0.00146625
-4.39823  0  0  0.00167056  0.00146041
-3.14159  0  0  0.00211449  0.0013199
-1.88496  0  0  0.00256571  0.000961225
-0.628319  0  0  0.00287027  0.000358619
0.628319  0  0  0.00286979  -0.000358742
1.88496  0  0  0.0025658  -0.000961252
3.14159  0  0  0.00211439  -0.00131998
4.39823  0  0  0.00167043  -0.00146052
5.65487  0  0  0.00130345  -0.00146629
6.9115  0  0  0.00102172  -0.00140595
8.16814  0  0  0.000810889  -0.00131965
10.6814  0  0  0.000534498  -0.00113887
15.708  0  0  0.000273251  -0.000857346
33.3009  0  0  6.53652e-05  -0.000435366
-54.6637  0  3.14159  1.51854e-05  0.000270357
-27.0177  0  3.14159  6.18688e-05  0.000542007
-13.1947  0  3.14159  0.000251348  0.00106536
-10.6814  0  3.14159  0.000373331  0.00127932
-8.16814  0  3.14159  0.000602599  0.00158205
-6.9115  0  3.14159  0.000797879  0.00177861
-5.65487  0  3.14159  0.00109359  0.00200742
-4.39823  0  3.14159  0.00156001  0.00224982
-3.14159  0  3.14159  0.0023128  0.00241707
-1.88496  0  3.14159  0.003448  0.00220588
-0.628319  0  3.14159  0.00458572  0.0010057
0.628319  0  3.14159  0.0045851  -0.00100583
1.88496  0  3.14159  0.00344807  -0.00220588
3.14159  0  3.14159  0.00231265  -0.00241715
4.39823  0  3.14159  0.00155983  -0.00224993
5.65487  0  3.14159  0.00109349  -0.00200744
6.9115  0  3.14159  0.000797767  -0.00177866
8.16814  0  3.14159  0.000602552  -0.00158204
10.6814  0  3.14159  0.000373268  -0.00127935
15.708  0  3.14159  0.000179786  -0.000909329
33.3009  0  3.14159  4.07922e-05  -0.000441593
-54.6637  3.14159  0  1.51854e-05  0.000270357
-27.0177  3.14159  0  6.18688e-05  0.000542007
-13.1947  3.14159  0  0.000251348  0.00106536
-10.6814  3.14159  0  0.000373331  0.00127932
-8.16814  3.14159  0  0.000602599  0.00158205
-6.9115  3.14159  0  0.000797879  0.00177861
-5.65487  3.14159  0  0.00109359  0.00200742
-4.39823  3.14159  0  0.00156001  0.00224982
-3.14159  3.14159  0  0.0023128  0.00241707
-1.88496  3.14159  0  0.003448  0.00220588
-0.628319  3.14159  0  0.00458572  0.0010057
0.628319  3.14159  0  0.0045851  -0.00100583
1.88496  3.14159  0  0.00344807  -0.00220588
3.14159  3.14159  0  0.00231265  -0.00241715
4.39823  3.14159  0  0.00155983  -0.00224993
5.65487  3.14159  0  0.00109349  -0.00200744
6.9115  3.14159  0  0.000797767  -0.00177866
8.16814  3.14159  0  0.000602552  -0.00158204
10.6814  3.14159  0  0.000373268  -0.00127935
15.708  3.14159  0  0.000179786  -0.000909329
33.3009  3.14159  0  4.07922e-05  -0.000441593
-54.6637  3.14159  3.14159  5.6349e-06  0.00027103
-27.0177  3.14159  3.14159  2.3378e-05  0.000547432
-13.1947  3.14159  3.14159  9.86347e-05  0.00110884
-10.6814  3.14159  3.14159  0.000148417  0.0013585
-8.16814  3.14159  3.14159  0.000243986  0.00174793
-6.9115  3.14159  3.14159  0.000327537  0.00203694
-5.65487  3.14159  3.14159  0.000458465  0.00243767
-4.39823  3.14159  3.14159  0.000680883  0.00303412
-3.14159  3.14159  3.14159  0.00112006  0.00403463
-1.88496  3.14159  3.14159  0.00235593  0.0060981
-0.628319  3.14159  3.14159  0.0102367  0.0104753
0.628319  3.14159  3.14159  0.0102356  -0.0104756
1.88496  3.14159  3.14159  0.0023559  -0.00609802
3.14159  3.14159  3.14159  0.00111985  -0.00403467
4.39823  3.14159  3.14159  0.000680673  -0.00303421
5.65487  3.14159  3.14159  0.00045836  -0.00243768
6.9115  3.14159  3.14159  0.00032741  -0.00203697
8.16814  3.14159  3.14159  0.000243937  -0.00174789
10.6814  3.14159  3.14159  0.00014835  -0.00135853
15.708  3.14159  3.14159  6.98096e-05  -0.000935667
33.3009  3.14159  3.14159  1.52857e-05  -0.00044452
