-54.6637  0  0  0.00012195  -0.40697
-27.0177  0  0  0.00020292  -0.798906
-13.1947  0  0  -0.000180328  -1.46234
-10.6814  0  0  0.00010889  -1.68612
-8.16814  0  0  0.00176095  -1.94006
-6.9115  0  0  0.00387377  -2.05627
-5.65487  0  0  0.00766555  -2.12913
-4.39823  0  0  0.0140831  -2.09844
-3.14159  0  0  0.024009  -1.86873
-1.88496  0  0  0.0367555  -1.33976
-0.628319  0  0  0.0471381  -0.495845
0.628319  0  0  0.0471382  0.495845
1.88496  0  0  0.0367555  1.33976
3.14159  0  0  0.024009  1.86873
4.39823  0  0  0.0140831  2.09844
5.65487  0  0  0.00766551  2.12913
6.9115  0  0  0.00387377  2.05627
8.16814  0  0  0.00176093  1.94006
10.6814  0  0  0.000108866  1.68612
15.708  0  0  -0.000112106  1.28002
33.3009  0  0  0.000206322  0.656908
-54.6637  0  3.14159  9.87717e-09  -0.408734
-27.0177  0  3.14159  7.3425e-09  -0.813984
-13.1947  0  3.14159  4.62528e-08  -1.59899
-10.6814  0  3.14159  3.5266e-08  -1.94324
-8.16814  0  3.14159  3.51489e-08  -2.49028
-6.9115  0  3.14159  1.0316e-07  -2.90984
-5.65487  0  3.14159  1.36168e-07  -3.51353
-4.39823  0  3.14159  2.21314e-07  -4.45485
-3.14159  0  3.14159  9.60859e-09  -6.10624
-1.88496  0  3.14159  8.55723e-07  -9.56711
-0.628319  0  3.14159  1.82895e-06  -7.15083
0.628319  0  3.14159  1.61148e-06  7.15083
1.88496  0  3.14159  7.87366e-07  9.56711
3.14159  0  3.14159  -3.48465e-08  6.10624
4.39823  0  3.14159  1.87279e-07  4.45485
5.65487  0  3.14159  1.08734e-07  3.51353
6.9115  0  3.14159  7.95614e-08  2.90984
8.16814  0  3.14159  1.42319e-08  2.49028
10.6814  0  3.14159  1.85321e-08  1.94324
15.708  0  3.14159  5.42243e-09  1.36021
33.3009  0  3.14159  -6.80828e-09  0.664857
-54.6637  3.14159  0  9.87717e-09  -0.408734
-27.0177  3.14159  0  7.3425e-09  -0.813984
-13.1947  3.14159  0  4.62528e-08  -1.59899
-10.6814  3.14159  0  3.5266e-08  -1.94324
-8.16814  3.14159  0  3.51489e-08  -2.49028
-6.9115  3.14159  0  1.0316e-07  -2.90984
-5.65487  3.14159  0  1.36168e-07  -3.51353
-4.39823  3.14159  0  2.21314e-07  -4.45485
-3.14159  3.14159  0  9.60859e-09  -6.10624
-1.88496  3.14159  0  8.55723e-07  -9.56711
-0.628319  3.14159  0  1.82895e-06  -7.15083
0.628319  3.14159  0  1.61148e-06  7.15083
1.88496  3.14159  0  7.87366e-07  9.56711
3.14159  3.14159  0  -3.48465e-08  6.10624
4.39823  3.14159  0  1.87279e-07  4.45485
5.65487  3.14159  0  1.08734e-07  3.51353
6.9115  3.14159  0  7.95614e-08  2.90984
8.16814  3.14159  0  1.42319e-08  2.49028
10.6814  3.14159  0  1.85321e-08  1.94324
15.708  3.14159  0  5.42243e-09  1.36021
33.3009  3.14159  0  -6.80828e-09  0.664857
-54.6637  3.14159  3.14159  -0.000121852  -0.40697
-27.0177  3.14159  3.14159  -0.000202726  -0.798906
-13.1947  3.14159  3.14159  0.000180471  -1.46234
-10.6814  3.14159  3.14159  -0.00010884  -1.68612
-8.16814  3.14159  3.14159  -0.0017608  -1.94006
-6.9115  3.14159  3.14159  -0.00387373  -2.05627
-5.65487  3.14159  3.14159  -0.00766555  -2.12913
-4.39823  3.14159  3.14159  -0.0140828  -2.09844
-3.14159  3.14159  3.14159  -0.0240091  -1.86873
-1.88496  3.14159  3.14159  -0.0367557  -1.33976
-0.628319  3.14159  3.14159  -0.0471385  -0.495845
0.628319  3.14159  3.14159  -0.0471384  0.495845
1.88496  3.14159  3.14159  -0.0367557  1.33976
3.14159  3.14159  3.14159  -0.0240091  1.86873
4.39823  3.14159  3.14159  -0.0140828  2.09844
5.65487  3.14159  3.14159  -0.00766558  2.12913
6.9115  3.14159  3.14159  -0.00387373  2.05627
8.16814  3.14159  3.14159  -0.00176081  1.94006
10.6814  3.14159  3.14159  -0.000108864  1.68612
15.708  3.14159  3.14159  0.000112146  1.28002
33.3009  3.14159  3.14159  -0.000206314  0.656908
