-54.6637  0  0  -0.00439334  0.406998
-27.0177  0  0  -0.0171249  0.815028
-13.1947  0  0  -0.0678974  1.56151
-10.6814  0  0  -0.100984  1.85165
-8.16814  0  0  -0.151351  2.23368
-6.9115  0  0  -0.203031  2.46353
-5.65487  0  0  -0.264129  2.70296
-4.39823  0  0  -0.362478  2.86404
-3.14159  0  0  -0.477093  2.84962
-1.88496  0  0  -0.638188  2.31952
-0.628319  0  0  -0.771121  0.94173
0.628319  0  0  -0.770624  -0.942342
1.88496  0  0  -0.637944  -2.32037
3.14159  0  0  -0.47692  -2.85019
4.39823  0  0  -0.362301  -2.86375
5.65487  0  0  -0.264664  -2.70298
6.9115  0  0  -0.203133  -2.46343
8.16814  0  0  -0.151405  -2.23379
10.6814  0  0  -0.101123  -1.85159
15.708  0  0  -0.0474213  -1.34378
33.3009  0  0  -0.0111822  -0.664577
-54.6637  0  3.14159  -5.31376e-06  0.409364
-27.0177  0  3.14159  -1.34595e-05  0.827584
-13.1947  0  3.14159  -1.65291e-05  1.69569
-10.6814  0  3.14159  -1.65235e-05  2.09357
-8.16814  0  3.14159  1.57877e-05  2.74505
-6.9115  0  3.14159  -3.66683e-05  3.21892
-5.65487  0  3.14159  -6.03854e-05  3.9163
-4.39823  0  3.14159  -2.90533e-05  5.02838
-3.14159  0  3.14159  -1.25574e-05  7.00897
-1.88496  0  3.14159  0.000183093  11.6845
-0.628319  0  3.14159  -7.65104e-05  34.7303
0.628319  0  3.14159  0.000246034  -34.7303
1.88496  0  3.14159  -0.000136704  -11.6845
3.14159  0  3.14159  4.53911e-05  -7.00896
4.39823  0  3.14159  4.21253e-05  -5.02839
5.65487  0  3.14159  8.10945e-05  -3.9163
6.9115  0  3.14159  4.18068e-05  -3.21892
8.16814  0  3.14159  -1.92034e-05  -2.74505
10.6814  0  3.14159  2.29328e-05  -2.09357
15.708  0  3.14159  2.62992e-05  -1.422
33.3009  0  3.14159  -1.34031e-06  -0.675094
-54.6637  3.14159  0  -5.31376e-06  0.409364
-27.0177  3.14159  0  -1.34595e-05  0.827584
-13.1947  3.14159  0  -1.65291e-05  1.69569
-10.6814  3.14159  0  -1.65235e-05  2.09357
-8.16814  3.14159  0  1.57877e-05  2.74505
-6.9115  3.14159  0  -3.66683e-05  3.21892
-5.65487  3.14159  0  -6.03854e-05  3.9163
-4.39823  3.14159  0  -2.90533e-05  5.02838
-3.14159  3.14159  0  -1.25574e-05  7.00897
-1.88496  3.14159  0  0.000183093  11.6845
-0.628319  3.14159  0  -7.65104e-05  34.7303
0.628319  3.14159  0  0.000246034  -34.7303
1.88496  3.14159  0  -0.000136704  -11.6845
3.14159  3.14159  0  4.53911e-05  -7.00896
4.39823  3.14159  0  4.21253e-05  -5.02839
5.65487  3.14159  0  8.10945e-05  -3.9163
6.9115  3.14159  0  4.18068e-05  -3.21892
8.16814  3.14159  0  -1.92034e-05  -2.74505
10.6814  3.14159  0  2.29328e-05  -2.09357
15.708  3.14159  0  2.62992e-05  -1.422
33.3009  3.14159  0  -1.34031e-06  -0.675094
-54.6637  3.14159  3.14159  0.00403521  0.406998
-27.0177  3.14159  3.14159  0.0169052  0.815027
-13.1947  3.14159  3.14159  0.0664237  1.5615
-10.6814  3.14159  3.14159  0.0954323  1.85165
-8.16814  3.14159  3.14159  0.157388  2.23367
-6.9115  3.14159  3.14159  0.196814  2.46353
-5.65487  3.14159  3.14159  0.265974  2.70296
-4.39823  3.14159  3.14159  0.354759  2.86402
-3.14159  3.14159  3.14159  0.499195  2.84962
-1.88496  3.14159  3.14159  0.649315  2.31954
-0.628319  3.14159  3.14159  0.76135  0.941831
0.628319  3.14159  3.14159  0.761844  -0.942237
1.88496  3.14159  3.14159  0.649494  -2.32036
3.14159  3.14159  3.14159  0.499441  -2.85019
4.39823  3.14159  3.14159  0.354981  -2.86377
5.65487  3.14159  3.14159  0.265554  -2.70297
6.9115  3.14159  3.14159  0.196762  -2.46342
8.16814  3.14159  3.14159  0.157343  -2.2338
10.6814  3.14159  3.14159  0.0953847  -1.85159
15.708  3.14159  3.14159  0.0496212  -1.34378
33.3009  3.14159  3.14159  0.0113547  -0.664578
