-54.6637  0  0  0.00110978  -0.0271218
-27.0177  0  0  0.00537485  -0.0505147
-13.1947  0  0  0.0300455  -0.0781902
-10.6814  0  0  0.0485552  -0.0833188
-8.16814  0  0  0.0838536  -0.0864439
-6.9115  0  0  0.112283  -0.0869516
-5.65487  0  0  0.150545  -0.0870661
-4.39823  0  0  0.198222  -0.087489
-3.14159  0  0  0.247659  -0.0874024
-1.88496  0  0  0.280843  -0.0769597
-0.628319  0  0  0.287741  -0.0340759
0.628319  0  0  0.287741  0.0340759
1.88496  0  0  0.280843  0.0769597
3.14159  0  0  0.247659  0.0874025
4.39823  0  0  0.198222  0.087489
5.65487  0  0  0.150545  0.0870661
6.9115  0  0  0.112283  0.0869516
8.16814  0  0  0.0838536  0.086444
10.6814  0  0  0.0485552  0.0833188
15.708  0  0  0.0198339  0.0723774
33.3009  0  0  0.00330975  0.0425041
-54.6637  0  3.14159  0.000313667  -0.027299
-27.0177  0  3.14159  0.00211962  -0.0519598
-13.1947  0  3.14159  0.0163995  -0.0890617
-10.6814  0  3.14159  0.0280307  -0.10163
-8.16814  0  3.14159  0.05094  -0.118833
-6.9115  0  3.14159  0.0701437  -0.130247
-5.65487  0  3.14159  0.0977472  -0.144009
-4.39823  0  3.14159  0.137546  -0.158875
-3.14159  0  3.14159  0.194545  -0.167913
-1.88496  0  3.14159  0.270457  -0.149478
-0.628319  0  3.14159  0.339675  -0.0665824
0.628319  0  3.14159  0.339675  0.0665824
1.88496  0  3.14159  0.270457  0.149478
3.14159  0  3.14159  0.194545  0.167913
4.39823  0  3.14159  0.137546  0.158875
5.65487  0  3.14159  0.0977472  0.144009
6.9115  0  3.14159  0.0701437  0.130247
8.16814  0  3.14159  0.0509399  0.118833
10.6814  0  3.14159  0.0280307  0.10163
15.708  0  3.14159  0.0101847  0.0792086
33.3009  0  3.14159  0.00116677  0.0432823
-54.6637  3.14159  0  0.000313667  -0.027299
-27.0177  3.14159  0  0.00211962  -0.0519598
-13.1947  3.14159  0  0.0163995  -0.0890617
-10.6814  3.14159  0  0.0280307  -0.10163
-8.16814  3.14159  0  0.05094  -0.118833
-6.9115  3.14159  0  0.0701437  -0.130247
-5.65487  3.14159  0  0.0977472  -0.144009
-4.39823  3.14159  0  0.137546  -0.158875
-3.14159  3.14159  0  0.194545  -0.167913
-1.88496  3.14159  0  0.270457  -0.149478
-0.628319  3.14159  0  0.339675  -0.0665824
0.628319  3.14159  0  0.339675  0.0665824
1.88496  3.14159  0  0.270457  0.149478
3.14159  3.14159  0  0.194545  0.167913
4.39823  3.14159  0  0.137546  0.158875
5.65487  3.14159  0  0.0977472  0.144009
6.9115  3.14159  0  0.0701437  0.130247
8.16814  3.14159  0  0.0509399  0.118833
10.6814  3.14159  0  0.0280307  0.10163
15.708  3.14159  0  0.0101847  0.0792086
33.3009  3.14159  0  0.00116677  0.0432823
-54.6637  3.14159  3.14159  -0.000485963  -0.0274306
-27.0177  3.14159  3.14159  -0.00120804  -0.0530519
-13.1947  3.14159  3.14159  0.000794729  -0.09758
-10.6814  3.14159  3.14159  0.00247436  -0.116068
-8.16814  3.14159  3.14159  0.00280417  -0.144379
-6.9115  3.14159  3.14159  -0.000332436  -0.164308
-5.65487  3.14159  3.14159  -0.0102752  -0.188682
-4.39823  3.14159  3.14159  -0.0348541  -0.214805
-3.14159  3.14159  3.14159  -0.0858448  -0.23068
-1.88496  3.14159  3.14159  -0.16723  -0.205493
-0.628319  3.14159  3.14159  -0.232183  -0.103511
0.628319  3.14159  3.14159  -0.232183  0.103511
1.88496  3.14159  3.14159  -0.16723  0.205492
3.14159  3.14159  3.14159  -0.0858448  0.23068
4.39823  3.14159  3.14159  -0.0348542  0.214805
5.65487  3.14159  3.14159  -0.0102753  0.188682
6.9115  3.14159  3.14159  -0.000332497  0.164308
8.16814  3.14159  3.14159  0.00280411  0.144379
10.6814  3.14159  3.14159  0.00247431  0.116068
15.708  3.14159  3.14159  -0.000340532  0.0845167
33.3009  3.14159  3.14159  -0.00100498  0.043866
