-54.6637  0  0  5.48275e-07  5.25511e-06
-27.0177  0  0  1.98286e-06  1.03069e-05
-13.1947  0  0  7.7465e-06  1.86915e-05
-10.6814  0  0  1.10971e-05  2.15235e-05
-8.16814  0  0  1.62887e-05  2.50341e-05
-6.9115  0  0  2.07658e-05  2.57796e-05
-5.65487  0  0  2.5615e-05  2.66085e-05
-4.39823  0  0  3.28559e-05  2.56862e-05
-3.14159  0  0  4.02833e-05  2.27009e-05
-1.88496  0  0  4.57268e-05  1.76827e-05
-0.628319  0  0  5.53413e-05  3.50446e-06
0.628319  0  0  4.88634e-05  -7.99757e-06
1.88496  0  0  4.85943e-05  -1.52394e-05
3.14159  0  0  3.95066e-05  -2.31665e-05
4.39823  0  0  3.18266e-05  -2.6347e-05
5.65487  0  0  2.58715e-05  -2.65248e-05
6.9115  0  0  2.01907e-05  -2.5869e-05
8.16814  0  0  1.66452e-05  -2.41741e-05
10.6814  0  0  1.09607e-05  -2.15958e-05
15.708  0  0  5.85162e-06  -1.65286e-05
33.3009  0  0  1.392e-06  -8.50302e-06
-54.6637  0  3.14159  3.74958e-07  5.28721e-06
-27.0177  0  3.14159  1.23511e-06  1.05309e-05
-13.1947  0  3.14159  5.39409e-06  2.03636e-05
-10.6814  0  3.14159  8.1974e-06  2.44497e-05
-8.16814  0  3.14159  1.24072e-05  3.02875e-05
-6.9115  0  3.14159  1.73163e-05  3.34024e-05
-5.65487  0  3.14159  2.23544e-05  3.70835e-05
-4.39823  0  3.14159  3.27918e-05  4.05651e-05
-3.14159  0  3.14159  4.56547e-05  4.16235e-05
-1.88496  0  3.14159  6.142e-05  3.66174e-05
-0.628319  0  3.14159  8.38968e-05  1.57927e-05
0.628319  0  3.14159  7.71598e-05  -2.18702e-05
1.88496  0  3.14159  6.50482e-05  -3.33978e-05
3.14159  0  3.14159  4.47757e-05  -4.22561e-05
4.39823  0  3.14159  3.14364e-05  -4.13707e-05
5.65487  0  3.14159  2.26878e-05  -3.71394e-05
6.9115  0  3.14159  1.65581e-05  -3.34881e-05
8.16814  0  3.14159  1.28717e-05  -2.92389e-05
10.6814  0  3.14159  8.02275e-06  -2.45519e-05
15.708  0  3.14159  4.13196e-06  -1.75839e-05
33.3009  0  3.14159  9.02055e-07  -8.62612e-06
-54.6637  3.14159  0  3.74958e-07  5.28721e-06
-27.0177  3.14159  0  1.23511e-06  1.05309e-05
-13.1947  3.14159  0  5.39409e-06  2.03636e-05
-10.6814  3.14159  0  8.1974e-06  2.44497e-05
-8.16814  3.14159  0  1.24072e-05  3.02875e-05
-6.9115  3.14159  0  1.73163e-05  3.34024e-05
-5.65487  3.14159  0  2.23544e-05  3.70835e-05
-4.39823  3.14159  0  3.27918e-05  4.05651e-05
-3.14159  3.14159  0  4.56547e-05  4.16235e-05
-1.88496  3.14159  0  6.142e-05  3.66174e-05
-0.628319  3.14159  0  8.38968e-05  1.57927e-05
0.628319  3.14159  0  7.71598e-05  -2.18702e-05
1.88496  3.14159  0  6.50482e-05  -3.33978e-05
3.14159  3.14159  0  4.47757e-05  -4.22561e-05
4.39823  3.14159  0  3.14364e-05  -4.13707e-05
5.65487  3.14159  0  2.26878e-05  -3.71394e-05
6.9115  3.14159  0  1.65581e-05  -3.34881e-05
8.16814  3.14159  0  1.28717e-05  -2.92389e-05
10.6814  3.14159  0  8.02275e-06  -2.45519e-05
15.708  3.14159  0  4.13196e-06  -1.75839e-05
33.3009  3.14159  0  9.02055e-07  -8.62612e-06
-54.6637  3.14159  3.14159  1.7679e-07  5.30849e-06
-27.0177  3.14159  3.14159  5.01647e-07  1.06764e-05
-13.1947  3.14159  3.14159  2.47277e-06  2.13951e-05
-10.6814  3.14159  3.14159  3.87305e-06  2.63595e-05
-8.16814  3.14159  3.14159  5.93796e-06  3.41126e-05
-6.9115  3.14159  3.14159  8.56829e-06  3.93255e-05
-5.65487  3.14159  3.14159  1.13642e-05  4.65808e-05
-4.39823  3.14159  3.14159  1.82036e-05  5.7746e-05
-3.14159  3.14159  3.14159  2.97589e-05  7.4619e-05
-1.88496  3.14159  3.14159  5.99677e-05  0.000104892
-0.628319  3.14159  3.14159  0.000184816  0.000110282
0.628319  3.14159  3.14159  0.000182787  -0.00011612
1.88496  3.14159  3.14159  6.25316e-05  -0.00010257
3.14159  3.14159  3.14159  2.90879e-05  -7.55472e-05
4.39823  3.14159  3.14159  1.74457e-05  -5.83169e-05
5.65487  3.14159  3.14159  1.18312e-05  -4.70493e-05
6.9115  3.14159  3.14159  8.08068e-06  -3.93689e-05
8.16814  3.14159  3.14159  6.10103e-06  -3.33626e-05
10.6814  3.14159  3.14159  3.67227e-06  -2.64449e-05
15.708  3.14159  3.14159  1.91332e-06  -1.82006e-05
33.3009  3.14159  3.14159  3.9324e-07  -8.70791e-06
