-54.6637  0  0  -0.180219  -0.00617426
-27.0177  0  0  -1.25892  -0.887959
-13.1947  0  0  4.07919  -0.497158
-10.6814  0  0  -6.38217  2.6232
-8.16814  0  0  1.37888  -4.79215
-6.9115  0  0  6.67205  -3.64888
-5.65487  0  0  0.399358  17.9926
-4.39823  0  0  -52.8651  5.45378
-3.14159  0  0  -13.9025  -20.839
-1.88496  0  0  -12.9178  1.91468
-0.628319  0  0  84.957  -113.151
0.628319  0  0  -55.5751  162.127
1.88496  0  0  -12.5452  -13.8989
3.14159  0  0  -33.6268  9.64865
4.39823  0  0  -27.8121  -23.9027
5.65487  0  0  25.444  -11.2801
6.9115  0  0  3.46248  0.250965
8.16814  0  0  1.79087  5.68316
10.6814  0  0  -4.82908  -0.291018
15.708  0  0  1.79539  2.68778
33.3009  0  0  0.124434  0.369613
-54.6637  0  3.14159  0.014056  0.110424
-27.0177  0  3.14159  0.00810378  -0.242146
-13.1947  0  3.14159  1.52419  -1.49628
-10.6814  0  3.14159  -1.99705  0.959772
-8.16814  0  3.14159  -1.0823  -2.06056
-6.9115  0  3.14159  0.220634  -1.17722
-5.65487  0  3.14159  1.09492  -0.52094
-4.39823  0  3.14159  -4.24081  5.29671
-3.14159  0  3.14159  -12.2753  -0.550727
-1.88496  0  3.14159  3.67314  15.0935
-0.628319  0  3.14159  -24.0119  -24.8609
0.628319  0  3.14159  11.3705  27.8936
1.88496  0  3.14159  -4.88922  -1.41511
3.14159  0  3.14159  -3.86342  11.6561
4.39823  0  3.14159  -8.73052  4.33307
5.65487  0  3.14159  -1.13271  -0.24823
6.9115  0  3.14159  1.79317  -0.381699
8.16814  0  3.14159  1.06168  1.94231
10.6814  0  3.14159  -1.65952  -0.0944232
15.708  0  3.14159  -0.154021  -0.0931261
33.3009  0  3.14159  0.141992  0.138557
-54.6637  3.14159  0  0.014056  0.110424
-27.0177  3.14159  0  0.00810378  -0.242146
-13.1947  3.14159  0  1.52419  -1.49628
-10.6814  3.14159  0  -1.99705  0.959772
-8.16814  3.14159  0  -1.0823  -2.06056
-6.9115  3.14159  0  0.220634  -1.17722
-5.65487  3.14159  0  1.09492  -0.52094
-4.39823  3.14159  0  -4.24081  5.29671
-3.14159  3.14159  0  -12.2753  -0.550727
-1.88496  3.14159  0  3.67314  15.0935
-0.628319  3.14159  0  -24.0119  -24.8609
0.628319  3.14159  0  11.3705  27.8936
1.88496  3.14159  0  -4.88922  -1.41511
3.14159  3.14159  0  -3.86342  11.6561
4.39823  3.14159  0  -8.73052  4.33307
5.65487  3.14159  0  -1.13271  -0.24823
6.9115  3.14159  0  1.79317  -0.381699
8.16814  3.14159  0  1.06168  1.94231
10.6814  3.14159  0  -1.65952  -0.0944232
15.708  3.14159  0  -0.154021  -0.0931261
33.3009  3.14159  0  0.141992  0.138557
-54.6637  3.14159  3.14159  0.0222222  -0.0817589
-27.0177  3.14159  3.14159  -0.0847665  0.119264
-13.1947  3.14159  3.14159  -0.751528  0.612763
-10.6814  3.14159  3.14159  -0.454639  -1.77125
-8.16814  3.14159  3.14159  1.24087  0.00539011
-6.9115  3.14159  3.14159  -0.352386  1.98282
-5.65487  3.14159  3.14159  1.54993  -1.58649
-4.39823  3.14159  3.14159  2.97695  -5.64455
-3.14159  3.14159  3.14159  5.19315  -0.689036
-1.88496  3.14159  3.14159  5.47344  -6.1161
-0.628319  3.14159  3.14159  23.9519  13.5975
0.628319  3.14159  3.14159  -23.2944  -8.32914
1.88496  3.14159  3.14159  15.9157  16.7048
3.14159  3.14159  3.14159  0.439744  -11.2394
4.39823  3.14159  3.14159  4.97495  -3.1596
5.65487  3.14159  3.14159  1.95442  0.653964
6.9115  3.14159  3.14159  -0.68502  -0.11804
8.16814  3.14159  3.14159  -1.45984  -0.860433
10.6814  3.14159  3.14159  0.2353  -1.52227
15.708  3.14159  3.14159  -0.48644  -0.305915
33.3009  3.14159  3.14159  -0.0707898  -0.0508153
