-54.6637  0  0  0.00102172  0.0535567
-27.0177  0  0  0.00421021  0.10591
-13.1947  0  0  0.0178436  0.198118
-10.6814  0  0  0.0271358  0.23108
-8.16814  0  0  0.0453547  0.271296
-6.9115  0  0  0.0612924  0.29234
-5.65487  0  0  0.0855105  0.310136
-4.39823  0  0  0.1225  0.316876
-3.14159  0  0  0.176517  0.296854
-1.88496  0  0  0.243621  0.225654
-0.628319  0  0  0.296784  0.0872462
0.628319  0  0  0.296784  -0.0872462
1.88496  0  0  0.243621  -0.225654
3.14159  0  0  0.176517  -0.296854
4.39823  0  0  0.1225  -0.316876
5.65487  0  0  0.0855105  -0.310136
6.9115  0  0  0.0612924  -0.29234
8.16814  0  0  0.0453547  -0.271296
10.6814  0  0  0.0271358  -0.23108
15.708  0  0  0.0125718  -0.172148
33.3009  0  0  0.00276399  -0.0868132
-54.6637  0  3.14159  0.00332515  0.0533704
-27.0177  0  3.14159  0.0128795  0.104483
-13.1947  0  3.14159  0.043646  0.189076
-10.6814  0  3.14159  0.058425  0.216971
-8.16814  0  3.14159  0.0786843  0.249045
-6.9115  0  3.14159  0.0901171  0.264986
-5.65487  0  3.14159  0.100159  0.278179
-4.39823  0  3.14159  0.104135  0.283791
-3.14159  0  3.14159  0.0937241  0.27144
-1.88496  0  3.14159  0.0622515  0.218858
-0.628319  0  3.14159  0.0281063  0.091696
0.628319  0  3.14159  0.0281063  -0.091696
1.88496  0  3.14159  0.0622515  -0.218858
3.14159  0  3.14159  0.0937241  -0.27144
4.39823  0  3.14159  0.104135  -0.283791
5.65487  0  3.14159  0.100159  -0.278179
6.9115  0  3.14159  0.0901172  -0.264986
8.16814  0  3.14159  0.0786843  -0.249045
10.6814  0  3.14159  0.058425  -0.216971
15.708  0  3.14159  0.0333175  -0.166149
33.3009  0  3.14159  0.00869043  -0.0860242
-54.6637  3.14159  0  0.00332515  0.0533704
-27.0177  3.14159  0  0.0128795  0.104483
-13.1947  3.14159  0  0.043646  0.189076
-10.6814  3.14159  0  0.058425  0.216971
-8.16814  3.14159  0  0.0786843  0.249045
-6.9115  3.14159  0  0.0901171  0.264986
-5.65487  3.14159  0  0.100159  0.278179
-4.39823  3.14159  0  0.104135  0.283791
-3.14159  3.14159  0  0.0937241  0.27144
-1.88496  3.14159  0  0.0622515  0.218858
-0.628319  3.14159  0  0.0281063  0.091696
0.628319  3.14159  0  0.0281063  -0.091696
1.88496  3.14159  0  0.0622515  -0.218858
3.14159  3.14159  0  0.0937241  -0.27144
4.39823  3.14159  0  0.104135  -0.283791
5.65487  3.14159  0  0.100159  -0.278179
6.9115  3.14159  0  0.0901172  -0.264986
8.16814  3.14159  0  0.0786843  -0.249045
10.6814  3.14159  0  0.058425  -0.216971
15.708  3.14159  0  0.0333175  -0.166149
33.3009  3.14159  0  0.00869043  -0.0860242
-54.6637  3.14159  3.14159  0.00565535  0.0532579
-27.0177  3.14159  3.14159  0.022011  0.103704
-13.1947  3.14159  3.14159  0.0775184  0.185619
-10.6814  3.14159  3.14159  0.107467  0.21254
-8.16814  3.14159  3.14159  0.156477  0.243891
-6.9115  3.14159  3.14159  0.192987  0.25971
-5.65487  3.14159  3.14159  0.241752  0.272713
-4.39823  3.14159  3.14159  0.306839  0.277049
-3.14159  3.14159  3.14159  0.390209  0.260564
-1.88496  3.14159  3.14159  0.481721  0.203724
-0.628319  3.14159  3.14159  0.536571  0.0911496
0.628319  3.14159  3.14159  0.536571  -0.0911496
1.88496  3.14159  3.14159  0.481721  -0.203724
3.14159  3.14159  3.14159  0.390209  -0.260564
4.39823  3.14159  3.14159  0.306839  -0.277049
5.65487  3.14159  3.14159  0.241752  -0.272712
6.9115  3.14159  3.14159  0.192987  -0.25971
8.16814  3.14159  3.14159  0.156477  -0.243891
10.6814  3.14159  3.14159  0.107467  -0.212539
15.708  3.14159  3.14159  0.0581563  -0.163546
33.3009  3.14159  3.14159  0.014815  -0.0855734
