-54.6637  0  0  18.307  20.8071
-27.0177  0  0  -33.2781  -86.5683
-13.1947  0  0  128.953  -2.2005
-10.6814  0  0  -48.9704  -153.751
-8.16814  0  0  -108.993  -108.939
-6.9115  0  0  56.6251  -226.401
-5.65487  0  0  -499.89  -468.529
-4.39823  0  0  266.611  -223.743
-3.14159  0  0  -785.979  316.784
-1.88496  0  0  -492.066  874.57
-0.628319  0  0  -621.235  552.962
0.628319  0  0  -1042.69  218.588
1.88496  0  0  -849.194  -1.63576
3.14159  0  0  -882.619  470.517
4.39823  0  0  204.425  -73.1491
5.65487  0  0  83.1284  588.327
6.9115  0  0  208.115  90.6406
8.16814  0  0  45.1779  191.5
10.6814  0  0  101.173  109.242
15.708  0  0  57.995  234.577
33.3009  0  0  -14.4857  -2.18339
-54.6637  0  3.14159  0.698809  -0.627319
-27.0177  0  3.14159  3.81243  11.8982
-13.1947  0  3.14159  -9.51097  -23.2527
-10.6814  0  3.14159  -2.47978  17.6386
-8.16814  0  3.14159  20.4327  12.4587
-6.9115  0  3.14159  -2.2181  13.5383
-5.65487  0  3.14159  30.392  40.3683
-4.39823  0  3.14159  -40.2427  16.9733
-3.14159  0  3.14159  97.777  -56.6899
-1.88496  0  3.14159  115.877  -77.6311
-0.628319  0  3.14159  138.508  -135.807
0.628319  0  3.14159  163.273  15.3975
1.88496  0  3.14159  159.747  2.55552
3.14159  0  3.14159  92.276  -6.32776
4.39823  0  3.14159  -64.5582  7.11386
5.65487  0  3.14159  6.82862  -64.5297
6.9115  0  3.14159  -9.55324  -14.6711
8.16814  0  3.14159  17.0636  -17.9755
10.6814  0  3.14159  -9.96734  -16.7338
15.708  0  3.14159  -1.1121  -25.8663
33.3009  0  3.14159  0.316587  4.87455
-54.6637  3.14159  0  0.698809  -0.627319
-27.0177  3.14159  0  3.81243  11.8982
-13.1947  3.14159  0  -9.51097  -23.2527
-10.6814  3.14159  0  -2.47978  17.6386
-8.16814  3.14159  0  20.4327  12.4587
-6.9115  3.14159  0  -2.2181  13.5383
-5.65487  3.14159  0  30.392  40.3683
-4.39823  3.14159  0  -40.2427  16.9733
-3.14159  3.14159  0  97.777  -56.6899
-1.88496  3.14159  0  115.877  -77.6311
-0.628319  3.14159  0  138.508  -135.807
0.628319  3.14159  0  163.273  15.3975
1.88496  3.14159  0  159.747  2.55552
3.14159  3.14159  0  92.276  -6.32776
4.39823  3.14159  0  -64.5582  7.11386
5.65487  3.14159  0  6.82862  -64.5297
6.9115  3.14159  0  -9.55324  -14.6711
8.16814  3.14159  0  17.0636  -17.9755
10.6814  3.14159  0  -9.96734  -16.7338
15.708  3.14159  0  -1.1121  -25.8663
33.3009  3.14159  0  0.316587  4.87455
-54.6637  3.14159  3.14159  0.949471  -12.1017
-27.0177  3.14159  3.14159  -2.17132  12.1302
-13.1947  3.14159  3.14159  3.88656  -27.476
-10.6814  3.14159  3.14159  -18.7113  14.8439
-8.16814  3.14159  3.14159  22.3859  87.9554
-6.9115  3.14159  3.14159  -14.274  20.5895
-5.65487  3.14159  3.14159  -59.9011  34.67
-4.39823  3.14159  3.14159  -10.6025  -63.1166
-3.14159  3.14159  3.14159  46.4369  -95.9199
-1.88496  3.14159  3.14159  113.634  198.584
-0.628319  3.14159  3.14159  -66.5419  -263.018
0.628319  3.14159  3.14159  -45.0379  365.925
1.88496  3.14159  3.14159  35.8359  -33.5151
3.14159  3.14159  3.14159  34.1962  172.434
4.39823  3.14159  3.14159  -69.2688  10.8669
5.65487  3.14159  3.14159  33.5559  -52.2059
6.9115  3.14159  3.14159  -9.43254  -41.2902
8.16814  3.14159  3.14159  9.35935  -61.1992
10.6814  3.14159  3.14159  2.03331  -26.3798
15.708  3.14159  3.14159  13.4942  -23.8159
33.3009  3.14159  3.14159  -3.02623  10.2872
