-54.6637  0  0  0.000368205  0.00371026
-27.0177  0  0  0.00145851  0.00727845
-13.1947  0  0  0.00541211  0.0132094
-10.6814  0  0  0.00765241  0.0151294
-8.16814  0  0  0.0113666  0.0172045
-6.9115  0  0  0.0141046  0.0180807
-5.65487  0  0  0.0176461  0.0185312
-4.39823  0  0  0.0220801  0.0180665
-3.14159  0  0  0.0272038  0.0159361
-1.88496  0  0  0.0321773  0.0113393
-0.628319  0  0  0.0354113  0.00416772
0.628319  0  0  0.0354112  -0.0041695
1.88496  0  0  0.0321771  -0.011341
3.14159  0  0  0.0272035  -0.0159377
4.39823  0  0  0.0220797  -0.018068
5.65487  0  0  0.0176458  -0.0185327
6.9115  0  0  0.0141042  -0.0180821
8.16814  0  0  0.0113663  -0.0172059
10.6814  0  0  0.00765213  -0.0151306
15.708  0  0  0.00399598  -0.0116072
33.3009  0  0  0.000973137  -0.00598899
-54.6637  0  3.14159  0.000372515  0.00370248
-27.0177  0  3.14159  0.00144989  0.0072252
-13.1947  0  3.14159  0.00510672  0.0130194
-10.6814  0  3.14159  0.00706469  0.0149693
-8.16814  0  3.14159  0.0102413  0.0173422
-6.9115  0  3.14159  0.012601  0.0186599
-5.65487  0  3.14159  0.0157873  0.0199744
-4.39823  0  3.14159  0.0202172  0.0210365
-3.14159  0  3.14159  0.0264945  0.0210802
-1.88496  0  3.14159  0.0348503  0.0179321
-0.628319  0  3.14159  0.0424156  0.00775488
0.628319  0  3.14159  0.0424155  -0.00775677
1.88496  0  3.14159  0.03485  -0.0179338
3.14159  0  3.14159  0.0264941  -0.0210818
4.39823  0  3.14159  0.0202168  -0.021038
5.65487  0  3.14159  0.0157869  -0.0199758
6.9115  0  3.14159  0.0126006  -0.0186612
8.16814  0  3.14159  0.0102409  -0.0173435
10.6814  0  3.14159  0.00706438  -0.0149705
15.708  0  3.14159  0.00383378  -0.0114458
33.3009  0  3.14159  0.000974803  -0.00595798
-54.6637  3.14159  0  0.000372515  0.00370248
-27.0177  3.14159  0  0.00144989  0.0072252
-13.1947  3.14159  0  0.00510672  0.0130194
-10.6814  3.14159  0  0.00706469  0.0149693
-8.16814  3.14159  0  0.0102413  0.0173422
-6.9115  3.14159  0  0.012601  0.0186599
-5.65487  3.14159  0  0.0157873  0.0199744
-4.39823  3.14159  0  0.0202172  0.0210365
-3.14159  3.14159  0  0.0264945  0.0210802
-1.88496  3.14159  0  0.0348503  0.0179321
-0.628319  3.14159  0  0.0424156  0.00775488
0.628319  3.14159  0  0.0424155  -0.00775677
1.88496  3.14159  0  0.03485  -0.0179338
3.14159  3.14159  0  0.0264941  -0.0210818
4.39823  3.14159  0  0.0202168  -0.021038
5.65487  3.14159  0  0.0157869  -0.0199758
6.9115  3.14159  0  0.0126006  -0.0186612
8.16814  3.14159  0  0.0102409  -0.0173435
10.6814  3.14159  0  0.00706438  -0.0149705
15.708  3.14159  0  0.00383378  -0.0114458
33.3009  3.14159  0  0.000974803  -0.00595798
-54.6637  3.14159  3.14159  0.000376959  0.00369498
-27.0177  3.14159  3.14159  0.00144508  0.00717497
-13.1947  3.14159  3.14159  0.00489022  0.0128153
-10.6814  3.14159  3.14159  0.00665273  0.014718
-8.16814  3.14159  3.14159  0.00941069  0.0170874
-6.9115  3.14159  3.14159  0.011373  0.018476
-5.65487  3.14159  3.14159  0.0138917  0.0200318
-4.39823  3.14159  3.14159  0.0171474  0.0218715
-3.14159  3.14159  3.14159  0.0215084  0.0245317
-1.88496  3.14159  3.14159  0.0289183  0.0304048
-0.628319  3.14159  3.14159  0.0624479  0.0446051
0.628319  3.14159  3.14159  0.0624471  -0.0446072
1.88496  3.14159  3.14159  0.0289178  -0.0304065
3.14159  3.14159  3.14159  0.0215079  -0.0245333
4.39823  3.14159  3.14159  0.017147  -0.021873
5.65487  3.14159  3.14159  0.0138913  -0.0200333
6.9115  3.14159  3.14159  0.0113726  -0.0184774
8.16814  3.14159  3.14159  0.00941031  -0.0170887
10.6814  3.14159  3.14159  0.00665241  -0.0147192
15.708  3.14159  3.14159  0.00371669  -0.011288
33.3009  3.14159  3.14159  0.000977861  -0.00592851
