-54.6637  0  0  178494  -775074
-27.0177  0  0  -1.41303e+06  2.13484e+06
-13.1947  0  0  -1.4931e+06  -3.82299e+06
-10.6814  0  0  -2.93836e+06  3.78771e+06
-8.16814  0  0  138588  4.1442e+06
-6.9115  0  0  -5.8363e+06  2.45967e+06
-5.65487  0  0  -3.92749e+06  1.9428e+07
-4.39823  0  0  -9.88842e+06  -4.06814e+06
-3.14159  0  0  2.04047e+07  1.07592e+07
-1.88496  0  0  3.14556e+07  -247818
-0.628319  0  0  2.48004e+07  2.77273e+06
0.628319  0  0  2.08794e+07  2.43795e+07
1.88496  0  0  1.72297e+07  2.09697e+07
3.14159  0  0  2.36344e+07  1.47081e+07
4.39823  0  0  -6.08992e+06  -2.74195e+06
5.65487  0  0  1.17097e+07  -1.23411e+07
6.9115  0  0  -1.02775e+06  -5.98142e+06
8.16814  0  0  3.97586e+06  -3.47557e+06
10.6814  0  0  860462  -4.27998e+06
15.708  0  0  4.17588e+06  -4.85616e+06
33.3009  0  0  -5750.16  644134
-54.6637  0  3.14159  -243112  308832
-27.0177  0  3.14159  380557  -888149
-13.1947  0  3.14159  -380994  2.35875e+06
-10.6814  0  3.14159  1.77793e+06  -1.64831e+06
-8.16814  0  3.14159  -792520  -2.70799e+06
-6.9115  0  3.14159  2.00693e+06  -878006
-5.65487  0  3.14159  2.77906e+06  -7.41745e+06
-4.39823  0  3.14159  2.50161e+06  4.45378e+06
-3.14159  0  3.14159  -1.30264e+07  527147
-1.88496  0  3.14159  -1.65691e+07  -1.93699e+06
-0.628319  0  3.14159  -1.78446e+07  8.01371e+06
0.628319  0  3.14159  -7.04166e+06  -1.2933e+07
1.88496  0  3.14159  -1.61607e+07  -1.13904e+07
3.14159  0  3.14159  -7.00689e+06  -7.06962e+06
4.39823  0  3.14159  7.17896e+06  403218
5.65487  0  3.14159  -4.23851e+06  8.81279e+06
6.9115  0  3.14159  591795  2.53286e+06
8.16814  0  3.14159  -2.91326e+06  380723
10.6814  0  3.14159  -226557  2.66354e+06
15.708  0  3.14159  -1.65676e+06  2.3325e+06
33.3009  0  3.14159  441043  -725398
-54.6637  3.14159  0  -243112  308832
-27.0177  3.14159  0  380557  -888149
-13.1947  3.14159  0  -380994  2.35875e+06
-10.6814  3.14159  0  1.77793e+06  -1.64831e+06
-8.16814  3.14159  0  -792520  -2.70799e+06
-6.9115  3.14159  0  2.00693e+06  -878006
-5.65487  3.14159  0  2.77906e+06  -7.41745e+06
-4.39823  3.14159  0  2.50161e+06  4.45378e+06
-3.14159  3.14159  0  -1.30264e+07  527147
-1.88496  3.14159  0  -1.65691e+07  -1.93699e+06
-0.628319  3.14159  0  -1.78446e+07  8.01371e+06
0.628319  3.14159  0  -7.04166e+06  -1.2933e+07
1.88496  3.14159  0  -1.61607e+07  -1.13904e+07
3.14159  3.14159  0  -7.00689e+06  -7.06962e+06
4.39823  3.14159  0  7.17896e+06  403218
5.65487  3.14159  0  -4.23851e+06  8.81279e+06
6.9115  3.14159  0  591795  2.53286e+06
8.16814  3.14159  0  -2.91326e+06  380723
10.6814  3.14159  0  -226557  2.66354e+06
15.708  3.14159  0  -1.65676e+06  2.3325e+06
33.3009  3.14159  0  441043  -725398
-54.6637  3.14159  3.14159  -483779  416605
-27.0177  3.14159  3.14159  511919  -856961
-13.1947  3.14159  3.14159  -651453  2.27984e+06
-10.6814  3.14159  3.14159  2.11555e+06  -1.34965e+06
-8.16814  3.14159  3.14159  208053  -3.33602e+06
-6.9115  3.14159  3.14159  2.4961e+06  -635344
-5.65487  3.14159  3.14159  4.07996e+06  -6.41261e+06
-4.39823  3.14159  3.14159  881419  4.96117e+06
-3.14159  3.14159  3.14159  -1.42577e+07  326476
-1.88496  3.14159  3.14159  -1.36619e+07  -4.39334e+06
-0.628319  3.14159  3.14159  -1.95243e+07  9.71703e+06
0.628319  3.14159  3.14159  -2.28468e+06  -1.22739e+07
1.88496  3.14159  3.14159  -1.61543e+07  -1.14965e+07
3.14159  3.14159  3.14159  -4.69173e+06  -7.72524e+06
4.39823  3.14159  3.14159  8.04755e+06  1.34314e+06
5.65487  3.14159  3.14159  -5.40898e+06  9.07376e+06
6.9115  3.14159  3.14159  124604  3.07709e+06
8.16814  3.14159  3.14159  -3.54728e+06  268535
10.6814  3.14159  3.14159  -649736  2.79218e+06
15.708  3.14159  3.14159  -2.11599e+06  2.2732e+06
33.3009  3.14159  3.14159  568777  -670201
