-54.6637  0  0  37.2436  -8.39973
-27.0177  0  0  -18.7607  -57.0195
-13.1947  0  0  1319.84  1379.85
-10.6814  0  0  -630.135  -543.237
-8.16814  0  0  2607.53  513.47
-6.9115  0  0  -873.917  -104.194
-5.65487  0  0  -2926.88  -1019.64
-4.39823  0  0  5865.9  9170.18
-3.14159  0  0  900.597  27061.9
-1.88496  0  0  12488.1  -29686.3
-0.628319  0  0  -146217  86458.6
0.628319  0  0  -64938  -169075
1.88496  0  0  7100.13  25110.3
3.14159  0  0  18369.5  -20513.8
4.39823  0  0  9050.01  -1338.16
5.65487  0  0  -5609.69  -3514.91
6.9115  0  0  -532.626  0.576474
8.16814  0  0  1640.94  -21.0893
10.6814  0  0  -576.263  -364.831
15.708  0  0  -1398.86  -247.721
33.3009  0  0  -18.4757  49.744
-54.6637  0  3.14159  -25.4197  16.7207
-27.0177  0  3.14159  24.686  46.0161
-13.1947  0  3.14159  -269.727  -255.143
-10.6814  0  3.14159  -4.46299  896.575
-8.16814  0  3.14159  -101.73  137.271
-6.9115  0  3.14159  -752.524  -833.805
-5.65487  0  3.14159  -159.996  -2012.79
-4.39823  0  3.14159  -3533.91  -5972.53
-3.14159  0  3.14159  -461.466  -13242.3
-1.88496  0  3.14159  -11408.7  3683.1
-0.628319  0  3.14159  118046  -50062.7
0.628319  0  3.14159  8147.35  121948
1.88496  0  3.14159  -8492.82  -17004.7
3.14159  0  3.14159  -12114.8  5781.12
4.39823  0  3.14159  -5526  -494.498
5.65487  0  3.14159  436.873  -141.533
6.9115  0  3.14159  -282.544  -292.758
8.16814  0  3.14159  -968.448  1438.82
10.6814  0  3.14159  454.721  134.046
15.708  0  3.14159  868.276  343.763
33.3009  0  3.14159  -118.456  -151.86
-54.6637  3.14159  0  -25.4197  16.7207
-27.0177  3.14159  0  24.686  46.0161
-13.1947  3.14159  0  -269.727  -255.143
-10.6814  3.14159  0  -4.46299  896.575
-8.16814  3.14159  0  -101.73  137.271
-6.9115  3.14159  0  -752.524  -833.805
-5.65487  3.14159  0  -159.996  -2012.79
-4.39823  3.14159  0  -3533.91  -5972.53
-3.14159  3.14159  0  -461.466  -13242.3
-1.88496  3.14159  0  -11408.7  3683.1
-0.628319  3.14159  0  118046  -50062.7
0.628319  3.14159  0  8147.35  121948
1.88496  3.14159  0  -8492.82  -17004.7
3.14159  3.14159  0  -12114.8  5781.12
4.39823  3.14159  0  -5526  -494.498
5.65487  3.14159  0  436.873  -141.533
6.9115  3.14159  0  -282.544  -292.758
8.16814  3.14159  0  -968.448  1438.82
10.6814  3.14159  0  454.721  134.046
15.708  3.14159  0  868.276  343.763
33.3009  3.14159  0  -118.456  -151.86
-54.6637  3.14159  3.14159  -33.5398  -3.80942
-27.0177  3.14159  3.14159  -6.72352  87.9711
-13.1947  3.14159  3.14159  -153.705  -327.167
-10.6814  3.14159  3.14159  -638.124  970.293
-8.16814  3.14159  3.14159  180.889  -252.572
-6.9115  3.14159  3.14159  -429.049  -1261.7
-5.65487  3.14159  3.14159  1340.82  -1495.38
-4.39823  3.14159  3.14159  1662.48  -8844.22
-3.14159  3.14159  3.14159  11733  -14123.8
-1.88496  3.14159  3.14159  -15500.1  -8988.2
-0.628319  3.14159  3.14159  165023  60584.7
0.628319  3.14159  3.14159  -115548  128276
1.88496  3.14159  3.14159  8169.59  -25637.9
3.14159  3.14159  3.14159  -17328.4  -5627.92
4.39823  3.14159  3.14159  -5672.96  -5394.77
5.65487  3.14159  3.14159  353.551  525.238
6.9115  3.14159  3.14159  -400.011  -781.592
8.16814  3.14159  3.14159  -1815.21  239.893
10.6814  3.14159  3.14159  506.659  760.45
15.708  3.14159  3.14159  595.08  1106.29
33.3009  3.14159  3.14159  -29.3162  -213.762
