-54.6637  0  0  -0.659932  0.548897
-27.0177  0  0  0.339661  4.62153
-13.1947  0  0  -129.621  -57.0137
-10.6814  0  0  66.1388  14.0151
-8.16814  0  0  -130.919  19.8995
-6.9115  0  0  -2.73148  -24.0951
-5.65487  0  0  213.89  51.5604
-4.39823  0  0  -441.694  -365.827
-3.14159  0  0  -334.444  -1506.79
-1.88496  0  0  -146.052  1759.48
-0.628319  0  0  5970.59  -6810.33
0.628319  0  0  5804.53  7991.73
1.88496  0  0  -304.654  -1368.19
3.14159  0  0  -697.124  1432.26
4.39823  0  0  -516.443  210.646
5.65487  0  0  346.976  87.1813
6.9115  0  0  -31.2771  -39.024
8.16814  0  0  -88.2556  -18.7277
10.6814  0  0  59.4401  16.5699
15.708  0  0  67.5984  6.90535
33.3009  0  0  -1.5255  -2.02778
-54.6637  0  3.14159  -0.730959  0.0113506
-27.0177  0  3.14159  1.85635  -0.0683961
-13.1947  0  3.14159  7.80821  12.3086
-10.6814  0  3.14159  -4.07304  -6.66487
-8.16814  0  3.14159  -30.8522  -18.2859
-6.9115  0  3.14159  0.749437  6.09347
-5.65487  0  3.14159  -9.49959  -13.4824
-4.39823  0  3.14159  -75.1549  -1.12209
-3.14159  0  3.14159  -275.604  -50.3365
-1.88496  0  3.14159  -35.1061  282.251
-0.628319  0  3.14159  527.759  -1598.6
0.628319  0  3.14159  2061.06  857.052
1.88496  0  3.14159  -317.555  -109.412
3.14159  0  3.14159  53.7377  185.956
4.39823  0  3.14159  15.3557  130.697
5.65487  0  3.14159  18.3939  13.1223
6.9115  0  3.14159  -14.9823  26.0484
8.16814  0  3.14159  -20.7278  9.24851
10.6814  0  3.14159  -3.2144  -18.5096
15.708  0  3.14159  13.6245  -15.2533
33.3009  0  3.14159  0.35813  2.31365
-54.6637  3.14159  0  -0.730959  0.0113506
-27.0177  3.14159  0  1.85635  -0.0683961
-13.1947  3.14159  0  7.80821  12.3086
-10.6814  3.14159  0  -4.07304  -6.66487
-8.16814  3.14159  0  -30.8522  -18.2859
-6.9115  3.14159  0  0.749437  6.09347
-5.65487  3.14159  0  -9.49959  -13.4824
-4.39823  3.14159  0  -75.1549  -1.12209
-3.14159  3.14159  0  -275.604  -50.3365
-1.88496  3.14159  0  -35.1061  282.251
-0.628319  3.14159  0  527.759  -1598.6
0.628319  3.14159  0  2061.06  857.052
1.88496  3.14159  0  -317.555  -109.412
3.14159  3.14159  0  53.7377  185.956
4.39823  3.14159  0  15.3557  130.697
5.65487  3.14159  0  18.3939  13.1223
6.9115  3.14159  0  -14.9823  26.0484
8.16814  3.14159  0  -20.7278  9.24851
10.6814  3.14159  0  -3.2144  -18.5096
15.708  3.14159  0  13.6245  -15.2533
33.3009  3.14159  0  0.35813  2.31365
-54.6637  3.14159  3.14159  -0.497299  -0.772331
-27.0177  3.14159  3.14159  -1.08302  0.384349
-13.1947  3.14159  3.14159  4.39626  -0.398294
-10.6814  3.14159  3.14159  -22.6088  -14.6821
-8.16814  3.14159  3.14159  -6.35245  -26.0277
-6.9115  3.14159  3.14159  34.9405  -11.6712
-5.65487  3.14159  3.14159  23.6271  -8.76667
-4.39823  3.14159  3.14159  129.031  -40.0956
-3.14159  3.14159  3.14159  210.686  10.9565
-1.88496  3.14159  3.14159  -4.03436  -64.9365
-0.628319  3.14159  3.14159  160.931  2597.01
0.628319  3.14159  3.14159  -1818.87  -127.775
1.88496  3.14159  3.14159  360.059  -34.216
3.14159  3.14159  3.14159  -32.8762  -191.722
4.39823  3.14159  3.14159  15.7131  -60.0907
5.65487  3.14159  3.14159  -4.09066  22.6244
6.9115  3.14159  3.14159  10.1424  8.83067
8.16814  3.14159  3.14159  -24.2163  -26.8653
10.6814  3.14159  3.14159  -7.72235  -3.30718
15.708  3.14159  3.14159  -4.59249  14.2873
33.3009  3.14159  3.14159  3.57067  -0.110676
