-54.6637  0  0  5.36694e-05  0.000472633
-27.0177  0  0  0.000205899  0.000919861
-13.1947  0  0  0.000741875  0.00164043
-10.6814  0  0  0.00103849  0.00186082
-8.16814  0  0  0.00151845  0.00208231
-6.9115  0  0  0.00186307  0.0021627
-5.65487  0  0  0.00229773  0.00218331
-4.39823  0  0  0.00282512  0.00208897
-3.14159  0  0  0.00341256  0.00180346
-1.88496  0  0  0.00396159  0.00125683
-0.628319  0  0  0.00430804  0.000455211
0.628319  0  0  0.004308  -0.000457295
1.88496  0  0  0.00396152  -0.00125894
3.14159  0  0  0.00341241  -0.00180558
4.39823  0  0  0.0028249  -0.00209108
5.65487  0  0  0.00229746  -0.0021854
6.9115  0  0  0.00186272  -0.00216478
8.16814  0  0  0.00151806  -0.00208434
10.6814  0  0  0.00103798  -0.00186279
15.708  0  0  0.000551063  -0.00145181
33.3009  0  0  0.000137834  -0.000760435
-54.6637  0  3.14159  5.34671e-05  0.000471711
-27.0177  0  3.14159  0.000201756  0.00091377
-13.1947  0  3.14159  0.000693832  0.00162376
-10.6814  0  3.14159  0.000954612  0.00185358
-8.16814  0  3.14159  0.00137376  0.00212117
-6.9115  0  3.14159  0.00168198  0.00226003
-5.65487  0  3.14159  0.00209319  0.00238431
-4.39823  0  3.14159  0.00265213  0.00245378
-3.14159  0  3.14159  0.00340986  0.0023671
-1.88496  0  3.14159  0.00434501  0.00189958
-0.628319  0  3.14159  0.00512152  0.000773758
0.628319  0  3.14159  0.00512148  -0.000775889
1.88496  0  3.14159  0.0043449  -0.00190173
3.14159  0  3.14159  0.00340966  -0.00236924
4.39823  0  3.14159  0.00265188  -0.00245589
5.65487  0  3.14159  0.00209288  -0.0023864
6.9115  0  3.14159  0.00168161  -0.0022621
8.16814  0  3.14159  0.00137333  -0.00212321
10.6814  0  3.14159  0.000954046  -0.00185551
15.708  0  3.14159  0.000522773  -0.0014356
33.3009  0  3.14159  0.000136012  -0.000756837
-54.6637  3.14159  0  5.34671e-05  0.000471711
-27.0177  3.14159  0  0.000201756  0.00091377
-13.1947  3.14159  0  0.000693832  0.00162376
-10.6814  3.14159  0  0.000954612  0.00185358
-8.16814  3.14159  0  0.00137376  0.00212117
-6.9115  3.14159  0  0.00168198  0.00226003
-5.65487  3.14159  0  0.00209319  0.00238431
-4.39823  3.14159  0  0.00265213  0.00245378
-3.14159  3.14159  0  0.00340986  0.0023671
-1.88496  3.14159  0  0.00434501  0.00189958
-0.628319  3.14159  0  0.00512152  0.000773758
0.628319  3.14159  0  0.00512148  -0.000775889
1.88496  3.14159  0  0.0043449  -0.00190173
3.14159  3.14159  0  0.00340966  -0.00236924
4.39823  3.14159  0  0.00265188  -0.00245589
5.65487  3.14159  0  0.00209288  -0.0023864
6.9115  3.14159  0  0.00168161  -0.0022621
8.16814  3.14159  0  0.00137333  -0.00212321
10.6814  3.14159  0  0.000954046  -0.00185551
15.708  3.14159  0  0.000522773  -0.0014356
33.3009  3.14159  0  0.000136012  -0.000756837
-54.6637  3.14159  3.14159  5.32716e-05  0.000470802
-27.0177  3.14159  3.14159  0.000197947  0.000907866
-13.1947  3.14159  3.14159  0.000653788  0.0016035
-10.6814  3.14159  3.14159  0.000884752  0.00183229
-8.16814  3.14159  3.14159  0.00124333  0.00211133
-6.9115  3.14159  3.14159  0.00149736  0.00227173
-5.65487  3.14159  3.14159  0.00182437  0.00244884
-4.39823  3.14159  3.14159  0.00225521  0.00265432
-3.14159  3.14159  3.14159  0.0028676  0.00293464
-1.88496  3.14159  3.14159  0.00400245  0.00340948
-0.628319  3.14159  3.14159  0.00740684  0.00316493
0.628319  3.14159  3.14159  0.00740669  -0.00316722
1.88496  3.14159  3.14159  0.00400223  -0.00341168
3.14159  3.14159  3.14159  0.0028673  -0.00293676
4.39823  3.14159  3.14159  0.00225492  -0.00265639
5.65487  3.14159  3.14159  0.00182406  -0.0024509
6.9115  3.14159  3.14159  0.00149697  -0.00227381
8.16814  3.14159  3.14159  0.00124286  -0.00211336
10.6814  3.14159  3.14159  0.000884138  -0.00183416
15.708  3.14159  3.14159  0.000498696  -0.00141876
33.3009  3.14159  3.14159  0.000134302  -0.000753334
