-54.6637  0  0  -0.00472474  0.46774
-27.0177  0  0  -0.0179312  0.942043
-13.1947  0  0  -0.0762345  1.87993
-10.6814  0  0  -0.113424  2.28357
-8.16814  0  0  -0.186231  2.90182
-6.9115  0  0  -0.252275  3.3257
-5.65487  0  0  -0.360299  3.86227
-4.39823  0  0  -0.539974  4.52096
-3.14159  0  0  -0.844566  5.26615
-1.88496  0  0  -1.36711  5.49453
-0.628319  0  0  -2.04367  2.9527
0.628319  0  0  -2.03641  -2.95784
1.88496  0  0  -1.3652  -5.50608
3.14159  0  0  -0.840402  -5.2717
4.39823  0  0  -0.534661  -4.51769
5.65487  0  0  -0.364689  -3.86148
6.9115  0  0  -0.253541  -3.3249
8.16814  0  0  -0.188243  -2.90321
10.6814  0  0  -0.113783  -2.28298
15.708  0  0  -0.0551963  -1.59898
33.3009  0  0  -0.0119223  -0.763077
-54.6637  0  3.14159  -0.00027167  0.467689
-27.0177  0  3.14159  -6.29176e-05  0.94531
-13.1947  0  3.14159  -0.000790491  1.93793
-10.6814  0  3.14159  0.000279724  2.39253
-8.16814  0  3.14159  0.000665371  3.13658
-6.9115  0  3.14159  -9.99834e-05  3.68365
-5.65487  0  3.14159  0.000407992  4.48072
-4.39823  0  3.14159  -0.00121803  5.7423
-3.14159  0  3.14159  -0.0043454  7.94591
-1.88496  0  3.14159  -0.000198766  13.0563
-0.628319  0  3.14159  -0.00913864  38.2834
0.628319  0  3.14159  0.00366031  -38.2865
1.88496  0  3.14159  -0.00618087  -13.0638
3.14159  0  3.14159  1.32446e-05  -7.94982
4.39823  0  3.14159  0.00304157  -5.7397
5.65487  0  3.14159  -0.000986471  -4.48009
6.9115  0  3.14159  0.000616754  -3.68273
8.16814  0  3.14159  -0.00128783  -3.13775
10.6814  0  3.14159  -1.46841e-05  -2.392
15.708  0  3.14159  -0.000259402  -1.62453
33.3009  0  3.14159  0.000208655  -0.770779
-54.6637  3.14159  0  -0.00027167  0.467689
-27.0177  3.14159  0  -6.29176e-05  0.94531
-13.1947  3.14159  0  -0.000790491  1.93793
-10.6814  3.14159  0  0.000279724  2.39253
-8.16814  3.14159  0  0.000665371  3.13658
-6.9115  3.14159  0  -9.99834e-05  3.68365
-5.65487  3.14159  0  0.000407992  4.48072
-4.39823  3.14159  0  -0.00121803  5.7423
-3.14159  3.14159  0  -0.0043454  7.94591
-1.88496  3.14159  0  -0.000198766  13.0563
-0.628319  3.14159  0  -0.00913864  38.2834
0.628319  3.14159  0  0.00366031  -38.2865
1.88496  3.14159  0  -0.00618087  -13.0638
3.14159  3.14159  0  1.32446e-05  -7.94982
4.39823  3.14159  0  0.00304157  -5.7397
5.65487  3.14159  0  -0.000986471  -4.48009
6.9115  3.14159  0  0.000616754  -3.68273
8.16814  3.14159  0  -0.00128783  -3.13775
10.6814  3.14159  0  -1.46841e-05  -2.392
15.708  3.14159  0  -0.000259402  -1.62453
33.3009  3.14159  0  0.000208655  -0.770779
-54.6637  3.14159  3.14159  0.00431717  0.467749
-27.0177  3.14159  3.14159  0.0187968  0.942044
-13.1947  3.14159  3.14159  0.0747982  1.88018
-10.6814  3.14159  3.14159  0.113559  2.28388
-8.16814  3.14159  3.14159  0.189272  2.90127
-6.9115  3.14159  3.14159  0.25596  3.32529
-5.65487  3.14159  3.14159  0.358976  3.86238
-4.39823  3.14159  3.14159  0.532786  4.5207
-3.14159  3.14159  3.14159  0.851931  5.26519
-1.88496  3.14159  3.14159  1.40802  5.49423
-0.628319  3.14159  3.14159  2.03767  2.9524
0.628319  3.14159  3.14159  2.04472  -2.9569
1.88496  3.14159  3.14159  1.40987  -5.50606
3.14159  3.14159  3.14159  0.856288  -5.27106
4.39823  3.14159  3.14159  0.53794  -4.51792
5.65487  3.14159  3.14159  0.354876  -3.86181
6.9115  3.14159  3.14159  0.254995  -3.32449
8.16814  3.14159  3.14159  0.187682  -2.9025
10.6814  3.14159  3.14159  0.113139  -2.28333
15.708  3.14159  3.14159  0.052345  -1.59904
33.3009  3.14159  3.14159  0.0122974  -0.763136
