-54.6637  0  0  -84.4149  30.4668
-27.0177  0  0  116.419  -17.7966
-13.1947  0  0  17.6923  184.43
-10.6814  0  0  -21.9032  -67.6423
-8.16814  0  0  14.0349  -114.962
-6.9115  0  0  9.90883  -42.1702
-5.65487  0  0  -89.4893  -166.692
-4.39823  0  0  293.434  177.065
-3.14159  0  0  726.617  107.337
-1.88496  0  0  409.42  528.068
-0.628319  0  0  1758.53  1465.46
0.628319  0  0  -1370  192.678
1.88496  0  0  -321.619  1581.26
3.14159  0  0  -115.584  -443.028
4.39823  0  0  1.98021  -263.694
5.65487  0  0  186.175  -44.4776
6.9115  0  0  -195.711  366.431
8.16814  0  0  -24.9422  290.478
10.6814  0  0  38.575  4.03137
15.708  0  0  -71.906  -73.1534
33.3009  0  0  -133.976  -57.9641
-54.6637  0  3.14159  58.7309  40.199
-27.0177  0  3.14159  -84.3796  -64.0584
-13.1947  0  3.14159  104.292  69.4318
-10.6814  0  3.14159  -36.1945  -97.8168
-8.16814  0  3.14159  -353.266  -224.291
-6.9115  0  3.14159  -236.684  -152.22
-5.65487  0  3.14159  -126.774  -110.22
-4.39823  0  3.14159  468.81  -176.167
-3.14159  0  3.14159  236.928  -361.126
-1.88496  0  3.14159  -305.788  -785.129
-0.628319  0  3.14159  230.074  170.616
0.628319  0  3.14159  224.507  -1185.67
1.88496  0  3.14159  1036.13  168.944
3.14159  0  3.14159  -277.837  -388.718
4.39823  0  3.14159  -290.128  -246.828
5.65487  0  3.14159  114.706  65.9631
6.9115  0  3.14159  373.522  336.401
8.16814  0  3.14159  386.437  176.698
10.6814  0  3.14159  17.9602  58.1775
15.708  0  3.14159  75.6823  -13.3938
33.3009  0  3.14159  -28.7189  20.9254
-54.6637  3.14159  0  58.7309  40.199
-27.0177  3.14159  0  -84.3796  -64.0584
-13.1947  3.14159  0  104.292  69.4318
-10.6814  3.14159  0  -36.1945  -97.8168
-8.16814  3.14159  0  -353.266  -224.291
-6.9115  3.14159  0  -236.684  -152.22
-5.65487  3.14159  0  -126.774  -110.22
-4.39823  3.14159  0  468.81  -176.167
-3.14159  3.14159  0  236.928  -361.126
-1.88496  3.14159  0  -305.788  -785.129
-0.628319  3.14159  0  230.074  170.616
0.628319  3.14159  0  224.507  -1185.67
1.88496  3.14159  0  1036.13  168.944
3.14159  3.14159  0  -277.837  -388.718
4.39823  3.14159  0  -290.128  -246.828
5.65487  3.14159  0  114.706  65.9631
6.9115  3.14159  0  373.522  336.401
8.16814  3.14159  0  386.437  176.698
10.6814  3.14159  0  17.9602  58.1775
15.708  3.14159  0  75.6823  -13.3938
33.3009  3.14159  0  -28.7189  20.9254
-54.6637  3.14159  3.14159  34.8896  3.09286
-27.0177  3.14159  3.14159  -43.9992  15.0154
-13.1947  3.14159  3.14159  6.14748  -113.045
-10.6814  3.14159  3.14159  -50.6284  155.441
-8.16814  3.14159  3.14159  4.91884  346.47
-6.9115  3.14159  3.14159  -46.9398  184.791
-5.65487  3.14159  3.14159  -27.0175  481.277
-4.39823  3.14159  3.14159  -323.45  -272.906
-3.14159  3.14159  3.14159  -192.728  -232.598
-1.88496  3.14159  3.14159  318.149  -185.303
-0.628319  3.14159  3.14159  176.116  -1897.74
0.628319  3.14159  3.14159  636.965  1366.75
1.88496  3.14159  3.14159  656.96  -596.684
3.14159  3.14159  3.14159  119.138  467.785
4.39823  3.14159  3.14159  -158.398  281.987
5.65487  3.14159  3.14159  -23.2411  -403.539
6.9115  3.14159  3.14159  124.204  -354.669
8.16814  3.14159  3.14159  70.2648  -407.044
10.6814  3.14159  3.14159  -11.7411  -126.53
15.708  3.14159  3.14159  8.98517  -33.8977
33.3009  3.14159  3.14159  43.9461  93.9643
