-54.6637  0  0  0.00197806  0.0180771
-27.0177  0  0  0.00781015  0.0352849
-13.1947  0  0  0.0284961  0.0628732
-10.6814  0  0  0.0399082  0.0712743
-8.16814  0  0  0.0583557  0.079699
-6.9115  0  0  0.0715935  0.0827348
-5.65487  0  0  0.0882806  0.0834713
-4.39823  0  0  0.108516  0.0798065
-3.14159  0  0  0.131047  0.0688394
-1.88496  0  0  0.152098  0.0479369
-0.628319  0  0  0.165382  0.0173747
0.628319  0  0  0.165381  -0.0173748
1.88496  0  0  0.152097  -0.0479387
3.14159  0  0  0.131046  -0.0688368
4.39823  0  0  0.108518  -0.0798035
5.65487  0  0  0.0882811  -0.0834735
6.9115  0  0  0.071592  -0.0827376
8.16814  0  0  0.0583548  -0.0797007
10.6814  0  0  0.0399074  -0.0712771
15.708  0  0  0.0211715  -0.0556036
33.3009  0  0  0.00522476  -0.0290909
-54.6637  0  3.14159  0.00116637  0.0182193
-27.0177  0  3.14159  0.00471409  0.0364016
-13.1947  0  3.14159  0.0187758  0.0708111
-10.6814  0  3.14159  0.0277018  0.0845398
-8.16814  0  3.14159  0.0443093  0.10344
-6.9115  0  3.14159  0.0582984  0.115164
-5.65487  0  3.14159  0.0791289  0.127869
-4.39823  0  3.14159  0.11077  0.139246
-3.14159  0  3.14159  0.15823  0.142074
-1.88496  0  3.14159  0.221509  0.119327
-0.628319  0  3.14159  0.27686  0.0497153
0.628319  0  3.14159  0.276855  -0.0497168
1.88496  0  3.14159  0.221505  -0.119326
3.14159  0  3.14159  0.158228  -0.142054
4.39823  0  3.14159  0.11079  -0.139233
5.65487  0  3.14159  0.0791302  -0.127895
6.9115  0  3.14159  0.0583025  -0.115166
8.16814  0  3.14159  0.0443108  -0.103442
10.6814  0  3.14159  0.0276906  -0.0845603
15.708  0  3.14159  0.0135115  -0.0606497
33.3009  0  3.14159  0.00312124  -0.0297009
-54.6637  3.14159  0  0.00116637  0.0182193
-27.0177  3.14159  0  0.00471409  0.0364016
-13.1947  3.14159  0  0.0187758  0.0708111
-10.6814  3.14159  0  0.0277018  0.0845398
-8.16814  3.14159  0  0.0443093  0.10344
-6.9115  3.14159  0  0.0582984  0.115164
-5.65487  3.14159  0  0.0791289  0.127869
-4.39823  3.14159  0  0.11077  0.139246
-3.14159  3.14159  0  0.15823  0.142074
-1.88496  3.14159  0  0.221509  0.119327
-0.628319  3.14159  0  0.27686  0.0497153
0.628319  3.14159  0  0.276855  -0.0497168
1.88496  3.14159  0  0.221505  -0.119326
3.14159  3.14159  0  0.158228  -0.142054
4.39823  3.14159  0  0.11079  -0.139233
5.65487  3.14159  0  0.0791302  -0.127895
6.9115  3.14159  0  0.0583025  -0.115166
8.16814  3.14159  0  0.0443108  -0.103442
10.6814  3.14159  0  0.0276906  -0.0845603
15.708  3.14159  0  0.0135115  -0.0606497
33.3009  3.14159  0  0.00312124  -0.0297009
-54.6637  3.14159  3.14159  0.00034035  0.0182876
-27.0177  3.14159  3.14159  0.00139222  0.0369597
-13.1947  3.14159  3.14159  0.00581589  0.0753277
-10.6814  3.14159  3.14159  0.0088362  0.0927816
-8.16814  3.14159  3.14159  0.0150174  0.120555
-6.9115  3.14159  3.14159  0.0208476  0.141615
-5.65487  3.14159  3.14159  0.0308224  0.171297
-4.39823  3.14159  3.14159  0.0499494  0.215815
-3.14159  3.14159  3.14159  0.0933241  0.288068
-1.88496  3.14159  3.14159  0.221768  0.410783
-0.628319  3.14159  3.14159  0.711422  0.439248
0.628319  3.14159  3.14159  0.711442  -0.439263
1.88496  3.14159  3.14159  0.221773  -0.410796
3.14159  3.14159  3.14159  0.0933079  -0.28808
4.39823  3.14159  3.14159  0.0499222  -0.215806
5.65487  3.14159  3.14159  0.0308306  -0.17129
6.9115  3.14159  3.14159  0.0208613  -0.141608
8.16814  3.14159  3.14159  0.0150253  -0.120553
10.6814  3.14159  3.14159  0.0088433  -0.0927782
15.708  3.14159  3.14159  0.00410709  -0.0633939
33.3009  3.14159  3.14159  0.000916582  -0.0300009
