-54.6637  0  0  0.00197897  0.018075
-27.0177  0  0  0.00780842  0.0352945
-13.1947  0  0  0.0284894  0.0628895
-10.6814  0  0  0.0399135  0.0712552
-8.16814  0  0  0.0583625  0.0796836
-6.9115  0  0  0.0716014  0.0827126
-5.65487  0  0  0.0882762  0.0834473
-4.39823  0  0  0.108507  0.0798076
-3.14159  0  0  0.131044  0.068835
-1.88496  0  0  0.152082  0.047916
-0.628319  0  0  0.165362  0.0173688
0.628319  0  0  0.165355  -0.0173693
1.88496  0  0  0.152072  -0.0479346
3.14159  0  0  0.131032  -0.0688079
4.39823  0  0  0.10852  -0.0797746
5.65487  0  0  0.0882822  -0.083471
6.9115  0  0  0.0715853  -0.0827426
8.16814  0  0  0.0583527  -0.0797015
10.6814  0  0  0.0399045  -0.0712846
15.708  0  0  0.0211839  -0.0556166
33.3009  0  0  0.00522771  -0.0290904
-54.6637  0  3.14159  0.00117403  0.0182231
-27.0177  0  3.14159  0.00471085  0.036396
-13.1947  0  3.14159  0.018761  0.0708455
-10.6814  0  3.14159  0.0277036  0.0844273
-8.16814  0  3.14159  0.0442788  0.103409
-6.9115  0  3.14159  0.058243  0.115128
-5.65487  0  3.14159  0.0791209  0.127753
-4.39823  0  3.14159  0.11079  0.139331
-3.14159  0  3.14159  0.158202  0.142147
-1.88496  0  3.14159  0.221505  0.119336
-0.628319  0  3.14159  0.276833  0.0497096
0.628319  0  3.14159  0.276763  -0.0497493
1.88496  0  3.14159  0.221455  -0.119317
3.14159  0  3.14159  0.158171  -0.141679
4.39823  0  3.14159  0.110949  -0.139272
5.65487  0  3.14159  0.0789742  -0.128206
6.9115  0  3.14159  0.0582741  -0.115133
8.16814  0  3.14159  0.0442902  -0.103418
10.6814  0  3.14159  0.0274824  -0.0845871
15.708  0  3.14159  0.0135178  -0.0606199
33.3009  0  3.14159  0.00312485  -0.0296951
-54.6637  3.14159  0  0.00117403  0.0182231
-27.0177  3.14159  0  0.00471085  0.036396
-13.1947  3.14159  0  0.018761  0.0708455
-10.6814  3.14159  0  0.0277036  0.0844273
-8.16814  3.14159  0  0.0442788  0.103409
-6.9115  3.14159  0  0.058243  0.115128
-5.65487  3.14159  0  0.0791209  0.127753
-4.39823  3.14159  0  0.11079  0.139331
-3.14159  3.14159  0  0.158202  0.142147
-1.88496  3.14159  0  0.221505  0.119336
-0.628319  3.14159  0  0.276833  0.0497096
0.628319  3.14159  0  0.276763  -0.0497493
1.88496  3.14159  0  0.221455  -0.119317
3.14159  3.14159  0  0.158171  -0.141679
4.39823  3.14159  0  0.110949  -0.139272
5.65487  3.14159  0  0.0789742  -0.128206
6.9115  3.14159  0  0.0582741  -0.115133
8.16814  3.14159  0  0.0442902  -0.103418
10.6814  3.14159  0  0.0274824  -0.0845871
15.708  3.14159  0  0.0135178  -0.0606199
33.3009  3.14159  0  0.00312485  -0.0296951
-54.6637  3.14159  3.14159  0.000335791  0.0182926
-27.0177  3.14159  3.14159  0.00139309  0.0369534
-13.1947  3.14159  3.14159  0.0059459  0.0750917
-10.6814  3.14159  3.14159  0.00880231  0.0928062
-8.16814  3.14159  3.14159  0.0150055  0.120546
-6.9115  3.14159  3.14159  0.0208209  0.141596
-5.65487  3.14159  3.14159  0.0307962  0.171335
-4.39823  3.14159  3.14159  0.0501158  0.21588
-3.14159  3.14159  3.14159  0.093448  0.287868
-1.88496  3.14159  3.14159  0.221769  0.410645
-0.628319  3.14159  3.14159  0.710932  0.438691
0.628319  3.14159  3.14159  0.711207  -0.438889
1.88496  3.14159  3.14159  0.221794  -0.410823
3.14159  3.14159  3.14159  0.0932443  -0.288061
4.39823  3.14159  3.14159  0.0498253  -0.215763
5.65487  3.14159  3.14159  0.0309001  -0.171267
6.9115  3.14159  3.14159  0.0209246  -0.14154
8.16814  3.14159  3.14159  0.0150724  -0.120522
10.6814  3.14159  3.14159  0.00889079  -0.0927683
15.708  3.14159  3.14159  0.00411207  -0.0633733
33.3009  3.14159  3.14159  0.000915065  -0.0299976
