-54.6637  0  0  -72.8381  3019.37
-27.0177  0  0  818.698  -3616.36
-13.1947  0  0  8564.93  -9827.32
-10.6814  0  0  -7783.15  6164.87
-8.16814  0  0  -12009.2  16211.9
-6.9115  0  0  -2867.66  19024.8
-5.65487  0  0  -26187.3  13331.4
-4.39823  0  0  3224.93  -31076.2
-3.14159  0  0  7171.52  -50326.9
-1.88496  0  0  34174.9  44626.1
-0.628319  0  0  138821  -145012
0.628319  0  0  -52571.6  176133
1.88496  0  0  73722.7  11957.4
3.14159  0  0  -46361.3  23891.3
4.39823  0  0  -28634.5  6611.18
5.65487  0  0  8711.17  -20849.6
6.9115  0  0  23268.2  -6112.58
8.16814  0  0  23219  -11160.1
10.6814  0  0  4001.32  -9365.82
15.708  0  0  -4151.72  7124.18
33.3009  0  0  -6752.88  8940.7
-54.6637  0  3.14159  -627.381  8814
-27.0177  0  3.14159  2253.35  -11970.9
-13.1947  0  3.14159  19665.6  -3023.58
-10.6814  0  3.14159  -14878.2  901.254
-8.16814  0  3.14159  -24181.5  4472.1
-6.9115  0  3.14159  -10218.8  5075.28
-5.65487  0  3.14159  -43093.2  2650.41
-4.39823  0  3.14159  29002.6  -40350.2
-3.14159  0  3.14159  26827  -72646.6
-1.88496  0  3.14159  69101.4  21886.6
-0.628319  0  3.14159  280147  -147475
0.628319  0  3.14159  -97401.6  219148
1.88496  0  3.14159  144565  76996.7
3.14159  0  3.14159  -69602  21034
4.39823  0  3.14159  -39019.8  -5350.15
5.65487  0  3.14159  16091.3  -20456.3
6.9115  0  3.14159  43996.5  16940.2
8.16814  0  3.14159  43638.8  5714.81
10.6814  0  3.14159  8597.08  -7304.7
15.708  0  3.14159  -7852.41  9287.85
33.3009  0  3.14159  -12950.6  13834.9
-54.6637  3.14159  0  -627.381  8814
-27.0177  3.14159  0  2253.35  -11970.9
-13.1947  3.14159  0  19665.6  -3023.58
-10.6814  3.14159  0  -14878.2  901.254
-8.16814  3.14159  0  -24181.5  4472.1
-6.9115  3.14159  0  -10218.8  5075.28
-5.65487  3.14159  0  -43093.2  2650.41
-4.39823  3.14159  0  29002.6  -40350.2
-3.14159  3.14159  0  26827  -72646.6
-1.88496  3.14159  0  69101.4  21886.6
-0.628319  3.14159  0  280147  -147475
0.628319  3.14159  0  -97401.6  219148
1.88496  3.14159  0  144565  76996.7
3.14159  3.14159  0  -69602  21034
4.39823  3.14159  0  -39019.8  -5350.15
5.65487  3.14159  0  16091.3  -20456.3
6.9115  3.14159  0  43996.5  16940.2
8.16814  3.14159  0  43638.8  5714.81
10.6814  3.14159  0  8597.08  -7304.7
15.708  3.14159  0  -7852.41  9287.85
33.3009  3.14159  0  -12950.6  13834.9
-54.6637  3.14159  3.14159  1092  6104.17
-27.0177  3.14159  3.14159  1195.73  -6952.3
-13.1947  3.14159  3.14159  9513.51  -17629
-10.6814  3.14159  3.14159  -6620.2  19806.7
-8.16814  3.14159  3.14159  5015.32  48754.6
-6.9115  3.14159  3.14159  17038.6  41066.5
-5.65487  3.14159  3.14159  -21183.1  53292.6
-4.39823  3.14159  3.14159  -24172.3  -58185.5
-3.14159  3.14159  3.14159  -23498.6  -109318
-1.88496  3.14159  3.14159  117855  41390.9
-0.628319  3.14159  3.14159  129274  -388661
0.628319  3.14159  3.14159  77931.4  380576
1.88496  3.14159  3.14159  149265  -26325.3
3.14159  3.14159  3.14159  -53267.5  76539.5
4.39823  3.14159  3.14159  -47262.9  45297.3
5.65487  3.14159  3.14159  -14154.6  -58461.9
6.9115  3.14159  3.14159  28468.3  -28011.1
8.16814  3.14159  3.14159  19787.7  -47348.9
10.6814  3.14159  3.14159  -5290.86  -21223
15.708  3.14159  3.14159  -8630.28  8638.66
33.3009  3.14159  3.14159  -5127.31  22954.9
