-54.6637  0  0  0.00197779  0.0180764
-27.0177  0  0  0.00781332  0.0352863
-13.1947  0  0  0.0285025  0.0628692
-10.6814  0  0  0.0399045  0.0712742
-8.16814  0  0  0.058353  0.0796953
-6.9115  0  0  0.0715882  0.0827286
-5.65487  0  0  0.0882785  0.0834672
-4.39823  0  0  0.108519  0.0797918
-3.14159  0  0  0.131041  0.0688239
-1.88496  0  0  0.152081  0.0479297
-0.628319  0  0  0.165363  0.0173701
0.628319  0  0  0.165365  -0.0173699
1.88496  0  0  0.152082  -0.0479263
3.14159  0  0  0.131042  -0.0688283
4.39823  0  0  0.108516  -0.0797987
5.65487  0  0  0.0882748  -0.083461
6.9115  0  0  0.0715933  -0.082724
8.16814  0  0  0.0583567  -0.0796904
10.6814  0  0  0.0399067  -0.0712673
15.708  0  0  0.0211722  -0.0556042
33.3009  0  0  0.00522484  -0.0290914
-54.6637  0  3.14159  0.00116639  0.0182187
-27.0177  0  3.14159  0.00471584  0.0364029
-13.1947  0  3.14159  0.0187832  0.0708057
-10.6814  0  3.14159  0.027697  0.0845468
-8.16814  0  3.14159  0.0443158  0.10344
-6.9115  0  3.14159  0.0583011  0.115164
-5.65487  0  3.14159  0.0791317  0.127867
-4.39823  0  3.14159  0.110783  0.139213
-3.14159  0  3.14159  0.158236  0.142035
-1.88496  0  3.14159  0.221477  0.119284
-0.628319  0  3.14159  0.276808  0.0496941
0.628319  0  3.14159  0.276812  -0.0496937
1.88496  0  3.14159  0.221483  -0.119286
3.14159  0  3.14159  0.158234  -0.142042
4.39823  0  3.14159  0.110775  -0.139222
5.65487  0  3.14159  0.0791307  -0.127856
6.9115  0  3.14159  0.0583156  -0.115157
8.16814  0  3.14159  0.0443216  -0.103436
10.6814  0  3.14159  0.0277025  -0.084538
15.708  0  3.14159  0.0135125  -0.060654
33.3009  0  3.14159  0.00312124  -0.0297015
-54.6637  3.14159  0  0.00116639  0.0182187
-27.0177  3.14159  0  0.00471584  0.0364029
-13.1947  3.14159  0  0.0187832  0.0708057
-10.6814  3.14159  0  0.027697  0.0845468
-8.16814  3.14159  0  0.0443158  0.10344
-6.9115  3.14159  0  0.0583011  0.115164
-5.65487  3.14159  0  0.0791317  0.127867
-4.39823  3.14159  0  0.110783  0.139213
-3.14159  3.14159  0  0.158236  0.142035
-1.88496  3.14159  0  0.221477  0.119284
-0.628319  3.14159  0  0.276808  0.0496941
0.628319  3.14159  0  0.276812  -0.0496937
1.88496  3.14159  0  0.221483  -0.119286
3.14159  3.14159  0  0.158234  -0.142042
4.39823  3.14159  0  0.110775  -0.139222
5.65487  3.14159  0  0.0791307  -0.127856
6.9115  3.14159  0  0.0583156  -0.115157
8.16814  3.14159  0  0.0443216  -0.103436
10.6814  3.14159  0  0.0277025  -0.084538
15.708  3.14159  0  0.0135125  -0.060654
33.3009  3.14159  0  0.00312124  -0.0297015
-54.6637  3.14159  3.14159  0.000340723  0.0182869
-27.0177  3.14159  3.14159  0.00139351  0.0369621
-13.1947  3.14159  3.14159  0.00581597  0.0753414
-10.6814  3.14159  3.14159  0.00884307  0.092774
-8.16814  3.14159  3.14159  0.0150288  0.12055
-6.9115  3.14159  3.14159  0.020865  0.141608
-5.65487  3.14159  3.14159  0.0308412  0.171281
-4.39823  3.14159  3.14159  0.0499633  0.215804
-3.14159  3.14159  3.14159  0.0933699  0.288053
-1.88496  3.14159  3.14159  0.221857  0.410649
-0.628319  3.14159  3.14159  0.71125  0.438838
0.628319  3.14159  3.14159  0.711252  -0.438838
1.88496  3.14159  3.14159  0.221859  -0.410652
3.14159  3.14159  3.14159  0.0933671  -0.288055
4.39823  3.14159  3.14159  0.0499605  -0.215803
5.65487  3.14159  3.14159  0.0308418  -0.171281
6.9115  3.14159  3.14159  0.0208668  -0.141608
8.16814  3.14159  3.14159  0.0150296  -0.120551
10.6814  3.14159  3.14159  0.00884341  -0.0927741
15.708  3.14159  3.14159  0.00410791  -0.0633979
33.3009  3.14159  3.14159  0.000917352  -0.0300015
