-54.6637  0  0  -0.0162242  0.169143
-27.0177  0  0  -0.0617819  0.3501
-13.1947  0  0  -0.245719  0.826944
-10.6814  0  0  -0.360651  1.08284
-8.16814  0  0  -0.562625  1.53098
-6.9115  0  0  -0.728379  1.89234
-5.65487  0  0  -0.98953  2.43733
-4.39823  0  0  -1.37248  3.25131
-3.14159  0  0  -2.00154  4.53308
-1.88496  0  0  -2.96569  6.07459
-0.628319  0  0  -4.54568  4.17535
0.628319  0  0  -4.56287  -4.15608
1.88496  0  0  -2.9839  -6.03755
3.14159  0  0  -2.01007  -4.52565
4.39823  0  0  -1.38201  -3.24905
5.65487  0  0  -0.991551  -2.43915
6.9115  0  0  -0.733325  -1.88908
8.16814  0  0  -0.564511  -1.52907
10.6814  0  0  -0.364647  -1.08271
15.708  0  0  -0.1813  -0.665682
33.3009  0  0  -0.0448781  -0.275475
-54.6637  0  3.14159  0.0139548  0.157782
-27.0177  0  3.14159  0.0296687  0.36379
-13.1947  0  3.14159  0.130285  0.852948
-10.6814  0  3.14159  0.245961  1.06861
-8.16814  0  3.14159  0.382603  1.45093
-6.9115  0  3.14159  0.489799  1.7567
-5.65487  0  3.14159  0.740104  2.13023
-4.39823  0  3.14159  0.996335  2.73627
-3.14159  0  3.14159  1.53315  3.26968
-1.88496  0  3.14159  3.1335  3.8131
-0.628319  0  3.14159  44.6899  51.5529
0.628319  0  3.14159  45.2906  -51.7097
1.88496  0  3.14159  3.13115  -4.02055
3.14159  0  3.14159  1.65816  -3.23395
4.39823  0  3.14159  1.05221  -2.68278
5.65487  0  3.14159  0.637114  -2.10724
6.9115  0  3.14159  0.440561  -1.78422
8.16814  0  3.14159  0.314762  -1.46863
10.6814  0  3.14159  0.210267  -1.06025
15.708  0  3.14159  0.117772  -0.681543
33.3009  0  3.14159  0.0435757  -0.306425
-54.6637  3.14159  0  0.0139548  0.157782
-27.0177  3.14159  0  0.0296687  0.36379
-13.1947  3.14159  0  0.130285  0.852948
-10.6814  3.14159  0  0.245961  1.06861
-8.16814  3.14159  0  0.382603  1.45093
-6.9115  3.14159  0  0.489799  1.7567
-5.65487  3.14159  0  0.740104  2.13023
-4.39823  3.14159  0  0.996335  2.73627
-3.14159  3.14159  0  1.53315  3.26968
-1.88496  3.14159  0  3.1335  3.8131
-0.628319  3.14159  0  44.6899  51.5529
0.628319  3.14159  0  45.2906  -51.7097
1.88496  3.14159  0  3.13115  -4.02055
3.14159  3.14159  0  1.65816  -3.23395
4.39823  3.14159  0  1.05221  -2.68278
5.65487  3.14159  0  0.637114  -2.10724
6.9115  3.14159  0  0.440561  -1.78422
8.16814  3.14159  0  0.314762  -1.46863
10.6814  3.14159  0  0.210267  -1.06025
15.708  3.14159  0  0.117772  -0.681543
33.3009  3.14159  0  0.0435757  -0.306425
-54.6637  3.14159  3.14159  0.0317619  0.168912
-27.0177  3.14159  3.14159  0.140031  0.345066
-13.1947  3.14159  3.14159  0.548703  0.773785
-10.6814  3.14159  3.14159  0.786607  1.00678
-8.16814  3.14159  3.14159  1.25488  1.40176
-6.9115  3.14159  3.14159  1.66147  1.69017
-5.65487  3.14159  3.14159  2.23364  2.113
-4.39823  3.14159  3.14159  3.21552  2.69478
-3.14159  3.14159  3.14159  4.78706  3.66681
-1.88496  3.14159  3.14159  7.20424  4.93544
-0.628319  3.14159  3.14159  8.95253  3.23084
0.628319  3.14159  3.14159  8.72749  -3.17057
1.88496  3.14159  3.14159  7.2075  -4.82932
3.14159  3.14159  3.14159  4.72512  -3.69085
4.39823  3.14159  3.14159  3.17385  -2.71971
5.65487  3.14159  3.14159  2.26988  -2.12675
6.9115  3.14159  3.14159  1.68078  -1.67527
8.16814  3.14159  3.14159  1.28612  -1.3935
10.6814  3.14159  3.14159  0.79575  -1.01113
15.708  3.14159  3.14159  0.384116  -0.638722
33.3009  3.14159  3.14159  0.080226  -0.266675
