-54.6637  0  0  0.00106967  0.0182259
-27.0177  0  0  0.00432257  0.0364598
-13.1947  0  0  0.0172102  0.0713174
-10.6814  0  0  0.0254028  0.0855125
-8.16814  0  0  0.0407754  0.105569
-6.9115  0  0  0.0538902  0.118547
-5.65487  0  0  0.0738041  0.133508
-4.39823  0  0  0.1052  0.148884
-3.14159  0  0  0.155367  0.158079
-1.88496  0  0  0.228999  0.141399
-0.628319  0  0  0.304897  0.0661818
0.628319  0  0  0.304917  -0.0661648
1.88496  0  0  0.229013  -0.141419
3.14159  0  0  0.155369  -0.158084
4.39823  0  0  0.105201  -0.148887
5.65487  0  0  0.0738047  -0.133509
6.9115  0  0  0.0538897  -0.118548
8.16814  0  0  0.0407752  -0.105569
10.6814  0  0  0.0254028  -0.0855127
15.708  0  0  0.0123821  -0.0609515
33.3009  0  0  0.00286186  -0.0297319
-54.6637  0  3.14159  0.000243514  0.0182854
-27.0177  0  3.14159  0.000993865  0.0369451
-13.1947  0  3.14159  0.00412085  0.0752306
-10.6814  0  3.14159  0.00624952  0.0925963
-8.16814  0  3.14159  0.0105705  0.120249
-6.9115  0  3.14159  0.0146369  0.141244
-5.65487  0  3.14159  0.0216248  0.170925
-4.39823  0  3.14159  0.0350738  0.216005
-3.14159  0  3.14159  0.0662858  0.291244
-1.88496  0  3.14159  0.167842  0.433617
-0.628319  0  3.14159  0.776244  0.67227
0.628319  0  3.14159  0.776358  -0.672264
1.88496  0  3.14159  0.167843  -0.434495
3.14159  0  3.14159  0.0664733  -0.291147
4.39823  0  3.14159  0.0351038  -0.215958
5.65487  0  3.14159  0.0215847  -0.170927
6.9115  0  3.14159  0.0146285  -0.141253
8.16814  0  3.14159  0.0105629  -0.120253
10.6814  0  3.14159  0.0062477  -0.0925963
15.708  0  3.14159  0.00291973  -0.0633261
33.3009  0  3.14159  0.000655093  -0.0299929
-54.6637  3.14159  0  0.000243514  0.0182854
-27.0177  3.14159  0  0.000993865  0.0369451
-13.1947  3.14159  0  0.00412085  0.0752306
-10.6814  3.14159  0  0.00624952  0.0925963
-8.16814  3.14159  0  0.0105705  0.120249
-6.9115  3.14159  0  0.0146369  0.141244
-5.65487  3.14159  0  0.0216248  0.170925
-4.39823  3.14159  0  0.0350738  0.216005
-3.14159  3.14159  0  0.0662858  0.291244
-1.88496  3.14159  0  0.167842  0.433617
-0.628319  3.14159  0  0.776244  0.67227
0.628319  3.14159  0  0.776358  -0.672264
1.88496  3.14159  0  0.167843  -0.434495
3.14159  3.14159  0  0.0664733  -0.291147
4.39823  3.14159  0  0.0351038  -0.215958
5.65487  3.14159  0  0.0215847  -0.170927
6.9115  3.14159  0  0.0146285  -0.141253
8.16814  3.14159  0  0.0105629  -0.120253
10.6814  3.14159  0  0.0062477  -0.0925963
15.708  3.14159  0  0.00291973  -0.0633261
33.3009  3.14159  0  0.000655093  -0.0299929
-54.6637  3.14159  3.14159  -0.000585633  0.0182699
-27.0177  3.14159  3.14159  -0.002384  0.0368175
-13.1947  3.14159  3.14159  -0.00976721  0.0741741
-10.6814  3.14159  3.14159  -0.0146793  0.0906572
-8.16814  3.14159  3.14159  -0.0243816  0.116138
-6.9115  3.14159  3.14159  -0.0332066  0.13477
-5.65487  3.14159  3.14159  -0.0477407  0.15994
-4.39823  3.14159  3.14159  -0.074108  0.195099
-3.14159  3.14159  3.14159  -0.12872  0.243757
-1.88496  3.14159  3.14159  -0.256633  0.292502
-0.628319  3.14159  3.14159  -0.516  0.200686
0.628319  3.14159  3.14159  -0.516174  -0.201152
1.88496  3.14159  3.14159  -0.256646  -0.292611
3.14159  3.14159  3.14159  -0.128698  -0.243713
4.39823  3.14159  3.14159  -0.0741143  -0.195076
5.65487  3.14159  3.14159  -0.0477433  -0.159952
6.9115  3.14159  3.14159  -0.0332026  -0.134772
8.16814  3.14159  3.14159  -0.0243787  -0.11614
10.6814  3.14159  3.14159  -0.0146791  -0.0906576
15.708  3.14159  3.14159  -0.00695296  -0.0626912
33.3009  3.14159  3.14159  -0.00157321  -0.0299246
