-54.6637  0  0  0.00197808  0.0180772
-27.0177  0  0  0.00781117  0.0352835
-13.1947  0  0  0.0284992  0.062869
-10.6814  0  0  0.0399109  0.0712712
-8.16814  0  0  0.0583577  0.0796928
-6.9115  0  0  0.0715943  0.0827273
-5.65487  0  0  0.0882804  0.0834611
-4.39823  0  0  0.108513  0.0797922
-3.14159  0  0  0.131037  0.0688248
-1.88496  0  0  0.152082  0.0479268
-0.628319  0  0  0.165361  0.0173706
0.628319  0  0  0.165361  -0.0173706
1.88496  0  0  0.152082  -0.0479271
3.14159  0  0  0.131037  -0.0688244
4.39823  0  0  0.108513  -0.0797917
5.65487  0  0  0.0882806  -0.0834615
6.9115  0  0  0.0715939  -0.0827278
8.16814  0  0  0.0583576  -0.0796932
10.6814  0  0  0.0399107  -0.0712718
15.708  0  0  0.0211719  -0.0555999
33.3009  0  0  0.00522518  -0.0290907
-54.6637  0  3.14159  0.00116587  0.0182197
-27.0177  0  3.14159  0.0047158  0.0363997
-13.1947  0  3.14159  0.0187776  0.070801
-10.6814  0  3.14159  0.027704  0.0845529
-8.16814  0  3.14159  0.0443187  0.103446
-6.9115  0  3.14159  0.0583115  0.115168
-5.65487  0  3.14159  0.0791405  0.12787
-4.39823  0  3.14159  0.110773  0.139199
-3.14159  0  3.14159  0.158224  0.142027
-1.88496  0  3.14159  0.221477  0.119294
-0.628319  0  3.14159  0.2768  0.0496963
0.628319  0  3.14159  0.276804  -0.0496969
1.88496  0  3.14159  0.221486  -0.119286
3.14159  0  3.14159  0.158216  -0.142034
4.39823  0  3.14159  0.110767  -0.139208
5.65487  0  3.14159  0.0791407  -0.127856
6.9115  0  3.14159  0.0583189  -0.115168
8.16814  0  3.14159  0.0443267  -0.103443
10.6814  0  3.14159  0.0277104  -0.0845429
15.708  0  3.14159  0.0135126  -0.0606466
33.3009  0  3.14159  0.0031211  -0.0297005
-54.6637  3.14159  0  0.00116587  0.0182197
-27.0177  3.14159  0  0.0047158  0.0363997
-13.1947  3.14159  0  0.0187776  0.070801
-10.6814  3.14159  0  0.027704  0.0845529
-8.16814  3.14159  0  0.0443187  0.103446
-6.9115  3.14159  0  0.0583115  0.115168
-5.65487  3.14159  0  0.0791405  0.12787
-4.39823  3.14159  0  0.110773  0.139199
-3.14159  3.14159  0  0.158224  0.142027
-1.88496  3.14159  0  0.221477  0.119294
-0.628319  3.14159  0  0.2768  0.0496963
0.628319  3.14159  0  0.276804  -0.0496969
1.88496  3.14159  0  0.221486  -0.119286
3.14159  3.14159  0  0.158216  -0.142034
4.39823  3.14159  0  0.110767  -0.139208
5.65487  3.14159  0  0.0791407  -0.127856
6.9115  3.14159  0  0.0583189  -0.115168
8.16814  3.14159  0  0.0443267  -0.103443
10.6814  3.14159  0  0.0277104  -0.0845429
15.708  3.14159  0  0.0135126  -0.0606466
33.3009  3.14159  0  0.0031211  -0.0297005
-54.6637  3.14159  3.14159  0.000341217  0.0182874
-27.0177  3.14159  3.14159  0.00139143  0.0369606
-13.1947  3.14159  3.14159  0.00581266  0.0753405
-10.6814  3.14159  3.14159  0.00884878  0.0927755
-8.16814  3.14159  3.14159  0.0150331  0.120553
-6.9115  3.14159  3.14159  0.0208708  0.141612
-5.65487  3.14159  3.14159  0.0308508  0.171281
-4.39823  3.14159  3.14159  0.0499608  0.215793
-3.14159  3.14159  3.14159  0.0933677  0.288043
-1.88496  3.14159  3.14159  0.22188  0.410649
-0.628319  3.14159  3.14159  0.711216  0.438793
0.628319  3.14159  3.14159  0.711196  -0.438771
1.88496  3.14159  3.14159  0.221854  -0.410641
3.14159  3.14159  3.14159  0.0933824  -0.288039
4.39823  3.14159  3.14159  0.0499741  -0.215796
5.65487  3.14159  3.14159  0.0308439  -0.171286
6.9115  3.14159  3.14159  0.0208628  -0.14161
8.16814  3.14159  3.14159  0.0150284  -0.120553
10.6814  3.14159  3.14159  0.00884275  -0.0927786
15.708  3.14159  3.14159  0.00411333  -0.0633975
33.3009  3.14159  3.14159  0.000917834  -0.0300012
