-54.6637  0  0  444.859  -254.624
-27.0177  0  0  -695.303  103.882
-13.1947  0  0  -972.642  164.639
-10.6814  0  0  1030.44  -453.176
-8.16814  0  0  1024.18  -2646.3
-6.9115  0  0  -7.64028  -2648.59
-5.65487  0  0  2843.96  -1288.67
-4.39823  0  0  -846.477  3472.22
-3.14159  0  0  -3044.34  5414.57
-1.88496  0  0  -4977.61  -9162.03
-0.628319  0  0  -21872.8  7372.63
0.628319  0  0  14587.2  -20120
1.88496  0  0  -5258.96  -6795.41
3.14159  0  0  5988.61  -1457.35
4.39823  0  0  3770.28  -643.762
5.65487  0  0  -1655.92  3256.7
6.9115  0  0  -1761.11  -42.101
8.16814  0  0  -1928.01  1202.2
10.6814  0  0  -548.951  1063.95
15.708  0  0  999.997  149.722
33.3009  0  0  1342  -731.581
-54.6637  0  3.14159  -20.4465  -21.9442
-27.0177  0  3.14159  17.5372  38.8636
-13.1947  0  3.14159  -4.99436  59.0892
-10.6814  0  3.14159  -24.7752  -58.0881
-8.16814  0  3.14159  -79.8669  -50.9666
-6.9115  0  3.14159  -96.1913  -43.2454
-5.65487  0  3.14159  -90.2482  -129.437
-4.39823  0  3.14159  134.034  89.801
-3.14159  0  3.14159  248.282  287.37
-1.88496  0  3.14159  -301.66  336.251
-0.628319  0  3.14159  333.571  1375.88
0.628319  0  3.14159  -998.509  -742.686
1.88496  0  3.14159  -522.155  433.408
3.14159  0  3.14159  -11.5363  -218.337
4.39823  0  3.14159  22.1281  -192.931
5.65487  0  3.14159  215.751  90.0019
6.9115  0  3.14159  -48.1424  90.1079
8.16814  0  3.14159  -0.875425  106.633
10.6814  0  3.14159  59.2925  34.2861
15.708  0  3.14159  12.9576  -60.953
33.3009  0  3.14159  -36.7283  -74.0435
-54.6637  3.14159  0  -20.4465  -21.9442
-27.0177  3.14159  0  17.5372  38.8636
-13.1947  3.14159  0  -4.99436  59.0892
-10.6814  3.14159  0  -24.7752  -58.0881
-8.16814  3.14159  0  -79.8669  -50.9666
-6.9115  3.14159  0  -96.1913  -43.2454
-5.65487  3.14159  0  -90.2482  -129.437
-4.39823  3.14159  0  134.034  89.801
-3.14159  3.14159  0  248.282  287.37
-1.88496  3.14159  0  -301.66  336.251
-0.628319  3.14159  0  333.571  1375.88
0.628319  3.14159  0  -998.509  -742.686
1.88496  3.14159  0  -522.155  433.408
3.14159  3.14159  0  -11.5363  -218.337
4.39823  3.14159  0  22.1281  -192.931
5.65487  3.14159  0  215.751  90.0019
6.9115  3.14159  0  -48.1424  90.1079
8.16814  3.14159  0  -0.875425  106.633
10.6814  3.14159  0  59.2925  34.2861
15.708  3.14159  0  12.9576  -60.953
33.3009  3.14159  0  -36.7283  -74.0435
-54.6637  3.14159  3.14159  47.7184  -9.69315
-27.0177  3.14159  3.14159  -55.065  -9.78905
-13.1947  3.14159  3.14159  -150.531  -53.7822
-10.6814  3.14159  3.14159  179.495  60.0997
-8.16814  3.14159  3.14159  450.657  -64.8955
-6.9115  3.14159  3.14159  316.861  -162.732
-5.65487  3.14159  3.14159  508.146  160.671
-4.39823  3.14159  3.14159  -449.955  286.546
-3.14159  3.14159  3.14159  -854.602  262.265
-1.88496  3.14159  3.14159  325.21  -1097.45
-0.628319  3.14159  3.14159  -3390.05  -973.472
0.628319  3.14159  3.14159  3401.84  -783.131
1.88496  3.14159  3.14159  -319.655  -1223.93
3.14159  3.14159  3.14159  795.401  356.188
4.39823  3.14159  3.14159  406.791  351.735
5.65487  3.14159  3.14159  -517.969  117.998
6.9115  3.14159  3.14159  -295.274  -221.637
8.16814  3.14159  3.14159  -449.441  -142.912
10.6814  3.14159  3.14159  -183.781  44.9165
15.708  3.14159  3.14159  59.6688  53.4642
33.3009  3.14159  3.14159  200.712  26.6177
