-54.6637  0  0  0.00197862  0.0180773
-27.0177  0  0  0.00780997  0.0352838
-13.1947  0  0  0.0284967  0.0628709
-10.6814  0  0  0.0399149  0.0712681
-8.16814  0  0  0.0583606  0.0796917
-6.9115  0  0  0.0715979  0.0827266
-5.65487  0  0  0.0882816  0.0834562
-4.39823  0  0  0.108509  0.0797923
-3.14159  0  0  0.131035  0.0688253
-1.88496  0  0  0.152082  0.0479245
-0.628319  0  0  0.165359  0.0173704
0.628319  0  0  0.165358  -0.0173705
1.88496  0  0  0.15208  -0.0479278
3.14159  0  0  0.131034  -0.0688208
4.39823  0  0  0.108511  -0.0797867
5.65487  0  0  0.0882832  -0.0834612
6.9115  0  0  0.0715932  -0.0827315
8.16814  0  0  0.0583587  -0.0796953
10.6814  0  0  0.0399133  -0.0712749
15.708  0  0  0.0211744  -0.0555982
33.3009  0  0  0.00522554  -0.0290903
-54.6637  0  3.14159  0.00116188  0.0182141
-27.0177  0  3.14159  0.00471488  0.0363855
-13.1947  0  3.14159  0.018746  0.0707573
-10.6814  0  3.14159  0.0277137  0.0846606
-8.16814  0  3.14159  0.04429  0.103542
-6.9115  0  3.14159  0.0582788  0.115279
-5.65487  0  3.14159  0.0791894  0.127966
-4.39823  0  3.14159  0.110716  0.13906
-3.14159  0  3.14159  0.15815  0.141973
-1.88496  0  3.14159  0.221447  0.119388
-0.628319  0  3.14159  0.276769  0.0497281
0.628319  0  3.14159  0.276822  -0.0497336
1.88496  0  3.14159  0.221549  -0.119301
3.14159  0  3.14159  0.158066  -0.142057
4.39823  0  3.14159  0.110655  -0.139168
5.65487  0  3.14159  0.0791968  -0.127804
6.9115  0  3.14159  0.0583671  -0.115285
8.16814  0  3.14159  0.0443946  -0.103512
10.6814  0  3.14159  0.0278068  -0.0845184
15.708  0  3.14159  0.0135013  -0.0606118
33.3009  0  3.14159  0.00311822  -0.0296958
-54.6637  3.14159  0  0.00116188  0.0182141
-27.0177  3.14159  0  0.00471488  0.0363855
-13.1947  3.14159  0  0.018746  0.0707573
-10.6814  3.14159  0  0.0277137  0.0846606
-8.16814  3.14159  0  0.04429  0.103542
-6.9115  3.14159  0  0.0582788  0.115279
-5.65487  3.14159  0  0.0791894  0.127966
-4.39823  3.14159  0  0.110716  0.13906
-3.14159  3.14159  0  0.15815  0.141973
-1.88496  3.14159  0  0.221447  0.119388
-0.628319  3.14159  0  0.276769  0.0497281
0.628319  3.14159  0  0.276822  -0.0497336
1.88496  3.14159  0  0.221549  -0.119301
3.14159  3.14159  0  0.158066  -0.142057
4.39823  3.14159  0  0.110655  -0.139168
5.65487  3.14159  0  0.0791968  -0.127804
6.9115  3.14159  0  0.0583671  -0.115285
8.16814  3.14159  0  0.0443946  -0.103512
10.6814  3.14159  0  0.0278068  -0.0845184
15.708  3.14159  0  0.0135013  -0.0606118
33.3009  3.14159  0  0.00311822  -0.0296958
-54.6637  3.14159  3.14159  0.000343678  0.0182843
-27.0177  3.14159  3.14159  0.00137476  0.0369561
-13.1947  3.14159  3.14159  0.00578828  0.0753512
-10.6814  3.14159  3.14159  0.00887807  0.0927569
-8.16814  3.14159  3.14159  0.0150588  0.120549
-6.9115  3.14159  3.14159  0.0209159  0.141619
-5.65487  3.14159  3.14159  0.0308869  0.171253
-4.39823  3.14159  3.14159  0.0498977  0.215783
-3.14159  3.14159  3.14159  0.093303  0.288062
-1.88496  3.14159  3.14159  0.222029  0.410671
-0.628319  3.14159  3.14159  0.711283  0.438836
0.628319  3.14159  3.14159  0.711068  -0.43859
1.88496  3.14159  3.14159  0.221745  -0.410581
3.14159  3.14159  3.14159  0.0934674  -0.288017
4.39823  3.14159  3.14159  0.0500453  -0.215811
5.65487  3.14159  3.14159  0.030811  -0.171307
6.9115  3.14159  3.14159  0.0208267  -0.141595
8.16814  3.14159  3.14159  0.0150068  -0.120551
10.6814  3.14159  3.14159  0.00881144  -0.0927908
15.708  3.14159  3.14159  0.00415372  -0.063416
33.3009  3.14159  3.14159  0.000921292  -0.0300008
