-54.6637  0  0  0.00197931  0.018075
-27.0177  0  0  0.00780407  0.0352916
-13.1947  0  0  0.0284939  0.0628887
-10.6814  0  0  0.0399256  0.0712335
-8.16814  0  0  0.058375  0.0796838
-6.9115  0  0  0.0716131  0.0827185
-5.65487  0  0  0.0882707  0.0834274
-4.39823  0  0  0.108503  0.0798165
-3.14159  0  0  0.131037  0.06884
-1.88496  0  0  0.152085  0.0479135
-0.628319  0  0  0.165366  0.0173699
0.628319  0  0  0.165353  -0.0173708
1.88496  0  0  0.15207  -0.0479413
3.14159  0  0  0.131036  -0.0688029
4.39823  0  0  0.108518  -0.0797662
5.65487  0  0  0.0882943  -0.0834795
6.9115  0  0  0.071556  -0.0827498
8.16814  0  0  0.0583551  -0.0797225
10.6814  0  0  0.039909  -0.0713057
15.708  0  0  0.0211856  -0.0556003
33.3009  0  0  0.00522843  -0.0290897
-54.6637  0  3.14159  0.00116821  0.018217
-27.0177  0  3.14159  0.00470609  0.0364059
-13.1947  0  3.14159  0.0187781  0.0708319
-10.6814  0  3.14159  0.0276984  0.0845059
-8.16814  0  3.14159  0.0443392  0.103396
-6.9115  0  3.14159  0.0583729  0.115081
-5.65487  0  3.14159  0.0791187  0.127827
-4.39823  0  3.14159  0.11077  0.139265
-3.14159  0  3.14159  0.158245  0.142077
-1.88496  0  3.14159  0.221504  0.119246
-0.628319  0  3.14159  0.276812  0.0496819
0.628319  0  3.14159  0.276777  -0.0496818
1.88496  0  3.14159  0.221444  -0.119282
3.14159  0  3.14159  0.158259  -0.141987
4.39823  0  3.14159  0.110852  -0.139207
5.65487  0  3.14159  0.0791056  -0.12789
6.9115  0  3.14159  0.0582805  -0.115133
8.16814  0  3.14159  0.0442914  -0.103425
10.6814  0  3.14159  0.0276638  -0.0845502
15.708  0  3.14159  0.0135402  -0.0606554
33.3009  0  3.14159  0.00312546  -0.029702
-54.6637  3.14159  0  0.00116821  0.018217
-27.0177  3.14159  0  0.00470609  0.0364059
-13.1947  3.14159  0  0.0187781  0.0708319
-10.6814  3.14159  0  0.0276984  0.0845059
-8.16814  3.14159  0  0.0443392  0.103396
-6.9115  3.14159  0  0.0583729  0.115081
-5.65487  3.14159  0  0.0791187  0.127827
-4.39823  3.14159  0  0.11077  0.139265
-3.14159  3.14159  0  0.158245  0.142077
-1.88496  3.14159  0  0.221504  0.119246
-0.628319  3.14159  0  0.276812  0.0496819
0.628319  3.14159  0  0.276777  -0.0496818
1.88496  3.14159  0  0.221444  -0.119282
3.14159  3.14159  0  0.158259  -0.141987
4.39823  3.14159  0  0.110852  -0.139207
5.65487  3.14159  0  0.0791056  -0.12789
6.9115  3.14159  0  0.0582805  -0.115133
8.16814  3.14159  0  0.0442914  -0.103425
10.6814  3.14159  0  0.0276638  -0.0845502
15.708  3.14159  0  0.0135402  -0.0606554
33.3009  3.14159  0  0.00312546  -0.029702
-54.6637  3.14159  3.14159  0.000337753  0.0182843
-27.0177  3.14159  3.14159  0.00139872  0.0369489
-13.1947  3.14159  3.14159  0.00584522  0.0753171
-10.6814  3.14159  3.14159  0.0088116  0.092752
-8.16814  3.14159  3.14159  0.0150188  0.120531
-6.9115  3.14159  3.14159  0.0208452  0.141586
-5.65487  3.14159  3.14159  0.0307979  0.171245
-4.39823  3.14159  3.14159  0.0500591  0.215866
-3.14159  3.14159  3.14159  0.0934653  0.288037
-1.88496  3.14159  3.14159  0.221725  0.410513
-0.628319  3.14159  3.14159  0.711144  0.43849
0.628319  3.14159  3.14159  0.711398  -0.438792
1.88496  3.14159  3.14159  0.222097  -0.41063
3.14159  3.14159  3.14159  0.0931615  -0.288067
4.39823  3.14159  3.14159  0.049895  -0.215812
5.65487  3.14159  3.14159  0.0308538  -0.171243
6.9115  3.14159  3.14159  0.0209566  -0.141466
8.16814  3.14159  3.14159  0.0150405  -0.120519
10.6814  3.14159  3.14159  0.00885237  -0.0927399
15.708  3.14159  3.14159  0.00410145  -0.0633841
33.3009  3.14159  3.14159  0.000912233  -0.0300011
