-54.6637  0  0  3533.19  3560.53
-27.0177  0  0  -3400.34  -4704.32
-13.1947  0  0  1030.91  -11751.6
-10.6814  0  0  -594.454  12225
-8.16814  0  0  5951.24  19999.5
-6.9115  0  0  9279.6  12191
-5.65487  0  0  -1104.66  35631
-4.39823  0  0  -22956  -23061.1
-3.14159  0  0  -30462.5  -44660.5
-1.88496  0  0  61969.1  -29809.5
-0.628319  0  0  -15490.4  -247613
0.628319  0  0  129841  173126
1.88496  0  0  90483.6  -52381.8
3.14159  0  0  -2463.65  48892.8
4.39823  0  0  -14651.2  27590.5
5.65487  0  0  -16157.5  -27838.6
6.9115  0  0  13517  -20924.7
8.16814  0  0  7644.66  -27057.4
10.6814  0  0  -5697.01  -10215.2
15.708  0  0  916.654  6440.91
33.3009  0  0  3767.05  12986
-54.6637  0  3.14159  -165.132  -1666.99
-27.0177  0  3.14159  -270.135  2012.71
-13.1947  0  3.14159  -2442.47  2557.44
-10.6814  0  3.14159  2172.1  -3094.4
-8.16814  0  3.14159  531.295  -6203.04
-6.9115  0  3.14159  -1086.72  -4577.17
-5.65487  0  3.14159  6263.4  -8872.45
-4.39823  0  3.14159  2085.66  9217.01
-3.14159  0  3.14159  313.463  16689.7
-1.88496  0  3.14159  -24679.9  -3873.31
-0.628319  0  3.14159  -39938.3  66588.5
0.628319  0  3.14159  -5722.55  -70806.8
1.88496  0  3.14159  -32058.1  -4323.3
3.14159  0  3.14159  8614.71  -13166.7
4.39823  0  3.14159  8349.23  -4845.92
5.65487  0  3.14159  -165.418  10145.3
6.9115  0  3.14159  -6488.94  2874.07
8.16814  0  3.14159  -5573.68  5435.14
10.6814  0  3.14159  -124.632  3695.65
15.708  0  3.14159  1374.26  -1759.66
33.3009  0  3.14159  1377.22  -4145.92
-54.6637  3.14159  0  -165.132  -1666.99
-27.0177  3.14159  0  -270.135  2012.71
-13.1947  3.14159  0  -2442.47  2557.44
-10.6814  3.14159  0  2172.1  -3094.4
-8.16814  3.14159  0  531.295  -6203.04
-6.9115  3.14159  0  -1086.72  -4577.17
-5.65487  3.14159  0  6263.4  -8872.45
-4.39823  3.14159  0  2085.66  9217.01
-3.14159  3.14159  0  313.463  16689.7
-1.88496  3.14159  0  -24679.9  -3873.31
-0.628319  3.14159  0  -39938.3  66588.5
0.628319  3.14159  0  -5722.55  -70806.8
1.88496  3.14159  0  -32058.1  -4323.3
3.14159  3.14159  0  8614.71  -13166.7
4.39823  3.14159  0  8349.23  -4845.92
5.65487  3.14159  0  -165.418  10145.3
6.9115  3.14159  0  -6488.94  2874.07
8.16814  3.14159  0  -5573.68  5435.14
10.6814  3.14159  0  -124.632  3695.65
15.708  3.14159  0  1374.26  -1759.66
33.3009  3.14159  0  1377.22  -4145.92
-54.6637  3.14159  3.14159  -2621.87  -3773.61
-27.0177  3.14159  3.14159  2131.34  5203.84
-13.1947  3.14159  3.14159  -375.663  10251.9
-10.6814  3.14159  3.14159  495.15  -10572.4
-8.16814  3.14159  3.14159  -8101.61  -16364.8
-6.9115  3.14159  3.14159  -11612.3  -8761.23
-5.65487  3.14159  3.14159  1899.48  -31004.7
-4.39823  3.14159  3.14159  21644.9  19635.9
-3.14159  3.14159  3.14159  30492.6  38396.2
-1.88496  3.14159  3.14159  -68777.2  26047.6
-0.628319  3.14159  3.14159  6425.65  218670
0.628319  3.14159  3.14159  -123512  -161687
1.88496  3.14159  3.14159  -80223.8  39363.3
3.14159  3.14159  3.14159  1605.07  -48898.7
4.39823  3.14159  3.14159  10946.9  -26381.6
5.65487  3.14159  3.14159  15523.6  23739.9
6.9115  3.14159  3.14159  -10926.1  18055.5
8.16814  3.14159  3.14159  -5282.4  22185.2
10.6814  3.14159  3.14159  5352.65  8946.93
15.708  3.14159  3.14159  -669.944  -7023.14
33.3009  3.14159  3.14159  -3195.41  -12344
