-54.6637  0  0  1059.96  1068.16
-27.0177  0  0  -1020.1  -1411.29
-13.1947  0  0  309.274  -3525.49
-10.6814  0  0  -178.334  3667.5
-8.16814  0  0  1785.38  5999.85
-6.9115  0  0  2783.88  3657.29
-5.65487  0  0  -331.396  10689.3
-4.39823  0  0  -6886.81  -6918.33
-3.14159  0  0  -9138.76  -13398.2
-1.88496  0  0  18590.7  -8942.84
-0.628319  0  0  -4647.12  -74283.8
0.628319  0  0  38952.3  51937.8
1.88496  0  0  27145.1  -15714.5
3.14159  0  0  -739.091  14667.8
4.39823  0  0  -4395.35  8277.14
5.65487  0  0  -4847.24  -8351.58
6.9115  0  0  4055.11  -6277.42
8.16814  0  0  2293.4  -8117.22
10.6814  0  0  -1709.1  -3064.57
15.708  0  0  274.998  1932.27
33.3009  0  0  1130.12  3895.8
-54.6637  0  3.14159  -49.5395  -500.097
-27.0177  0  3.14159  -81.0401  603.815
-13.1947  0  3.14159  -732.738  767.233
-10.6814  0  3.14159  651.634  -928.319
-8.16814  0  3.14159  159.392  -1860.91
-6.9115  0  3.14159  -326.014  -1373.15
-5.65487  0  3.14159  1879.02  -2661.73
-4.39823  0  3.14159  625.701  2765.1
-3.14159  0  3.14159  94.0417  5006.9
-1.88496  0  3.14159  -7403.98  -1162
-0.628319  0  3.14159  -11981.5  19976.6
0.628319  0  3.14159  -1716.77  -21242
1.88496  0  3.14159  -9617.42  -1296.99
3.14159  0  3.14159  2584.42  -3950.02
4.39823  0  3.14159  2504.77  -1453.77
5.65487  0  3.14159  -49.6214  3043.6
6.9115  0  3.14159  -1946.68  862.221
8.16814  0  3.14159  -1672.1  1630.54
10.6814  0  3.14159  -37.3871  1108.69
15.708  0  3.14159  412.28  -527.898
33.3009  0  3.14159  413.167  -1243.78
-54.6637  3.14159  0  -49.5395  -500.097
-27.0177  3.14159  0  -81.0401  603.815
-13.1947  3.14159  0  -732.738  767.233
-10.6814  3.14159  0  651.634  -928.319
-8.16814  3.14159  0  159.392  -1860.91
-6.9115  3.14159  0  -326.014  -1373.15
-5.65487  3.14159  0  1879.02  -2661.73
-4.39823  3.14159  0  625.701  2765.1
-3.14159  3.14159  0  94.0417  5006.9
-1.88496  3.14159  0  -7403.98  -1162
-0.628319  3.14159  0  -11981.5  19976.6
0.628319  3.14159  0  -1716.77  -21242
1.88496  3.14159  0  -9617.42  -1296.99
3.14159  3.14159  0  2584.42  -3950.02
4.39823  3.14159  0  2504.77  -1453.77
5.65487  3.14159  0  -49.6214  3043.6
6.9115  3.14159  0  -1946.68  862.221
8.16814  3.14159  0  -1672.1  1630.54
10.6814  3.14159  0  -37.3871  1108.69
15.708  3.14159  0  412.28  -527.898
33.3009  3.14159  0  413.167  -1243.78
-54.6637  3.14159  3.14159  -786.562  -1132.08
-27.0177  3.14159  3.14159  639.402  1561.15
-13.1947  3.14159  3.14159  -112.697  3075.59
-10.6814  3.14159  3.14159  148.547  -3171.71
-8.16814  3.14159  3.14159  -2430.48  -4909.43
-6.9115  3.14159  3.14159  -3483.68  -2628.37
-5.65487  3.14159  3.14159  569.849  -9301.4
-4.39823  3.14159  3.14159  6493.48  5890.78
-3.14159  3.14159  3.14159  9147.77  11518.9
-1.88496  3.14159  3.14159  -20633.1  7814.26
-0.628319  3.14159  3.14159  1927.69  65601.1
0.628319  3.14159  3.14159  -37053.6  -48506.2
1.88496  3.14159  3.14159  -24067.1  11809
3.14159  3.14159  3.14159  481.526  -14669.6
4.39823  3.14159  3.14159  3284.09  -7914.47
5.65487  3.14159  3.14159  4657.09  7121.97
6.9115  3.14159  3.14159  -3277.82  5416.66
8.16814  3.14159  3.14159  -1584.72  6655.56
10.6814  3.14159  3.14159  1605.8  2684.08
15.708  3.14159  3.14159  -200.982  -2106.94
33.3009  3.14159  3.14159  -958.622  -3703.19
