-54.6637  0  0  0.00197809  0.0180771
-27.0177  0  0  0.00781105  0.0352841
-13.1947  0  0  0.0285  0.0628698
-10.6814  0  0  0.0399089  0.0712714
-8.16814  0  0  0.0583561  0.0796931
-6.9115  0  0  0.0715923  0.082727
-5.65487  0  0  0.0882793  0.0834631
-4.39823  0  0  0.108515  0.0797946
-3.14159  0  0  0.13104  0.0688265
-1.88496  0  0  0.152084  0.0479276
-0.628319  0  0  0.165364  0.0173708
0.628319  0  0  0.165364  -0.0173708
1.88496  0  0  0.152084  -0.0479284
3.14159  0  0  0.131039  -0.0688259
4.39823  0  0  0.108515  -0.0797941
5.65487  0  0  0.0882793  -0.0834637
6.9115  0  0  0.0715928  -0.0827277
8.16814  0  0  0.0583564  -0.0796933
10.6814  0  0  0.0399086  -0.071272
15.708  0  0  0.0211726  -0.0556013
33.3009  0  0  0.00522517  -0.0290909
-54.6637  0  3.14159  0.00116646  0.0182196
-27.0177  0  3.14159  0.00471473  0.0364004
-13.1947  0  3.14159  0.018777  0.0708054
-10.6814  0  3.14159  0.0277066  0.0845461
-8.16814  0  3.14159  0.0443239  0.103441
-6.9115  0  3.14159  0.0583191  0.115166
-5.65487  0  3.14159  0.0791397  0.127862
-4.39823  0  3.14159  0.110769  0.139212
-3.14159  0  3.14159  0.158224  0.142038
-1.88496  0  3.14159  0.221488  0.119294
-0.628319  0  3.14159  0.27681  0.0496986
0.628319  0  3.14159  0.276809  -0.0496987
1.88496  0  3.14159  0.221486  -0.119294
3.14159  0  3.14159  0.158225  -0.142034
4.39823  0  3.14159  0.110775  -0.139207
5.65487  0  3.14159  0.0791395  -0.127866
6.9115  0  3.14159  0.0583115  -0.115165
8.16814  0  3.14159  0.0443196  -0.103442
10.6814  0  3.14159  0.0277044  -0.0845491
15.708  0  3.14159  0.0135142  -0.0606466
33.3009  0  3.14159  0.00312153  -0.0297006
-54.6637  3.14159  0  0.00116646  0.0182196
-27.0177  3.14159  0  0.00471473  0.0364004
-13.1947  3.14159  0  0.018777  0.0708054
-10.6814  3.14159  0  0.0277066  0.0845461
-8.16814  3.14159  0  0.0443239  0.103441
-6.9115  3.14159  0  0.0583191  0.115166
-5.65487  3.14159  0  0.0791397  0.127862
-4.39823  3.14159  0  0.110769  0.139212
-3.14159  3.14159  0  0.158224  0.142038
-1.88496  3.14159  0  0.221488  0.119294
-0.628319  3.14159  0  0.27681  0.0496986
0.628319  3.14159  0  0.276809  -0.0496987
1.88496  3.14159  0  0.221486  -0.119294
3.14159  3.14159  0  0.158225  -0.142034
4.39823  3.14159  0  0.110775  -0.139207
5.65487  3.14159  0  0.0791395  -0.127866
6.9115  3.14159  0  0.0583115  -0.115165
8.16814  3.14159  0  0.0443196  -0.103442
10.6814  3.14159  0  0.0277044  -0.0845491
15.708  3.14159  0  0.0135142  -0.0606466
33.3009  3.14159  0  0.00312153  -0.0297006
-54.6637  3.14159  3.14159  0.000340553  0.0182875
-27.0177  3.14159  3.14159  0.00139325  0.0369596
-13.1947  3.14159  3.14159  0.00581409  0.0753378
-10.6814  3.14159  3.14159  0.00884545  0.0927795
-8.16814  3.14159  3.14159  0.0150288  0.120555
-6.9115  3.14159  3.14159  0.0208623  0.141615
-5.65487  3.14159  3.14159  0.0308455  0.171287
-4.39823  3.14159  3.14159  0.0499645  0.215792
-3.14159  3.14159  3.14159  0.0933671  0.288041
-1.88496  3.14159  3.14159  0.221847  0.410669
-0.628319  3.14159  3.14159  0.711231  0.438852
0.628319  3.14159  3.14159  0.711235  -0.438857
1.88496  3.14159  3.14159  0.221853  -0.410671
3.14159  3.14159  3.14159  0.093364  -0.288042
4.39823  3.14159  3.14159  0.0499626  -0.215792
5.65487  3.14159  3.14159  0.0308468  -0.171286
6.9115  3.14159  3.14159  0.0208639  -0.141615
8.16814  3.14159  3.14159  0.0150292  -0.120555
10.6814  3.14159  3.14159  0.00884645  -0.092779
15.708  3.14159  3.14159  0.00410945  -0.063394
33.3009  3.14159  3.14159  0.000917351  -0.030001
