-54.6637  0  0  -781.464  -237.505
-27.0177  0  0  1273.43  530.659
-13.1947  0  0  550.598  1211.08
-10.6814  0  0  -418.321  -753.815
-8.16814  0  0  -277.497  1481.84
-6.9115  0  0  247.749  1999.5
-5.65487  0  0  -739.218  -2356.6
-4.39823  0  0  2075.89  -823.691
-3.14159  0  0  4526.18  -2321.4
-1.88496  0  0  -1416.13  12387.1
-0.628319  0  0  16973  15709
0.628319  0  0  -24376.9  1679.61
1.88496  0  0  -4682.64  9334.14
3.14159  0  0  -6134.97  -3018.35
4.39823  0  0  -1864.9  -511.916
5.65487  0  0  1118.46  -781.408
6.9115  0  0  -176.827  1710.96
8.16814  0  0  -298.79  568.987
10.6814  0  0  497.772  89.5504
15.708  0  0  -1440.85  -1160.1
33.3009  0  0  -1565.46  -502.404
-54.6637  0  3.14159  407.164  -2865.34
-27.0177  0  3.14159  -1248.73  3370.49
-13.1947  0  3.14159  -5411.31  2942.05
-10.6814  0  3.14159  5144.07  -3782.88
-8.16814  0  3.14159  3991.76  -8723.17
-6.9115  0  3.14159  976.621  -6992.42
-5.65487  0  3.14159  13887  -11733.7
-4.39823  0  3.14159  -1031.98  16329.9
-3.14159  0  3.14159  -8036.28  27251.6
-1.88496  0  3.14159  -38025.3  -12630
-0.628319  0  3.14159  -99747.4  87356.7
0.628319  0  3.14159  22481.9  -109107
1.88496  0  3.14159  -54480  -23803.5
3.14159  0  3.14159  19067.5  -16111.4
4.39823  0  3.14159  15328.7  -3893.79
5.65487  0  3.14159  -4646.3  16693.2
6.9115  0  3.14159  -12459.3  794.804
8.16814  0  3.14159  -11928.3  5245.88
10.6814  0  3.14159  -2008.52  5659.57
15.708  0  3.14159  3106.11  -2333.04
33.3009  0  3.14159  4114.38  -6184.13
-54.6637  3.14159  0  407.164  -2865.34
-27.0177  3.14159  0  -1248.73  3370.49
-13.1947  3.14159  0  -5411.31  2942.05
-10.6814  3.14159  0  5144.07  -3782.88
-8.16814  3.14159  0  3991.76  -8723.17
-6.9115  3.14159  0  976.621  -6992.42
-5.65487  3.14159  0  13887  -11733.7
-4.39823  3.14159  0  -1031.98  16329.9
-3.14159  3.14159  0  -8036.28  27251.6
-1.88496  3.14159  0  -38025.3  -12630
-0.628319  3.14159  0  -99747.4  87356.7
0.628319  3.14159  0  22481.9  -109107
1.88496  3.14159  0  -54480  -23803.5
3.14159  3.14159  0  19067.5  -16111.4
4.39823  3.14159  0  15328.7  -3893.79
5.65487  3.14159  0  -4646.3  16693.2
6.9115  3.14159  0  -12459.3  794.804
8.16814  3.14159  0  -11928.3  5245.88
10.6814  3.14159  0  -2008.52  5659.57
15.708  3.14159  0  3106.11  -2333.04
33.3009  3.14159  0  4114.38  -6184.13
-54.6637  3.14159  3.14159  -138.613  874.362
-27.0177  3.14159  3.14159  738.399  -1272.23
-13.1947  3.14159  3.14159  1347.38  -774.07
-10.6814  3.14159  3.14159  457.955  473.836
-8.16814  3.14159  3.14159  3069.13  -2.0006
-6.9115  3.14159  3.14159  3712.25  910.581
-5.65487  3.14159  3.14159  869.317  204.913
-4.39823  3.14159  3.14159  -576.577  -1828.08
-3.14159  3.14159  3.14159  -3144.3  -8969.78
-1.88496  3.14159  3.14159  11351.6  -262.044
-0.628319  3.14159  3.14159  7354.13  -22844.6
0.628319  3.14159  3.14159  11275.1  22355.3
1.88496  3.14159  3.14159  11691.6  1557.89
3.14159  3.14159  3.14159  -4963.7  3239.34
4.39823  3.14159  3.14159  -1248.65  3241.44
5.65487  3.14159  3.14159  -4481.81  -1673.79
6.9115  3.14159  3.14159  1208.97  1410.22
8.16814  3.14159  3.14159  -853.17  359.982
10.6814  3.14159  3.14159  -1064.11  -429.319
15.708  3.14159  3.14159  -1980.55  1851.29
33.3009  3.14159  3.14159  -484.376  1702.09
