-54.6637  0  0  -234.394  -71.457
-27.0177  0  0  381.957  159.559
-13.1947  0  0  164.753  363.635
-10.6814  0  0  -125.071  -225.951
-8.16814  0  0  -82.4957  445.061
-6.9115  0  0  74.3327  600.171
-5.65487  0  0  -220.105  -706.32
-4.39823  0  0  622.053  -246.322
-3.14159  0  0  1357.94  -695.277
-1.88496  0  0  -426.653  3714.47
-0.628319  0  0  5084.83  4714.75
0.628319  0  0  -7308.89  498.769
1.88496  0  0  -1407.27  2798.3
3.14159  0  0  -1838.15  -906.68
4.39823  0  0  -558.906  -153.184
5.65487  0  0  334.779  -234.843
6.9115  0  0  -54.3411  512.752
8.16814  0  0  -90.8445  169.902
10.6814  0  0  148.952  26.8558
15.708  0  0  -432.22  -348.706
33.3009  0  0  -469.31  -151.036
-54.6637  0  3.14159  122.146  -859.624
-27.0177  0  3.14159  -374.627  1011.17
-13.1947  0  3.14159  -1623.47  882.593
-10.6814  0  3.14159  1543.22  -1134.77
-8.16814  0  3.14159  1197.55  -2616.97
-6.9115  0  3.14159  292.927  -2097.64
-5.65487  0  3.14159  4166.24  -3519.72
-4.39823  0  3.14159  -309.705  4898.95
-3.14159  0  3.14159  -2410.49  8175.47
-1.88496  0  3.14159  -11407.2  -3789.41
-0.628319  0  3.14159  -29924  26206.8
0.628319  0  3.14159  6745.06  -32732.2
1.88496  0  3.14159  -16343.5  -7140.88
3.14159  0  3.14159  5720.7  -4833.51
4.39823  0  3.14159  4598.54  -1168.07
5.65487  0  3.14159  -1393.9  5007.56
6.9115  0  3.14159  -3737.89  238.369
8.16814  0  3.14159  -3578.47  1573.76
10.6814  0  3.14159  -602.593  1697.79
15.708  0  3.14159  931.856  -699.962
33.3009  0  3.14159  1234.33  -1855.22
-54.6637  3.14159  0  122.146  -859.624
-27.0177  3.14159  0  -374.627  1011.17
-13.1947  3.14159  0  -1623.47  882.593
-10.6814  3.14159  0  1543.22  -1134.77
-8.16814  3.14159  0  1197.55  -2616.97
-6.9115  3.14159  0  292.927  -2097.64
-5.65487  3.14159  0  4166.24  -3519.72
-4.39823  3.14159  0  -309.705  4898.95
-3.14159  3.14159  0  -2410.49  8175.47
-1.88496  3.14159  0  -11407.2  -3789.41
-0.628319  3.14159  0  -29924  26206.8
0.628319  3.14159  0  6745.06  -32732.2
1.88496  3.14159  0  -16343.5  -7140.88
3.14159  3.14159  0  5720.7  -4833.51
4.39823  3.14159  0  4598.54  -1168.07
5.65487  3.14159  0  -1393.9  5007.56
6.9115  3.14159  0  -3737.89  238.369
8.16814  3.14159  0  -3578.47  1573.76
10.6814  3.14159  0  -602.593  1697.79
15.708  3.14159  0  931.856  -699.962
33.3009  3.14159  0  1234.33  -1855.22
-54.6637  3.14159  3.14159  -41.5224  262.12
-27.0177  3.14159  3.14159  221.399  -381.37
-13.1947  3.14159  3.14159  403.767  -231.948
-10.6814  3.14159  3.14159  137.669  142.044
-8.16814  3.14159  3.14159  920.882  -0.894357
-6.9115  3.14159  3.14159  1113.41  272.794
-5.65487  3.14159  3.14159  261.833  61.3951
-4.39823  3.14159  3.14159  -173.268  -547.491
-3.14159  3.14159  3.14159  -943.169  -2688.75
-1.88496  3.14159  3.14159  3402.99  -80.4056
-0.628319  3.14159  3.14159  2200.52  -6847.95
0.628319  3.14159  3.14159  3384.39  6698.66
1.88496  3.14159  3.14159  3504.48  466.22
3.14159  3.14159  3.14159  -1487.2  970.498
4.39823  3.14159  3.14159  -373.688  972.323
5.65487  3.14159  3.14159  -1344.68  -501.685
6.9115  3.14159  3.14159  361.78  422.895
8.16814  3.14159  3.14159  -256.635  108.014
10.6814  3.14159  3.14159  -319.357  -128.568
15.708  3.14159  3.14159  -593.861  554.974
33.3009  3.14159  3.14159  -145.014  510.201
