-54.6637  0  0  33.9378  -126.843
-27.0177  0  0  -28.9604  166.537
-13.1947  0  0  -319.946  151.677
-10.6814  0  0  359.386  -71.1147
-8.16814  0  0  630.652  -138.721
-6.9115  0  0  364.809  -184.468
-5.65487  0  0  1128.62  -176.818
-4.39823  0  0  -490.295  716.926
-3.14159  0  0  -825.153  967.163
-1.88496  0  0  -1118.86  -1144.04
-0.628319  0  0  -6109.94  2627.17
0.628319  0  0  3195.66  -4835.91
1.88496  0  0  -2179.1  -1652.96
3.14159  0  0  1196.61  -491.378
4.39823  0  0  740.706  364.982
5.65487  0  0  -746.422  426.095
6.9115  0  0  -769.322  -168.949
8.16814  0  0  -934.983  -97.5885
10.6814  0  0  -282.946  209.895
15.708  0  0  63.3407  -193.045
33.3009  0  0  267.065  -204.083
-54.6637  0  3.14159  38.6058  -268.696
-27.0177  0  3.14159  -119.201  313.196
-13.1947  0  3.14159  -510.898  256.716
-10.6814  0  3.14159  460.344  -323.959
-8.16814  0  3.14159  357.079  -801.139
-6.9115  0  3.14159  56.9654  -620.39
-5.65487  0  3.14159  1265.16  -962.557
-4.39823  0  3.14159  -113.442  1473.22
-3.14159  0  3.14159  -621.903  2515.88
-1.88496  0  3.14159  -3372.16  -1217.69
-0.628319  0  3.14159  -9022.05  7971.31
0.628319  0  3.14159  2133.19  -9965.48
1.88496  0  3.14159  -4865.35  -2096.84
3.14159  0  3.14159  1851.02  -1476.52
4.39823  0  3.14159  1368.33  -354.156
5.65487  0  3.14159  -387.244  1422.15
6.9115  0  3.14159  -1150.57  49.0357
8.16814  0  3.14159  -1079.36  482.316
10.6814  0  3.14159  -183.738  493.59
15.708  0  3.14159  294.536  -224.846
33.3009  0  3.14159  375.845  -561.861
-54.6637  3.14159  0  38.6058  -268.696
-27.0177  3.14159  0  -119.201  313.196
-13.1947  3.14159  0  -510.898  256.716
-10.6814  3.14159  0  460.344  -323.959
-8.16814  3.14159  0  357.079  -801.139
-6.9115  3.14159  0  56.9654  -620.39
-5.65487  3.14159  0  1265.16  -962.557
-4.39823  3.14159  0  -113.442  1473.22
-3.14159  3.14159  0  -621.903  2515.88
-1.88496  3.14159  0  -3372.16  -1217.69
-0.628319  3.14159  0  -9022.05  7971.31
0.628319  3.14159  0  2133.19  -9965.48
1.88496  3.14159  0  -4865.35  -2096.84
3.14159  3.14159  0  1851.02  -1476.52
4.39823  3.14159  0  1368.33  -354.156
5.65487  3.14159  0  -387.244  1422.15
6.9115  3.14159  0  -1150.57  49.0357
8.16814  3.14159  0  -1079.36  482.316
10.6814  3.14159  0  -183.738  493.59
15.708  3.14159  0  294.536  -224.846
33.3009  3.14159  0  375.845  -561.861
-54.6637  3.14159  3.14159  75.1863  33.8753
-27.0177  3.14159  3.14159  -44.9402  -59.0151
-13.1947  3.14159  3.14159  -150.186  -79.1955
-10.6814  3.14159  3.14159  279.306  169.459
-8.16814  3.14159  3.14159  735.647  90.0012
-6.9115  3.14159  3.14159  561.22  -34.0018
-5.65487  3.14159  3.14159  854.815  470.273
-4.39823  3.14159  3.14159  -691.85  197.011
-3.14159  3.14159  3.14159  -1100.66  -303.505
-1.88496  3.14159  3.14159  964.866  -1762.87
-0.628319  3.14159  3.14159  -4133.89  -3248.51
0.628319  3.14159  3.14159  5486.88  335.667
1.88496  3.14159  3.14159  590.131  -1667.83
3.14159  3.14159  3.14159  873.666  544.876
4.39823  3.14159  3.14159  371.481  753.358
5.65487  3.14159  3.14159  -1013.85  -194.182
6.9115  3.14159  3.14159  -358.698  -296.843
8.16814  3.14159  3.14159  -608.841  -373.223
10.6814  3.14159  3.14159  -348.82  -29.2004
15.708  3.14159  3.14159  -18.9477  73.0225
33.3009  3.14159  3.14159  245.955  141.996
