-54.6637  0  0  0.00197728  0.018077
-27.0177  0  0  0.0078134  0.0352822
-13.1947  0  0  0.0285081  0.0628672
-10.6814  0  0  0.0399038  0.071272
-8.16814  0  0  0.0583545  0.0796906
-6.9115  0  0  0.0715896  0.082724
-5.65487  0  0  0.0882755  0.0834638
-4.39823  0  0  0.10852  0.07979
-3.14159  0  0  0.131039  0.0688187
-1.88496  0  0  0.152077  0.0479263
-0.628319  0  0  0.165357  0.0173687
0.628319  0  0  0.165359  -0.0173687
1.88496  0  0  0.152079  -0.0479199
3.14159  0  0  0.131041  -0.0688244
4.39823  0  0  0.108517  -0.0797943
5.65487  0  0  0.0882756  -0.0834594
6.9115  0  0  0.0715878  -0.0827189
8.16814  0  0  0.0583536  -0.0796889
10.6814  0  0  0.0399059  -0.0712666
15.708  0  0  0.0211683  -0.055602
33.3009  0  0  0.00522481  -0.0290914
-54.6637  0  3.14159  0.0011684  0.018212
-27.0177  0  3.14159  0.00470135  0.036393
-13.1947  0  3.14159  0.0187979  0.0707288
-10.6814  0  3.14159  0.027713  0.0846252
-8.16814  0  3.14159  0.0443113  0.103473
-6.9115  0  3.14159  0.0582963  0.115213
-5.65487  0  3.14159  0.0791779  0.127924
-4.39823  0  3.14159  0.110792  0.139103
-3.14159  0  3.14159  0.158123  0.141934
-1.88496  0  3.14159  0.221515  0.119336
-0.628319  0  3.14159  0.276768  0.0497449
0.628319  0  3.14159  0.276807  -0.0497327
1.88496  0  3.14159  0.221667  -0.119488
3.14159  0  3.14159  0.158131  -0.142072
4.39823  0  3.14159  0.110684  -0.139198
5.65487  0  3.14159  0.0791979  -0.127838
6.9115  0  3.14159  0.058402  -0.115144
8.16814  0  3.14159  0.044374  -0.10343
10.6814  0  3.14159  0.027778  -0.0845429
15.708  0  3.14159  0.0135349  -0.0605969
33.3009  0  3.14159  0.00311904  -0.0296946
-54.6637  3.14159  0  0.0011684  0.018212
-27.0177  3.14159  0  0.00470135  0.036393
-13.1947  3.14159  0  0.0187979  0.0707288
-10.6814  3.14159  0  0.027713  0.0846252
-8.16814  3.14159  0  0.0443113  0.103473
-6.9115  3.14159  0  0.0582963  0.115213
-5.65487  3.14159  0  0.0791779  0.127924
-4.39823  3.14159  0  0.110792  0.139103
-3.14159  3.14159  0  0.158123  0.141934
-1.88496  3.14159  0  0.221515  0.119336
-0.628319  3.14159  0  0.276768  0.0497449
0.628319  3.14159  0  0.276807  -0.0497327
1.88496  3.14159  0  0.221667  -0.119488
3.14159  3.14159  0  0.158131  -0.142072
4.39823  3.14159  0  0.110684  -0.139198
5.65487  3.14159  0  0.0791979  -0.127838
6.9115  3.14159  0  0.058402  -0.115144
8.16814  3.14159  0  0.044374  -0.10343
10.6814  3.14159  0  0.027778  -0.0845429
15.708  3.14159  0  0.0135349  -0.0605969
33.3009  3.14159  0  0.00311904  -0.0296946
-54.6637  3.14159  3.14159  0.000342533  0.018288
-27.0177  3.14159  3.14159  0.00138965  0.0369592
-13.1947  3.14159  3.14159  0.00580432  0.0753211
-10.6814  3.14159  3.14159  0.00885208  0.0927937
-8.16814  3.14159  3.14159  0.015029  0.120561
-6.9115  3.14159  3.14159  0.0208624  0.141624
-5.65487  3.14159  3.14159  0.0308584  0.171304
-4.39823  3.14159  3.14159  0.0499849  0.215759
-3.14159  3.14159  3.14159  0.0933649  0.287997
-1.88496  3.14159  3.14159  0.221875  0.410671
-0.628319  3.14159  3.14159  0.711119  0.438783
0.628319  3.14159  3.14159  0.711116  -0.438751
1.88496  3.14159  3.14159  0.221799  -0.410674
3.14159  3.14159  3.14159  0.0933751  -0.28799
4.39823  3.14159  3.14159  0.0499743  -0.215761
5.65487  3.14159  3.14159  0.0308611  -0.171294
6.9115  3.14159  3.14159  0.0208807  -0.141642
8.16814  3.14159  3.14159  0.0150402  -0.120563
10.6814  3.14159  3.14159  0.00885514  -0.0927899
15.708  3.14159  3.14159  0.00411828  -0.0633934
33.3009  3.14159  3.14159  0.000918112  -0.0299997
