-54.6637  0  0  -82.7617  47.2878
-27.0177  0  0  147.885  -17.8425
-13.1947  0  0  122.394  -112.878
-10.6814  0  0  -116.517  151.409
-8.16814  0  0  112.437  565.118
-6.9115  0  0  251.616  511.204
-5.65487  0  0  -299.336  375.797
-4.39823  0  0  -182.326  -573.351
-3.14159  0  0  81.5318  -1034.19
-1.88496  0  0  1362.03  1577
-0.628319  0  0  3048.41  -2276.25
0.628319  0  0  -1478.51  4264.85
1.88496  0  0  871.417  753.264
3.14159  0  0  -911.465  623.788
4.39823  0  0  -546.801  413.768
5.65487  0  0  10.7691  -676.453
6.9115  0  0  203.126  -168.833
8.16814  0  0  89.5778  -346.281
10.6814  0  0  18.9088  -214.866
15.708  0  0  -222.303  34.4733
33.3009  0  0  -181.311  181.931
-54.6637  0  3.14159  -23.3695  -38.8661
-27.0177  0  3.14159  19.0206  54.6535
-13.1947  0  3.14159  -21.3293  85.9179
-10.6814  0  3.14159  12.7211  -98.3522
-8.16814  0  3.14159  -75.8805  -129.214
-6.9115  0  3.14159  -90.8355  -51.9245
-5.65487  0  3.14159  33.7574  -295.735
-4.39823  0  3.14159  174.623  160.344
-3.14159  0  3.14159  219.02  320.681
-1.88496  0  3.14159  -714.686  304.469
-0.628319  0  3.14159  -96.5047  1846.71
0.628319  0  3.14159  -1191.85  -1538.97
1.88496  0  3.14159  -764.583  260.378
3.14159  0  3.14159  -23.9962  -458.985
4.39823  0  3.14159  87.424  -224.304
5.65487  0  3.14159  115.93  236.328
6.9115  0  3.14159  -99.047  145.559
8.16814  0  3.14159  -51.6276  179.264
10.6814  0  3.14159  42.3285  80.1716
15.708  0  3.14159  4.91968  -59.3348
33.3009  0  3.14159  -26.921  -113.615
-54.6637  3.14159  0  -23.3695  -38.8661
-27.0177  3.14159  0  19.0206  54.6535
-13.1947  3.14159  0  -21.3293  85.9179
-10.6814  3.14159  0  12.7211  -98.3522
-8.16814  3.14159  0  -75.8805  -129.214
-6.9115  3.14159  0  -90.8355  -51.9245
-5.65487  3.14159  0  33.7574  -295.735
-4.39823  3.14159  0  174.623  160.344
-3.14159  3.14159  0  219.02  320.681
-1.88496  3.14159  0  -714.686  304.469
-0.628319  3.14159  0  -96.5047  1846.71
0.628319  3.14159  0  -1191.85  -1538.97
1.88496  3.14159  0  -764.583  260.378
3.14159  3.14159  0  -23.9962  -458.985
4.39823  3.14159  0  87.424  -224.304
5.65487  3.14159  0  115.93  236.328
6.9115  3.14159  0  -99.047  145.559
8.16814  3.14159  0  -51.6276  179.264
10.6814  3.14159  0  42.3285  80.1716
15.708  3.14159  0  4.91968  -59.3348
33.3009  3.14159  0  -26.921  -113.615
-54.6637  3.14159  3.14159  24.878  -54.7746
-27.0177  3.14159  3.14159  -61.8397  52.7793
-13.1947  3.14159  3.14159  -38.7388  107.93
-10.6814  3.14159  3.14159  32.1296  -143.615
-8.16814  3.14159  3.14159  -215.398  -306.048
-6.9115  3.14159  3.14159  -246.525  -224.383
-5.65487  3.14159  3.14159  69.8408  -393.153
-4.39823  3.14159  3.14159  285.571  302.823
-3.14159  3.14159  3.14159  213.814  585.964
-1.88496  3.14159  3.14159  -1262.12  -372.289
-0.628319  3.14159  3.14159  -931.693  2427.99
0.628319  3.14159  3.14159  -640.129  -2987.76
1.88496  3.14159  3.14159  -850.628  -171.234
3.14159  3.14159  3.14159  235.492  -604.276
4.39823  3.14159  3.14159  222.298  -375.305
5.65487  3.14159  3.14159  157.72  453.847
6.9115  3.14159  3.14159  -75.5334  180.61
8.16814  3.14159  3.14159  28.3277  252.196
10.6814  3.14159  3.14159  48.9444  148.323
15.708  3.14159  3.14159  104.818  -67.6566
33.3009  3.14159  3.14159  41.2278  -160.872
