-54.6637  0  0  0.00196037  0.0180811
-27.0177  0  0  0.00774663  0.0353133
-13.1947  0  0  0.0283272  0.0630639
-10.6814  0  0  0.0397186  0.0715821
-8.16814  0  0  0.058194  0.0802015
-6.9115  0  0  0.0714969  0.0833761
-5.65487  0  0  0.0883221  0.0842699
-4.39823  0  0  0.108806  0.0807439
-3.14159  0  0  0.131717  0.0698186
-1.88496  0  0  0.153227  0.0487323
-0.628319  0  0  0.16685  0.0176884
0.628319  0  0  0.16685  -0.0176884
1.88496  0  0  0.153227  -0.0487321
3.14159  0  0  0.131717  -0.0698189
4.39823  0  0  0.108806  -0.0807442
5.65487  0  0  0.088322  -0.0842697
6.9115  0  0  0.0714971  -0.0833758
8.16814  0  0  0.0581941  -0.0802014
10.6814  0  0  0.0397187  -0.0715818
15.708  0  0  0.0210266  -0.0557279
33.3009  0  0  0.00518039  -0.0291072
-54.6637  0  3.14159  0.00114847  0.0182213
-27.0177  0  3.14159  0.00464427  0.0364205
-13.1947  0  3.14159  0.018526  0.0709507
-10.6814  0  3.14159  0.0273521  0.084798
-8.16814  0  3.14159  0.0438401  0.103935
-6.9115  0  3.14159  0.05777  0.115889
-5.65487  0  3.14159  0.0785747  0.128966
-4.39823  0  3.14159  0.110375  0.140903
-3.14159  0  3.14159  0.158479  0.144509
-1.88496  0  3.14159  0.223385  0.122215
-0.628319  0  3.14159  0.280907  0.0512288
0.628319  0  3.14159  0.280907  -0.0512288
1.88496  0  3.14159  0.223384  -0.122216
3.14159  0  3.14159  0.158479  -0.144508
4.39823  0  3.14159  0.110375  -0.140902
5.65487  0  3.14159  0.0785746  -0.128966
6.9115  0  3.14159  0.0577691  -0.115889
8.16814  0  3.14159  0.0438396  -0.103935
10.6814  0  3.14159  0.0273517  -0.0847985
15.708  0  3.14159  0.0133227  -0.0607397
33.3009  0  3.14159  0.00307395  -0.0297112
-54.6637  3.14159  0  0.00114847  0.0182213
-27.0177  3.14159  0  0.00464427  0.0364205
-13.1947  3.14159  0  0.018526  0.0709507
-10.6814  3.14159  0  0.0273521  0.084798
-8.16814  3.14159  0  0.0438401  0.103935
-6.9115  3.14159  0  0.05777  0.115889
-5.65487  3.14159  0  0.0785747  0.128966
-4.39823  3.14159  0  0.110375  0.140903
-3.14159  3.14159  0  0.158479  0.144509
-1.88496  3.14159  0  0.223385  0.122215
-0.628319  3.14159  0  0.280907  0.0512288
0.628319  3.14159  0  0.280907  -0.0512288
1.88496  3.14159  0  0.223384  -0.122216
3.14159  3.14159  0  0.158479  -0.144508
4.39823  3.14159  0  0.110375  -0.140902
5.65487  3.14159  0  0.0785746  -0.128966
6.9115  3.14159  0  0.0577691  -0.115889
8.16814  3.14159  0  0.0438396  -0.103935
10.6814  3.14159  0  0.0273517  -0.0847985
15.708  3.14159  0  0.0133227  -0.0607397
33.3009  3.14159  0  0.00307395  -0.0297112
-54.6637  3.14159  3.14159  0.000322449  0.018288
-27.0177  3.14159  3.14159  0.00131874  0.0369657
-13.1947  3.14159  3.14159  0.00550668  0.0753857
-10.6814  3.14159  3.14159  0.00837975  0.0928646
-8.16814  3.14159  3.14159  0.014248  0.120746
-6.9115  3.14159  3.14159  0.0197916  0.141927
-5.65487  3.14159  3.14159  0.0292904  0.171847
-4.39823  3.14159  3.14159  0.0475421  0.216945
-3.14159  3.14159  3.14159  0.0892559  0.290926
-1.88496  3.14159  3.14159  0.215044  0.420558
-0.628319  3.14159  3.14159  0.728101  0.474645
0.628319  3.14159  3.14159  0.728101  -0.474645
1.88496  3.14159  3.14159  0.215044  -0.420558
3.14159  3.14159  3.14159  0.0892557  -0.290926
4.39823  3.14159  3.14159  0.0475421  -0.216945
5.65487  3.14159  3.14159  0.0292905  -0.171847
6.9115  3.14159  3.14159  0.0197921  -0.141926
8.16814  3.14159  3.14159  0.0142478  -0.120746
10.6814  3.14159  3.14159  0.00837973  -0.0928647
15.708  3.14159  3.14159  0.00389162  -0.0634231
33.3009  3.14159  3.14159  0.000868415  -0.0300041
