-54.6637  0  0  0.00197792  0.0180773
-27.0177  0  0  0.00781094  0.0352836
-13.1947  0  0  0.0284984  0.0628699
-10.6814  0  0  0.0399095  0.0712734
-8.16814  0  0  0.0583566  0.0796958
-6.9115  0  0  0.0715936  0.082731
-5.65487  0  0  0.0882806  0.0834662
-4.39823  0  0  0.108515  0.0797975
-3.14159  0  0  0.131041  0.0688303
-1.88496  0  0  0.152089  0.0479316
-0.628319  0  0  0.16537  0.0173724
0.628319  0  0  0.16537  -0.0173724
1.88496  0  0  0.152089  -0.0479315
3.14159  0  0  0.131041  -0.0688305
4.39823  0  0  0.108515  -0.0797976
5.65487  0  0  0.0882806  -0.083466
6.9115  0  0  0.0715935  -0.0827311
8.16814  0  0  0.0583566  -0.0796958
10.6814  0  0  0.0399097  -0.0712732
15.708  0  0  0.0211708  -0.0556009
33.3009  0  0  0.00522488  -0.0290908
-54.6637  0  3.14159  0.0011667  0.0182191
-27.0177  0  3.14159  0.00471448  0.0364017
-13.1947  0  3.14159  0.0187798  0.0708088
-10.6814  0  3.14159  0.0276986  0.0845435
-8.16814  0  3.14159  0.0443167  0.103438
-6.9115  0  3.14159  0.0583074  0.115161
-5.65487  0  3.14159  0.0791304  0.127866
-4.39823  0  3.14159  0.110775  0.139226
-3.14159  0  3.14159  0.158236  0.142059
-1.88496  0  3.14159  0.221501  0.119295
-0.628319  0  3.14159  0.276827  0.0497005
0.628319  0  3.14159  0.276824  -0.0496996
1.88496  0  3.14159  0.221488  -0.119302
3.14159  0  3.14159  0.158234  -0.142043
4.39823  0  3.14159  0.110785  -0.139229
5.65487  0  3.14159  0.0791296  -0.127866
6.9115  0  3.14159  0.0583092  -0.11516
8.16814  0  3.14159  0.0443165  -0.103438
10.6814  0  3.14159  0.0276979  -0.0845434
15.708  0  3.14159  0.0135133  -0.0606499
33.3009  0  3.14159  0.00312173  -0.0297013
-54.6637  3.14159  0  0.0011667  0.0182191
-27.0177  3.14159  0  0.00471448  0.0364017
-13.1947  3.14159  0  0.0187798  0.0708088
-10.6814  3.14159  0  0.0276986  0.0845435
-8.16814  3.14159  0  0.0443167  0.103438
-6.9115  3.14159  0  0.0583074  0.115161
-5.65487  3.14159  0  0.0791304  0.127866
-4.39823  3.14159  0  0.110775  0.139226
-3.14159  3.14159  0  0.158236  0.142059
-1.88496  3.14159  0  0.221501  0.119295
-0.628319  3.14159  0  0.276827  0.0497005
0.628319  3.14159  0  0.276824  -0.0496996
1.88496  3.14159  0  0.221488  -0.119302
3.14159  3.14159  0  0.158234  -0.142043
4.39823  3.14159  0  0.110785  -0.139229
5.65487  3.14159  0  0.0791296  -0.127866
6.9115  3.14159  0  0.0583092  -0.11516
8.16814  3.14159  0  0.0443165  -0.103438
10.6814  3.14159  0  0.0276979  -0.0845434
15.708  3.14159  0  0.0135133  -0.0606499
33.3009  3.14159  0  0.00312173  -0.0297013
-54.6637  3.14159  3.14159  0.000340611  0.0182873
-27.0177  3.14159  3.14159  0.00139271  0.0369603
-13.1947  3.14159  3.14159  0.0058132  0.0753396
-10.6814  3.14159  3.14159  0.00884303  0.0927776
-8.16814  3.14159  3.14159  0.0150261  0.120554
-6.9115  3.14159  3.14159  0.0208603  0.141613
-5.65487  3.14159  3.14159  0.0308383  0.171287
-4.39823  3.14159  3.14159  0.0499533  0.215801
-3.14159  3.14159  3.14159  0.093351  0.288058
-1.88496  3.14159  3.14159  0.221829  0.410703
-0.628319  3.14159  3.14159  0.711307  0.438982
0.628319  3.14159  3.14159  0.711307  -0.438981
1.88496  3.14159  3.14159  0.221828  -0.410703
3.14159  3.14159  3.14159  0.0933512  -0.288058
4.39823  3.14159  3.14159  0.0499534  -0.215801
5.65487  3.14159  3.14159  0.0308382  -0.171287
6.9115  3.14159  3.14159  0.0208604  -0.141613
8.16814  3.14159  3.14159  0.0150262  -0.120554
10.6814  3.14159  3.14159  0.00884305  -0.0927775
15.708  3.14159  3.14159  0.004109  -0.0633959
33.3009  3.14159  3.14159  0.000917224  -0.0300012
