-54.6637  0  0  0.00197803  0.0180772
-27.0177  0  0  0.00781143  0.0352834
-13.1947  0  0  0.0284995  0.0628684
-10.6814  0  0  0.039911  0.0712715
-8.16814  0  0  0.0583579  0.0796924
-6.9115  0  0  0.0715946  0.0827264
-5.65487  0  0  0.0882805  0.0834607
-4.39823  0  0  0.108513  0.0797908
-3.14159  0  0  0.131036  0.0688234
-1.88496  0  0  0.152081  0.0479261
-0.628319  0  0  0.16536  0.0173702
0.628319  0  0  0.16536  -0.0173702
1.88496  0  0  0.152081  -0.047926
3.14159  0  0  0.131036  -0.068824
4.39823  0  0  0.108512  -0.0797912
5.65487  0  0  0.0882805  -0.0834601
6.9115  0  0  0.0715943  -0.0827267
8.16814  0  0  0.0583578  -0.0796924
10.6814  0  0  0.0399115  -0.0712709
15.708  0  0  0.0211717  -0.0556002
33.3009  0  0  0.00522516  -0.0290907
-54.6637  0  3.14159  0.00116772  0.0182193
-27.0177  0  3.14159  0.0047136  0.0364006
-13.1947  0  3.14159  0.0187814  0.0708118
-10.6814  0  3.14159  0.0276985  0.0845379
-8.16814  0  3.14159  0.0443174  0.10343
-6.9115  0  3.14159  0.0583034  0.115154
-5.65487  0  3.14159  0.0791306  0.127855
-4.39823  0  3.14159  0.110775  0.139225
-3.14159  0  3.14159  0.158243  0.14207
-1.88496  0  3.14159  0.22151  0.119264
-0.628319  0  3.14159  0.276802  0.0496874
0.628319  0  3.14159  0.276793  -0.0496843
1.88496  0  3.14159  0.221468  -0.119284
3.14159  0  3.14159  0.158236  -0.142018
4.39823  0  3.14159  0.11081  -0.139233
5.65487  0  3.14159  0.0791278  -0.127857
6.9115  0  3.14159  0.0583091  -0.115153
8.16814  0  3.14159  0.0443168  -0.103433
10.6814  0  3.14159  0.027696  -0.0845375
15.708  0  3.14159  0.0135162  -0.0606455
33.3009  0  3.14159  0.00312312  -0.0297012
-54.6637  3.14159  0  0.00116772  0.0182193
-27.0177  3.14159  0  0.0047136  0.0364006
-13.1947  3.14159  0  0.0187814  0.0708118
-10.6814  3.14159  0  0.0276985  0.0845379
-8.16814  3.14159  0  0.0443174  0.10343
-6.9115  3.14159  0  0.0583034  0.115154
-5.65487  3.14159  0  0.0791306  0.127855
-4.39823  3.14159  0  0.110775  0.139225
-3.14159  3.14159  0  0.158243  0.14207
-1.88496  3.14159  0  0.22151  0.119264
-0.628319  3.14159  0  0.276802  0.0496874
0.628319  3.14159  0  0.276793  -0.0496843
1.88496  3.14159  0  0.221468  -0.119284
3.14159  3.14159  0  0.158236  -0.142018
4.39823  3.14159  0  0.11081  -0.139233
5.65487  3.14159  0  0.0791278  -0.127857
6.9115  3.14159  0  0.0583091  -0.115153
8.16814  3.14159  0  0.0443168  -0.103433
10.6814  3.14159  0  0.027696  -0.0845375
15.708  3.14159  0  0.0135162  -0.0606455
33.3009  3.14159  0  0.00312312  -0.0297012
-54.6637  3.14159  3.14159  0.000340769  0.0182873
-27.0177  3.14159  3.14159  0.00139311  0.0369603
-13.1947  3.14159  3.14159  0.00581538  0.0753394
-10.6814  3.14159  3.14159  0.00884607  0.0927767
-8.16814  3.14159  3.14159  0.0150314  0.120552
-6.9115  3.14159  3.14159  0.0208674  0.14161
-5.65487  3.14159  3.14159  0.0308487  0.171282
-4.39823  3.14159  3.14159  0.0499696  0.215794
-3.14159  3.14159  3.14159  0.0933786  0.288039
-1.88496  3.14159  3.14159  0.221876  0.410633
-0.628319  3.14159  3.14159  0.711191  0.438747
0.628319  3.14159  3.14159  0.711191  -0.438746
1.88496  3.14159  3.14159  0.221873  -0.410634
3.14159  3.14159  3.14159  0.0933794  -0.288038
4.39823  3.14159  3.14159  0.0499699  -0.215794
5.65487  3.14159  3.14159  0.0308486  -0.171282
6.9115  3.14159  3.14159  0.0208678  -0.141611
8.16814  3.14159  3.14159  0.0150315  -0.120552
10.6814  3.14159  3.14159  0.00884613  -0.0927765
15.708  3.14159  3.14159  0.00411065  -0.0633962
33.3009  3.14159  3.14159  0.000917574  -0.0300012
