-35.3429  0  0  0.00315803  0.0279338
-22.7765  0  0  0.00746911  0.0425832
-16.4934  0  0  0.013862  0.0572521
-10.2102  0  0  0.0331549  0.0848197
-8.63938  0  0  0.0439629  0.0952898
-7.06858  0  0  0.0602583  0.106936
-5.49779  0  0  0.0860011  0.118781
-3.92699  0  0  0.126668  0.124812
-2.35619  0  0  0.184956  0.110816
-0.785398  0  0  0.241108  0.0486899
0.785398  0  0  0.241315  -0.0486249
2.35619  0  0  0.185186  -0.110847
3.92699  0  0  0.126674  -0.124843
5.49779  0  0  0.085991  -0.118806
7.06858  0  0  0.0602493  -0.106962
8.63938  0  0  0.0439647  -0.0952908
10.2102  0  0  0.0331458  -0.0848251
16.4934  0  0  0.0138633  -0.0572523
33.7721  0  0  0.00345468  -0.0291982
62.0465  0  0  0.00103366  -0.0160498
-35.3429  0  3.14159  -3.11795e-06  0.0282899
-22.7765  0  3.14159  -7.50381e-06  0.0438919
-16.4934  0  3.14159  -1.43007e-05  0.0606197
-10.2102  0  3.14159  -3.70719e-05  0.097661
-8.63938  0  3.14159  -5.20413e-05  0.115786
-7.06858  0  3.14159  -7.69837e-05  0.140971
-5.49779  0  3.14159  -0.000126264  0.180275
-3.92699  0  3.14159  -0.000247205  0.252245
-2.35619  0  3.14159  -0.000648849  0.409928
-0.785398  0  3.14159  -0.00323575  0.915427
0.785398  0  3.14159  -0.00328847  -0.915435
2.35619  0  3.14159  -0.000654822  -0.40993
3.92699  0  3.14159  -0.000249067  -0.252244
5.49779  0  3.14159  -0.000127539  -0.180275
7.06858  0  3.14159  -7.77391e-05  -0.140971
8.63938  0  3.14159  -5.22946e-05  -0.115786
10.2102  0  3.14159  -3.72985e-05  -0.097661
16.4934  0  3.14159  -1.43402e-05  -0.0606197
33.7721  0  3.14159  -3.42115e-06  -0.0296072
62.0465  0  3.14159  -1.01351e-06  -0.0161162
-35.3429  3.14159  0  -3.11795e-06  0.0282899
-22.7765  3.14159  0  -7.50381e-06  0.0438919
-16.4934  3.14159  0  -1.43007e-05  0.0606197
-10.2102  3.14159  0  -3.70719e-05  0.097661
-8.63938  3.14159  0  -5.20413e-05  0.115786
-7.06858  3.14159  0  -7.69837e-05  0.140971
-5.49779  3.14159  0  -0.000126264  0.180275
-3.92699  3.14159  0  -0.000247205  0.252245
-2.35619  3.14159  0  -0.000648849  0.409928
-0.785398  3.14159  0  -0.00323575  0.915427
0.785398  3.14159  0  -0.00328847  -0.915435
2.35619  3.14159  0  -0.000654822  -0.40993
3.92699  3.14159  0  -0.000249067  -0.252244
5.49779  3.14159  0  -0.000127539  -0.180275
7.06858  3.14159  0  -7.77391e-05  -0.140971
8.63938  3.14159  0  -5.22946e-05  -0.115786
10.2102  3.14159  0  -3.72985e-05  -0.097661
16.4934  3.14159  0  -1.43402e-05  -0.0606197
33.7721  3.14159  0  -3.42115e-06  -0.0296072
62.0465  3.14159  0  -1.01351e-06  -0.0161162
-35.3429  3.14159  3.14159  -0.00316404  0.0279325
-22.7765  3.14159  3.14159  -0.00748319  0.0425781
-16.4934  3.14159  3.14159  -0.0138945  0.0572353
-10.2102  3.14159  3.14159  -0.033188  0.0847891
-8.63938  3.14159  3.14159  -0.0440845  0.0951468
-7.06858  3.14159  3.14159  -0.0602766  0.106906
-5.49779  3.14159  3.14159  -0.0860259  0.118705
-3.92699  3.14159  3.14159  -0.126671  0.125073
-2.35619  3.14159  3.14159  -0.183916  0.108896
-0.785398  3.14159  3.14159  -0.239133  0.0478622
0.785398  3.14159  3.14159  -0.239036  -0.0476727
2.35619  3.14159  3.14159  -0.184013  -0.10869
3.92699  3.14159  3.14159  -0.126677  -0.125042
5.49779  3.14159  3.14159  -0.0860328  -0.118679
7.06858  3.14159  3.14159  -0.0602947  -0.106887
8.63938  3.14159  3.14159  -0.0440858  -0.0951484
10.2102  3.14159  3.14159  -0.0331942  -0.0847805
16.4934  3.14159  3.14159  -0.013894  -0.0572364
33.7721  3.14159  3.14159  -0.00346094  -0.0291967
62.0465  3.14159  3.14159  -0.00103564  -0.0160495
