-35.3429  0  0  -241414  1.14933e+09
-22.7765  0  0  5.50391e+07  8.52827e+08
-16.4934  0  0  -5.06023e+08  -8.90024e+08
-10.2102  0  0  1.09906e+09  -3.10077e+09
-8.63938  0  0  2.68655e+09  -1.31228e+09
-7.06858  0  0  1.93511e+09  -9.19721e+08
-5.49779  0  0  -4.67238e+08  2.27784e+09
-3.92699  0  0  2.98262e+09  -1.83452e+09
-2.35619  0  0  -2.00761e+09  -1.04083e+10
-0.785398  0  0  1.57176e+09  7.31559e+08
0.785398  0  0  1.48402e+09  -1.46794e+09
2.35619  0  0  -5.56466e+08  1.06078e+10
3.92699  0  0  3.34268e+09  1.26602e+09
5.49779  0  0  -7.04148e+08  -2.5542e+09
7.06858  0  0  2.0759e+09  7.68862e+08
8.63938  0  0  2.91267e+09  1.05337e+09
10.2102  0  0  1.67865e+09  3.09826e+09
16.4934  0  0  -2.12364e+08  9.40145e+08
33.7721  0  0  -6.78284e+07  -2.09282e+09
62.0465  0  0  2.75215e+07  -1.35652e+07
-35.3429  0  3.14159  -2.73879e+08  -7.26501e+09
-22.7765  0  3.14159  -1.59354e+08  -3.8675e+09
-16.4934  0  3.14159  3.26649e+09  7.44392e+09
-10.2102  0  3.14159  -4.46926e+09  2.19535e+10
-8.63938  0  3.14159  -1.3493e+10  9.48378e+09
-7.06858  0  3.14159  -1.0866e+10  9.15578e+09
-5.49779  0  3.14159  -2.72227e+09  -1.61401e+10
-3.92699  0  3.14159  -2.02678e+10  1.62476e+10
-2.35619  0  3.14159  1.87038e+10  7.31844e+10
-0.785398  0  3.14159  -1.45008e+10  -3.84788e+09
0.785398  0  3.14159  -1.34561e+10  9.16025e+09
2.35619  0  3.14159  4.54292e+09  -7.51056e+10
3.92699  0  3.14159  -2.33384e+10  -1.11511e+10
5.49779  0  3.14159  -9.51483e+07  1.76313e+10
7.06858  0  3.14159  -1.22258e+10  -7.25699e+09
8.63938  0  3.14159  -1.55427e+10  -6.59794e+09
10.2102  0  3.14159  -9.58092e+09  -2.12489e+10
16.4934  0  3.14159  1.03029e+09  -7.92626e+09
33.7721  0  3.14159  8.95064e+08  1.18498e+10
62.0465  0  3.14159  -1.44863e+08  -2.79603e+08
-35.3429  3.14159  0  -2.73879e+08  -7.26501e+09
-22.7765  3.14159  0  -1.59354e+08  -3.8675e+09
-16.4934  3.14159  0  3.26649e+09  7.44392e+09
-10.2102  3.14159  0  -4.46926e+09  2.19535e+10
-8.63938  3.14159  0  -1.3493e+10  9.48378e+09
-7.06858  3.14159  0  -1.0866e+10  9.15578e+09
-5.49779  3.14159  0  -2.72227e+09  -1.61401e+10
-3.92699  3.14159  0  -2.02678e+10  1.62476e+10
-2.35619  3.14159  0  1.87038e+10  7.31844e+10
-0.785398  3.14159  0  -1.45008e+10  -3.84788e+09
0.785398  3.14159  0  -1.34561e+10  9.16025e+09
2.35619  3.14159  0  4.54292e+09  -7.51056e+10
3.92699  3.14159  0  -2.33384e+10  -1.11511e+10
5.49779  3.14159  0  -9.51483e+07  1.76313e+10
7.06858  3.14159  0  -1.22258e+10  -7.25699e+09
8.63938  3.14159  0  -1.55427e+10  -6.59794e+09
10.2102  3.14159  0  -9.58092e+09  -2.12489e+10
16.4934  3.14159  0  1.03029e+09  -7.92626e+09
33.7721  3.14159  0  8.95064e+08  1.18498e+10
62.0465  3.14159  0  -1.44863e+08  -2.79603e+08
-35.3429  3.14159  3.14159  7.14721e+06  1.11006e+09
-22.7765  3.14159  3.14159  5.06003e+07  8.30828e+08
-16.4934  3.14159  3.14159  -5.13122e+08  -8.5332e+08
-10.2102  3.14159  3.14159  1.0216e+09  -2.99225e+09
-8.63938  3.14159  3.14159  2.58729e+09  -1.29461e+09
-7.06858  3.14159  3.14159  1.86264e+09  -8.86241e+08
-5.49779  3.14159  3.14159  -4.53277e+08  2.1656e+09
-3.92699  3.14159  3.14159  2.85365e+09  -1.8142e+09
-2.35619  3.14159  3.14159  -2.01331e+09  -1.00113e+10
-0.785398  3.14159  3.14159  1.51972e+09  6.1703e+08
0.785398  3.14159  3.14159  1.44976e+09  -1.4842e+09
2.35619  3.14159  3.14159  -4.26999e+08  1.02197e+10
3.92699  3.14159  3.14159  3.26332e+09  1.1618e+09
5.49779  3.14159  3.14159  -7.01539e+08  -2.48221e+09
7.06858  3.14159  3.14159  2.01496e+09  7.17504e+08
8.63938  3.14159  3.14159  2.85361e+09  9.96274e+08
10.2102  3.14159  3.14159  1.67104e+09  2.99032e+09
16.4934  3.14159  3.14159  -1.83648e+08  9.10451e+08
33.7721  3.14159  3.14159  -7.92299e+07  -2.02721e+09
62.0465  3.14159  3.14159  2.75077e+07  -1.43627e+07
