-35.3429  0  0  238043  1.22663e+06
-22.7765  0  0  357513  224498
-16.4934  0  0  707695  592588
-10.2102  0  0  203251  1.01653e+06
-8.63938  0  0  1.20538e+06  -1.52902e+06
-7.06858  0  0  140698  1.2948e+06
-5.49779  0  0  1.99411e+06  -1.20892e+06
-3.92699  0  0  -977796  -501368
-2.35619  0  0  1.10614e+06  -1.14091e+07
-0.785398  0  0  -3.67644e+06  2.85227e+06
0.785398  0  0  -4.79055e+06  -1.00272e+06
2.35619  0  0  6.23179e+06  1.00076e+07
3.92699  0  0  -846426  955067
5.49779  0  0  2.31401e+06  313577
7.06858  0  0  -276867  -1.29112e+06
8.63938  0  0  1.90887e+06  885780
10.2102  0  0  -272138  -973601
16.4934  0  0  391455  -847088
33.7721  0  0  -113268  120746
62.0465  0  0  12231.2  99344.2
-35.3429  0  3.14159  -519746  -4.72868e+06
-22.7765  0  3.14159  -1.30559e+06  -968672
-16.4934  0  3.14159  -2.80457e+06  -3.06436e+06
-10.2102  0  3.14159  -27065.2  -4.34976e+06
-8.63938  0  3.14159  -5.63746e+06  5.76285e+06
-7.06858  0  3.14159  742674  -5.14239e+06
-5.49779  0  3.14159  -8.40197e+06  5.11545e+06
-3.92699  0  3.14159  5.35362e+06  1.96983e+06
-2.35619  0  3.14159  -1.0321e+07  4.94734e+07
-0.785398  0  3.14159  1.74881e+07  -1.17262e+07
0.785398  0  3.14159  2.00528e+07  7.26563e+06
2.35619  0  3.14159  -2.25377e+07  -4.60187e+07
3.92699  0  3.14159  4.96849e+06  -3.08532e+06
5.49779  0  3.14159  -9.19525e+06  -2.95924e+06
7.06858  0  3.14159  1.77621e+06  5.06141e+06
8.63938  0  3.14159  -7.30264e+06  -4.26721e+06
10.2102  0  3.14159  1.12131e+06  4.23166e+06
16.4934  0  3.14159  -2.01398e+06  3.65485e+06
33.7721  0  3.14159  586973  -522491
62.0465  0  3.14159  -5062.54  -300680
-35.3429  3.14159  0  -519746  -4.72868e+06
-22.7765  3.14159  0  -1.30559e+06  -968672
-16.4934  3.14159  0  -2.80457e+06  -3.06436e+06
-10.2102  3.14159  0  -27065.2  -4.34976e+06
-8.63938  3.14159  0  -5.63746e+06  5.76285e+06
-7.06858  3.14159  0  742674  -5.14239e+06
-5.49779  3.14159  0  -8.40197e+06  5.11545e+06
-3.92699  3.14159  0  5.35362e+06  1.96983e+06
-2.35619  3.14159  0  -1.0321e+07  4.94734e+07
-0.785398  3.14159  0  1.74881e+07  -1.17262e+07
0.785398  3.14159  0  2.00528e+07  7.26563e+06
2.35619  3.14159  0  -2.25377e+07  -4.60187e+07
3.92699  3.14159  0  4.96849e+06  -3.08532e+06
5.49779  3.14159  0  -9.19525e+06  -2.95924e+06
7.06858  3.14159  0  1.77621e+06  5.06141e+06
8.63938  3.14159  0  -7.30264e+06  -4.26721e+06
10.2102  3.14159  0  1.12131e+06  4.23166e+06
16.4934  3.14159  0  -2.01398e+06  3.65485e+06
33.7721  3.14159  0  586973  -522491
62.0465  3.14159  0  -5062.54  -300680
-35.3429  3.14159  3.14159  224009  1.23178e+06
-22.7765  3.14159  3.14159  348944  245184
-16.4934  3.14159  3.14159  717792  611978
-10.2102  3.14159  3.14159  182915  1.01816e+06
-8.63938  3.14159  3.14159  1.29344e+06  -1.50416e+06
-7.06858  3.14159  3.14159  212286  1.31477e+06
-5.49779  3.14159  3.14159  2.00358e+06  -1.25254e+06
-3.92699  3.14159  3.14159  -1.1296e+06  -548056
-2.35619  3.14159  3.14159  1.35388e+06  -1.15174e+07
-0.785398  3.14159  3.14159  -3.8827e+06  2.81139e+06
0.785398  3.14159  3.14159  -4.6758e+06  -1.05026e+06
2.35619  3.14159  3.14159  6.0918e+06  9.97023e+06
3.92699  3.14159  3.14159  -800500  916763
5.49779  3.14159  3.14159  2.30817e+06  329254
7.06858  3.14159  3.14159  -342230  -1.2849e+06
8.63938  3.14159  3.14159  1.85083e+06  889405
10.2102  3.14159  3.14159  -265479  -989082
16.4934  3.14159  3.14159  395218  -836292
33.7721  3.14159  3.14159  -162612  125514
62.0465  3.14159  3.14159  12766.2  99578.8
