-54.6637  0  0  5978.16  6437.69
-27.0177  0  0  -10085  -27655.7
-13.1947  0  0  47500.5  8371.76
-10.6814  0  0  -18091.1  -50984.9
-8.16814  0  0  -35611.1  -23469.9
-6.9115  0  0  15522.2  -70068
-5.65487  0  0  -162830  -160325
-4.39823  0  0  100903  -76610.3
-3.14159  0  0  -231616  108066
-1.88496  0  0  -186987  308483
-0.628319  0  0  -178242  190932
0.628319  0  0  -369572  62766.3
1.88496  0  0  -293534  28573.2
3.14159  0  0  -297998  136568
4.39823  0  0  58238.3  -31096.7
5.65487  0  0  35186.6  183165
6.9115  0  0  62019.3  29966.5
8.16814  0  0  8932.8  60252
10.6814  0  0  33465.1  33870.8
15.708  0  0  17030.7  70461.3
33.3009  0  0  -7101.66  -2587.95
-54.6637  0  3.14159  2961.91  -4717.97
-27.0177  0  3.14159  -4671.66  12814.8
-13.1947  0  3.14159  1081.41  -33838.5
-10.6814  0  3.14159  -23765.7  25077.2
-8.16814  0  3.14159  13947.8  35668.1
-6.9115  0  3.14159  -29276.1  13730.2
-5.65487  0  3.14159  -36665.7  109892
-4.39823  0  3.14159  -43479.2  -57779
-3.14159  0  3.14159  171124  -9868.15
-1.88496  0  3.14159  235918  12370.7
-0.628319  0  3.14159  228567  -114169
0.628319  0  3.14159  113295  178313
1.88496  0  3.14159  220124  141107
3.14159  0  3.14159  112213  97858.6
4.39823  0  3.14159  -94366.9  2672.18
5.65487  0  3.14159  56102.5  -121163
6.9115  0  3.14159  -9703.21  -35959.7
8.16814  0  3.14159  38632.9  -11546.9
10.6814  0  3.14159  1492.86  -36480.9
15.708  0  3.14159  20914.6  -34066.3
33.3009  0  3.14159  -4907.63  10119.7
-54.6637  3.14159  0  2961.91  -4717.97
-27.0177  3.14159  0  -4671.66  12814.8
-13.1947  3.14159  0  1081.41  -33838.5
-10.6814  3.14159  0  -23765.7  25077.2
-8.16814  3.14159  0  13947.8  35668.1
-6.9115  3.14159  0  -29276.1  13730.2
-5.65487  3.14159  0  -36665.7  109892
-4.39823  3.14159  0  -43479.2  -57779
-3.14159  3.14159  0  171124  -9868.15
-1.88496  3.14159  0  235918  12370.7
-0.628319  3.14159  0  228567  -114169
0.628319  3.14159  0  113295  178313
1.88496  3.14159  0  220124  141107
3.14159  3.14159  0  112213  97858.6
4.39823  3.14159  0  -94366.9  2672.18
5.65487  3.14159  0  56102.5  -121163
6.9115  3.14159  0  -9703.21  -35959.7
8.16814  3.14159  0  38632.9  -11546.9
10.6814  3.14159  0  1492.86  -36480.9
15.708  3.14159  0  20914.6  -34066.3
33.3009  3.14159  0  -4907.63  10119.7
-54.6637  3.14159  3.14159  5424.24  -6914.8
-27.0177  3.14159  3.14159  -6621.88  12612.1
-13.1947  3.14159  3.14159  8450.76  -34836.2
-10.6814  3.14159  3.14159  -31263.2  21776.8
-8.16814  3.14159  3.14159  6212.04  49712.5
-6.9115  3.14159  3.14159  -34425.5  10684
-5.65487  3.14159  3.14159  -63993  99894.5
-4.39823  3.14159  3.14159  -16744.3  -78669.7
-3.14159  3.14159  3.14159  193959  -14836.3
-1.88496  3.14159  3.14159  223058  68833.4
-0.628319  3.14159  3.14159  249463  -146630
0.628319  3.14159  3.14159  53435.2  196784
1.88496  3.14159  3.14159  227725  160784
3.14159  3.14159  3.14159  80913.7  120219
4.39823  3.14159  3.14159  -120609  -9237.8
5.65487  3.14159  3.14159  73526.1  -135760
6.9115  3.14159  3.14159  -6953.61  -45065.3
8.16814  3.14159  3.14159  47703.5  -7150.58
10.6814  3.14159  3.14159  7365.75  -41724.3
15.708  3.14159  3.14159  27856.9  -34815.8
33.3009  3.14159  3.14159  -7766.48  10621.3
