-54.6637  0  0  0.00196925  0.0180792
-27.0177  0  0  0.00777904  0.0352985
-13.1947  0  0  0.0284137  0.0629663
-10.6814  0  0  0.0398152  0.0714265
-8.16814  0  0  0.0582766  0.0799466
-6.9115  0  0  0.0715465  0.0830504
-5.65487  0  0  0.088302  0.0838638
-4.39823  0  0  0.10866  0.0802653
-3.14159  0  0  0.131376  0.0693183
-1.88496  0  0  0.152652  0.0483264
-0.628319  0  0  0.166101  0.0175281
0.628319  0  0  0.166101  -0.0175281
1.88496  0  0  0.152652  -0.0483264
3.14159  0  0  0.131376  -0.0693183
4.39823  0  0  0.10866  -0.0802652
5.65487  0  0  0.088302  -0.0838638
6.9115  0  0  0.0715465  -0.0830503
8.16814  0  0  0.0582767  -0.0799464
10.6814  0  0  0.0398153  -0.0714264
15.708  0  0  0.0210996  -0.0556642
33.3009  0  0  0.00520274  -0.029099
-54.6637  0  3.14159  0.00115751  0.0182202
-27.0177  0  3.14159  0.00467999  0.0364112
-13.1947  0  3.14159  0.0186543  0.0708786
-10.6814  0  3.14159  0.0275274  0.084671
-8.16814  0  3.14159  0.0440815  0.103685
-6.9115  0  3.14159  0.0580434  0.115523
-5.65487  0  3.14159  0.0788578  0.128412
-4.39823  0  3.14159  0.110581  0.140054
-3.14159  0  3.14159  0.158359  0.143262
-1.88496  0  3.14159  0.222429  0.120734
-0.628319  0  3.14159  0.278836  0.0504504
0.628319  0  3.14159  0.278836  -0.0504503
1.88496  0  3.14159  0.222429  -0.120734
3.14159  0  3.14159  0.15836  -0.143262
4.39823  0  3.14159  0.110581  -0.140054
5.65487  0  3.14159  0.0788579  -0.128412
6.9115  0  3.14159  0.0580434  -0.115522
8.16814  0  3.14159  0.0440817  -0.103686
10.6814  0  3.14159  0.0275275  -0.0846709
15.708  0  3.14159  0.0134183  -0.0606954
33.3009  0  3.14159  0.00309778  -0.0297063
-54.6637  3.14159  0  0.00115751  0.0182202
-27.0177  3.14159  0  0.00467999  0.0364112
-13.1947  3.14159  0  0.0186543  0.0708786
-10.6814  3.14159  0  0.0275274  0.084671
-8.16814  3.14159  0  0.0440815  0.103685
-6.9115  3.14159  0  0.0580434  0.115523
-5.65487  3.14159  0  0.0788578  0.128412
-4.39823  3.14159  0  0.110581  0.140054
-3.14159  3.14159  0  0.158359  0.143262
-1.88496  3.14159  0  0.222429  0.120734
-0.628319  3.14159  0  0.278836  0.0504504
0.628319  3.14159  0  0.278836  -0.0504503
1.88496  3.14159  0  0.222429  -0.120734
3.14159  3.14159  0  0.15836  -0.143262
4.39823  3.14159  0  0.110581  -0.140054
5.65487  3.14159  0  0.0788579  -0.128412
6.9115  3.14159  0  0.0580434  -0.115522
8.16814  3.14159  0  0.0440817  -0.103686
10.6814  3.14159  0  0.0275275  -0.0846709
15.708  3.14159  0  0.0134183  -0.0606954
33.3009  3.14159  0  0.00309778  -0.0297063
-54.6637  3.14159  3.14159  0.000331619  0.0182877
-27.0177  3.14159  3.14159  0.001356  0.036963
-13.1947  3.14159  3.14159  0.00566128  0.0753629
-10.6814  3.14159  3.14159  0.00861318  0.0928212
-8.16814  3.14159  3.14159  0.0146406  0.12065
-6.9115  3.14159  3.14159  0.0203309  0.141771
-5.65487  3.14159  3.14159  0.0300721  0.171568
-4.39823  3.14159  3.14159  0.0487623  0.216376
-3.14159  3.14159  3.14159  0.0913363  0.289493
-1.88496  3.14159  3.14159  0.218539  0.4156
-0.628319  3.14159  3.14159  0.719695  0.456218
0.628319  3.14159  3.14159  0.719697  -0.456219
1.88496  3.14159  3.14159  0.218539  -0.4156
3.14159  3.14159  3.14159  0.0913364  -0.289493
4.39823  3.14159  3.14159  0.0487618  -0.216375
5.65487  3.14159  3.14159  0.0300723  -0.171568
6.9115  3.14159  3.14159  0.0203312  -0.14177
8.16814  3.14159  3.14159  0.0146408  -0.12065
10.6814  3.14159  3.14159  0.00861335  -0.0928211
15.708  3.14159  3.14159  0.00400122  -0.0634094
33.3009  3.14159  3.14159  0.000892981  -0.0300027
