-54.6637  0  0  -51789.8  130437
-27.0177  0  0  275082  -368111
-13.1947  0  0  158170  670912
-10.6814  0  0  592809  -599078
-8.16814  0  0  73104.3  -795292
-6.9115  0  0  1.06296e+06  -352632
-5.65487  0  0  992609  -3.27215e+06
-4.39823  0  0  1.4937e+06  859533
-3.14159  0  0  -3.75948e+06  -2.23845e+06
-1.88496  0  0  -5.45196e+06  -577559
-0.628319  0  0  -4.80903e+06  -894409
0.628319  0  0  -3.10549e+06  -4.41785e+06
1.88496  0  0  -2.83107e+06  -4.30432e+06
3.14159  0  0  -3.83046e+06  -2.80413e+06
4.39823  0  0  1.20754e+06  738399
5.65487  0  0  -2.38947e+06  2.13191e+06
6.9115  0  0  98424.3  1.09085e+06
8.16814  0  0  -750212  488031
10.6814  0  0  -250393  769279
15.708  0  0  -820407  815862
33.3009  0  0  37534.3  -101235
-54.6637  0  3.14159  45696.5  -11623.3
-27.0177  0  3.14159  -98385.3  70641.7
-13.1947  0  3.14159  204614  -225642
-10.6814  0  3.14159  -295694  45478
-8.16814  0  3.14159  -94638.6  336072
-6.9115  0  3.14159  -260300  -48888.2
-5.65487  0  3.14159  -785008  555262
-4.39823  0  3.14159  28158  -605364
-3.14159  0  3.14159  1.39005e+06  839518
-1.88496  0  3.14159  1.61916e+06  1.33089e+06
-0.628319  0  3.14159  2.43896e+06  408302
0.628319  0  3.14159  -88400.3  1.81915e+06
1.88496  0  3.14159  904097  2.2967e+06
3.14159  0  3.14159  266925  1.22173e+06
4.39823  0  3.14159  -718143  -552410
5.65487  0  3.14159  1.05839e+06  -589177
6.9115  0  3.14159  120505  -297729
8.16814  0  3.14159  329897  152882
10.6814  0  3.14159  206996  -254949
15.708  0  3.14159  329548  -135971
33.3009  0  3.14159  -95647.1  44148.1
-54.6637  3.14159  0  45696.5  -11623.3
-27.0177  3.14159  0  -98385.3  70641.7
-13.1947  3.14159  0  204614  -225642
-10.6814  3.14159  0  -295694  45478
-8.16814  3.14159  0  -94638.6  336072
-6.9115  3.14159  0  -260300  -48888.2
-5.65487  3.14159  0  -785008  555262
-4.39823  3.14159  0  28158  -605364
-3.14159  3.14159  0  1.39005e+06  839518
-1.88496  3.14159  0  1.61916e+06  1.33089e+06
-0.628319  3.14159  0  2.43896e+06  408302
0.628319  3.14159  0  -88400.3  1.81915e+06
1.88496  3.14159  0  904097  2.2967e+06
3.14159  3.14159  0  266925  1.22173e+06
4.39823  3.14159  0  -718143  -552410
5.65487  3.14159  0  1.05839e+06  -589177
6.9115  3.14159  0  120505  -297729
8.16814  3.14159  0  329897  152882
10.6814  3.14159  0  206996  -254949
15.708  3.14159  0  329548  -135971
33.3009  3.14159  0  -95647.1  44148.1
-54.6637  3.14159  3.14159  66856.7  168.691
-27.0177  3.14159  3.14159  -105639  5617.38
-13.1947  3.14159  3.14159  243945  -73602.4
-10.6814  3.14159  3.14159  -246198  -114109
-8.16814  3.14159  3.14159  -310880  257511
-6.9115  3.14159  3.14159  -199274  -152124
-5.65487  3.14159  3.14159  -841738  -49883.3
-4.39823  3.14159  3.14159  410929  -375838
-3.14159  3.14159  3.14159  790826  1.08048e+06
-1.88496  3.14159  3.14159  278726  1.7195e+06
-0.628319  3.14159  3.14159  1.79994e+06  819066
0.628319  3.14159  3.14159  -1.15832e+06  1.19242e+06
1.88496  3.14159  3.14159  -170316  1.84246e+06
3.14159  3.14159  3.14159  -504972  1.01095e+06
4.39823  3.14159  3.14159  -352068  -786654
5.65487  3.14159  3.14159  1.08359e+06  -5734.52
6.9115  3.14159  3.14159  268740  -226523
8.16814  3.14159  3.14159  236642  223160
10.6814  3.14159  3.14159  283320  -102984
15.708  3.14159  3.14159  323977  40986
33.3009  3.14159  3.14159  -92795.2  -6494.26
