-54.6637  0  0  0.000828739  0.0182561
-27.0177  0  0  0.00337105  0.0367032
-13.1947  0  0  0.0137663  0.0731991
-10.6814  0  0  0.0206359  0.0888265
-8.16814  0  0  0.0340505  0.112082
-6.9115  0  0  0.0460158  0.128165
-5.65487  0  0  0.0650704  0.148285
-4.39823  0  0  0.0973046  0.172465
-3.14159  0  0  0.154828  0.196015
-1.88496  0  0  0.255538  0.19411
-0.628319  0  0  0.378707  0.0958899
0.628319  0  0  0.378707  -0.0958899
1.88496  0  0  0.255538  -0.19411
3.14159  0  0  0.154828  -0.196015
4.39823  0  0  0.0973046  -0.172465
5.65487  0  0  0.0650704  -0.148285
6.9115  0  0  0.0460158  -0.128165
8.16814  0  0  0.0340505  -0.112082
10.6814  0  0  0.0206359  -0.0888265
15.708  0  0  0.00981216  -0.0621119
33.3009  0  0  0.00222533  -0.0298634
-54.6637  0  3.14159  -6.17447e-10  0.0182937
-27.0177  0  3.14159  6.52728e-10  0.0370128
-13.1947  0  3.14159  -4.50015e-10  0.0757881
-10.6814  0  3.14159  3.14098e-09  0.0936206
-8.16814  0  3.14159  -1.78577e-09  0.122427
-6.9115  0  3.14159  1.02464e-08  0.144686
-5.65487  0  3.14159  1.79023e-09  0.176839
-4.39823  0  3.14159  6.23016e-09  0.227364
-3.14159  0  3.14159  -8.88779e-09  0.31831
-1.88496  0  3.14159  -1.98719e-08  0.530516
-0.628319  0  3.14159  -1.45378e-07  1.59155
0.628319  0  3.14159  -7.60799e-08  -1.59155
1.88496  0  3.14159  -1.28766e-08  -0.530516
3.14159  0  3.14159  -7.12144e-09  -0.31831
4.39823  0  3.14159  8.83447e-09  -0.227364
5.65487  0  3.14159  -1.65963e-09  -0.176839
6.9115  0  3.14159  2.17918e-09  -0.144686
8.16814  0  3.14159  -5.84205e-09  -0.122427
10.6814  0  3.14159  -3.17467e-10  -0.0936206
15.708  0  3.14159  -9.34073e-10  -0.063662
33.3009  0  3.14159  6.46325e-10  -0.0300292
-54.6637  3.14159  0  -6.1734e-10  0.0182937
-27.0177  3.14159  0  6.53039e-10  0.0370128
-13.1947  3.14159  0  -4.45836e-10  0.0757881
-10.6814  3.14159  0  3.11069e-09  0.0936206
-8.16814  3.14159  0  -1.78713e-09  0.122427
-6.9115  3.14159  0  1.02617e-08  0.144686
-5.65487  3.14159  0  1.76748e-09  0.176839
-4.39823  3.14159  0  6.0421e-09  0.227364
-3.14159  3.14159  0  -1.00673e-08  0.31831
-1.88496  3.14159  0  -2.02814e-08  0.530516
-0.628319  3.14159  0  -8.64008e-08  1.59155
0.628319  3.14159  0  -6.50218e-08  -1.59155
1.88496  3.14159  0  -1.28766e-08  -0.530516
3.14159  3.14159  0  -7.63748e-09  -0.31831
4.39823  3.14159  0  8.98492e-09  -0.227364
5.65487  3.14159  0  -1.79615e-09  -0.176839
6.9115  3.14159  0  2.18109e-09  -0.144686
8.16814  3.14159  0  -5.85841e-09  -0.122427
10.6814  3.14159  0  -3.19061e-10  -0.0936206
15.708  3.14159  0  -9.50291e-10  -0.063662
33.3009  3.14159  0  6.46243e-10  -0.0300292
-54.6637  3.14159  3.14159  -0.000828739  0.0182561
-27.0177  3.14159  3.14159  -0.00337105  0.0367032
-13.1947  3.14159  3.14159  -0.0137663  0.0731991
-10.6814  3.14159  3.14159  -0.0206359  0.0888265
-8.16814  3.14159  3.14159  -0.0340505  0.112082
-6.9115  3.14159  3.14159  -0.0460158  0.128165
-5.65487  3.14159  3.14159  -0.0650704  0.148285
-4.39823  3.14159  3.14159  -0.0973045  0.172465
-3.14159  3.14159  3.14159  -0.154828  0.196015
-1.88496  3.14159  3.14159  -0.255538  0.19411
-0.628319  3.14159  3.14159  -0.378707  0.0958899
0.628319  3.14159  3.14159  -0.378707  -0.0958899
1.88496  3.14159  3.14159  -0.255538  -0.19411
3.14159  3.14159  3.14159  -0.154828  -0.196015
4.39823  3.14159  3.14159  -0.0973046  -0.172465
5.65487  3.14159  3.14159  -0.0650704  -0.148285
6.9115  3.14159  3.14159  -0.0460158  -0.128165
8.16814  3.14159  3.14159  -0.0340505  -0.112082
10.6814  3.14159  3.14159  -0.0206359  -0.0888265
15.708  3.14159  3.14159  -0.00981216  -0.0621119
33.3009  3.14159  3.14159  -0.00222532  -0.0298634
