-54.6637  0  0  0.000828739  0.0182561
-27.0177  0  0  0.00337105  0.0367032
-13.1947  0  0  0.0137663  0.0731991
-10.6814  0  0  0.0206359  0.0888265
-8.16814  0  0  0.0340505  0.112082
-6.9115  0  0  0.0460158  0.128165
-5.65487  0  0  0.0650704  0.148285
-4.39823  0  0  0.0973046  0.172465
-3.14159  0  0  0.154828  0.196015
-1.88496  0  0  0.255538  0.19411
-0.628319  0  0  0.378707  0.0958899
0.628319  0  0  0.378707  -0.0958899
1.88496  0  0  0.255538  -0.19411
3.14159  0  0  0.154828  -0.196015
4.39823  0  0  0.0973045  -0.172465
5.65487  0  0  0.0650704  -0.148285
6.9115  0  0  0.0460158  -0.128165
8.16814  0  0  0.0340505  -0.112082
10.6814  0  0  0.0206359  -0.0888265
15.708  0  0  0.00981216  -0.0621119
33.3009  0  0  0.00222533  -0.0298634
-54.6637  0  3.14159  -2.05704e-09  0.0182937
-27.0177  0  3.14159  2.18042e-09  0.0370128
-13.1947  0  3.14159  -1.48413e-09  0.0757881
-10.6814  0  3.14159  1.03921e-08  0.0936206
-8.16814  0  3.14159  -5.91324e-09  0.122427
-6.9115  0  3.14159  3.43188e-08  0.144686
-5.65487  0  3.14159  5.43407e-09  0.176839
-4.39823  0  3.14159  1.93455e-08  0.227364
-3.14159  0  3.14159  -3.08124e-08  0.31831
-1.88496  0  3.14159  -6.43092e-08  0.530516
-0.628319  0  3.14159  -4.58986e-07  1.59155
0.628319  0  3.14159  -3.44387e-07  -1.59155
1.88496  0  3.14159  -4.78694e-08  -0.530516
3.14159  0  3.14159  -2.84312e-08  -0.31831
4.39823  0  3.14159  2.80068e-08  -0.227364
5.65487  0  3.14159  -5.41393e-09  -0.176839
6.9115  0  3.14159  7.26236e-09  -0.144686
8.16814  0  3.14159  -1.98521e-08  -0.122427
10.6814  0  3.14159  -1.05549e-09  -0.0936206
15.708  0  3.14159  -3.20842e-09  -0.063662
33.3009  0  3.14159  2.15471e-09  -0.0300292
-54.6637  3.14159  0  -2.05704e-09  0.0182937
-27.0177  3.14159  0  2.18033e-09  0.0370128
-13.1947  3.14159  0  -1.48224e-09  0.0757881
-10.6814  3.14159  0  1.03929e-08  0.0936206
-8.16814  3.14159  0  -5.91562e-09  0.122427
-6.9115  3.14159  0  3.43321e-08  0.144686
-5.65487  3.14159  0  5.41701e-09  0.176839
-4.39823  3.14159  0  1.93596e-08  0.227364
-3.14159  3.14159  0  -2.96328e-08  0.31831
-1.88496  3.14159  0  -6.55378e-08  0.530516
-0.628319  3.14159  0  -4.70044e-07  1.59155
0.628319  3.14159  0  -3.45308e-07  -1.59155
1.88496  3.14159  0  -4.70503e-08  -0.530516
3.14159  3.14159  0  -2.80073e-08  -0.31831
4.39823  3.14159  0  2.79786e-08  -0.227364
5.65487  3.14159  0  -5.44806e-09  -0.176839
6.9115  3.14159  0  7.25665e-09  -0.144686
8.16814  3.14159  0  -1.98521e-08  -0.122427
10.6814  3.14159  0  -1.05499e-09  -0.0936206
15.708  3.14159  0  -3.20787e-09  -0.063662
33.3009  3.14159  0  2.15475e-09  -0.0300292
-54.6637  3.14159  3.14159  -0.00082874  0.018256
-27.0177  3.14159  3.14159  -0.00337105  0.0367032
-13.1947  3.14159  3.14159  -0.0137663  0.0731991
-10.6814  3.14159  3.14159  -0.0206359  0.0888265
-8.16814  3.14159  3.14159  -0.0340505  0.112082
-6.9115  3.14159  3.14159  -0.0460158  0.128165
-5.65487  3.14159  3.14159  -0.0650704  0.148285
-4.39823  3.14159  3.14159  -0.0973045  0.172465
-3.14159  3.14159  3.14159  -0.154828  0.196015
-1.88496  3.14159  3.14159  -0.255538  0.19411
-0.628319  3.14159  3.14159  -0.378707  0.0958899
0.628319  3.14159  3.14159  -0.378707  -0.0958899
1.88496  3.14159  3.14159  -0.255538  -0.19411
3.14159  3.14159  3.14159  -0.154828  -0.196015
4.39823  3.14159  3.14159  -0.0973045  -0.172465
5.65487  3.14159  3.14159  -0.0650704  -0.148285
6.9115  3.14159  3.14159  -0.0460158  -0.128165
8.16814  3.14159  3.14159  -0.0340505  -0.112082
10.6814  3.14159  3.14159  -0.0206359  -0.0888265
15.708  3.14159  3.14159  -0.00981217  -0.0621119
33.3009  3.14159  3.14159  -0.00222532  -0.0298634
