-54.6637  0  0  11133.2  -48535.4
-27.0177  0  0  -88409  133652
-13.1947  0  0  -93637.2  -239241
-10.6814  0  0  -183821  237226
-8.16814  0  0  9028.98  259321
-6.9115  0  0  -365365  154127
-5.65487  0  0  -245434  1.21649e+06
-4.39823  0  0  -619180  -253785
-3.14159  0  0  1.27697e+06  674606
-1.88496  0  0  1.97015e+06  -18737.9
-0.628319  0  0  1.54212e+06  178306
0.628319  0  0  1.30434e+06  1.51517e+06
1.88496  0  0  1.07937e+06  1.31294e+06
3.14159  0  0  1.48149e+06  919067
4.39823  0  0  -380294  -171136
5.65487  0  0  731966  -772813
6.9115  0  0  -64544.8  -374376
8.16814  0  0  248905  -217875
10.6814  0  0  53624.1  -267915
15.708  0  0  261164  -304099
33.3009  0  0  -273.742  40353.1
-54.6637  0  3.14159  -15211.2  19432.5
-27.0177  0  3.14159  23750.8  -55794.1
-13.1947  0  3.14159  -23539.4  148079
-10.6814  0  3.14159  111323  -103694
-8.16814  0  3.14159  -50167.3  -169831
-6.9115  0  3.14159  125797  -55495.9
-5.65487  0  3.14159  173224  -466191
-4.39823  0  3.14159  157468  278820
-3.14159  0  3.14159  -817545  34333.8
-1.88496  0  3.14159  -1.04095e+06  -118664
-0.628319  0  3.14159  -1.1112e+06  502647
0.628319  0  3.14159  -443455  -802884
1.88496  0  3.14159  -1.01666e+06  -713403
3.14159  0  3.14159  -441683  -442195
4.39823  0  3.14159  450270  24072.8
5.65487  0  3.14159  -264536  553871
6.9115  0  3.14159  37554.2  158872
8.16814  0  3.14159  -182848  24445.7
10.6814  0  3.14159  -13761.3  167235
15.708  0  3.14159  -103560  146672
33.3009  0  3.14159  27555.1  -45611.5
-54.6637  3.14159  0  -15211.2  19432.5
-27.0177  3.14159  0  23750.8  -55794.1
-13.1947  3.14159  0  -23539.4  148079
-10.6814  3.14159  0  111323  -103694
-8.16814  3.14159  0  -50167.3  -169831
-6.9115  3.14159  0  125797  -55495.9
-5.65487  3.14159  0  173224  -466191
-4.39823  3.14159  0  157468  278820
-3.14159  3.14159  0  -817545  34333.8
-1.88496  3.14159  0  -1.04095e+06  -118664
-0.628319  3.14159  0  -1.1112e+06  502647
0.628319  3.14159  0  -443455  -802884
1.88496  3.14159  0  -1.01666e+06  -713403
3.14159  3.14159  0  -441683  -442195
4.39823  3.14159  0  450270  24072.8
5.65487  3.14159  0  -264536  553871
6.9115  3.14159  0  37554.2  158872
8.16814  3.14159  0  -182848  24445.7
10.6814  3.14159  0  -13761.3  167235
15.708  3.14159  0  -103560  146672
33.3009  3.14159  0  27555.1  -45611.5
-54.6637  3.14159  3.14159  -30330.8  26253.7
-27.0177  3.14159  3.14159  32007.5  -53981.6
-13.1947  3.14159  3.14159  -40479.8  143468
-10.6814  3.14159  3.14159  132674  -85257.9
-8.16814  3.14159  3.14159  12416.4  -209636
-6.9115  3.14159  3.14159  156793  -40479.5
-5.65487  3.14159  3.14159  255148  -404264
-4.39823  3.14159  3.14159  56596.2  311145
-3.14159  3.14159  3.14159  -895804  22297.7
-1.88496  3.14159  3.14159  -861106  -273349
-0.628319  3.14159  3.14159  -1.21556e+06  618152
0.628319  3.14159  3.14159  -153923  -762454
1.88496  3.14159  3.14159  -1.01782e+06  -721583
3.14159  3.14159  3.14159  -297903  -484755
4.39823  3.14159  3.14159  505902  82382.4
5.65487  3.14159  3.14159  -338197  571769
6.9115  3.14159  3.14159  8459.34  193310
8.16814  3.14159  3.14159  -223107  17494.2
10.6814  3.14159  3.14159  -40235.7  175741
15.708  3.14159  3.14159  -132523  143408
33.3009  3.14159  3.14159  35618.1  -42261.1
