-54.6637  0  0  4619.42  -473.194
-27.0177  0  0  -12652.2  11763.9
-13.1947  0  0  19134.7  -35943.2
-10.6814  0  0  -39961.1  17081.8
-8.16814  0  0  -6689.73  40281.9
-6.9115  0  0  -38474.7  3147.03
-5.65487  0  0  -91127.2  124398
-4.39823  0  0  -22690.3  -59741.9
-3.14159  0  0  232202  136189
-1.88496  0  0  311155  132100
-0.628319  0  0  421416  52865.7
0.628319  0  0  95004  309071
1.88496  0  0  170080  367161
3.14159  0  0  111916  166481
4.39823  0  0  -96896.4  -87976.8
5.65487  0  0  166178  -110100
6.9115  0  0  13243.4  -47084.2
8.16814  0  0  40286.2  17506.7
10.6814  0  0  27121.7  -42092.1
15.708  0  0  44960  -24176.7
33.3009  0  0  -12904.4  8528.67
-54.6637  0  3.14159  562.511  5562.89
-27.0177  0  3.14159  -1550.45  -7072.35
-13.1947  0  3.14159  8326.02  16110.7
-10.6814  0  3.14159  4894.23  -14871.2
-8.16814  0  3.14159  -16909  -13791.8
-6.9115  0  3.14159  14253.3  -8949.71
-5.65487  0  3.14159  -5652.72  -48784.8
-4.39823  0  3.14159  33399.7  26718.6
-3.14159  0  3.14159  -66725.6  59710.4
-1.88496  0  3.14159  -89095.1  26861.2
-0.628319  0  3.14159  -33114  91197.6
0.628319  0  3.14159  -46226.7  -35450
1.88496  0  3.14159  -113816  21027.7
3.14159  0  3.14159  -65461  -17724.2
4.39823  0  3.14159  39564.6  -38390.4
5.65487  0  3.14159  16027.1  60279.6
6.9115  0  3.14159  17875.8  5872.85
8.16814  0  3.14159  -15444.8  16183.4
10.6814  0  3.14159  9882.81  14022.1
15.708  0  3.14159  346.705  21601.3
33.3009  0  3.14159  -73.6781  -3886.84
-54.6637  3.14159  0  562.511  5562.89
-27.0177  3.14159  0  -1550.45  -7072.35
-13.1947  3.14159  0  8326.02  16110.7
-10.6814  3.14159  0  4894.23  -14871.2
-8.16814  3.14159  0  -16909  -13791.8
-6.9115  3.14159  0  14253.3  -8949.71
-5.65487  3.14159  0  -5652.72  -48784.8
-4.39823  3.14159  0  33399.7  26718.6
-3.14159  3.14159  0  -66725.6  59710.4
-1.88496  3.14159  0  -89095.1  26861.2
-0.628319  3.14159  0  -33114  91197.6
0.628319  3.14159  0  -46226.7  -35450
1.88496  3.14159  0  -113816  21027.7
3.14159  3.14159  0  -65461  -17724.2
4.39823  3.14159  0  39564.6  -38390.4
5.65487  3.14159  0  16027.1  60279.6
6.9115  3.14159  0  17875.8  5872.85
8.16814  3.14159  0  -15444.8  16183.4
10.6814  3.14159  0  9882.81  14022.1
15.708  3.14159  0  346.705  21601.3
33.3009  3.14159  0  -73.6781  -3886.84
-54.6637  3.14159  3.14159  -2152.91  -2296.08
-27.0177  3.14159  3.14159  8439.57  -5599.76
-13.1947  3.14159  3.14159  -12283.1  21536.7
-10.6814  3.14159  3.14159  23585.1  -6801.92
-8.16814  3.14159  3.14159  7449.48  -17185.6
-6.9115  3.14159  3.14159  19793.8  801.041
-5.65487  3.14159  3.14159  50515.6  -75964.4
-4.39823  3.14159  3.14159  15848  21831.2
-3.14159  3.14159  3.14159  -146675  -113815
-1.88496  3.14159  3.14159  -213255  -70067.7
-0.628319  3.14159  3.14159  -301462  -69036.8
0.628319  3.14159  3.14159  -95466.1  -210320
1.88496  3.14159  3.14159  -97131.9  -265271
3.14159  3.14159  3.14159  -84510.2  -101694
4.39823  3.14159  3.14159  44910.1  73276.2
5.65487  3.14159  3.14159  -120461  53543.1
6.9115  3.14159  3.14159  -15024.8  25754.9
8.16814  3.14159  3.14159  -19313.7  -17237.1
10.6814  3.14159  3.14159  -20632.5  21334.8
15.708  3.14159  3.14159  -29203.1  10015.4
33.3009  3.14159  3.14159  8080.94  -5951.11
