-54.6637  0  0  0.00190735  0.0180926
-27.0177  0  0  0.00755108  0.0354022
-13.1947  0  0  0.0277978  0.0636475
-10.6814  0  0  0.0391219  0.0725139
-8.16814  0  0  0.057669  0.0817406
-6.9115  0  0  0.0711642  0.0853505
-5.65487  0  0  0.0884036  0.086749
-4.39823  0  0  0.109655  0.0836907
-3.14159  0  0  0.133772  0.072927
-1.88496  0  0  0.156757  0.0512745
-0.628319  0  0  0.17149  0.0186979
0.628319  0  0  0.17149  -0.0186978
1.88496  0  0  0.156757  -0.0512745
3.14159  0  0  0.133772  -0.072927
4.39823  0  0  0.109655  -0.0836907
5.65487  0  0  0.0884036  -0.086749
6.9115  0  0  0.0711641  -0.0853505
8.16814  0  0  0.057669  -0.0817406
10.6814  0  0  0.0391219  -0.0725139
15.708  0  0  0.0205849  -0.0561101
33.3009  0  0  0.00504537  -0.0291561
-54.6637  0  3.14159  0.00109416  0.018228
-27.0177  0  3.14159  0.00442979  0.0364748
-13.1947  0  3.14159  0.0177493  0.0713742
-10.6814  0  3.14159  0.0262796  0.0855477
-8.16814  0  3.14159  0.0423468  0.105416
-6.9115  0  3.14159  0.0560557  0.118074
-5.65487  0  3.14159  0.0767649  0.132296
-4.39823  0  3.14159  0.108972  0.146067
-3.14159  0  3.14159  0.159005  0.152237
-1.88496  0  3.14159  0.229143  0.131634
-0.628319  0  3.14159  0.293982  0.0562939
0.628319  0  3.14159  0.293982  -0.0562939
1.88496  0  3.14159  0.229143  -0.131634
3.14159  0  3.14159  0.159005  -0.152237
4.39823  0  3.14159  0.108972  -0.146067
5.65487  0  3.14159  0.0767649  -0.132296
6.9115  0  3.14159  0.0560557  -0.118074
8.16814  0  3.14159  0.0423469  -0.105416
10.6814  0  3.14159  0.0262796  -0.0855476
15.708  0  3.14159  0.0127424  -0.0610002
33.3009  0  3.14159  0.00293043  -0.0297405
-54.6637  3.14159  0  0.00109416  0.018228
-27.0177  3.14159  0  0.00442979  0.0364748
-13.1947  3.14159  0  0.0177493  0.0713742
-10.6814  3.14159  0  0.0262796  0.0855477
-8.16814  3.14159  0  0.0423468  0.105416
-6.9115  3.14159  0  0.0560557  0.118074
-5.65487  3.14159  0  0.0767649  0.132296
-4.39823  3.14159  0  0.108972  0.146067
-3.14159  3.14159  0  0.159005  0.152237
-1.88496  3.14159  0  0.229143  0.131634
-0.628319  3.14159  0  0.293982  0.0562939
0.628319  3.14159  0  0.293982  -0.0562939
1.88496  3.14159  0  0.229143  -0.131634
3.14159  3.14159  0  0.159005  -0.152237
4.39823  3.14159  0  0.108972  -0.146067
5.65487  3.14159  0  0.0767649  -0.132296
6.9115  3.14159  0  0.0560557  -0.118074
8.16814  3.14159  0  0.0423469  -0.105416
10.6814  3.14159  0  0.0262796  -0.0855476
15.708  3.14159  0  0.0127424  -0.0610002
33.3009  3.14159  0  0.00293043  -0.0297405
-54.6637  3.14159  3.14159  0.0002676  0.0182898
-27.0177  3.14159  3.14159  0.00109468  0.0369804
-13.1947  3.14159  3.14159  0.00457697  0.0755107
-10.6814  3.14159  3.14159  0.00697077  0.0930986
-8.16814  3.14159  3.14159  0.0118735  0.121264
-6.9115  3.14159  3.14159  0.0165213  0.142775
-5.65487  3.14159  3.14159  0.0245201  0.173371
-4.39823  3.14159  3.14159  0.0400207  0.220087
-3.14159  3.14159  3.14159  0.0761022  0.298936
-1.88496  3.14159  3.14159  0.190754  0.44958
-0.628319  3.14159  3.14159  0.77316  0.607408
0.628319  3.14159  3.14159  0.77316  -0.607408
1.88496  3.14159  3.14159  0.190754  -0.44958
3.14159  3.14159  3.14159  0.0761022  -0.298936
4.39823  3.14159  3.14159  0.0400206  -0.220087
5.65487  3.14159  3.14159  0.0245201  -0.173371
6.9115  3.14159  3.14159  0.0165213  -0.142774
8.16814  3.14159  3.14159  0.0118735  -0.121264
10.6814  3.14159  3.14159  0.0069708  -0.0930986
15.708  3.14159  3.14159  0.003233  -0.0634974
33.3009  3.14159  3.14159  0.00072078  -0.0300119
