-54.6637  0  0  -1931.97  -7945.35
-27.0177  0  0  -2849.04  37500.7
-13.1947  0  0  -31988.2  -19631.9
-10.6814  0  0  -11152.9  52343.8
-8.16814  0  0  9592.5  58306.9
-6.9115  0  0  -51654  69164.1
-5.65487  0  0  84716  223007
-4.39823  0  0  -92540  45653.7
-3.14159  0  0  373875  62065.3
-1.88496  0  0  310742  -154376
-0.628319  0  0  429215  -21414.1
0.628319  0  0  353062  97667.6
1.88496  0  0  281619  248079
3.14159  0  0  351119  -27231
4.39823  0  0  -101393  -64942.6
5.65487  0  0  118279  -221334
6.9115  0  0  -47407  -67917.3
8.16814  0  0  9020.23  -49640.3
10.6814  0  0  -2461.14  -55513.5
15.708  0  0  22804.3  -84951.9
33.3009  0  0  -2011.25  -437.298
-54.6637  0  3.14159  8820.22  -11006.6
-27.0177  0  3.14159  -18785.5  24340.5
-13.1947  0  3.14159  17988  -71559.8
-10.6814  0  3.14159  -68139.5  45081.2
-8.16814  0  3.14159  8013.73  86625.5
-6.9115  0  3.14159  -79150.6  16769
-5.65487  0  3.14159  -152695  241774
-4.39823  0  3.14159  -64713.5  -164327
-3.14159  0  3.14159  373365  88360.7
-1.88496  0  3.14159  506983  171076
-0.628319  0  3.14159  534579  -105770
0.628319  0  3.14159  122484  469358
1.88496  0  3.14159  381689  436080
3.14159  0  3.14159  193192  285202
4.39823  0  3.14159  -201180  -36690.8
5.65487  0  3.14159  190629  -246299
6.9115  0  3.14159  -5278.29  -88735.9
8.16814  0  3.14159  89059.6  -5477.68
10.6814  0  3.14159  23915.7  -82105.4
15.708  0  3.14159  66573.7  -61165.5
33.3009  0  3.14159  -16118.4  19354
-54.6637  3.14159  0  8820.22  -11006.6
-27.0177  3.14159  0  -18785.5  24340.5
-13.1947  3.14159  0  17988  -71559.8
-10.6814  3.14159  0  -68139.5  45081.2
-8.16814  3.14159  0  8013.73  86625.5
-6.9115  3.14159  0  -79150.6  16769
-5.65487  3.14159  0  -152695  241774
-4.39823  3.14159  0  -64713.5  -164327
-3.14159  3.14159  0  373365  88360.7
-1.88496  3.14159  0  506983  171076
-0.628319  3.14159  0  534579  -105770
0.628319  3.14159  0  122484  469358
1.88496  3.14159  0  381689  436080
3.14159  3.14159  0  193192  285202
4.39823  3.14159  0  -201180  -36690.8
5.65487  3.14159  0  190629  -246299
6.9115  3.14159  0  -5278.29  -88735.9
8.16814  3.14159  0  89059.6  -5477.68
10.6814  3.14159  0  23915.7  -82105.4
15.708  3.14159  0  66573.7  -61165.5
33.3009  3.14159  0  -16118.4  19354
-54.6637  3.14159  3.14159  8875.03  -7073.24
-27.0177  3.14159  3.14159  -9830.53  18790.1
-13.1947  3.14159  3.14159  12966  -57323.1
-10.6814  3.14159  3.14159  -49284.2  35969.4
-8.16814  3.14159  3.14159  9948.95  59820.7
-6.9115  3.14159  3.14159  -56370.6  8262.27
-5.65487  3.14159  3.14159  -97429.8  168612
-4.39823  3.14159  3.14159  -31756.6  -133175
-3.14159  3.14159  3.14159  316428  -5814.07
-1.88496  3.14159  3.14159  370511  51043.7
-0.628319  3.14159  3.14159  429802  -181033
0.628319  3.14159  3.14159  102420  241441
1.88496  3.14159  3.14159  397138  292312
3.14159  3.14159  3.14159  131827  158545
4.39823  3.14159  3.14159  -193519  -622.967
5.65487  3.14159  3.14159  111393  -227049
6.9115  3.14159  3.14159  -10742.3  -60533.8
8.16814  3.14159  3.14159  80350.8  5175.12
10.6814  3.14159  3.14159  10149.7  -66840.9
15.708  3.14159  3.14159  42657.5  -50697.7
33.3009  3.14159  3.14159  -12566.9  16806.6
