-54.6637  0  0  -0.00053558  0.0306332
-27.0177  0  0  -0.00218549  0.0616848
-13.1947  0  0  -0.00906408  0.123834
-10.6814  0  0  -0.013695  0.150902
-8.16814  0  0  -0.0227836  0.191903
-6.9115  0  0  -0.0308251  0.220941
-5.65487  0  0  -0.043354  0.258471
-4.39823  0  0  -0.0636302  0.306798
-3.14159  0  0  -0.0973077  0.364347
-1.88496  0  0  -0.152225  0.404145
-0.628319  0  0  -0.227163  0.284097
0.628319  0  0  -0.227163  -0.284097
1.88496  0  0  -0.152225  -0.404145
3.14159  0  0  -0.0973075  -0.364347
4.39823  0  0  -0.0636301  -0.306798
5.65487  0  0  -0.0433539  -0.258471
6.9115  0  0  -0.0308251  -0.220941
8.16814  0  0  -0.0227836  -0.191903
10.6814  0  0  -0.0136949  -0.150902
15.708  0  0  -0.00642409  -0.104818
33.3009  0  0  -0.00144051  -0.0501531
-54.6637  0  3.14159  -4.64327e-09  0.0306703
-27.0177  0  3.14159  -1.21603e-09  0.0619898
-13.1947  0  3.14159  -6.28233e-09  0.126371
-10.6814  0  3.14159  -1.20676e-08  0.155561
-8.16814  0  3.14159  -3.40898e-08  0.201718
-6.9115  0  3.14159  -1.63315e-07  0.236217
-5.65487  0  3.14159  3.29402e-08  0.283799
-4.39823  0  3.14159  -3.32005e-08  0.352662
-3.14159  0  3.14159  3.94673e-07  0.459659
-1.88496  0  3.14159  1.52813e-07  0.650042
-0.628319  0  3.14159  3.12553e-06  1.08983
0.628319  0  3.14159  3.14491e-06  -1.08983
1.88496  0  3.14159  3.10377e-07  -0.650042
3.14159  0  3.14159  4.78233e-07  -0.459659
4.39823  0  3.14159  2.48885e-08  -0.352662
5.65487  0  3.14159  1.1592e-07  -0.283799
6.9115  0  3.14159  -1.19495e-07  -0.236217
8.16814  0  3.14159  1.45368e-08  -0.201718
10.6814  0  3.14159  3.80112e-08  -0.155561
15.708  0  3.14159  2.39688e-08  -0.10634
33.3009  0  3.14159  -6.57203e-09  -0.0503171
-54.6637  3.14159  0  -4.64327e-09  0.0306703
-27.0177  3.14159  0  -1.21603e-09  0.0619898
-13.1947  3.14159  0  -6.28233e-09  0.126371
-10.6814  3.14159  0  -1.20676e-08  0.155561
-8.16814  3.14159  0  -3.40898e-08  0.201718
-6.9115  3.14159  0  -1.63315e-07  0.236217
-5.65487  3.14159  0  3.29402e-08  0.283799
-4.39823  3.14159  0  -3.32005e-08  0.352662
-3.14159  3.14159  0  3.94673e-07  0.459659
-1.88496  3.14159  0  1.52813e-07  0.650042
-0.628319  3.14159  0  3.12553e-06  1.08983
0.628319  3.14159  0  3.14491e-06  -1.08983
1.88496  3.14159  0  3.10377e-07  -0.650042
3.14159  3.14159  0  4.78233e-07  -0.459659
4.39823  3.14159  0  2.48885e-08  -0.352662
5.65487  3.14159  0  1.1592e-07  -0.283799
6.9115  3.14159  0  -1.19495e-07  -0.236217
8.16814  3.14159  0  1.45368e-08  -0.201718
10.6814  3.14159  0  3.80112e-08  -0.155561
15.708  3.14159  0  2.39688e-08  -0.10634
33.3009  3.14159  0  -6.57203e-09  -0.0503171
-54.6637  3.14159  3.14159  0.000535565  0.0306332
-27.0177  3.14159  3.14159  0.00218551  0.0616848
-13.1947  3.14159  3.14159  0.00906401  0.123834
-10.6814  3.14159  3.14159  0.0136949  0.150902
-8.16814  3.14159  3.14159  0.0227836  0.191903
-6.9115  3.14159  3.14159  0.0308251  0.220941
-5.65487  3.14159  3.14159  0.043354  0.258471
-4.39823  3.14159  3.14159  0.0636299  0.306798
-3.14159  3.14159  3.14159  0.0973103  0.364347
-1.88496  3.14159  3.14159  0.15223  0.404145
-0.628319  3.14159  3.14159  0.227166  0.284097
0.628319  3.14159  3.14159  0.227166  -0.284097
1.88496  3.14159  3.14159  0.15223  -0.404145
3.14159  3.14159  3.14159  0.0973105  -0.364347
4.39823  3.14159  3.14159  0.06363  -0.306798
5.65487  3.14159  3.14159  0.0433541  -0.258471
6.9115  3.14159  3.14159  0.0308252  -0.220941
8.16814  3.14159  3.14159  0.0227837  -0.191903
10.6814  3.14159  3.14159  0.0136949  -0.150902
15.708  3.14159  3.14159  0.00642409  -0.104818
33.3009  3.14159  3.14159  0.0014405  -0.0501531
