-54.6637  0  0  6.4803e-05  -0.0301997
-27.0177  0  0  0.000204461  -0.0583688
-13.1947  0  0  0.000397828  -0.102328
-10.6814  0  0  0.000509365  -0.116132
-8.16814  0  0  0.000986575  -0.13181
-6.9115  0  0  0.00170613  -0.139708
-5.65487  0  0  0.00327195  -0.14668
-4.39823  0  0  0.00658926  -0.151161
-3.14159  0  0  0.013258  -0.150189
-1.88496  0  0  0.0252427  -0.136569
-0.628319  0  0  0.0412947  -0.0818815
0.628319  0  0  0.0412947  0.0818815
1.88496  0  0  0.0252427  0.136569
3.14159  0  0  0.013258  0.150189
4.39823  0  0  0.00658925  0.151161
5.65487  0  0  0.00327194  0.14668
6.9115  0  0  0.00170612  0.139708
8.16814  0  0  0.000986562  0.13181
10.6814  0  0  0.000509331  0.116132
15.708  0  0  0.000351273  0.0907542
33.3009  0  0  0.000150823  0.0483178
-54.6637  0  3.14159  8.99071e-08  -0.0302211
-27.0177  0  3.14159  1.59835e-07  -0.0585549
-13.1947  0  3.14159  9.70837e-08  -0.10414
-10.6814  0  3.14159  2.95279e-08  -0.119675
-8.16814  0  3.14159  -4.06264e-08  -0.139796
-6.9115  0  3.14159  -4.35077e-08  -0.152448
-5.65487  0  3.14159  -5.32091e-09  -0.167821
-4.39823  0  3.14159  9.71733e-10  -0.187359
-3.14159  0  3.14159  2.44877e-09  -0.213149
-1.88496  0  3.14159  2.59411e-09  -0.246342
-0.628319  0  3.14159  2.89462e-09  -0.281354
0.628319  0  3.14159  -4.54452e-09  0.281354
1.88496  0  3.14159  -4.30714e-09  0.246342
3.14159  0  3.14159  -4.36646e-09  0.213149
4.39823  0  3.14159  -5.52924e-09  0.187359
5.65487  0  3.14159  -9.70879e-09  0.167821
6.9115  0  3.14159  -3.12639e-08  0.152448
8.16814  0  3.14159  -2.9295e-08  0.139796
10.6814  0  3.14159  -1.46038e-09  0.119675
15.708  0  3.14159  1.83099e-08  0.0917905
33.3009  0  3.14159  -2.1047e-08  0.0484151
-54.6637  3.14159  0  8.99071e-08  -0.0302211
-27.0177  3.14159  0  1.59835e-07  -0.0585549
-13.1947  3.14159  0  9.70837e-08  -0.10414
-10.6814  3.14159  0  2.95279e-08  -0.119675
-8.16814  3.14159  0  -4.06264e-08  -0.139796
-6.9115  3.14159  0  -4.35077e-08  -0.152448
-5.65487  3.14159  0  -5.32091e-09  -0.167821
-4.39823  3.14159  0  9.71733e-10  -0.187359
-3.14159  3.14159  0  2.44877e-09  -0.213149
-1.88496  3.14159  0  2.59411e-09  -0.246342
-0.628319  3.14159  0  2.89462e-09  -0.281354
0.628319  3.14159  0  -4.54452e-09  0.281354
1.88496  3.14159  0  -4.30714e-09  0.246342
3.14159  3.14159  0  -4.36646e-09  0.213149
4.39823  3.14159  0  -5.52924e-09  0.187359
5.65487  3.14159  0  -9.70879e-09  0.167821
6.9115  3.14159  0  -3.12639e-08  0.152448
8.16814  3.14159  0  -2.9295e-08  0.139796
10.6814  3.14159  0  -1.46038e-09  0.119675
15.708  3.14159  0  1.83099e-08  0.0917905
33.3009  3.14159  0  -2.1047e-08  0.0484151
-54.6637  3.14159  3.14159  -6.46417e-05  -0.0301997
-27.0177  3.14159  3.14159  -0.00020418  -0.0583688
-13.1947  3.14159  3.14159  -0.000397662  -0.102328
-10.6814  3.14159  3.14159  -0.000509305  -0.116132
-8.16814  3.14159  3.14159  -0.000986621  -0.13181
-6.9115  3.14159  3.14159  -0.00170618  -0.139708
-5.65487  3.14159  3.14159  -0.00327195  -0.14668
-4.39823  3.14159  3.14159  -0.00658926  -0.151161
-3.14159  3.14159  3.14159  -0.013258  -0.150189
-1.88496  3.14159  3.14159  -0.0252427  -0.136569
-0.628319  3.14159  3.14159  -0.0412947  -0.0818815
0.628319  3.14159  3.14159  -0.0412947  0.0818815
1.88496  3.14159  3.14159  -0.0252427  0.136569
3.14159  3.14159  3.14159  -0.013258  0.150189
4.39823  3.14159  3.14159  -0.00658926  0.151161
5.65487  3.14159  3.14159  -0.00327195  0.14668
6.9115  3.14159  3.14159  -0.00170616  0.139708
8.16814  3.14159  3.14159  -0.000986599  0.13181
10.6814  3.14159  3.14159  -0.000509332  0.116132
15.708  3.14159  3.14159  -0.000351246  0.0907542
33.3009  3.14159  3.14159  -0.00015086  0.0483178
