-54.6637  0  0  -0.00245779  0.0725338
-27.0177  0  0  -0.00944302  0.14299
-13.1947  0  0  -0.0316122  0.266391
-10.6814  0  0  -0.0424699  0.311396
-8.16814  0  0  -0.0584709  0.369423
-6.9115  0  0  -0.0689994  0.403409
-5.65487  0  0  -0.0813665  0.438873
-4.39823  0  0  -0.0952755  0.470198
-3.14159  0  0  -0.109681  0.481411
-1.88496  0  0  -0.122383  0.430261
-0.628319  0  0  -0.130117  0.222734
0.628319  0  0  -0.130117  -0.222734
1.88496  0  0  -0.122383  -0.430261
3.14159  0  0  -0.109681  -0.481411
4.39823  0  0  -0.0952755  -0.470198
5.65487  0  0  -0.0813665  -0.438873
6.9115  0  0  -0.0689994  -0.403409
8.16814  0  0  -0.0584709  -0.369423
10.6814  0  0  -0.0424699  -0.311396
15.708  0  0  -0.024168  -0.231528
33.3009  0  0  -0.00639262  -0.117356
-54.6637  0  3.14159  5.33949e-09  0.072532
-27.0177  0  3.14159  9.47057e-10  0.142938
-13.1947  0  3.14159  -6.26348e-09  0.265323
-10.6814  0  3.14159  6.74086e-09  0.309185
-8.16814  0  3.14159  -4.32007e-09  0.364734
-6.9115  0  3.14159  -2.37298e-08  0.396795
-5.65487  0  3.14159  -7.31597e-09  0.430452
-4.39823  0  3.14159  -8.14044e-09  0.463011
-3.14159  0  3.14159  -1.17491e-08  0.48948
-1.88496  0  3.14159  -1.59507e-08  0.501476
-0.628319  0  3.14159  -1.74335e-08  0.461868
0.628319  0  3.14159  -1.78721e-08  -0.461868
1.88496  0  3.14159  -1.73959e-08  -0.501476
3.14159  0  3.14159  -1.46548e-08  -0.48948
4.39823  0  3.14159  -1.35585e-08  -0.463011
5.65487  0  3.14159  -1.79233e-08  -0.430452
6.9115  0  3.14159  -5.17055e-08  -0.396795
8.16814  0  3.14159  -1.04915e-08  -0.364734
10.6814  0  3.14159  4.18724e-08  -0.309185
15.708  0  3.14159  8.24651e-09  -0.230981
33.3009  0  3.14159  -4.26806e-09  -0.117337
-54.6637  3.14159  0  5.33949e-09  0.072532
-27.0177  3.14159  0  9.47057e-10  0.142938
-13.1947  3.14159  0  -6.26348e-09  0.265323
-10.6814  3.14159  0  6.74086e-09  0.309185
-8.16814  3.14159  0  -4.32007e-09  0.364734
-6.9115  3.14159  0  -2.37298e-08  0.396795
-5.65487  3.14159  0  -7.31597e-09  0.430452
-4.39823  3.14159  0  -8.14044e-09  0.463011
-3.14159  3.14159  0  -1.17491e-08  0.48948
-1.88496  3.14159  0  -1.59507e-08  0.501476
-0.628319  3.14159  0  -1.74335e-08  0.461868
0.628319  3.14159  0  -1.78721e-08  -0.461868
1.88496  3.14159  0  -1.73959e-08  -0.501476
3.14159  3.14159  0  -1.46548e-08  -0.48948
4.39823  3.14159  0  -1.35585e-08  -0.463011
5.65487  3.14159  0  -1.79233e-08  -0.430452
6.9115  3.14159  0  -5.17055e-08  -0.396795
8.16814  3.14159  0  -1.04915e-08  -0.364734
10.6814  3.14159  0  4.18724e-08  -0.309185
15.708  3.14159  0  8.24651e-09  -0.230981
33.3009  3.14159  0  -4.26806e-09  -0.117337
-54.6637  3.14159  3.14159  0.0024578  0.0725338
-27.0177  3.14159  3.14159  0.00944302  0.14299
-13.1947  3.14159  3.14159  0.0316121  0.266391
-10.6814  3.14159  3.14159  0.0424699  0.311396
-8.16814  3.14159  3.14159  0.0584709  0.369423
-6.9115  3.14159  3.14159  0.0689994  0.403409
-5.65487  3.14159  3.14159  0.0813665  0.438873
-4.39823  3.14159  3.14159  0.0952754  0.470198
-3.14159  3.14159  3.14159  0.109681  0.481411
-1.88496  3.14159  3.14159  0.122383  0.430261
-0.628319  3.14159  3.14159  0.130117  0.222734
0.628319  3.14159  3.14159  0.130117  -0.222734
1.88496  3.14159  3.14159  0.122383  -0.430261
3.14159  3.14159  3.14159  0.109681  -0.481411
4.39823  3.14159  3.14159  0.0952754  -0.470198
5.65487  3.14159  3.14159  0.0813665  -0.438873
6.9115  3.14159  3.14159  0.0689994  -0.403409
8.16814  3.14159  3.14159  0.0584709  -0.369423
10.6814  3.14159  3.14159  0.0424699  -0.311396
15.708  3.14159  3.14159  0.024168  -0.231528
33.3009  3.14159  3.14159  0.00639262  -0.117356
