-54.6637  0  0  -0.00245783  0.0725337
-27.0177  0  0  -0.00944317  0.142989
-13.1947  0  0  -0.0316127  0.266385
-10.6814  0  0  -0.0424707  0.311385
-8.16814  0  0  -0.058472  0.369402
-6.9115  0  0  -0.0690009  0.403378
-5.65487  0  0  -0.0813684  0.438824
-4.39823  0  0  -0.0952779  0.470119
-3.14159  0  0  -0.109684  0.481285
-1.88496  0  0  -0.122387  0.430077
-0.628319  0  0  -0.130122  0.222571
0.628319  0  0  -0.130122  -0.222571
1.88496  0  0  -0.122387  -0.430077
3.14159  0  0  -0.109684  -0.481285
4.39823  0  0  -0.0952779  -0.470119
5.65487  0  0  -0.0813684  -0.438824
6.9115  0  0  -0.0690009  -0.403378
8.16814  0  0  -0.0584721  -0.369402
10.6814  0  0  -0.0424707  -0.311385
15.708  0  0  -0.0241684  -0.231524
33.3009  0  0  -0.00639273  -0.117356
-54.6637  0  3.14159  5.5476e-09  0.0725319
-27.0177  0  3.14159  9.8771e-10  0.142937
-13.1947  0  3.14159  -6.179e-09  0.265318
-10.6814  0  3.14159  6.96784e-09  0.309176
-8.16814  0  3.14159  -3.96268e-09  0.364717
-6.9115  0  3.14159  -2.3262e-08  0.396771
-5.65487  0  3.14159  -6.60792e-09  0.430418
-4.39823  0  3.14159  -7.06398e-09  0.462959
-3.14159  0  3.14159  -1.01431e-08  0.489388
-1.88496  0  3.14159  -1.38384e-08  0.50126
-0.628319  0  3.14159  -1.54519e-08  0.461002
0.628319  0  3.14159  -1.5892e-08  -0.461002
1.88496  0  3.14159  -1.52883e-08  -0.50126
3.14159  0  3.14159  -1.30572e-08  -0.489388
4.39823  0  3.14159  -1.24955e-08  -0.462959
5.65487  0  3.14159  -1.72412e-08  -0.430418
6.9115  0  3.14159  -5.1299e-08  -0.396771
8.16814  0  3.14159  -1.01306e-08  -0.364717
10.6814  0  3.14159  4.22682e-08  -0.309176
15.708  0  3.14159  8.15705e-09  -0.230977
33.3009  0  3.14159  -4.99397e-09  -0.117336
-54.6637  3.14159  0  5.5476e-09  0.0725319
-27.0177  3.14159  0  9.8771e-10  0.142937
-13.1947  3.14159  0  -6.179e-09  0.265318
-10.6814  3.14159  0  6.96784e-09  0.309176
-8.16814  3.14159  0  -3.96268e-09  0.364717
-6.9115  3.14159  0  -2.3262e-08  0.396771
-5.65487  3.14159  0  -6.60792e-09  0.430418
-4.39823  3.14159  0  -7.06398e-09  0.462959
-3.14159  3.14159  0  -1.01431e-08  0.489388
-1.88496  3.14159  0  -1.38384e-08  0.50126
-0.628319  3.14159  0  -1.54519e-08  0.461002
0.628319  3.14159  0  -1.5892e-08  -0.461002
1.88496  3.14159  0  -1.52883e-08  -0.50126
3.14159  3.14159  0  -1.30572e-08  -0.489388
4.39823  3.14159  0  -1.24955e-08  -0.462959
5.65487  3.14159  0  -1.72412e-08  -0.430418
6.9115  3.14159  0  -5.1299e-08  -0.396771
8.16814  3.14159  0  -1.01306e-08  -0.364717
10.6814  3.14159  0  4.22682e-08  -0.309176
15.708  3.14159  0  8.15705e-09  -0.230977
33.3009  3.14159  0  -4.99397e-09  -0.117336
-54.6637  3.14159  3.14159  0.00245784  0.0725337
-27.0177  3.14159  3.14159  0.00944317  0.142989
-13.1947  3.14159  3.14159  0.0316127  0.266385
-10.6814  3.14159  3.14159  0.0424707  0.311385
-8.16814  3.14159  3.14159  0.058472  0.369402
-6.9115  3.14159  3.14159  0.0690009  0.403378
-5.65487  3.14159  3.14159  0.0813683  0.438824
-4.39823  3.14159  3.14159  0.0952779  0.470119
-3.14159  3.14159  3.14159  0.109684  0.481285
-1.88496  3.14159  3.14159  0.122387  0.430077
-0.628319  3.14159  3.14159  0.130122  0.222571
0.628319  3.14159  3.14159  0.130122  -0.222571
1.88496  3.14159  3.14159  0.122387  -0.430077
3.14159  3.14159  3.14159  0.109684  -0.481285
4.39823  3.14159  3.14159  0.0952779  -0.470119
5.65487  3.14159  3.14159  0.0813683  -0.438824
6.9115  3.14159  3.14159  0.0690009  -0.403378
8.16814  3.14159  3.14159  0.058472  -0.369402
10.6814  3.14159  3.14159  0.0424706  -0.311385
15.708  3.14159  3.14159  0.0241684  -0.231524
33.3009  3.14159  3.14159  0.00639272  -0.117356
