-54.6637  0  0  0.000462603  -0.0341422
-27.0177  0  0  0.00200395  -0.069127
-13.1947  0  0  0.0092944  -0.140424
-10.6814  0  0  0.0143658  -0.17161
-8.16814  0  0  0.0240147  -0.218367
-6.9115  0  0  0.032073  -0.250821
-5.65487  0  0  0.043759  -0.291553
-4.39823  0  0  0.0608069  -0.341126
-3.14159  0  0  0.0853774  -0.393066
-1.88496  0  0  0.118742  -0.410568
-0.628319  0  0  0.154864  -0.258893
0.628319  0  0  0.154864  0.258893
1.88496  0  0  0.118742  0.410568
3.14159  0  0  0.0853774  0.393066
4.39823  0  0  0.0608069  0.341126
5.65487  0  0  0.043759  0.291553
6.9115  0  0  0.032073  0.250821
8.16814  0  0  0.0240147  0.218367
10.6814  0  0  0.0143658  0.17161
15.708  0  0  0.00641505  0.118496
33.3009  0  0  0.00128905  0.0560766
-54.6637  0  3.14159  2.48716e-10  -0.0341621
-27.0177  0  3.14159  -1.02875e-09  -0.0692977
-13.1947  0  3.14159  1.08413e-09  -0.141845
-10.6814  0  3.14159  4.90624e-09  -0.17409
-8.16814  0  3.14159  -9.24377e-09  -0.223048
-6.9115  0  3.14159  -2.13696e-08  -0.257551
-5.65487  0  3.14159  2.90771e-09  -0.301906
-4.39823  0  3.14159  1.13843e-09  -0.35967
-3.14159  0  3.14159  1.09652e-09  -0.436855
-1.88496  0  3.14159  2.97508e-09  -0.549767
-0.628319  0  3.14159  3.92804e-09  -0.744913
0.628319  0  3.14159  4.8982e-09  0.744913
1.88496  0  3.14159  3.84323e-09  0.549767
3.14159  0  3.14159  1.47655e-09  0.436855
4.39823  0  3.14159  2.36272e-10  0.35967
5.65487  0  3.14159  -3.40156e-10  0.301906
6.9115  0  3.14159  -6.60987e-09  0.257551
8.16814  0  3.14159  -6.71564e-10  0.223048
10.6814  0  3.14159  1.19183e-09  0.17409
15.708  0  3.14159  -2.50106e-09  0.119364
33.3009  0  3.14159  -6.30857e-10  0.0561667
-54.6637  3.14159  0  2.48716e-10  -0.0341621
-27.0177  3.14159  0  -1.02875e-09  -0.0692977
-13.1947  3.14159  0  1.08413e-09  -0.141845
-10.6814  3.14159  0  4.90624e-09  -0.17409
-8.16814  3.14159  0  -9.24377e-09  -0.223048
-6.9115  3.14159  0  -2.13696e-08  -0.257551
-5.65487  3.14159  0  2.90771e-09  -0.301906
-4.39823  3.14159  0  1.13843e-09  -0.35967
-3.14159  3.14159  0  1.09652e-09  -0.436855
-1.88496  3.14159  0  2.97508e-09  -0.549767
-0.628319  3.14159  0  3.92804e-09  -0.744913
0.628319  3.14159  0  4.8982e-09  0.744913
1.88496  3.14159  0  3.84323e-09  0.549767
3.14159  3.14159  0  1.47655e-09  0.436855
4.39823  3.14159  0  2.36272e-10  0.35967
5.65487  3.14159  0  -3.40156e-10  0.301906
6.9115  3.14159  0  -6.60987e-09  0.257551
8.16814  3.14159  0  -6.71564e-10  0.223048
10.6814  3.14159  0  1.19183e-09  0.17409
15.708  3.14159  0  -2.50106e-09  0.119364
33.3009  3.14159  0  -6.30857e-10  0.0561667
-54.6637  3.14159  3.14159  -0.000462575  -0.0341422
-27.0177  3.14159  3.14159  -0.00200392  -0.069127
-13.1947  3.14159  3.14159  -0.00929445  -0.140424
-10.6814  3.14159  3.14159  -0.0143658  -0.17161
-8.16814  3.14159  3.14159  -0.0240146  -0.218367
-6.9115  3.14159  3.14159  -0.0320729  -0.250821
-5.65487  3.14159  3.14159  -0.0437591  -0.291553
-4.39823  3.14159  3.14159  -0.0608069  -0.341126
-3.14159  3.14159  3.14159  -0.0853774  -0.393066
-1.88496  3.14159  3.14159  -0.118742  -0.410568
-0.628319  3.14159  3.14159  -0.154864  -0.258893
0.628319  3.14159  3.14159  -0.154864  0.258893
1.88496  3.14159  3.14159  -0.118742  0.410568
3.14159  3.14159  3.14159  -0.0853774  0.393066
4.39823  3.14159  3.14159  -0.0608069  0.341126
5.65487  3.14159  3.14159  -0.0437591  0.291553
6.9115  3.14159  3.14159  -0.032073  0.250821
8.16814  3.14159  3.14159  -0.0240147  0.218367
10.6814  3.14159  3.14159  -0.0143658  0.17161
15.708  3.14159  3.14159  -0.00641505  0.118496
33.3009  3.14159  3.14159  -0.00128906  0.0560766
