-54.6637  0  0  -0.000462428  0.0340558
-27.0177  0  0  -0.00200344  0.0689538
-13.1947  0  0  -0.00929361  0.140081
-10.6814  0  0  -0.0143653  0.171192
-8.16814  0  0  -0.024015  0.217836
-6.9115  0  0  -0.0320742  0.250207
-5.65487  0  0  -0.0437611  0.290821
-4.39823  0  0  -0.0608083  0.340223
-3.14159  0  0  -0.0853706  0.391902
-1.88496  0  0  -0.118701  0.409073
-0.628319  0  0  -0.154726  0.257607
0.628319  0  0  -0.154726  -0.257607
1.88496  0  0  -0.118701  -0.409073
3.14159  0  0  -0.0853705  -0.391902
4.39823  0  0  -0.0608083  -0.340223
5.65487  0  0  -0.0437611  -0.290821
6.9115  0  0  -0.0320742  -0.250207
8.16814  0  0  -0.0240151  -0.217836
10.6814  0  0  -0.0143652  -0.171192
15.708  0  0  -0.00641417  -0.118204
33.3009  0  0  -0.00128873  -0.0559356
-54.6637  0  3.14159  -1.29312e-09  0.0340756
-27.0177  0  3.14159  -1.75102e-09  0.0691233
-13.1947  0  3.14159  -2.59481e-09  0.141492
-10.6814  0  3.14159  -5.32414e-09  0.173655
-8.16814  0  3.14159  -4.91626e-09  0.222483
-6.9115  0  3.14159  -1.63712e-09  0.256885
-5.65487  0  3.14159  -7.30836e-09  0.301096
-4.39823  0  3.14159  -8.04771e-09  0.358636
-3.14159  0  3.14159  -9.87952e-09  0.435418
-1.88496  0  3.14159  -1.25396e-08  0.547328
-0.628319  0  3.14159  -1.26209e-08  0.737009
0.628319  0  3.14159  -1.57081e-09  -0.737009
1.88496  0  3.14159  -4.49563e-10  -0.547328
3.14159  0  3.14159  1.59718e-09  -0.435418
4.39823  0  3.14159  1.45426e-09  -0.358636
5.65487  0  3.14159  -1.66683e-09  -0.301096
6.9115  0  3.14159  2.28834e-08  -0.256885
8.16814  0  3.14159  1.54656e-08  -0.222483
10.6814  0  3.14159  -3.12693e-10  -0.173655
15.708  0  3.14159  1.69337e-09  -0.119066
33.3009  0  3.14159  2.09877e-09  -0.0560249
-54.6637  3.14159  0  -1.29312e-09  0.0340756
-27.0177  3.14159  0  -1.75102e-09  0.0691233
-13.1947  3.14159  0  -2.59481e-09  0.141492
-10.6814  3.14159  0  -5.32414e-09  0.173655
-8.16814  3.14159  0  -4.91626e-09  0.222483
-6.9115  3.14159  0  -1.63712e-09  0.256885
-5.65487  3.14159  0  -7.30836e-09  0.301096
-4.39823  3.14159  0  -8.04771e-09  0.358636
-3.14159  3.14159  0  -9.87952e-09  0.435418
-1.88496  3.14159  0  -1.25396e-08  0.547328
-0.628319  3.14159  0  -1.26209e-08  0.737009
0.628319  3.14159  0  -1.57081e-09  -0.737009
1.88496  3.14159  0  -4.49563e-10  -0.547328
3.14159  3.14159  0  1.59718e-09  -0.435418
4.39823  3.14159  0  1.45426e-09  -0.358636
5.65487  3.14159  0  -1.66683e-09  -0.301096
6.9115  3.14159  0  2.28834e-08  -0.256885
8.16814  3.14159  0  1.54656e-08  -0.222483
10.6814  3.14159  0  -3.12693e-10  -0.173655
15.708  3.14159  0  1.69337e-09  -0.119066
33.3009  3.14159  0  2.09877e-09  -0.0560249
-54.6637  3.14159  3.14159  0.000462441  0.0340558
-27.0177  3.14159  3.14159  0.00200343  0.0689538
-13.1947  3.14159  3.14159  0.0092936  0.140081
-10.6814  3.14159  3.14159  0.0143653  0.171192
-8.16814  3.14159  3.14159  0.024015  0.217836
-6.9115  3.14159  3.14159  0.0320742  0.250207
-5.65487  3.14159  3.14159  0.0437611  0.290821
-4.39823  3.14159  3.14159  0.0608083  0.340223
-3.14159  3.14159  3.14159  0.0853705  0.391902
-1.88496  3.14159  3.14159  0.118701  0.409073
-0.628319  3.14159  3.14159  0.154726  0.257607
0.628319  3.14159  3.14159  0.154726  -0.257607
1.88496  3.14159  3.14159  0.118701  -0.409073
3.14159  3.14159  3.14159  0.0853705  -0.391902
4.39823  3.14159  3.14159  0.0608083  -0.340223
5.65487  3.14159  3.14159  0.0437611  -0.290821
6.9115  3.14159  3.14159  0.0320741  -0.250207
8.16814  3.14159  3.14159  0.024015  -0.217836
10.6814  3.14159  3.14159  0.0143653  -0.171192
15.708  3.14159  3.14159  0.00641421  -0.118204
33.3009  3.14159  3.14159  0.00128869  -0.0559356
