-54.6637  0  0  -0.000535601  0.0306352
-27.0177  0  0  -0.00218558  0.0616888
-13.1947  0  0  -0.00906442  0.123842
-10.6814  0  0  -0.0136955  0.150912
-8.16814  0  0  -0.0227844  0.191915
-6.9115  0  0  -0.0308262  0.220954
-5.65487  0  0  -0.0433555  0.258487
-4.39823  0  0  -0.0636324  0.306817
-3.14159  0  0  -0.0973112  0.36437
-1.88496  0  0  -0.152231  0.404171
-0.628319  0  0  -0.227173  0.284118
0.628319  0  0  -0.227173  -0.284118
1.88496  0  0  -0.152231  -0.404171
3.14159  0  0  -0.097311  -0.36437
4.39823  0  0  -0.0636323  -0.306817
5.65487  0  0  -0.0433554  -0.258487
6.9115  0  0  -0.0308261  -0.220955
8.16814  0  0  -0.0227844  -0.191915
10.6814  0  0  -0.0136955  -0.150912
15.708  0  0  -0.00642434  -0.104824
33.3009  0  0  -0.00144056  -0.0501563
-54.6637  0  3.14159  -4.64646e-09  0.0306723
-27.0177  0  3.14159  -1.20719e-09  0.0619938
-13.1947  0  3.14159  -6.26145e-09  0.126379
-10.6814  0  3.14159  -1.20544e-08  0.155571
-8.16814  0  3.14159  -3.41079e-08  0.201731
-6.9115  0  3.14159  -1.63482e-07  0.236233
-5.65487  0  3.14159  3.30333e-08  0.283818
-4.39823  0  3.14159  -3.31704e-08  0.352685
-3.14159  0  3.14159  3.95251e-07  0.459691
-1.88496  0  3.14159  1.5303e-07  0.650094
-0.628319  0  3.14159  3.12929e-06  1.08998
0.628319  0  3.14159  3.14844e-06  -1.08998
1.88496  0  3.14159  3.10606e-07  -0.650094
3.14159  0  3.14159  4.78755e-07  -0.459691
4.39823  0  3.14159  2.48769e-08  -0.352685
5.65487  0  3.14159  1.16026e-07  -0.283818
6.9115  0  3.14159  -1.19663e-07  -0.236233
8.16814  0  3.14159  1.45324e-08  -0.201731
10.6814  0  3.14159  3.80271e-08  -0.155571
15.708  0  3.14159  2.39777e-08  -0.106347
33.3009  0  3.14159  -6.58409e-09  -0.0503204
-54.6637  3.14159  0  -4.64646e-09  0.0306723
-27.0177  3.14159  0  -1.20719e-09  0.0619938
-13.1947  3.14159  0  -6.26145e-09  0.126379
-10.6814  3.14159  0  -1.20544e-08  0.155571
-8.16814  3.14159  0  -3.41079e-08  0.201731
-6.9115  3.14159  0  -1.63482e-07  0.236233
-5.65487  3.14159  0  3.30333e-08  0.283818
-4.39823  3.14159  0  -3.31704e-08  0.352685
-3.14159  3.14159  0  3.95251e-07  0.459691
-1.88496  3.14159  0  1.5303e-07  0.650094
-0.628319  3.14159  0  3.12929e-06  1.08998
0.628319  3.14159  0  3.14844e-06  -1.08998
1.88496  3.14159  0  3.10606e-07  -0.650094
3.14159  3.14159  0  4.78755e-07  -0.459691
4.39823  3.14159  0  2.48769e-08  -0.352685
5.65487  3.14159  0  1.16026e-07  -0.283818
6.9115  3.14159  0  -1.19663e-07  -0.236233
8.16814  3.14159  0  1.45324e-08  -0.201731
10.6814  3.14159  0  3.80271e-08  -0.155571
15.708  3.14159  0  2.39777e-08  -0.106347
33.3009  3.14159  0  -6.58409e-09  -0.0503204
-54.6637  3.14159  3.14159  0.000535586  0.0306352
-27.0177  3.14159  3.14159  0.0021856  0.0616888
-13.1947  3.14159  3.14159  0.00906435  0.123842
-10.6814  3.14159  3.14159  0.0136954  0.150912
-8.16814  3.14159  3.14159  0.0227845  0.191915
-6.9115  3.14159  3.14159  0.0308262  0.220954
-5.65487  3.14159  3.14159  0.0433555  0.258487
-4.39823  3.14159  3.14159  0.0636321  0.306817
-3.14159  3.14159  3.14159  0.0973138  0.36437
-1.88496  3.14159  3.14159  0.152236  0.404171
-0.628319  3.14159  3.14159  0.227176  0.284118
0.628319  3.14159  3.14159  0.227177  -0.284118
1.88496  3.14159  3.14159  0.152236  -0.404171
3.14159  3.14159  3.14159  0.097314  -0.36437
4.39823  3.14159  3.14159  0.0636322  -0.306817
5.65487  3.14159  3.14159  0.0433556  -0.258487
6.9115  3.14159  3.14159  0.0308263  -0.220954
8.16814  3.14159  3.14159  0.0227845  -0.191915
10.6814  3.14159  3.14159  0.0136954  -0.150912
15.708  3.14159  3.14159  0.00642433  -0.104824
33.3009  3.14159  3.14159  0.00144056  -0.0501563
