-54.6637  0  0  -0.000462427  0.0340556
-27.0177  0  0  -0.00200344  0.0689534
-13.1947  0  0  -0.00929361  0.14008
-10.6814  0  0  -0.0143653  0.171191
-8.16814  0  0  -0.024015  0.217835
-6.9115  0  0  -0.0320742  0.250205
-5.65487  0  0  -0.0437611  0.290819
-4.39823  0  0  -0.0608083  0.340221
-3.14159  0  0  -0.0853705  0.391898
-1.88496  0  0  -0.1187  0.409069
-0.628319  0  0  -0.154726  0.257604
0.628319  0  0  -0.154726  -0.257604
1.88496  0  0  -0.1187  -0.409069
3.14159  0  0  -0.0853705  -0.391898
4.39823  0  0  -0.0608083  -0.340221
5.65487  0  0  -0.0437611  -0.290819
6.9115  0  0  -0.0320742  -0.250205
8.16814  0  0  -0.0240151  -0.217835
10.6814  0  0  -0.0143652  -0.171191
15.708  0  0  -0.00641417  -0.118203
33.3009  0  0  -0.00128873  -0.0559352
-54.6637  0  3.14159  -1.29276e-09  0.0340753
-27.0177  0  3.14159  -1.75044e-09  0.0691229
-13.1947  0  3.14159  -2.59384e-09  0.141491
-10.6814  0  3.14159  -5.32283e-09  0.173654
-8.16814  0  3.14159  -4.91451e-09  0.222481
-6.9115  0  3.14159  -1.63518e-09  0.256883
-5.65487  0  3.14159  -7.30582e-09  0.301094
-4.39823  0  3.14159  -8.04419e-09  0.358633
-3.14159  0  3.14159  -9.87397e-09  0.435415
-1.88496  0  3.14159  -1.25313e-08  0.547322
-0.628319  0  3.14159  -1.26125e-08  0.736989
0.628319  0  3.14159  -1.5662e-09  -0.736989
1.88496  0  3.14159  -4.45327e-10  -0.547322
3.14159  0  3.14159  1.59881e-09  -0.435415
4.39823  0  3.14159  1.45407e-09  -0.358633
5.65487  0  3.14159  -1.66775e-09  -0.301094
6.9115  0  3.14159  2.28814e-08  -0.256883
8.16814  0  3.14159  1.5464e-08  -0.222481
10.6814  0  3.14159  -3.13443e-10  -0.173654
15.708  0  3.14159  1.69269e-09  -0.119066
33.3009  0  3.14159  2.09807e-09  -0.0560246
-54.6637  3.14159  0  -1.29276e-09  0.0340753
-27.0177  3.14159  0  -1.75044e-09  0.0691229
-13.1947  3.14159  0  -2.59384e-09  0.141491
-10.6814  3.14159  0  -5.32283e-09  0.173654
-8.16814  3.14159  0  -4.91451e-09  0.222481
-6.9115  3.14159  0  -1.63518e-09  0.256883
-5.65487  3.14159  0  -7.30582e-09  0.301094
-4.39823  3.14159  0  -8.04419e-09  0.358633
-3.14159  3.14159  0  -9.87397e-09  0.435415
-1.88496  3.14159  0  -1.25313e-08  0.547322
-0.628319  3.14159  0  -1.26125e-08  0.736989
0.628319  3.14159  0  -1.5662e-09  -0.736989
1.88496  3.14159  0  -4.45327e-10  -0.547322
3.14159  3.14159  0  1.59881e-09  -0.435415
4.39823  3.14159  0  1.45407e-09  -0.358633
5.65487  3.14159  0  -1.66775e-09  -0.301094
6.9115  3.14159  0  2.28814e-08  -0.256883
8.16814  3.14159  0  1.5464e-08  -0.222481
10.6814  3.14159  0  -3.13443e-10  -0.173654
15.708  3.14159  0  1.69269e-09  -0.119066
33.3009  3.14159  0  2.09807e-09  -0.0560246
-54.6637  3.14159  3.14159  0.00046244  0.0340556
-27.0177  3.14159  3.14159  0.00200343  0.0689534
-13.1947  3.14159  3.14159  0.00929359  0.14008
-10.6814  3.14159  3.14159  0.0143653  0.171191
-8.16814  3.14159  3.14159  0.024015  0.217835
-6.9115  3.14159  3.14159  0.0320742  0.250205
-5.65487  3.14159  3.14159  0.0437611  0.290819
-4.39823  3.14159  3.14159  0.0608083  0.340221
-3.14159  3.14159  3.14159  0.0853705  0.391898
-1.88496  3.14159  3.14159  0.1187  0.409069
-0.628319  3.14159  3.14159  0.154726  0.257604
0.628319  3.14159  3.14159  0.154726  -0.257604
1.88496  3.14159  3.14159  0.1187  -0.409069
3.14159  3.14159  3.14159  0.0853705  -0.391898
4.39823  3.14159  3.14159  0.0608083  -0.340221
5.65487  3.14159  3.14159  0.0437611  -0.290819
6.9115  3.14159  3.14159  0.0320742  -0.250205
8.16814  3.14159  3.14159  0.024015  -0.217835
10.6814  3.14159  3.14159  0.0143653  -0.171191
15.708  3.14159  3.14159  0.00641421  -0.118203
33.3009  3.14159  3.14159  0.00128869  -0.0559352
