-54.6637  0  0  -0.000468434  0.0379348
-27.0177  0  0  -0.00202423  0.0767339
-13.1947  0  0  -0.009335  0.155523
-10.6814  0  0  -0.0144009  0.189936
-8.16814  0  0  -0.0240238  0.241629
-6.9115  0  0  -0.0320576  0.27769
-5.65487  0  0  -0.0437213  0.323353
-4.39823  0  0  -0.0608051  0.380046
-3.14159  0  0  -0.085703  0.442633
-1.88496  0  0  -0.120438  0.473456
-0.628319  0  0  -0.160467  0.312619
0.628319  0  0  -0.160467  -0.312619
1.88496  0  0  -0.120438  -0.473456
3.14159  0  0  -0.085703  -0.442633
4.39823  0  0  -0.0608052  -0.380046
5.65487  0  0  -0.0437213  -0.323353
6.9115  0  0  -0.0320578  -0.27769
8.16814  0  0  -0.024024  -0.241629
10.6814  0  0  -0.0144009  -0.189936
15.708  0  0  -0.00645343  -0.13132
33.3009  0  0  -0.00130364  -0.0622722
-54.6637  0  3.14159  9.75007e-09  0.0379616
-27.0177  0  3.14159  3.50602e-09  0.0769602
-13.1947  0  3.14159  -1.37001e-08  0.157391
-10.6814  0  3.14159  -5.7082e-08  0.193217
-8.16814  0  3.14159  -2.2163e-07  0.247918
-6.9115  0  3.14159  -4.27002e-07  0.286824
-5.65487  0  3.14159  -8.62667e-07  0.337476
-4.39823  0  3.14159  -1.93323e-06  0.404959
-3.14159  0  3.14159  -4.39526e-06  0.499164
-1.88496  0  3.14159  -8.06262e-06  0.651725
-0.628319  0  3.14159  -8.5142e-06  1.10895
0.628319  0  3.14159  -8.56014e-06  -1.10895
1.88496  0  3.14159  -8.10299e-06  -0.651725
3.14159  0  3.14159  -4.43424e-06  -0.499164
4.39823  0  3.14159  -1.9718e-06  -0.404959
5.65487  0  3.14159  -9.03752e-07  -0.337476
6.9115  0  3.14159  -4.13835e-07  -0.286824
8.16814  0  3.14159  -2.33914e-07  -0.247918
10.6814  0  3.14159  -1.3895e-07  -0.193217
15.708  0  3.14159  -1.08858e-07  -0.132461
33.3009  0  3.14159  -5.98509e-08  -0.0623923
-54.6637  3.14159  0  9.75007e-09  0.0379616
-27.0177  3.14159  0  3.50602e-09  0.0769602
-13.1947  3.14159  0  -1.37001e-08  0.157391
-10.6814  3.14159  0  -5.7082e-08  0.193217
-8.16814  3.14159  0  -2.2163e-07  0.247918
-6.9115  3.14159  0  -4.27002e-07  0.286824
-5.65487  3.14159  0  -8.62667e-07  0.337476
-4.39823  3.14159  0  -1.93323e-06  0.404959
-3.14159  3.14159  0  -4.39526e-06  0.499164
-1.88496  3.14159  0  -8.06262e-06  0.651725
-0.628319  3.14159  0  -8.5142e-06  1.10895
0.628319  3.14159  0  -8.56014e-06  -1.10895
1.88496  3.14159  0  -8.10299e-06  -0.651725
3.14159  3.14159  0  -4.43424e-06  -0.499164
4.39823  3.14159  0  -1.9718e-06  -0.404959
5.65487  3.14159  0  -9.03752e-07  -0.337476
6.9115  3.14159  0  -4.13835e-07  -0.286824
8.16814  3.14159  0  -2.33914e-07  -0.247918
10.6814  3.14159  0  -1.3895e-07  -0.193217
15.708  3.14159  0  -1.08858e-07  -0.132461
33.3009  3.14159  0  -5.98509e-08  -0.0623923
-54.6637  3.14159  3.14159  0.000468475  0.0379348
-27.0177  3.14159  3.14159  0.00202423  0.0767339
-13.1947  3.14159  3.14159  0.00933492  0.155523
-10.6814  3.14159  3.14159  0.0144007  0.189936
-8.16814  3.14159  3.14159  0.0240233  0.241629
-6.9115  3.14159  3.14159  0.0320567  0.27769
-5.65487  3.14159  3.14159  0.0437198  0.323353
-4.39823  3.14159  3.14159  0.0608024  0.380047
-3.14159  3.14159  3.14159  0.0856933  0.442633
-1.88496  3.14159  3.14159  0.12039  0.473458
-0.628319  3.14159  3.14159  0.160435  0.312639
0.628319  3.14159  3.14159  0.160435  -0.312639
1.88496  3.14159  3.14159  0.12039  -0.473458
3.14159  3.14159  3.14159  0.0856933  -0.442633
4.39823  3.14159  3.14159  0.0608024  -0.380047
5.65487  3.14159  3.14159  0.0437198  -0.323353
6.9115  3.14159  3.14159  0.0320567  -0.27769
8.16814  3.14159  3.14159  0.0240233  -0.241629
10.6814  3.14159  3.14159  0.0144007  -0.189936
15.708  3.14159  3.14159  0.00645333  -0.13132
33.3009  3.14159  3.14159  0.00130349  -0.0622722
