-54.6637  0  0  -0.000462429  0.0340563
-27.0177  0  0  -0.00200344  0.0689547
-13.1947  0  0  -0.00929361  0.140082
-10.6814  0  0  -0.0143653  0.171195
-8.16814  0  0  -0.024015  0.217839
-6.9115  0  0  -0.0320742  0.25021
-5.65487  0  0  -0.0437611  0.290825
-4.39823  0  0  -0.0608083  0.340228
-3.14159  0  0  -0.0853706  0.391907
-1.88496  0  0  -0.118701  0.409081
-0.628319  0  0  -0.154727  0.257614
0.628319  0  0  -0.154727  -0.257614
1.88496  0  0  -0.118701  -0.409081
3.14159  0  0  -0.0853706  -0.391907
4.39823  0  0  -0.0608083  -0.340228
5.65487  0  0  -0.0437611  -0.290825
6.9115  0  0  -0.0320742  -0.25021
8.16814  0  0  -0.0240151  -0.217839
10.6814  0  0  -0.0143653  -0.171195
15.708  0  0  -0.00641418  -0.118205
33.3009  0  0  -0.00128873  -0.0559363
-54.6637  0  3.14159  -1.29383e-09  0.034076
-27.0177  0  3.14159  -1.75213e-09  0.0691242
-13.1947  0  3.14159  -2.59668e-09  0.141493
-10.6814  0  3.14159  -5.32666e-09  0.173658
-8.16814  0  3.14159  -4.91961e-09  0.222486
-6.9115  0  3.14159  -1.64084e-09  0.256888
-5.65487  0  3.14159  -7.31325e-09  0.3011
-4.39823  0  3.14159  -8.05452e-09  0.358641
-3.14159  0  3.14159  -9.89028e-09  0.435426
-1.88496  0  3.14159  -1.25556e-08  0.54734
-0.628319  0  3.14159  -1.26371e-08  0.737049
0.628319  0  3.14159  -1.57959e-09  -0.737049
1.88496  0  3.14159  -4.57849e-10  -0.54734
3.14159  0  3.14159  1.59394e-09  -0.435426
4.39823  0  3.14159  1.45459e-09  -0.358641
5.65487  0  3.14159  -1.6651e-09  -0.3011
6.9115  0  3.14159  2.28872e-08  -0.256888
8.16814  0  3.14159  1.54688e-08  -0.222486
10.6814  0  3.14159  -3.11264e-10  -0.173658
15.708  0  3.14159  1.69465e-09  -0.119068
33.3009  0  3.14159  2.10011e-09  -0.0560257
-54.6637  3.14159  0  -1.29383e-09  0.034076
-27.0177  3.14159  0  -1.75213e-09  0.0691242
-13.1947  3.14159  0  -2.59668e-09  0.141493
-10.6814  3.14159  0  -5.32666e-09  0.173658
-8.16814  3.14159  0  -4.91961e-09  0.222486
-6.9115  3.14159  0  -1.64084e-09  0.256888
-5.65487  3.14159  0  -7.31325e-09  0.3011
-4.39823  3.14159  0  -8.05452e-09  0.358641
-3.14159  3.14159  0  -9.89028e-09  0.435426
-1.88496  3.14159  0  -1.25556e-08  0.54734
-0.628319  3.14159  0  -1.26371e-08  0.737049
0.628319  3.14159  0  -1.57959e-09  -0.737049
1.88496  3.14159  0  -4.57849e-10  -0.54734
3.14159  3.14159  0  1.59394e-09  -0.435426
4.39823  3.14159  0  1.45459e-09  -0.358641
5.65487  3.14159  0  -1.6651e-09  -0.3011
6.9115  3.14159  0  2.28872e-08  -0.256888
8.16814  3.14159  0  1.54688e-08  -0.222486
10.6814  3.14159  0  -3.11264e-10  -0.173658
15.708  3.14159  0  1.69465e-09  -0.119068
33.3009  3.14159  0  2.10011e-09  -0.0560257
-54.6637  3.14159  3.14159  0.000462441  0.0340563
-27.0177  3.14159  3.14159  0.00200344  0.0689547
-13.1947  3.14159  3.14159  0.0092936  0.140082
-10.6814  3.14159  3.14159  0.0143653  0.171195
-8.16814  3.14159  3.14159  0.024015  0.217839
-6.9115  3.14159  3.14159  0.0320742  0.25021
-5.65487  3.14159  3.14159  0.0437611  0.290825
-4.39823  3.14159  3.14159  0.0608083  0.340228
-3.14159  3.14159  3.14159  0.0853706  0.391907
-1.88496  3.14159  3.14159  0.118701  0.409081
-0.628319  3.14159  3.14159  0.154727  0.257614
0.628319  3.14159  3.14159  0.154727  -0.257614
1.88496  3.14159  3.14159  0.118701  -0.409081
3.14159  3.14159  3.14159  0.0853706  -0.391907
4.39823  3.14159  3.14159  0.0608083  -0.340228
5.65487  3.14159  3.14159  0.0437611  -0.290825
6.9115  3.14159  3.14159  0.0320741  -0.25021
8.16814  3.14159  3.14159  0.024015  -0.217839
10.6814  3.14159  3.14159  0.0143653  -0.171195
15.708  3.14159  3.14159  0.00641422  -0.118205
33.3009  3.14159  3.14159  0.00128869  -0.0559363
