-54.6637  0  0  3.16148e-06  -0.000247263
-27.0177  0  0  5.09102e-05  -0.00191256
-13.1947  0  0  0.000710361  -0.0130002
-10.6814  0  0  0.00142136  -0.0215436
-8.16814  0  0  0.00316405  -0.0387531
-6.9115  0  0  0.00495907  -0.0539786
-5.65487  0  0  0.00810007  -0.0773848
-4.39823  0  0  0.0139515  -0.114108
-3.14159  0  0  0.0257887  -0.170398
-1.88496  0  0  0.0515074  -0.237981
-0.628319  0  0  0.101344  -0.202972
0.628319  0  0  0.101344  0.202972
1.88496  0  0  0.0515073  0.237981
3.14159  0  0  0.0257887  0.170398
4.39823  0  0  0.0139515  0.114108
5.65487  0  0  0.00810004  0.0773849
6.9115  0  0  0.00495902  0.0539788
8.16814  0  0  0.003164  0.0387532
10.6814  0  0  0.00142134  0.0215436
15.708  0  0  0.000386848  0.00836403
33.3009  0  0  2.25311e-05  0.00105254
-54.6637  0  3.14159  -3.88279e-08  -0.000247201
-27.0177  0  3.14159  -1.55445e-07  -0.00191109
-13.1947  0  3.14159  -6.21369e-07  -0.0129823
-10.6814  0  3.14159  -8.879e-07  -0.0215091
-8.16814  0  3.14159  -1.31887e-06  -0.0386674
-6.9115  0  3.14159  -1.65493e-06  -0.0538456
-5.65487  0  3.14159  -2.19969e-06  -0.0773138
-4.39823  0  3.14159  -2.72649e-06  -0.115318
-3.14159  0  3.14159  -3.09623e-06  -0.182252
-1.88496  0  3.14159  -2.99817e-06  -0.327627
-0.628319  0  3.14159  -2.37869e-06  -0.971429
0.628319  0  3.14159  -2.44162e-06  0.971429
1.88496  0  3.14159  -3.08112e-06  0.327627
3.14159  0  3.14159  -3.11451e-06  0.182252
4.39823  0  3.14159  -2.77024e-06  0.115318
5.65487  0  3.14159  -2.24778e-06  0.0773139
6.9115  0  3.14159  -1.73447e-06  0.0538459
8.16814  0  3.14159  -1.3646e-06  0.0386676
10.6814  0  3.14159  -8.89111e-07  0.0215091
15.708  0  3.14159  -4.60407e-07  0.00835346
33.3009  0  3.14159  -1.10322e-07  0.00105193
-54.6637  3.14159  0  -3.88279e-08  -0.000247201
-27.0177  3.14159  0  -1.55445e-07  -0.00191109
-13.1947  3.14159  0  -6.21369e-07  -0.0129823
-10.6814  3.14159  0  -8.879e-07  -0.0215091
-8.16814  3.14159  0  -1.31887e-06  -0.0386674
-6.9115  3.14159  0  -1.65493e-06  -0.0538456
-5.65487  3.14159  0  -2.19969e-06  -0.0773138
-4.39823  3.14159  0  -2.72649e-06  -0.115318
-3.14159  3.14159  0  -3.09623e-06  -0.182252
-1.88496  3.14159  0  -2.99817e-06  -0.327627
-0.628319  3.14159  0  -2.37869e-06  -0.971429
0.628319  3.14159  0  -2.44162e-06  0.971429
1.88496  3.14159  0  -3.08112e-06  0.327627
3.14159  3.14159  0  -3.11451e-06  0.182252
4.39823  3.14159  0  -2.77024e-06  0.115318
5.65487  3.14159  0  -2.24778e-06  0.0773139
6.9115  3.14159  0  -1.73447e-06  0.0538459
8.16814  3.14159  0  -1.3646e-06  0.0386676
10.6814  3.14159  0  -8.89111e-07  0.0215091
15.708  3.14159  0  -4.60407e-07  0.00835346
33.3009  3.14159  0  -1.10322e-07  0.00105193
-54.6637  3.14159  3.14159  -3.23894e-06  -0.000247262
-27.0177  3.14159  3.14159  -5.12172e-05  -0.00191255
-13.1947  3.14159  3.14159  -0.000711585  -0.0130002
-10.6814  3.14159  3.14159  -0.00142313  -0.0215434
-8.16814  3.14159  3.14159  -0.00316677  -0.0387528
-6.9115  3.14159  3.14159  -0.00496259  -0.0539782
-5.65487  3.14159  3.14159  -0.00810485  -0.0773842
-4.39823  3.14159  3.14159  -0.0139581  -0.114107
-3.14159  3.14159  3.14159  -0.0257977  -0.170396
-1.88496  3.14159  3.14159  -0.0515111  -0.237978
-0.628319  3.14159  3.14159  -0.101345  -0.202968
0.628319  3.14159  3.14159  -0.101345  0.202968
1.88496  3.14159  3.14159  -0.0515111  0.237978
3.14159  3.14159  3.14159  -0.0257977  0.170396
4.39823  3.14159  3.14159  -0.0139582  0.114107
5.65487  3.14159  3.14159  -0.00810489  0.0773843
6.9115  3.14159  3.14159  -0.00496263  0.0539783
8.16814  3.14159  3.14159  -0.0031668  0.0387529
10.6814  3.14159  3.14159  -0.00142314  0.0215435
15.708  3.14159  3.14159  -0.000387754  0.00836398
33.3009  3.14159  3.14159  -2.27487e-05  0.00105253
