-54.6637  0  0  -0.00245787  0.0725336
-27.0177  0  0  -0.00944334  0.142988
-13.1947  0  0  -0.0316133  0.266379
-10.6814  0  0  -0.0424715  0.311373
-8.16814  0  0  -0.0584733  0.369379
-6.9115  0  0  -0.0690025  0.403343
-5.65487  0  0  -0.0813704  0.438771
-4.39823  0  0  -0.0952806  0.470035
-3.14159  0  0  -0.109688  0.481149
-1.88496  0  0  -0.122392  0.429878
-0.628319  0  0  -0.130127  0.222394
0.628319  0  0  -0.130127  -0.222394
1.88496  0  0  -0.122392  -0.429878
3.14159  0  0  -0.109688  -0.481149
4.39823  0  0  -0.0952806  -0.470035
5.65487  0  0  -0.0813704  -0.438771
6.9115  0  0  -0.0690025  -0.403343
8.16814  0  0  -0.0584733  -0.369379
10.6814  0  0  -0.0424715  -0.311373
15.708  0  0  -0.0241689  -0.23152
33.3009  0  0  -0.00639284  -0.117356
-54.6637  0  3.14159  5.78013e-09  0.0725318
-27.0177  0  3.14159  1.02573e-09  0.142936
-13.1947  0  3.14159  -6.14719e-09  0.265312
-10.6814  0  3.14159  7.12215e-09  0.309166
-8.16814  0  3.14159  -3.72677e-09  0.3647
-6.9115  0  3.14159  -2.29597e-08  0.396746
-5.65487  0  3.14159  -6.13307e-09  0.430381
-4.39823  0  3.14159  -6.32784e-09  0.462902
-3.14159  0  3.14159  -9.03565e-09  0.489287
-1.88496  0  3.14159  -1.23613e-08  0.501025
-0.628319  0  3.14159  -1.40043e-08  0.460066
0.628319  0  3.14159  -1.44462e-08  -0.460066
1.88496  0  3.14159  -1.38167e-08  -0.501025
3.14159  0  3.14159  -1.19591e-08  -0.489287
4.39823  0  3.14159  -1.17743e-08  -0.462902
5.65487  0  3.14159  -1.67945e-08  -0.430381
6.9115  0  3.14159  -5.10589e-08  -0.396746
8.16814  0  3.14159  -9.88709e-09  -0.3647
10.6814  0  3.14159  4.2603e-08  -0.309166
15.708  0  3.14159  8.00155e-09  -0.230974
33.3009  0  3.14159  -5.81613e-09  -0.117336
-54.6637  3.14159  0  5.78013e-09  0.0725318
-27.0177  3.14159  0  1.02573e-09  0.142936
-13.1947  3.14159  0  -6.14719e-09  0.265312
-10.6814  3.14159  0  7.12215e-09  0.309166
-8.16814  3.14159  0  -3.72677e-09  0.3647
-6.9115  3.14159  0  -2.29597e-08  0.396746
-5.65487  3.14159  0  -6.13307e-09  0.430381
-4.39823  3.14159  0  -6.32784e-09  0.462902
-3.14159  3.14159  0  -9.03565e-09  0.489287
-1.88496  3.14159  0  -1.23613e-08  0.501025
-0.628319  3.14159  0  -1.40043e-08  0.460066
0.628319  3.14159  0  -1.44462e-08  -0.460066
1.88496  3.14159  0  -1.38167e-08  -0.501025
3.14159  3.14159  0  -1.19591e-08  -0.489287
4.39823  3.14159  0  -1.17743e-08  -0.462902
5.65487  3.14159  0  -1.67945e-08  -0.430381
6.9115  3.14159  0  -5.10589e-08  -0.396746
8.16814  3.14159  0  -9.88709e-09  -0.3647
10.6814  3.14159  0  4.2603e-08  -0.309166
15.708  3.14159  0  8.00155e-09  -0.230974
33.3009  3.14159  0  -5.81613e-09  -0.117336
-54.6637  3.14159  3.14159  0.00245788  0.0725336
-27.0177  3.14159  3.14159  0.00944334  0.142988
-13.1947  3.14159  3.14159  0.0316133  0.266379
-10.6814  3.14159  3.14159  0.0424715  0.311373
-8.16814  3.14159  3.14159  0.0584733  0.369379
-6.9115  3.14159  3.14159  0.0690025  0.403343
-5.65487  3.14159  3.14159  0.0813704  0.438771
-4.39823  3.14159  3.14159  0.0952806  0.470035
-3.14159  3.14159  3.14159  0.109688  0.481149
-1.88496  3.14159  3.14159  0.122392  0.429878
-0.628319  3.14159  3.14159  0.130127  0.222394
0.628319  3.14159  3.14159  0.130127  -0.222394
1.88496  3.14159  3.14159  0.122392  -0.429878
3.14159  3.14159  3.14159  0.109688  -0.481149
4.39823  3.14159  3.14159  0.0952806  -0.470035
5.65487  3.14159  3.14159  0.0813704  -0.438771
6.9115  3.14159  3.14159  0.0690025  -0.403343
8.16814  3.14159  3.14159  0.0584733  -0.369379
10.6814  3.14159  3.14159  0.0424715  -0.311373
15.708  3.14159  3.14159  0.0241689  -0.23152
33.3009  3.14159  3.14159  0.00639284  -0.117356
