-54.6637  0  0  3.12026e-06  -0.000235261
-27.0177  0  0  4.98896e-05  -0.00181331
-13.1947  0  0  0.000699788  -0.0121749
-10.6814  0  0  0.00140626  -0.0200378
-8.16814  0  0  0.00315458  -0.0356264
-6.9115  0  0  0.00497262  -0.049174
-5.65487  0  0  0.0081782  -0.0695982
-4.39823  0  0  0.0141731  -0.100726
-3.14159  0  0  0.0261661  -0.146265
-1.88496  0  0  0.0510109  -0.19606
-0.628319  0  0  0.0940786  -0.159323
0.628319  0  0  0.0940785  0.159323
1.88496  0  0  0.0510108  0.19606
3.14159  0  0  0.0261659  0.146265
4.39823  0  0  0.014173  0.100726
5.65487  0  0  0.0081781  0.0695982
6.9115  0  0  0.00497253  0.049174
8.16814  0  0  0.00315449  0.0356264
10.6814  0  0  0.00140619  0.0200378
15.708  0  0  0.000380125  0.00786718
33.3009  0  0  2.20917e-05  0.000999499
-54.6637  0  3.14159  4.79515e-10  -0.00023523
-27.0177  0  3.14159  6.74288e-09  -0.00181279
-13.1947  0  3.14159  2.86117e-08  -0.0121842
-10.6814  0  3.14159  3.54216e-08  -0.0200718
-8.16814  0  3.14159  4.05658e-08  -0.0357461
-6.9115  0  3.14159  4.13259e-08  -0.0494244
-5.65487  0  3.14159  4.15589e-08  -0.0702699
-4.39823  0  3.14159  4.69271e-08  -0.103317
-3.14159  0  3.14159  5.68227e-08  -0.159551
-1.88496  0  3.14159  7.52209e-08  -0.273481
-0.628319  0  3.14159  1.07706e-07  -0.618715
0.628319  0  3.14159  -1.47148e-07  0.618715
1.88496  0  3.14159  -1.10029e-07  0.273481
3.14159  0  3.14159  -9.07658e-08  0.159551
4.39823  0  3.14159  -7.61328e-08  0.103317
5.65487  0  3.14159  -6.4059e-08  0.0702699
6.9115  0  3.14159  -5.22727e-08  0.0494244
8.16814  0  3.14159  -4.34454e-08  0.0357461
10.6814  0  3.14159  -3.22296e-08  0.0200718
15.708  0  3.14159  -2.18657e-08  0.00786898
33.3009  0  3.14159  -7.40089e-09  0.00099924
-54.6637  3.14159  0  4.79515e-10  -0.00023523
-27.0177  3.14159  0  6.74288e-09  -0.00181279
-13.1947  3.14159  0  2.86117e-08  -0.0121842
-10.6814  3.14159  0  3.54216e-08  -0.0200718
-8.16814  3.14159  0  4.05658e-08  -0.0357461
-6.9115  3.14159  0  4.13259e-08  -0.0494244
-5.65487  3.14159  0  4.15589e-08  -0.0702699
-4.39823  3.14159  0  4.69271e-08  -0.103317
-3.14159  3.14159  0  5.68227e-08  -0.159551
-1.88496  3.14159  0  7.52209e-08  -0.273481
-0.628319  3.14159  0  1.07706e-07  -0.618715
0.628319  3.14159  0  -1.47148e-07  0.618715
1.88496  3.14159  0  -1.10029e-07  0.273481
3.14159  3.14159  0  -9.07658e-08  0.159551
4.39823  3.14159  0  -7.61328e-08  0.103317
5.65487  3.14159  0  -6.4059e-08  0.0702699
6.9115  3.14159  0  -5.22727e-08  0.0494244
8.16814  3.14159  0  -4.34454e-08  0.0357461
10.6814  3.14159  0  -3.22296e-08  0.0200718
15.708  3.14159  0  -2.18657e-08  0.00786898
33.3009  3.14159  0  -7.40089e-09  0.00099924
-54.6637  3.14159  3.14159  -3.11924e-06  -0.000235261
-27.0177  3.14159  3.14159  -4.98757e-05  -0.00181331
-13.1947  3.14159  3.14159  -0.000699734  -0.0121749
-10.6814  3.14159  3.14159  -0.00140619  -0.0200378
-8.16814  3.14159  3.14159  -0.00315449  -0.0356264
-6.9115  3.14159  3.14159  -0.00497253  -0.049174
-5.65487  3.14159  3.14159  -0.00817812  -0.0695982
-4.39823  3.14159  3.14159  -0.014173  -0.100726
-3.14159  3.14159  3.14159  -0.026166  -0.146265
-1.88496  3.14159  3.14159  -0.0510108  -0.19606
-0.628319  3.14159  3.14159  -0.0940786  -0.159323
0.628319  3.14159  3.14159  -0.0940787  0.159323
1.88496  3.14159  3.14159  -0.0510109  0.19606
3.14159  3.14159  3.14159  -0.0261661  0.146265
4.39823  3.14159  3.14159  -0.0141731  0.100726
5.65487  3.14159  3.14159  -0.00817822  0.0695982
6.9115  3.14159  3.14159  -0.00497262  0.049174
8.16814  3.14159  3.14159  -0.00315457  0.0356264
10.6814  3.14159  3.14159  -0.00140626  0.0200378
15.708  3.14159  3.14159  -0.00038017  0.00786718
33.3009  3.14159  3.14159  -2.21062e-05  0.000999497
