-54.6637  0  0  6.50561e-05  -0.0316632
-27.0177  0  0  0.000204997  -0.0612879
-13.1947  0  0  0.000393494  -0.107957
-10.6814  0  0  0.000498756  -0.122811
-8.16814  0  0  0.000961888  -0.139887
-6.9115  0  0  0.00166973  -0.148612
-5.65487  0  0  0.00322153  -0.15643
-4.39823  0  0  0.00653027  -0.161582
-3.14159  0  0  0.0132255  -0.16064
-1.88496  0  0  0.0253557  -0.145564
-0.628319  0  0  0.0418197  -0.0867271
0.628319  0  0  0.0418197  0.0867271
1.88496  0  0  0.0253557  0.145564
3.14159  0  0  0.0132254  0.16064
4.39823  0  0  0.00653026  0.161582
5.65487  0  0  0.00322152  0.15643
6.9115  0  0  0.00166972  0.148612
8.16814  0  0  0.000961874  0.139887
10.6814  0  0  0.000498722  0.122811
15.708  0  0  0.000349696  0.0955926
33.3009  0  0  0.000151329  0.0507014
-54.6637  0  3.14159  8.84634e-08  -0.0316866
-27.0177  0  3.14159  1.58213e-07  -0.0614913
-13.1947  0  3.14159  9.49252e-08  -0.109929
-10.6814  0  3.14159  2.36401e-08  -0.126663
-8.16814  0  3.14159  -5.41825e-08  -0.148573
-6.9115  0  3.14159  -6.26896e-08  -0.162496
-5.65487  0  3.14159  -3.31099e-08  -0.17956
-4.39823  0  3.14159  -4.39833e-08  -0.201475
-3.14159  0  3.14159  -7.34483e-08  -0.2308
-1.88496  0  3.14159  -1.15704e-07  -0.269168
-0.628319  0  3.14159  -1.65457e-07  -0.307826
0.628319  0  3.14159  -1.78824e-07  0.307826
1.88496  0  3.14159  -1.26485e-07  0.269168
3.14159  0  3.14159  -8.30763e-08  0.2308
4.39823  0  3.14159  -5.24584e-08  0.201475
5.65487  0  3.14159  -3.85435e-08  0.17956
6.9115  0  3.14159  -5.03738e-08  0.162496
8.16814  0  3.14159  -4.25525e-08  0.148573
10.6814  0  3.14159  -7.5648e-09  0.126663
15.708  0  3.14159  1.71838e-08  0.0967217
33.3009  0  3.14159  -2.12376e-08  0.0508079
-54.6637  3.14159  0  8.84634e-08  -0.0316866
-27.0177  3.14159  0  1.58213e-07  -0.0614913
-13.1947  3.14159  0  9.49252e-08  -0.109929
-10.6814  3.14159  0  2.36401e-08  -0.126663
-8.16814  3.14159  0  -5.41825e-08  -0.148573
-6.9115  3.14159  0  -6.26896e-08  -0.162496
-5.65487  3.14159  0  -3.31099e-08  -0.17956
-4.39823  3.14159  0  -4.39833e-08  -0.201475
-3.14159  3.14159  0  -7.34483e-08  -0.2308
-1.88496  3.14159  0  -1.15704e-07  -0.269168
-0.628319  3.14159  0  -1.65457e-07  -0.307826
0.628319  3.14159  0  -1.78824e-07  0.307826
1.88496  3.14159  0  -1.26485e-07  0.269168
3.14159  3.14159  0  -8.30763e-08  0.2308
4.39823  3.14159  0  -5.24584e-08  0.201475
5.65487  3.14159  0  -3.85435e-08  0.17956
6.9115  3.14159  0  -5.03738e-08  0.162496
8.16814  3.14159  0  -4.25525e-08  0.148573
10.6814  3.14159  0  -7.5648e-09  0.126663
15.708  3.14159  0  1.71838e-08  0.0967217
33.3009  3.14159  0  -2.12376e-08  0.0508079
-54.6637  3.14159  3.14159  -6.49053e-05  -0.0316632
-27.0177  3.14159  3.14159  -0.000204735  -0.0612879
-13.1947  3.14159  3.14159  -0.000393343  -0.107957
-10.6814  3.14159  3.14159  -0.00049871  -0.122811
-8.16814  3.14159  3.14159  -0.000961954  -0.139887
-6.9115  3.14159  3.14159  -0.00166981  -0.148612
-5.65487  3.14159  3.14159  -0.0032216  -0.15643
-4.39823  3.14159  3.14159  -0.00653039  -0.161582
-3.14159  3.14159  3.14159  -0.0132257  -0.16064
-1.88496  3.14159  3.14159  -0.0253564  -0.145564
-0.628319  3.14159  3.14159  -0.0418204  -0.0867268
0.628319  3.14159  3.14159  -0.0418204  0.0867268
1.88496  3.14159  3.14159  -0.0253564  0.145564
3.14159  3.14159  3.14159  -0.0132257  0.16064
4.39823  3.14159  3.14159  -0.0065304  0.161582
5.65487  3.14159  3.14159  -0.00322161  0.15643
6.9115  3.14159  3.14159  -0.0016698  0.148612
8.16814  3.14159  3.14159  -0.000961936  0.139887
10.6814  3.14159  3.14159  -0.000498737  0.122811
15.708  3.14159  3.14159  -0.000349674  0.0955926
33.3009  3.14159  3.14159  -0.000151364  0.0507014
