-54.6637  0  0  -0.000464336  0.0352022
-27.0177  0  0  -0.00200996  0.0712528
-13.1947  0  0  -0.0093059  0.144644
-10.6814  0  0  -0.014375  0.176733
-8.16814  0  0  -0.0240148  0.224878
-6.9115  0  0  -0.0320648  0.258354
-5.65487  0  0  -0.0437431  0.300494
-4.39823  0  0  -0.0608015  0.352128
-3.14159  0  0  -0.0854719  0.407195
-1.88496  0  0  -0.119249  0.428653
-0.628319  0  0  -0.156537  0.274503
0.628319  0  0  -0.156537  -0.274503
1.88496  0  0  -0.119249  -0.428653
3.14159  0  0  -0.0854719  -0.407195
4.39823  0  0  -0.0608015  -0.352128
5.65487  0  0  -0.0437431  -0.300494
6.9115  0  0  -0.0320648  -0.258353
8.16814  0  0  -0.0240148  -0.224878
10.6814  0  0  -0.014375  -0.176733
15.708  0  0  -0.00642613  -0.122079
33.3009  0  0  -0.0012934  -0.0578081
-54.6637  0  3.14159  -2.11803e-09  0.035224
-27.0177  0  3.14159  -3.00627e-09  0.0714387
-13.1947  0  3.14159  -6.2062e-09  0.146186
-10.6814  0  3.14159  -1.40072e-08  0.17943
-8.16814  0  3.14159  -2.8105e-08  0.229993
-6.9115  0  3.14159  -4.19454e-08  0.265727
-5.65487  0  3.14159  -8.71018e-08  0.311847
-4.39823  0  3.14159  -1.80456e-07  0.372346
-3.14159  0  3.14159  -3.88526e-07  0.454382
-1.88496  0  3.14159  -6.71713e-07  0.57909
-0.628319  0  3.14159  -6.34033e-07  0.843672
0.628319  0  3.14159  -6.14209e-07  -0.843672
1.88496  0  3.14159  -6.5163e-07  -0.57909
3.14159  0  3.14159  -3.69433e-07  -0.454382
4.39823  0  3.14159  -1.63748e-07  -0.372346
5.65487  0  3.14159  -7.4735e-08  -0.311847
6.9115  0  3.14159  -3.20478e-09  -0.265727
8.16814  0  3.14159  2.25849e-09  -0.229993
10.6814  0  3.14159  -1.13203e-08  -0.17943
15.708  0  3.14159  -6.62156e-09  -0.123022
33.3009  0  3.14159  8.3276e-10  -0.0579063
-54.6637  3.14159  0  -2.11803e-09  0.035224
-27.0177  3.14159  0  -3.00627e-09  0.0714387
-13.1947  3.14159  0  -6.2062e-09  0.146186
-10.6814  3.14159  0  -1.40072e-08  0.17943
-8.16814  3.14159  0  -2.8105e-08  0.229993
-6.9115  3.14159  0  -4.19454e-08  0.265727
-5.65487  3.14159  0  -8.71018e-08  0.311847
-4.39823  3.14159  0  -1.80456e-07  0.372346
-3.14159  3.14159  0  -3.88526e-07  0.454382
-1.88496  3.14159  0  -6.71713e-07  0.57909
-0.628319  3.14159  0  -6.34033e-07  0.843672
0.628319  3.14159  0  -6.14209e-07  -0.843672
1.88496  3.14159  0  -6.5163e-07  -0.57909
3.14159  3.14159  0  -3.69433e-07  -0.454382
4.39823  3.14159  0  -1.63748e-07  -0.372346
5.65487  3.14159  0  -7.4735e-08  -0.311847
6.9115  3.14159  0  -3.20478e-09  -0.265727
8.16814  3.14159  0  2.25849e-09  -0.229993
10.6814  3.14159  0  -1.13203e-08  -0.17943
15.708  3.14159  0  -6.62156e-09  -0.123022
33.3009  3.14159  0  8.3276e-10  -0.0579063
-54.6637  3.14159  3.14159  0.00046435  0.0352022
-27.0177  3.14159  3.14159  0.00200996  0.0712528
-13.1947  3.14159  3.14159  0.00930587  0.144644
-10.6814  3.14159  3.14159  0.014375  0.176733
-8.16814  3.14159  3.14159  0.0240147  0.224878
-6.9115  3.14159  3.14159  0.0320647  0.258354
-5.65487  3.14159  3.14159  0.043743  0.300494
-4.39823  3.14159  3.14159  0.0608012  0.352128
-3.14159  3.14159  3.14159  0.085471  0.407195
-1.88496  3.14159  3.14159  0.119245  0.428653
-0.628319  3.14159  3.14159  0.156535  0.274505
0.628319  3.14159  3.14159  0.156535  -0.274505
1.88496  3.14159  3.14159  0.119245  -0.428653
3.14159  3.14159  3.14159  0.085471  -0.407195
4.39823  3.14159  3.14159  0.0608012  -0.352128
5.65487  3.14159  3.14159  0.043743  -0.300494
6.9115  3.14159  3.14159  0.0320647  -0.258354
8.16814  3.14159  3.14159  0.0240147  -0.224878
10.6814  3.14159  3.14159  0.014375  -0.176733
15.708  3.14159  3.14159  0.00642616  -0.122079
33.3009  3.14159  3.14159  0.00129335  -0.0578081
