-54.6637  0  0  4.04278e-05  -0.135657
-27.0177  0  0  6.72012e-05  -0.266302
-13.1947  0  0  -6.03768e-05  -0.487446
-10.6814  0  0  3.62852e-05  -0.562041
-8.16814  0  0  0.000587226  -0.646686
-6.9115  0  0  0.00129149  -0.685425
-5.65487  0  0  0.00255528  -0.70971
-4.39823  0  0  0.00469438  -0.69948
-3.14159  0  0  0.00800301  -0.622909
-1.88496  0  0  0.0122518  -0.446587
-0.628319  0  0  0.0157126  -0.165282
0.628319  0  0  0.0157126  0.165282
1.88496  0  0  0.0122518  0.446587
3.14159  0  0  0.00800298  0.622909
4.39823  0  0  0.00469435  0.69948
5.65487  0  0  0.00255524  0.70971
6.9115  0  0  0.00129137  0.685425
8.16814  0  0  0.000587076  0.646686
10.6814  0  0  3.62821e-05  0.562041
15.708  0  0  -3.74338e-05  0.426673
33.3009  0  0  6.8836e-05  0.218969
-54.6637  0  3.14159  -1.85271e-08  -0.136245
-27.0177  0  3.14159  -2.86904e-08  -0.271328
-13.1947  0  3.14159  2.03199e-09  -0.532998
-10.6814  0  3.14159  -9.94042e-10  -0.647747
-8.16814  0  3.14159  1.84802e-10  -0.830093
-6.9115  0  3.14159  2.54121e-08  -0.969946
-5.65487  0  3.14159  4.34469e-08  -1.17118
-4.39823  0  3.14159  7.54954e-08  -1.48495
-3.14159  0  3.14159  1.18866e-08  -2.03541
-1.88496  0  3.14159  3.06523e-07  -3.18904
-0.628319  0  3.14159  6.87855e-07  -2.38361
0.628319  0  3.14159  5.61971e-07  2.38361
1.88496  0  3.14159  2.66189e-07  3.18904
3.14159  0  3.14159  -1.14636e-08  2.03541
4.39823  0  3.14159  6.01733e-08  1.48495
5.65487  0  3.14159  3.36754e-08  1.17118
6.9115  0  3.14159  2.03352e-08  0.969946
8.16814  0  3.14159  -1.91595e-09  0.830093
10.6814  0  3.14159  -1.82699e-10  0.647747
15.708  0  3.14159  1.29816e-11  0.453402
33.3009  0  3.14159  4.8502e-10  0.221619
-54.6637  3.14159  0  -1.85271e-08  -0.136245
-27.0177  3.14159  0  -2.86904e-08  -0.271328
-13.1947  3.14159  0  2.03199e-09  -0.532998
-10.6814  3.14159  0  -9.94042e-10  -0.647747
-8.16814  3.14159  0  1.84802e-10  -0.830093
-6.9115  3.14159  0  2.54121e-08  -0.969946
-5.65487  3.14159  0  4.34469e-08  -1.17118
-4.39823  3.14159  0  7.54954e-08  -1.48495
-3.14159  3.14159  0  1.18866e-08  -2.03541
-1.88496  3.14159  0  3.06523e-07  -3.18904
-0.628319  3.14159  0  6.87855e-07  -2.38361
0.628319  3.14159  0  5.61971e-07  2.38361
1.88496  3.14159  0  2.66189e-07  3.18904
3.14159  3.14159  0  -1.14636e-08  2.03541
4.39823  3.14159  0  6.01733e-08  1.48495
5.65487  3.14159  0  3.36754e-08  1.17118
6.9115  3.14159  0  2.03352e-08  0.969946
8.16814  3.14159  0  -1.91595e-09  0.830093
10.6814  3.14159  0  -1.82699e-10  0.647747
15.708  3.14159  0  1.29816e-11  0.453402
33.3009  3.14159  0  4.8502e-10  0.221619
-54.6637  3.14159  3.14159  -4.08445e-05  -0.135657
-27.0177  3.14159  3.14159  -6.80266e-05  -0.266302
-13.1947  3.14159  3.14159  5.9874e-05  -0.487446
-10.6814  3.14159  3.14159  -3.62954e-05  -0.562041
-8.16814  3.14159  3.14159  -0.000586675  -0.646686
-6.9115  3.14159  3.14159  -0.001291  -0.685425
-5.65487  3.14159  3.14159  -0.0025551  -0.70971
-4.39823  3.14159  3.14159  -0.00469428  -0.69948
-3.14159  3.14159  3.14159  -0.00800305  -0.622909
-1.88496  3.14159  3.14159  -0.0122519  -0.446587
-0.628319  3.14159  3.14159  -0.0157129  -0.165282
0.628319  3.14159  3.14159  -0.0157129  0.165282
1.88496  3.14159  3.14159  -0.012252  0.446587
3.14159  3.14159  3.14159  -0.00800308  0.622909
4.39823  3.14159  3.14159  -0.0046943  0.69948
5.65487  3.14159  3.14159  -0.00255514  0.70971
6.9115  3.14159  3.14159  -0.00129113  0.685425
8.16814  3.14159  3.14159  -0.00058684  0.646686
10.6814  3.14159  3.14159  -3.63021e-05  0.562041
15.708  3.14159  3.14159  3.73087e-05  0.426673
33.3009  3.14159  3.14159  -6.871e-05  0.218969
