-54.6637  0  0  -0.00046243  0.0340571
-27.0177  0  0  -0.00200345  0.0689564
-13.1947  0  0  -0.00929362  0.140086
-10.6814  0  0  -0.0143653  0.171199
-8.16814  0  0  -0.024015  0.217844
-6.9115  0  0  -0.0320742  0.250216
-5.65487  0  0  -0.0437611  0.290832
-4.39823  0  0  -0.0608083  0.340237
-3.14159  0  0  -0.0853707  0.391919
-1.88496  0  0  -0.118701  0.409095
-0.628319  0  0  -0.154728  0.257626
0.628319  0  0  -0.154728  -0.257626
1.88496  0  0  -0.118701  -0.409095
3.14159  0  0  -0.0853706  -0.391919
4.39823  0  0  -0.0608083  -0.340237
5.65487  0  0  -0.0437611  -0.290832
6.9115  0  0  -0.0320742  -0.250216
8.16814  0  0  -0.0240151  -0.217844
10.6814  0  0  -0.0143653  -0.171199
15.708  0  0  -0.00641418  -0.118208
33.3009  0  0  -0.00128874  -0.0559376
-54.6637  0  3.14159  -1.2952e-09  0.0340768
-27.0177  0  3.14159  -1.75426e-09  0.0691259
-13.1947  0  3.14159  -2.60026e-09  0.141497
-10.6814  0  3.14159  -5.3315e-09  0.173662
-8.16814  0  3.14159  -4.92605e-09  0.222491
-6.9115  0  3.14159  -1.648e-09  0.256895
-5.65487  0  3.14159  -7.32271e-09  0.301108
-4.39823  0  3.14159  -8.06776e-09  0.358651
-3.14159  0  3.14159  -9.91134e-09  0.43544
-1.88496  0  3.14159  -1.25869e-08  0.547364
-0.628319  0  3.14159  -1.26681e-08  0.737125
0.628319  0  3.14159  -1.59634e-09  -0.737125
1.88496  0  3.14159  -4.74298e-10  -0.547364
3.14159  0  3.14159  1.58729e-09  -0.43544
4.39823  0  3.14159  1.45501e-09  -0.358651
5.65487  0  3.14159  -1.66185e-09  -0.301108
6.9115  0  3.14159  2.28946e-08  -0.256895
8.16814  0  3.14159  1.54748e-08  -0.222491
10.6814  0  3.14159  -3.08559e-10  -0.173662
15.708  0  3.14159  1.69709e-09  -0.119071
33.3009  0  3.14159  2.10268e-09  -0.056027
-54.6637  3.14159  0  -1.2952e-09  0.0340768
-27.0177  3.14159  0  -1.75426e-09  0.0691259
-13.1947  3.14159  0  -2.60026e-09  0.141497
-10.6814  3.14159  0  -5.3315e-09  0.173662
-8.16814  3.14159  0  -4.92605e-09  0.222491
-6.9115  3.14159  0  -1.648e-09  0.256895
-5.65487  3.14159  0  -7.32271e-09  0.301108
-4.39823  3.14159  0  -8.06776e-09  0.358651
-3.14159  3.14159  0  -9.91134e-09  0.43544
-1.88496  3.14159  0  -1.25869e-08  0.547364
-0.628319  3.14159  0  -1.26681e-08  0.737125
0.628319  3.14159  0  -1.59634e-09  -0.737125
1.88496  3.14159  0  -4.74298e-10  -0.547364
3.14159  3.14159  0  1.58729e-09  -0.43544
4.39823  3.14159  0  1.45501e-09  -0.358651
5.65487  3.14159  0  -1.66185e-09  -0.301108
6.9115  3.14159  0  2.28946e-08  -0.256895
8.16814  3.14159  0  1.54748e-08  -0.222491
10.6814  3.14159  0  -3.08559e-10  -0.173662
15.708  3.14159  0  1.69709e-09  -0.119071
33.3009  3.14159  0  2.10268e-09  -0.056027
-54.6637  3.14159  3.14159  0.000462443  0.0340571
-27.0177  3.14159  3.14159  0.00200344  0.0689564
-13.1947  3.14159  3.14159  0.00929361  0.140086
-10.6814  3.14159  3.14159  0.0143653  0.171199
-8.16814  3.14159  3.14159  0.024015  0.217844
-6.9115  3.14159  3.14159  0.0320742  0.250216
-5.65487  3.14159  3.14159  0.0437611  0.290832
-4.39823  3.14159  3.14159  0.0608082  0.340237
-3.14159  3.14159  3.14159  0.0853706  0.391919
-1.88496  3.14159  3.14159  0.118701  0.409095
-0.628319  3.14159  3.14159  0.154728  0.257626
0.628319  3.14159  3.14159  0.154728  -0.257626
1.88496  3.14159  3.14159  0.118701  -0.409095
3.14159  3.14159  3.14159  0.0853706  -0.391919
4.39823  3.14159  3.14159  0.0608083  -0.340237
5.65487  3.14159  3.14159  0.0437611  -0.290832
6.9115  3.14159  3.14159  0.0320741  -0.250216
8.16814  3.14159  3.14159  0.024015  -0.217844
10.6814  3.14159  3.14159  0.0143653  -0.171199
15.708  3.14159  3.14159  0.00641422  -0.118208
33.3009  3.14159  3.14159  0.0012887  -0.0559376
