-54.6637  0  0  0.000462458  -0.0340556
-27.0177  0  0  0.00200346  -0.0689534
-13.1947  0  0  0.00929357  -0.14008
-10.6814  0  0  0.0143653  -0.171191
-8.16814  0  0  0.0240151  -0.217835
-6.9115  0  0  0.0320742  -0.250205
-5.65487  0  0  0.0437611  -0.290819
-4.39823  0  0  0.0608083  -0.340221
-3.14159  0  0  0.0853705  -0.391898
-1.88496  0  0  0.1187  -0.409069
-0.628319  0  0  0.154726  -0.257604
0.628319  0  0  0.154726  0.257604
1.88496  0  0  0.1187  0.409069
3.14159  0  0  0.0853705  0.391898
4.39823  0  0  0.0608083  0.340221
5.65487  0  0  0.0437611  0.290819
6.9115  0  0  0.0320742  0.250205
8.16814  0  0  0.024015  0.217835
10.6814  0  0  0.0143653  0.171191
15.708  0  0  0.0064142  0.118203
33.3009  0  0  0.0012887  0.0559352
-54.6637  0  3.14159  -1.14617e-10  -0.0340753
-27.0177  0  3.14159  -1.3716e-09  -0.0691229
-13.1947  0  3.14159  1.96239e-09  -0.141491
-10.6814  0  3.14159  5.77325e-09  -0.173654
-8.16814  0  3.14159  -9.0654e-09  -0.222481
-6.9115  0  3.14159  -2.13765e-08  -0.256883
-5.65487  0  3.14159  3.30858e-09  -0.301094
-4.39823  0  3.14159  1.49673e-09  -0.358633
-3.14159  0  3.14159  1.14742e-09  -0.435415
-1.88496  0  3.14159  2.54041e-09  -0.547322
-0.628319  0  3.14159  4.61324e-09  -0.736989
0.628319  0  3.14159  6.53603e-09  0.736989
1.88496  0  3.14159  4.46048e-09  0.547322
3.14159  0  3.14159  2.57422e-09  0.435415
4.39823  0  3.14159  1.63138e-09  0.358633
5.65487  0  3.14159  1.16238e-09  0.301094
6.9115  0  3.14159  -5.16466e-09  0.256883
8.16814  0  3.14159  7.46234e-10  0.222481
10.6814  0  3.14159  2.38825e-09  0.173654
15.708  0  3.14159  -1.90039e-09  0.119066
33.3009  0  3.14159  -2.93265e-10  0.0560246
-54.6637  3.14159  0  -1.14617e-10  -0.0340753
-27.0177  3.14159  0  -1.3716e-09  -0.0691229
-13.1947  3.14159  0  1.96239e-09  -0.141491
-10.6814  3.14159  0  5.77325e-09  -0.173654
-8.16814  3.14159  0  -9.0654e-09  -0.222481
-6.9115  3.14159  0  -2.13765e-08  -0.256883
-5.65487  3.14159  0  3.30858e-09  -0.301094
-4.39823  3.14159  0  1.49673e-09  -0.358633
-3.14159  3.14159  0  1.14742e-09  -0.435415
-1.88496  3.14159  0  2.54041e-09  -0.547322
-0.628319  3.14159  0  4.61324e-09  -0.736989
0.628319  3.14159  0  6.53603e-09  0.736989
1.88496  3.14159  0  4.46048e-09  0.547322
3.14159  3.14159  0  2.57422e-09  0.435415
4.39823  3.14159  0  1.63138e-09  0.358633
5.65487  3.14159  0  1.16238e-09  0.301094
6.9115  3.14159  0  -5.16466e-09  0.256883
8.16814  3.14159  0  7.46234e-10  0.222481
10.6814  3.14159  0  2.38825e-09  0.173654
15.708  3.14159  0  -1.90039e-09  0.119066
33.3009  3.14159  0  -2.93265e-10  0.0560246
-54.6637  3.14159  3.14159  -0.000462431  -0.0340556
-27.0177  3.14159  3.14159  -0.00200343  -0.0689534
-13.1947  3.14159  3.14159  -0.00929361  -0.14008
-10.6814  3.14159  3.14159  -0.0143653  -0.171191
-8.16814  3.14159  3.14159  -0.024015  -0.217835
-6.9115  3.14159  3.14159  -0.0320742  -0.250205
-5.65487  3.14159  3.14159  -0.0437611  -0.290819
-4.39823  3.14159  3.14159  -0.0608083  -0.340221
-3.14159  3.14159  3.14159  -0.0853705  -0.391898
-1.88496  3.14159  3.14159  -0.1187  -0.409069
-0.628319  3.14159  3.14159  -0.154726  -0.257604
0.628319  3.14159  3.14159  -0.154726  0.257604
1.88496  3.14159  3.14159  -0.1187  0.409069
3.14159  3.14159  3.14159  -0.0853705  0.391898
4.39823  3.14159  3.14159  -0.0608083  0.340221
5.65487  3.14159  3.14159  -0.0437611  0.290819
6.9115  3.14159  3.14159  -0.0320742  0.250205
8.16814  3.14159  3.14159  -0.024015  0.217835
10.6814  3.14159  3.14159  -0.0143653  0.171191
15.708  3.14159  3.14159  -0.00641419  0.118203
33.3009  3.14159  3.14159  -0.00128871  0.0559352
