-54.6637  0  0  -0.00055123  0.0321018
-27.0177  0  0  -0.00224875  0.0646343
-13.1947  0  0  -0.00931678  0.129695
-10.6814  0  0  -0.0140685  0.158002
-8.16814  0  0  -0.0233855  0.200847
-6.9115  0  0  -0.0316249  0.231168
-5.65487  0  0  -0.0444623  0.270342
-4.39823  0  0  -0.0652544  0.320789
-3.14159  0  0  -0.0998669  0.381006
-1.88496  0  0  -0.156593  0.423336
-0.628319  0  0  -0.234745  0.299275
0.628319  0  0  -0.234745  -0.299275
1.88496  0  0  -0.156593  -0.423336
3.14159  0  0  -0.0998667  -0.381006
4.39823  0  0  -0.0652542  -0.320789
5.65487  0  0  -0.0444623  -0.270342
6.9115  0  0  -0.0316249  -0.231168
8.16814  0  0  -0.0233855  -0.200847
10.6814  0  0  -0.0140685  -0.158002
15.708  0  0  -0.00660574  -0.109797
33.3009  0  0  -0.00148242  -0.0525535
-54.6637  0  3.14159  -1.26553e-08  0.0321415
-27.0177  0  3.14159  3.25738e-09  0.0649625
-13.1947  0  3.14159  2.47138e-09  0.132425
-10.6814  0  3.14159  1.34012e-08  0.163013
-8.16814  0  3.14159  -8.44439e-08  0.211397
-6.9115  0  3.14159  -4.51184e-07  0.247591
-5.65487  0  3.14159  1.94009e-07  0.297577
-4.39823  0  3.14159  2.78663e-08  0.370119
-3.14159  0  3.14159  1.18968e-06  0.483464
-1.88496  0  3.14159  4.92842e-08  0.687942
-0.628319  0  3.14159  7.44145e-06  1.19823
0.628319  0  3.14159  7.31538e-06  -1.19823
1.88496  0  3.14159  1.95711e-07  -0.687941
3.14159  0  3.14159  1.23433e-06  -0.483464
4.39823  0  3.14159  8.1887e-08  -0.370119
5.65487  0  3.14159  3.06809e-07  -0.297577
6.9115  0  3.14159  -3.90021e-07  -0.247591
8.16814  0  3.14159  -1.57044e-08  -0.211397
10.6814  0  3.14159  7.38391e-08  -0.163013
15.708  0  3.14159  5.62367e-08  -0.111436
33.3009  0  3.14159  -1.14499e-08  -0.0527309
-54.6637  3.14159  0  -1.26553e-08  0.0321415
-27.0177  3.14159  0  3.25738e-09  0.0649625
-13.1947  3.14159  0  2.47138e-09  0.132425
-10.6814  3.14159  0  1.34012e-08  0.163013
-8.16814  3.14159  0  -8.44439e-08  0.211397
-6.9115  3.14159  0  -4.51184e-07  0.247591
-5.65487  3.14159  0  1.94009e-07  0.297577
-4.39823  3.14159  0  2.78663e-08  0.370119
-3.14159  3.14159  0  1.18968e-06  0.483464
-1.88496  3.14159  0  4.92842e-08  0.687942
-0.628319  3.14159  0  7.44145e-06  1.19823
0.628319  3.14159  0  7.31538e-06  -1.19823
1.88496  3.14159  0  1.95711e-07  -0.687941
3.14159  3.14159  0  1.23433e-06  -0.483464
4.39823  3.14159  0  8.1887e-08  -0.370119
5.65487  3.14159  0  3.06809e-07  -0.297577
6.9115  3.14159  0  -3.90021e-07  -0.247591
8.16814  3.14159  0  -1.57044e-08  -0.211397
10.6814  3.14159  0  7.38391e-08  -0.163013
15.708  3.14159  0  5.62367e-08  -0.111436
33.3009  3.14159  0  -1.14499e-08  -0.0527309
-54.6637  3.14159  3.14159  0.000551209  0.0321018
-27.0177  3.14159  3.14159  0.00224884  0.0646343
-13.1947  3.14159  3.14159  0.00931664  0.129695
-10.6814  3.14159  3.14159  0.0140684  0.158002
-8.16814  3.14159  3.14159  0.0233858  0.200847
-6.9115  3.14159  3.14159  0.0316251  0.231168
-5.65487  3.14159  3.14159  0.0444625  0.270342
-4.39823  3.14159  3.14159  0.0652537  0.320789
-3.14159  3.14159  3.14159  0.0998739  0.381006
-1.88496  3.14159  3.14159  0.156606  0.423336
-0.628319  3.14159  3.14159  0.234753  0.299277
0.628319  3.14159  3.14159  0.234753  -0.299277
1.88496  3.14159  3.14159  0.156606  -0.423336
3.14159  3.14159  3.14159  0.0998741  -0.381006
4.39823  3.14159  3.14159  0.0652538  -0.320789
5.65487  3.14159  3.14159  0.0444625  -0.270342
6.9115  3.14159  3.14159  0.0316252  -0.231168
8.16814  3.14159  3.14159  0.0233858  -0.200847
10.6814  3.14159  3.14159  0.0140684  -0.158002
15.708  3.14159  3.14159  0.0066057  -0.109797
33.3009  3.14159  3.14159  0.00148237  -0.0525535
