-54.6637  0  0  -0.00245787  0.0725336
-27.0177  0  0  -0.00944334  0.142988
-13.1947  0  0  -0.0316133  0.266379
-10.6814  0  0  -0.0424715  0.311374
-8.16814  0  0  -0.0584733  0.369379
-6.9115  0  0  -0.0690024  0.403344
-5.65487  0  0  -0.0813704  0.438772
-4.39823  0  0  -0.0952805  0.470036
-3.14159  0  0  -0.109688  0.481151
-1.88496  0  0  -0.122392  0.429881
-0.628319  0  0  -0.130127  0.222397
0.628319  0  0  -0.130127  -0.222397
1.88496  0  0  -0.122392  -0.429881
3.14159  0  0  -0.109688  -0.481151
4.39823  0  0  -0.0952805  -0.470036
5.65487  0  0  -0.0813704  -0.438772
6.9115  0  0  -0.0690024  -0.403344
8.16814  0  0  -0.0584733  -0.369379
10.6814  0  0  -0.0424715  -0.311374
15.708  0  0  -0.0241689  -0.23152
33.3009  0  0  -0.00639284  -0.117356
-54.6637  0  3.14159  5.7767e-09  0.0725318
-27.0177  0  3.14159  1.0252e-09  0.142936
-13.1947  0  3.14159  -6.14724e-09  0.265312
-10.6814  0  3.14159  7.12055e-09  0.309166
-8.16814  0  3.14159  -3.72913e-09  0.3647
-6.9115  0  3.14159  -2.29626e-08  0.396747
-5.65487  0  3.14159  -6.13787e-09  0.430382
-4.39823  0  3.14159  -6.33543e-09  0.462903
-3.14159  0  3.14159  -9.04719e-09  0.489289
-1.88496  0  3.14159  -1.23772e-08  0.501029
-0.628319  0  3.14159  -1.40216e-08  0.46008
0.628319  0  3.14159  -1.44634e-08  -0.46008
1.88496  0  3.14159  -1.38325e-08  -0.501029
3.14159  0  3.14159  -1.19705e-08  -0.489289
4.39823  0  3.14159  -1.17817e-08  -0.462903
5.65487  0  3.14159  -1.6799e-08  -0.430382
6.9115  0  3.14159  -5.1061e-08  -0.396747
8.16814  0  3.14159  -9.88962e-09  -0.3647
10.6814  0  3.14159  4.25988e-08  -0.309166
15.708  0  3.14159  8.00426e-09  -0.230974
33.3009  0  3.14159  -5.80394e-09  -0.117336
-54.6637  3.14159  0  5.7767e-09  0.0725318
-27.0177  3.14159  0  1.0252e-09  0.142936
-13.1947  3.14159  0  -6.14724e-09  0.265312
-10.6814  3.14159  0  7.12055e-09  0.309166
-8.16814  3.14159  0  -3.72913e-09  0.3647
-6.9115  3.14159  0  -2.29626e-08  0.396747
-5.65487  3.14159  0  -6.13787e-09  0.430382
-4.39823  3.14159  0  -6.33543e-09  0.462903
-3.14159  3.14159  0  -9.04719e-09  0.489289
-1.88496  3.14159  0  -1.23772e-08  0.501029
-0.628319  3.14159  0  -1.40216e-08  0.46008
0.628319  3.14159  0  -1.44634e-08  -0.46008
1.88496  3.14159  0  -1.38325e-08  -0.501029
3.14159  3.14159  0  -1.19705e-08  -0.489289
4.39823  3.14159  0  -1.17817e-08  -0.462903
5.65487  3.14159  0  -1.6799e-08  -0.430382
6.9115  3.14159  0  -5.1061e-08  -0.396747
8.16814  3.14159  0  -9.88962e-09  -0.3647
10.6814  3.14159  0  4.25988e-08  -0.309166
15.708  3.14159  0  8.00426e-09  -0.230974
33.3009  3.14159  0  -5.80394e-09  -0.117336
-54.6637  3.14159  3.14159  0.00245788  0.0725336
-27.0177  3.14159  3.14159  0.00944334  0.142988
-13.1947  3.14159  3.14159  0.0316133  0.266379
-10.6814  3.14159  3.14159  0.0424715  0.311374
-8.16814  3.14159  3.14159  0.0584733  0.369379
-6.9115  3.14159  3.14159  0.0690025  0.403344
-5.65487  3.14159  3.14159  0.0813704  0.438772
-4.39823  3.14159  3.14159  0.0952805  0.470036
-3.14159  3.14159  3.14159  0.109688  0.481151
-1.88496  3.14159  3.14159  0.122392  0.429881
-0.628319  3.14159  3.14159  0.130127  0.222397
0.628319  3.14159  3.14159  0.130127  -0.222397
1.88496  3.14159  3.14159  0.122392  -0.429881
3.14159  3.14159  3.14159  0.109688  -0.481151
4.39823  3.14159  3.14159  0.0952805  -0.470036
5.65487  3.14159  3.14159  0.0813704  -0.438772
6.9115  3.14159  3.14159  0.0690025  -0.403344
8.16814  3.14159  3.14159  0.0584733  -0.369379
10.6814  3.14159  3.14159  0.0424715  -0.311374
15.708  3.14159  3.14159  0.0241689  -0.23152
33.3009  3.14159  3.14159  0.00639283  -0.117356
