-54.6637  0  0  3.11222e-06  -0.000234206
-27.0177  0  0  4.97694e-05  -0.00180454
-13.1947  0  0  0.000698667  -0.0121013
-10.6814  0  0  0.0014047  -0.019903
-8.16814  0  0  0.00315375  -0.0353453
-6.9115  0  0  0.00497435  -0.0487409
-5.65487  0  0  0.0081868  -0.0688947
-4.39823  0  0  0.0141962  -0.0995151
-3.14159  0  0  0.0262023  -0.144083
-1.88496  0  0  0.0509508  -0.192288
-0.628319  0  0  0.0933741  -0.155368
0.628319  0  0  0.093374  0.155368
1.88496  0  0  0.0509506  0.192288
3.14159  0  0  0.0262022  0.144083
4.39823  0  0  0.0141961  0.0995151
5.65487  0  0  0.00818669  0.0688947
6.9115  0  0  0.00497425  0.0487409
8.16814  0  0  0.00315367  0.0353453
10.6814  0  0  0.00140463  0.019903
15.708  0  0  0.000379399  0.00782297
33.3009  0  0  2.20362e-05  0.00099482
-54.6637  0  3.14159  7.16347e-10  -0.000234177
-27.0177  0  3.14159  7.96506e-09  -0.0018041
-13.1947  0  3.14159  3.38047e-08  -0.0121128
-10.6814  0  3.14159  4.25985e-08  -0.0199426
-8.16814  0  3.14159  5.07925e-08  -0.0354821
-6.9115  0  3.14159  5.37757e-08  -0.0490236
-5.65487  0  3.14159  5.70752e-08  -0.0696285
-4.39823  0  3.14159  6.49754e-08  -0.102217
-3.14159  0  3.14159  7.66673e-08  -0.157438
-1.88496  0  3.14159  9.5175e-08  -0.268205
-0.628319  0  3.14159  1.31507e-07  -0.589766
0.628319  0  3.14159  -1.25283e-07  0.589766
1.88496  0  3.14159  -9.58071e-08  0.268205
3.14159  0  3.14159  -7.61208e-08  0.157438
4.39823  0  3.14159  -6.25493e-08  0.102217
5.65487  0  3.14159  -5.23947e-08  0.0696285
6.9115  0  3.14159  -4.2953e-08  0.0490236
8.16814  0  3.14159  -3.6126e-08  0.0354821
10.6814  0  3.14159  -2.76415e-08  0.0199426
15.708  0  3.14159  -1.96312e-08  0.00782579
33.3009  0  3.14159  -6.93403e-09  0.000994589
-54.6637  3.14159  0  7.16347e-10  -0.000234177
-27.0177  3.14159  0  7.96506e-09  -0.0018041
-13.1947  3.14159  0  3.38047e-08  -0.0121128
-10.6814  3.14159  0  4.25985e-08  -0.0199426
-8.16814  3.14159  0  5.07925e-08  -0.0354821
-6.9115  3.14159  0  5.37757e-08  -0.0490236
-5.65487  3.14159  0  5.70752e-08  -0.0696285
-4.39823  3.14159  0  6.49754e-08  -0.102217
-3.14159  3.14159  0  7.66673e-08  -0.157438
-1.88496  3.14159  0  9.5175e-08  -0.268205
-0.628319  3.14159  0  1.31507e-07  -0.589766
0.628319  3.14159  0  -1.25283e-07  0.589766
1.88496  3.14159  0  -9.58071e-08  0.268205
3.14159  3.14159  0  -7.61208e-08  0.157438
4.39823  3.14159  0  -6.25493e-08  0.102217
5.65487  3.14159  0  -5.23947e-08  0.0696285
6.9115  3.14159  0  -4.2953e-08  0.0490236
8.16814  3.14159  0  -3.6126e-08  0.0354821
10.6814  3.14159  0  -2.76415e-08  0.0199426
15.708  3.14159  0  -1.96312e-08  0.00782579
33.3009  3.14159  0  -6.93403e-09  0.000994589
-54.6637  3.14159  3.14159  -3.11073e-06  -0.000234206
-27.0177  3.14159  3.14159  -4.9753e-05  -0.00180454
-13.1947  3.14159  3.14159  -0.000698603  -0.0121013
-10.6814  3.14159  3.14159  -0.00140462  -0.019903
-8.16814  3.14159  3.14159  -0.00315365  -0.0353453
-6.9115  3.14159  3.14159  -0.00497424  -0.0487409
-5.65487  3.14159  3.14159  -0.00818669  -0.0688947
-4.39823  3.14159  3.14159  -0.0141961  -0.0995151
-3.14159  3.14159  3.14159  -0.0262022  -0.144083
-1.88496  3.14159  3.14159  -0.0509506  -0.192288
-0.628319  3.14159  3.14159  -0.093374  -0.155368
0.628319  3.14159  3.14159  -0.093374  0.155368
1.88496  3.14159  3.14159  -0.0509508  0.192288
3.14159  3.14159  3.14159  -0.0262023  0.144083
4.39823  3.14159  3.14159  -0.0141962  0.0995151
5.65487  3.14159  3.14159  -0.00818679  0.0688947
6.9115  3.14159  3.14159  -0.00497433  0.0487409
8.16814  3.14159  3.14159  -0.00315373  0.0353453
10.6814  3.14159  3.14159  -0.00140469  0.019903
15.708  3.14159  3.14159  -0.00037944  0.00782296
33.3009  3.14159  3.14159  -2.20498e-05  0.000994819
