-54.6637  0  0  -0.00071173  0.0486059
-27.0177  0  0  -0.00289987  0.0977786
-13.1947  0  0  -0.0119222  0.195559
-10.6814  0  0  -0.0179285  0.237781
-8.16814  0  0  -0.0296276  0.30128
-6.9115  0  0  -0.0399351  0.345938
-5.65487  0  0  -0.0560005  0.403338
-4.39823  0  0  -0.0821646  0.476954
-3.14159  0  0  -0.126529  0.565115
-1.88496  0  0  -0.201994  0.63087
-0.628319  0  0  -0.311828  0.455468
0.628319  0  0  -0.311831  -0.455467
1.88496  0  0  -0.201996  -0.63086
3.14159  0  0  -0.126533  -0.56511
4.39823  0  0  -0.0821729  -0.476954
5.65487  0  0  -0.056  -0.403338
6.9115  0  0  -0.0399355  -0.345938
8.16814  0  0  -0.0296273  -0.301279
10.6814  0  0  -0.0179301  -0.237781
15.708  0  0  -0.00847773  -0.165754
33.3009  0  0  -0.00191398  -0.0795359
-54.6637  0  3.14159  1.59823e-06  0.048682
-27.0177  0  3.14159  -3.06456e-07  0.0983791
-13.1947  0  3.14159  9.03899e-07  0.200515
-10.6814  0  3.14159  2.33859e-06  0.246874
-8.16814  0  3.14159  8.3498e-06  0.320404
-6.9115  0  3.14159  1.36448e-05  0.375738
-5.65487  0  3.14159  6.47847e-06  0.452911
-4.39823  0  3.14159  -1.68361e-05  0.566996
-3.14159  0  3.14159  -2.70612e-05  0.751534
-1.88496  0  3.14159  1.5442e-05  1.10776
-0.628319  0  3.14159  -3.23681e-05  2.51014
0.628319  0  3.14159  5.39308e-05  -2.51017
1.88496  0  3.14159  3.26172e-05  -1.1078
3.14159  0  3.14159  -7.29662e-06  -0.751526
4.39823  0  3.14159  -8.29308e-06  -0.566987
5.65487  0  3.14159  -1.84536e-05  -0.452905
6.9115  0  3.14159  4.82847e-07  -0.375742
8.16814  0  3.14159  1.91629e-07  -0.320407
10.6814  0  3.14159  -6.68197e-06  -0.246873
15.708  0  3.14159  -2.2675e-06  -0.168739
33.3009  0  3.14159  2.90718e-06  -0.0798524
-54.6637  3.14159  0  1.59823e-06  0.048682
-27.0177  3.14159  0  -3.06456e-07  0.0983791
-13.1947  3.14159  0  9.03899e-07  0.200515
-10.6814  3.14159  0  2.33859e-06  0.246874
-8.16814  3.14159  0  8.3498e-06  0.320404
-6.9115  3.14159  0  1.36448e-05  0.375738
-5.65487  3.14159  0  6.47847e-06  0.452911
-4.39823  3.14159  0  -1.68361e-05  0.566996
-3.14159  3.14159  0  -2.70612e-05  0.751534
-1.88496  3.14159  0  1.5442e-05  1.10776
-0.628319  3.14159  0  -3.23681e-05  2.51014
0.628319  3.14159  0  5.39308e-05  -2.51017
1.88496  3.14159  0  3.26172e-05  -1.1078
3.14159  3.14159  0  -7.29662e-06  -0.751526
4.39823  3.14159  0  -8.29308e-06  -0.566987
5.65487  3.14159  0  -1.84536e-05  -0.452905
6.9115  3.14159  0  4.82847e-07  -0.375742
8.16814  3.14159  0  1.91629e-07  -0.320407
10.6814  3.14159  0  -6.68197e-06  -0.246873
15.708  3.14159  0  -2.2675e-06  -0.168739
33.3009  3.14159  0  2.90718e-06  -0.0798524
-54.6637  3.14159  3.14159  0.000712217  0.0486053
-27.0177  3.14159  3.14159  0.00289986  0.0977797
-13.1947  3.14159  3.14159  0.0119237  0.19556
-10.6814  3.14159  3.14159  0.0179314  0.237784
-8.16814  3.14159  3.14159  0.0296289  0.301281
-6.9115  3.14159  3.14159  0.0399368  0.34594
-5.65487  3.14159  3.14159  0.0560011  0.403342
-4.39823  3.14159  3.14159  0.0821652  0.476952
-3.14159  3.14159  3.14159  0.126481  0.565102
-1.88496  3.14159  3.14159  0.201671  0.630868
-0.628319  3.14159  3.14159  0.311592  0.455707
0.628319  3.14159  3.14159  0.31161  -0.455706
1.88496  3.14159  3.14159  0.201664  -0.630871
3.14159  3.14159  3.14159  0.126486  -0.565097
4.39823  3.14159  3.14159  0.082164  -0.476949
5.65487  3.14159  3.14159  0.055995  -0.403341
6.9115  3.14159  3.14159  0.0399338  -0.345941
8.16814  3.14159  3.14159  0.0296264  -0.301281
10.6814  3.14159  3.14159  0.0179265  -0.237783
15.708  3.14159  3.14159  0.00847746  -0.165755
33.3009  3.14159  3.14159  0.00191341  -0.0795361
