-54.6637  0  0  6.48037e-05  -0.0302035
-27.0177  0  0  0.000204462  -0.0583764
-13.1947  0  0  0.000397816  -0.102343
-10.6814  0  0  0.000509335  -0.116149
-8.16814  0  0  0.000986507  -0.131831
-6.9115  0  0  0.00170603  -0.139731
-5.65487  0  0  0.00327181  -0.146706
-4.39823  0  0  0.0065891  -0.151188
-3.14159  0  0  0.0132579  -0.150216
-1.88496  0  0  0.025243  -0.136593
-0.628319  0  0  0.0412961  -0.0818941
0.628319  0  0  0.0412961  0.0818941
1.88496  0  0  0.025243  0.136593
3.14159  0  0  0.0132579  0.150216
4.39823  0  0  0.00658909  0.151188
5.65487  0  0  0.0032718  0.146706
6.9115  0  0  0.00170602  0.139731
8.16814  0  0  0.000986494  0.131831
10.6814  0  0  0.000509301  0.116149
15.708  0  0  0.000351268  0.0907668
33.3009  0  0  0.000150824  0.048324
-54.6637  0  3.14159  8.98886e-08  -0.0302249
-27.0177  0  3.14159  1.59805e-07  -0.0585625
-13.1947  0  3.14159  9.70683e-08  -0.104155
-10.6814  0  3.14159  2.95205e-08  -0.119693
-8.16814  0  3.14159  -4.06265e-08  -0.139819
-6.9115  0  3.14159  -4.35072e-08  -0.152474
-5.65487  0  3.14159  -5.32486e-09  -0.167851
-4.39823  0  3.14159  9.65344e-10  -0.187396
-3.14159  0  3.14159  2.43699e-09  -0.213195
-1.88496  0  3.14159  2.57579e-09  -0.246401
-0.628319  0  3.14159  2.87121e-09  -0.281423
0.628319  0  3.14159  -4.59889e-09  0.281423
1.88496  0  3.14159  -4.34731e-09  0.246401
3.14159  0  3.14159  -4.39481e-09  0.213195
4.39823  0  3.14159  -5.54834e-09  0.187396
5.65487  0  3.14159  -9.72221e-09  0.167851
6.9115  0  3.14159  -3.12721e-08  0.152474
8.16814  0  3.14159  -2.93016e-08  0.139819
10.6814  0  3.14159  -1.46663e-09  0.119693
15.708  0  3.14159  1.8305e-08  0.0918034
33.3009  0  3.14159  -2.10441e-08  0.0484213
-54.6637  3.14159  0  8.98886e-08  -0.0302249
-27.0177  3.14159  0  1.59805e-07  -0.0585625
-13.1947  3.14159  0  9.70683e-08  -0.104155
-10.6814  3.14159  0  2.95205e-08  -0.119693
-8.16814  3.14159  0  -4.06265e-08  -0.139819
-6.9115  3.14159  0  -4.35072e-08  -0.152474
-5.65487  3.14159  0  -5.32486e-09  -0.167851
-4.39823  3.14159  0  9.65344e-10  -0.187396
-3.14159  3.14159  0  2.43699e-09  -0.213195
-1.88496  3.14159  0  2.57579e-09  -0.246401
-0.628319  3.14159  0  2.87121e-09  -0.281423
0.628319  3.14159  0  -4.59889e-09  0.281423
1.88496  3.14159  0  -4.34731e-09  0.246401
3.14159  3.14159  0  -4.39481e-09  0.213195
4.39823  3.14159  0  -5.54834e-09  0.187396
5.65487  3.14159  0  -9.72221e-09  0.167851
6.9115  3.14159  0  -3.12721e-08  0.152474
8.16814  3.14159  0  -2.93016e-08  0.139819
10.6814  3.14159  0  -1.46663e-09  0.119693
15.708  3.14159  0  1.8305e-08  0.0918034
33.3009  3.14159  0  -2.10441e-08  0.0484213
-54.6637  3.14159  3.14159  -6.46424e-05  -0.0302035
-27.0177  3.14159  3.14159  -0.000204181  -0.0583764
-13.1947  3.14159  3.14159  -0.000397649  -0.102343
-10.6814  3.14159  3.14159  -0.000509276  -0.116149
-8.16814  3.14159  3.14159  -0.000986552  -0.131831
-6.9115  3.14159  3.14159  -0.00170608  -0.139731
-5.65487  3.14159  3.14159  -0.00327181  -0.146706
-4.39823  3.14159  3.14159  -0.0065891  -0.151188
-3.14159  3.14159  3.14159  -0.0132579  -0.150216
-1.88496  3.14159  3.14159  -0.025243  -0.136593
-0.628319  3.14159  3.14159  -0.0412961  -0.0818941
0.628319  3.14159  3.14159  -0.0412961  0.0818941
1.88496  3.14159  3.14159  -0.025243  0.136593
3.14159  3.14159  3.14159  -0.0132579  0.150216
4.39823  3.14159  3.14159  -0.0065891  0.151188
5.65487  3.14159  3.14159  -0.00327181  0.146706
6.9115  3.14159  3.14159  -0.00170606  0.139731
8.16814  3.14159  3.14159  -0.000986531  0.131831
10.6814  3.14159  3.14159  -0.000509303  0.116149
15.708  3.14159  3.14159  -0.000351241  0.0907668
33.3009  3.14159  3.14159  -0.000150861  0.048324
