-54.6637  0  0  0.000462459  -0.0340558
-27.0177  0  0  0.00200346  -0.0689539
-13.1947  0  0  0.00929357  -0.140081
-10.6814  0  0  0.0143653  -0.171192
-8.16814  0  0  0.0240151  -0.217836
-6.9115  0  0  0.0320742  -0.250207
-5.65487  0  0  0.0437611  -0.290821
-4.39823  0  0  0.0608083  -0.340223
-3.14159  0  0  0.0853705  -0.391902
-1.88496  0  0  0.118701  -0.409073
-0.628319  0  0  0.154726  -0.257607
0.628319  0  0  0.154726  0.257607
1.88496  0  0  0.118701  0.409073
3.14159  0  0  0.0853705  0.391902
4.39823  0  0  0.0608083  0.340223
5.65487  0  0  0.0437611  0.290821
6.9115  0  0  0.0320742  0.250207
8.16814  0  0  0.024015  0.217836
10.6814  0  0  0.0143653  0.171192
15.708  0  0  0.0064142  0.118204
33.3009  0  0  0.0012887  0.0559356
-54.6637  0  3.14159  -1.13472e-10  -0.0340756
-27.0177  0  3.14159  -1.37024e-09  -0.0691233
-13.1947  0  3.14159  1.96103e-09  -0.141492
-10.6814  0  3.14159  5.77219e-09  -0.173655
-8.16814  0  3.14159  -9.06425e-09  -0.222483
-6.9115  0  3.14159  -2.13748e-08  -0.256885
-5.65487  0  3.14159  3.30898e-09  -0.301096
-4.39823  0  3.14159  1.49695e-09  -0.358636
-3.14159  0  3.14159  1.14807e-09  -0.435418
-1.88496  0  3.14159  2.54214e-09  -0.547328
-0.628319  0  3.14159  4.61567e-09  -0.737009
0.628319  0  3.14159  6.53578e-09  0.737009
1.88496  0  3.14159  4.45924e-09  0.547328
3.14159  0  3.14159  2.57191e-09  0.435418
4.39823  0  3.14159  1.62867e-09  0.358636
5.65487  0  3.14159  1.15968e-09  0.301096
6.9115  0  3.14159  -5.16707e-09  0.256885
8.16814  0  3.14159  7.43834e-10  0.222483
10.6814  0  3.14159  2.38618e-09  0.173655
15.708  0  3.14159  -1.90129e-09  0.119066
33.3009  0  3.14159  -2.9401e-10  0.0560249
-54.6637  3.14159  0  -1.13472e-10  -0.0340756
-27.0177  3.14159  0  -1.37024e-09  -0.0691233
-13.1947  3.14159  0  1.96103e-09  -0.141492
-10.6814  3.14159  0  5.77219e-09  -0.173655
-8.16814  3.14159  0  -9.06425e-09  -0.222483
-6.9115  3.14159  0  -2.13748e-08  -0.256885
-5.65487  3.14159  0  3.30898e-09  -0.301096
-4.39823  3.14159  0  1.49695e-09  -0.358636
-3.14159  3.14159  0  1.14807e-09  -0.435418
-1.88496  3.14159  0  2.54214e-09  -0.547328
-0.628319  3.14159  0  4.61567e-09  -0.737009
0.628319  3.14159  0  6.53578e-09  0.737009
1.88496  3.14159  0  4.45924e-09  0.547328
3.14159  3.14159  0  2.57191e-09  0.435418
4.39823  3.14159  0  1.62867e-09  0.358636
5.65487  3.14159  0  1.15968e-09  0.301096
6.9115  3.14159  0  -5.16707e-09  0.256885
8.16814  3.14159  0  7.43834e-10  0.222483
10.6814  3.14159  0  2.38618e-09  0.173655
15.708  3.14159  0  -1.90129e-09  0.119066
33.3009  3.14159  0  -2.9401e-10  0.0560249
-54.6637  3.14159  3.14159  -0.000462431  -0.0340558
-27.0177  3.14159  3.14159  -0.00200343  -0.0689539
-13.1947  3.14159  3.14159  -0.00929362  -0.140081
-10.6814  3.14159  3.14159  -0.0143653  -0.171192
-8.16814  3.14159  3.14159  -0.024015  -0.217836
-6.9115  3.14159  3.14159  -0.0320742  -0.250207
-5.65487  3.14159  3.14159  -0.0437611  -0.290821
-4.39823  3.14159  3.14159  -0.0608083  -0.340223
-3.14159  3.14159  3.14159  -0.0853705  -0.391902
-1.88496  3.14159  3.14159  -0.118701  -0.409073
-0.628319  3.14159  3.14159  -0.154726  -0.257607
0.628319  3.14159  3.14159  -0.154726  0.257607
1.88496  3.14159  3.14159  -0.118701  0.409073
3.14159  3.14159  3.14159  -0.0853705  0.391902
4.39823  3.14159  3.14159  -0.0608083  0.340223
5.65487  3.14159  3.14159  -0.0437611  0.290821
6.9115  3.14159  3.14159  -0.0320742  0.250207
8.16814  3.14159  3.14159  -0.024015  0.217836
10.6814  3.14159  3.14159  -0.0143653  0.171192
15.708  3.14159  3.14159  -0.0064142  0.118204
33.3009  3.14159  3.14159  -0.00128871  0.0559356
