-54.6637  0  0  0.000462533  -0.0341006
-27.0177  0  0  0.00200371  -0.0690437
-13.1947  0  0  0.009294  -0.140259
-10.6814  0  0  0.0143655  -0.171409
-8.16814  0  0  0.0240149  -0.218111
-6.9115  0  0  0.0320736  -0.250526
-5.65487  0  0  0.04376  -0.291201
-4.39823  0  0  0.0608075  -0.340692
-3.14159  0  0  0.085374  -0.392506
-1.88496  0  0  0.118722  -0.409849
-0.628319  0  0  0.154798  -0.258274
0.628319  0  0  0.154798  0.258274
1.88496  0  0  0.118722  0.409849
3.14159  0  0  0.085374  0.392506
4.39823  0  0  0.0608075  0.340692
5.65487  0  0  0.04376  0.291201
6.9115  0  0  0.0320735  0.250526
8.16814  0  0  0.0240148  0.218111
10.6814  0  0  0.0143656  0.171409
15.708  0  0  0.00641464  0.118355
33.3009  0  0  0.00128888  0.0560087
-54.6637  0  3.14159  8.7473e-11  -0.0341204
-27.0177  0  3.14159  -1.15361e-09  -0.0692138
-13.1947  0  3.14159  1.61248e-09  -0.141675
-10.6814  0  3.14159  5.45657e-09  -0.173881
-8.16814  0  3.14159  -8.99554e-09  -0.222776
-6.9115  0  3.14159  -2.1203e-08  -0.25723
-5.65487  0  3.14159  3.26436e-09  -0.301516
-4.39823  0  3.14159  1.44891e-09  -0.359173
-3.14159  0  3.14159  1.21354e-09  -0.436164
-1.88496  0  3.14159  2.79972e-09  -0.548595
-0.628319  0  3.14159  4.49432e-09  -0.741105
0.628319  0  3.14159  5.90172e-09  0.741105
1.88496  0  3.14159  4.14947e-09  0.548595
3.14159  0  3.14159  2.07283e-09  0.436164
4.39823  0  3.14159  1.02202e-09  0.359173
5.65487  0  3.14159  5.23578e-10  0.301516
6.9115  0  3.14159  -5.7659e-09  0.25723
8.16814  0  3.14159  1.51205e-10  0.222776
10.6814  0  3.14159  1.87999e-09  0.173881
15.708  0  3.14159  -2.14453e-09  0.119221
33.3009  0  3.14159  -4.5275e-10  0.0560985
-54.6637  3.14159  0  8.7473e-11  -0.0341204
-27.0177  3.14159  0  -1.15361e-09  -0.0692138
-13.1947  3.14159  0  1.61248e-09  -0.141675
-10.6814  3.14159  0  5.45657e-09  -0.173881
-8.16814  3.14159  0  -8.99554e-09  -0.222776
-6.9115  3.14159  0  -2.1203e-08  -0.25723
-5.65487  3.14159  0  3.26436e-09  -0.301516
-4.39823  3.14159  0  1.44891e-09  -0.359173
-3.14159  3.14159  0  1.21354e-09  -0.436164
-1.88496  3.14159  0  2.79972e-09  -0.548595
-0.628319  3.14159  0  4.49432e-09  -0.741105
0.628319  3.14159  0  5.90172e-09  0.741105
1.88496  3.14159  0  4.14947e-09  0.548595
3.14159  3.14159  0  2.07283e-09  0.436164
4.39823  3.14159  0  1.02202e-09  0.359173
5.65487  3.14159  0  5.23578e-10  0.301516
6.9115  3.14159  0  -5.7659e-09  0.25723
8.16814  3.14159  0  1.51205e-10  0.222776
10.6814  3.14159  0  1.87999e-09  0.173881
15.708  3.14159  0  -2.14453e-09  0.119221
33.3009  3.14159  0  -4.5275e-10  0.0560985
-54.6637  3.14159  3.14159  -0.000462506  -0.0341006
-27.0177  3.14159  3.14159  -0.00200368  -0.0690437
-13.1947  3.14159  3.14159  -0.00929404  -0.140259
-10.6814  3.14159  3.14159  -0.0143656  -0.171409
-8.16814  3.14159  3.14159  -0.0240148  -0.218111
-6.9115  3.14159  3.14159  -0.0320735  -0.250526
-5.65487  3.14159  3.14159  -0.04376  -0.291201
-4.39823  3.14159  3.14159  -0.0608075  -0.340692
-3.14159  3.14159  3.14159  -0.085374  -0.392506
-1.88496  3.14159  3.14159  -0.118722  -0.409849
-0.628319  3.14159  3.14159  -0.154798  -0.258274
0.628319  3.14159  3.14159  -0.154798  0.258274
1.88496  3.14159  3.14159  -0.118722  0.409849
3.14159  3.14159  3.14159  -0.085374  0.392506
4.39823  3.14159  3.14159  -0.0608075  0.340692
5.65487  3.14159  3.14159  -0.04376  0.291201
6.9115  3.14159  3.14159  -0.0320735  0.250526
8.16814  3.14159  3.14159  -0.0240148  0.218111
10.6814  3.14159  3.14159  -0.0143656  0.171409
15.708  3.14159  3.14159  -0.00641463  0.118355
33.3009  3.14159  3.14159  -0.00128889  0.0560087
