-54.6637  0  0  0.000463477  -0.0346617
-27.0177  0  0  0.00200691  -0.0701688
-13.1947  0  0  0.00929984  -0.142492
-10.6814  0  0  0.0143699  -0.174121
-8.16814  0  0  0.024014  -0.221559
-6.9115  0  0  0.0320679  -0.254516
-5.65487  0  0  0.0437497  -0.295942
-4.39823  0  0  0.0608024  -0.346534
-3.14159  0  0  0.0854223  -0.400025
-1.88496  0  0  0.118991  -0.419488
-0.628319  0  0  0.155691  -0.266593
0.628319  0  0  0.155691  0.266593
1.88496  0  0  0.118991  0.419488
3.14159  0  0  0.0854223  0.400025
4.39823  0  0  0.0608024  0.346534
5.65487  0  0  0.0437497  0.295942
6.9115  0  0  0.0320678  0.254516
8.16814  0  0  0.024014  0.221559
10.6814  0  0  0.01437  0.174121
15.708  0  0  0.00642041  0.120252
33.3009  0  0  0.00129117  0.0569252
-54.6637  0  3.14159  1.51621e-09  -0.0346825
-27.0177  0  3.14159  -4.52138e-09  -0.0703469
-13.1947  0  3.14159  -2.59022e-08  -0.143972
-10.6814  0  3.14159  -2.68411e-08  -0.176707
-8.16814  0  3.14159  -3.93567e-08  -0.226451
-6.9115  0  3.14159  -5.14059e-08  -0.261558
-5.65487  0  3.14159  -3.27436e-08  -0.306779
-4.39823  0  3.14159  -3.05202e-08  -0.365886
-3.14159  0  3.14159  -1.86719e-08  -0.445462
-1.88496  0  3.14159  5.29869e-09  -0.564255
-0.628319  0  3.14159  -1.06385e-09  -0.792951
0.628319  0  3.14159  -2.1585e-09  0.792951
1.88496  0  3.14159  3.90313e-09  0.564255
3.14159  0  3.14159  -2.0629e-08  0.445462
4.39823  0  3.14159  -3.39536e-08  0.365886
5.65487  0  3.14159  -3.9336e-08  0.306779
6.9115  0  3.14159  -4.51034e-08  0.261558
8.16814  0  3.14159  -3.71841e-08  0.226451
10.6814  0  3.14159  -2.80863e-08  0.176707
15.708  0  3.14159  -1.84977e-08  0.121157
33.3009  0  3.14159  -6.07621e-09  0.0570192
-54.6637  3.14159  0  1.51621e-09  -0.0346825
-27.0177  3.14159  0  -4.52138e-09  -0.0703469
-13.1947  3.14159  0  -2.59022e-08  -0.143972
-10.6814  3.14159  0  -2.68411e-08  -0.176707
-8.16814  3.14159  0  -3.93567e-08  -0.226451
-6.9115  3.14159  0  -5.14059e-08  -0.261558
-5.65487  3.14159  0  -3.27436e-08  -0.306779
-4.39823  3.14159  0  -3.05202e-08  -0.365886
-3.14159  3.14159  0  -1.86719e-08  -0.445462
-1.88496  3.14159  0  5.29869e-09  -0.564255
-0.628319  3.14159  0  -1.06385e-09  -0.792951
0.628319  3.14159  0  -2.1585e-09  0.792951
1.88496  3.14159  0  3.90313e-09  0.564255
3.14159  3.14159  0  -2.0629e-08  0.445462
4.39823  3.14159  0  -3.39536e-08  0.365886
5.65487  3.14159  0  -3.9336e-08  0.306779
6.9115  3.14159  0  -4.51034e-08  0.261558
8.16814  3.14159  0  -3.71841e-08  0.226451
10.6814  3.14159  0  -2.80863e-08  0.176707
15.708  3.14159  0  -1.84977e-08  0.121157
33.3009  3.14159  0  -6.07621e-09  0.0570192
-54.6637  3.14159  3.14159  -0.000463447  -0.0346617
-27.0177  3.14159  3.14159  -0.00200689  -0.0701688
-13.1947  3.14159  3.14159  -0.00929994  -0.142492
-10.6814  3.14159  3.14159  -0.01437  -0.174121
-8.16814  3.14159  3.14159  -0.024014  -0.221559
-6.9115  3.14159  3.14159  -0.0320679  -0.254516
-5.65487  3.14159  3.14159  -0.0437498  -0.295942
-4.39823  3.14159  3.14159  -0.0608025  -0.346534
-3.14159  3.14159  3.14159  -0.0854225  -0.400025
-1.88496  3.14159  3.14159  -0.118991  -0.419488
-0.628319  3.14159  3.14159  -0.155691  -0.266593
0.628319  3.14159  3.14159  -0.155691  0.266593
1.88496  3.14159  3.14159  -0.118991  0.419488
3.14159  3.14159  3.14159  -0.0854225  0.400025
4.39823  3.14159  3.14159  -0.0608025  0.346534
5.65487  3.14159  3.14159  -0.0437498  0.295942
6.9115  3.14159  3.14159  -0.0320679  0.254516
8.16814  3.14159  3.14159  -0.024014  0.221559
10.6814  3.14159  3.14159  -0.01437  0.174121
15.708  3.14159  3.14159  -0.00642044  0.120252
33.3009  3.14159  3.14159  -0.00129118  0.0569252
