-54.6637  0  0  6.62972e-05  -0.0401224
-27.0177  0  0  0.00020777  -0.0781679
-13.1947  0  0  0.00037423  -0.14058
-10.6814  0  0  0.000450394  -0.161591
-8.16814  0  0  0.00084743  -0.186938
-6.9115  0  0  0.00149946  -0.200641
-5.65487  0  0  0.00298296  -0.213659
-4.39823  0  0  0.00624541  -0.223137
-3.14159  0  0  0.0130548  -0.222751
-1.88496  0  0  0.0258725  -0.198699
-0.628319  0  0  0.0443888  -0.11396
0.628319  0  0  0.0443889  0.11396
1.88496  0  0  0.0258726  0.198699
3.14159  0  0  0.0130549  0.222751
4.39823  0  0  0.00624551  0.223137
5.65487  0  0  0.00298304  0.213659
6.9115  0  0  0.0014995  0.200641
8.16814  0  0  0.000847451  0.186938
10.6814  0  0  0.000450406  0.161591
15.708  0  0  0.000343158  0.123609
33.3009  0  0  0.000153919  0.0644825
-54.6637  0  3.14159  3.59151e-08  -0.0401581
-27.0177  0  3.14159  3.77256e-08  -0.0784754
-13.1947  0  3.14159  -1.36812e-07  -0.143504
-10.6814  0  3.14159  -3.00313e-07  -0.167273
-8.16814  0  3.14159  -6.41079e-07  -0.199766
-6.9115  0  3.14159  -9.38146e-07  -0.221285
-5.65487  0  3.14159  -1.40102e-06  -0.248583
-4.39823  0  3.14159  -2.20797e-06  -0.285143
-3.14159  0  3.14159  -3.60064e-06  -0.337162
-1.88496  0  3.14159  -5.59921e-06  -0.413531
-0.628319  0  3.14159  -7.74395e-06  -0.463222
0.628319  0  3.14159  -7.44777e-06  0.463222
1.88496  0  3.14159  -5.42424e-06  0.413531
3.14159  0  3.14159  -3.46706e-06  0.337162
4.39823  0  3.14159  -2.09747e-06  0.285143
5.65487  0  3.14159  -1.30312e-06  0.248583
6.9115  0  3.14159  -8.50926e-07  0.221285
8.16814  0  3.14159  -5.8778e-07  0.199766
10.6814  0  3.14159  -2.88795e-07  0.167274
15.708  0  3.14159  -7.55378e-08  0.125291
33.3009  0  3.14159  -2.41097e-08  0.064644
-54.6637  3.14159  0  3.59151e-08  -0.0401581
-27.0177  3.14159  0  3.77256e-08  -0.0784754
-13.1947  3.14159  0  -1.36812e-07  -0.143504
-10.6814  3.14159  0  -3.00313e-07  -0.167273
-8.16814  3.14159  0  -6.41079e-07  -0.199766
-6.9115  3.14159  0  -9.38146e-07  -0.221285
-5.65487  3.14159  0  -1.40102e-06  -0.248583
-4.39823  3.14159  0  -2.20797e-06  -0.285143
-3.14159  3.14159  0  -3.60064e-06  -0.337162
-1.88496  3.14159  0  -5.59921e-06  -0.413531
-0.628319  3.14159  0  -7.74395e-06  -0.463222
0.628319  3.14159  0  -7.44777e-06  0.463222
1.88496  3.14159  0  -5.42424e-06  0.413531
3.14159  3.14159  0  -3.46706e-06  0.337162
4.39823  3.14159  0  -2.09747e-06  0.285143
5.65487  3.14159  0  -1.30312e-06  0.248583
6.9115  3.14159  0  -8.50926e-07  0.221285
8.16814  3.14159  0  -5.8778e-07  0.199766
10.6814  3.14159  0  -2.88795e-07  0.167274
15.708  3.14159  0  -7.55378e-08  0.125291
33.3009  3.14159  0  -2.41097e-08  0.064644
-54.6637  3.14159  3.14159  -6.62102e-05  -0.0401224
-27.0177  3.14159  3.14159  -0.000207659  -0.0781678
-13.1947  3.14159  3.14159  -0.000374518  -0.14058
-10.6814  3.14159  3.14159  -0.000451095  -0.16159
-8.16814  3.14159  3.14159  -0.000849015  -0.186937
-6.9115  3.14159  3.14159  -0.00150187  -0.20064
-5.65487  3.14159  3.14159  -0.0029868  -0.213658
-4.39823  3.14159  3.14159  -0.0062522  -0.223135
-3.14159  3.14159  3.14159  -0.0130696  -0.222749
-1.88496  3.14159  3.14159  -0.0259078  -0.198697
-0.628319  3.14159  3.14159  -0.0444306  -0.113948
0.628319  3.14159  3.14159  -0.0444305  0.113948
1.88496  3.14159  3.14159  -0.0259077  0.198697
3.14159  3.14159  3.14159  -0.0130695  0.222749
4.39823  3.14159  3.14159  -0.0062521  0.223135
5.65487  3.14159  3.14159  -0.00298671  0.213658
6.9115  3.14159  3.14159  -0.00150176  0.20064
8.16814  3.14159  3.14159  -0.000848901  0.186937
10.6814  3.14159  3.14159  -0.00045106  0.161591
15.708  3.14159  3.14159  -0.000343311  0.123609
33.3009  3.14159  3.14159  -0.000153959  0.0644825
