-54.6637  0  0  0.000462468  -0.0340618
-27.0177  0  0  0.00200349  -0.0689657
-13.1947  0  0  0.00929362  -0.140104
-10.6814  0  0  0.0143653  -0.171221
-8.16814  0  0  0.024015  -0.217872
-6.9115  0  0  0.0320742  -0.250249
-5.65487  0  0  0.043761  -0.290872
-4.39823  0  0  0.0608082  -0.340285
-3.14159  0  0  0.085371  -0.391982
-1.88496  0  0  0.118703  -0.409176
-0.628319  0  0  0.154736  -0.257696
0.628319  0  0  0.154736  0.257696
1.88496  0  0  0.118703  0.409176
3.14159  0  0  0.085371  0.391982
4.39823  0  0  0.0608082  0.340285
5.65487  0  0  0.043761  0.290872
6.9115  0  0  0.0320741  0.250249
8.16814  0  0  0.024015  0.217872
10.6814  0  0  0.0143653  0.171221
15.708  0  0  0.00641426  0.118224
33.3009  0  0  0.00128872  0.0559453
-54.6637  0  3.14159  -8.42776e-11  -0.0340815
-27.0177  0  3.14159  -1.33587e-09  -0.0691353
-13.1947  0  3.14159  1.92507e-09  -0.141516
-10.6814  0  3.14159  5.7438e-09  -0.173685
-8.16814  0  3.14159  -9.03651e-09  -0.222522
-6.9115  0  3.14159  -2.13323e-08  -0.256931
-5.65487  0  3.14159  3.31904e-09  -0.301152
-4.39823  0  3.14159  1.50297e-09  -0.358707
-3.14159  0  3.14159  1.16526e-09  -0.435517
-1.88496  0  3.14159  2.58447e-09  -0.547496
-0.628319  0  3.14159  4.65736e-09  -0.73755
0.628319  0  3.14159  6.50738e-09  0.73755
1.88496  0  3.14159  4.42382e-09  0.547496
3.14159  0  3.14159  2.51169e-09  0.435517
4.39823  0  3.14159  1.55807e-09  0.358707
5.65487  0  3.14159  1.08859e-09  0.301152
6.9115  0  3.14159  -5.23123e-09  0.256931
8.16814  0  3.14159  6.79821e-10  0.222522
10.6814  0  3.14159  2.33095e-09  0.173685
15.708  0  3.14159  -1.92579e-09  0.119087
33.3009  0  3.14159  -3.13588e-10  0.0560347
-54.6637  3.14159  0  -8.42776e-11  -0.0340815
-27.0177  3.14159  0  -1.33587e-09  -0.0691353
-13.1947  3.14159  0  1.92507e-09  -0.141516
-10.6814  3.14159  0  5.7438e-09  -0.173685
-8.16814  3.14159  0  -9.03651e-09  -0.222522
-6.9115  3.14159  0  -2.13323e-08  -0.256931
-5.65487  3.14159  0  3.31904e-09  -0.301152
-4.39823  3.14159  0  1.50297e-09  -0.358707
-3.14159  3.14159  0  1.16526e-09  -0.435517
-1.88496  3.14159  0  2.58447e-09  -0.547496
-0.628319  3.14159  0  4.65736e-09  -0.73755
0.628319  3.14159  0  6.50738e-09  0.73755
1.88496  3.14159  0  4.42382e-09  0.547496
3.14159  3.14159  0  2.51169e-09  0.435517
4.39823  3.14159  0  1.55807e-09  0.358707
5.65487  3.14159  0  1.08859e-09  0.301152
6.9115  3.14159  0  -5.23123e-09  0.256931
8.16814  3.14159  0  6.79821e-10  0.222522
10.6814  3.14159  0  2.33095e-09  0.173685
15.708  3.14159  0  -1.92579e-09  0.119087
33.3009  3.14159  0  -3.13588e-10  0.0560347
-54.6637  3.14159  3.14159  -0.000462441  -0.0340618
-27.0177  3.14159  3.14159  -0.00200346  -0.0689657
-13.1947  3.14159  3.14159  -0.00929367  -0.140104
-10.6814  3.14159  3.14159  -0.0143653  -0.171221
-8.16814  3.14159  3.14159  -0.024015  -0.217872
-6.9115  3.14159  3.14159  -0.0320741  -0.250249
-5.65487  3.14159  3.14159  -0.043761  -0.290872
-4.39823  3.14159  3.14159  -0.0608082  -0.340285
-3.14159  3.14159  3.14159  -0.085371  -0.391982
-1.88496  3.14159  3.14159  -0.118703  -0.409176
-0.628319  3.14159  3.14159  -0.154736  -0.257696
0.628319  3.14159  3.14159  -0.154736  0.257696
1.88496  3.14159  3.14159  -0.118703  0.409176
3.14159  3.14159  3.14159  -0.085371  0.391982
4.39823  3.14159  3.14159  -0.0608082  0.340285
5.65487  3.14159  3.14159  -0.043761  0.290872
6.9115  3.14159  3.14159  -0.0320741  0.250249
8.16814  3.14159  3.14159  -0.024015  0.217872
10.6814  3.14159  3.14159  -0.0143653  0.171221
15.708  3.14159  3.14159  -0.00641425  0.118224
33.3009  3.14159  3.14159  -0.00128873  0.0559453
