-54.6637  0  0  6.48073e-05  -0.0302249
-27.0177  0  0  0.00020447  -0.0584191
-13.1947  0  0  0.000397747  -0.102425
-10.6814  0  0  0.000509169  -0.116247
-8.16814  0  0  0.000986125  -0.131949
-6.9115  0  0  0.00170547  -0.139861
-5.65487  0  0  0.00327103  -0.146848
-4.39823  0  0  0.0065882  -0.151339
-3.14159  0  0  0.0132574  -0.150368
-1.88496  0  0  0.0252447  -0.136724
-0.628319  0  0  0.0413039  -0.0819651
0.628319  0  0  0.0413039  0.0819651
1.88496  0  0  0.0252447  0.136724
3.14159  0  0  0.0132574  0.150368
4.39823  0  0  0.00658819  0.151339
5.65487  0  0  0.00327103  0.146848
6.9115  0  0  0.00170546  0.139861
8.16814  0  0  0.000986112  0.131949
10.6814  0  0  0.000509136  0.116247
15.708  0  0  0.000351242  0.0908376
33.3009  0  0  0.000150831  0.0483589
-54.6637  0  3.14159  8.97913e-08  -0.0302463
-27.0177  0  3.14159  1.5965e-07  -0.0586055
-13.1947  0  3.14159  9.69902e-08  -0.10424
-10.6814  0  3.14159  2.94815e-08  -0.119795
-8.16814  0  3.14159  -4.06317e-08  -0.139947
-6.9115  0  3.14159  -4.35102e-08  -0.152621
-5.65487  0  3.14159  -5.35132e-09  -0.168022
-4.39823  0  3.14159  9.21214e-10  -0.187601
-3.14159  0  3.14159  2.35383e-09  -0.213451
-1.88496  0  3.14159  2.44238e-09  -0.246729
-0.628319  0  3.14159  2.68394e-09  -0.281809
0.628319  0  3.14159  -4.95871e-09  0.281809
1.88496  0  3.14159  -4.60246e-09  0.246729
3.14159  0  3.14159  -4.5702e-09  0.213451
4.39823  0  3.14159  -5.66328e-09  0.187601
5.65487  0  3.14159  -9.80121e-09  0.168022
6.9115  0  3.14159  -3.13213e-08  0.152621
8.16814  0  3.14159  -2.93407e-08  0.139947
10.6814  0  3.14159  -1.501e-09  0.119795
15.708  0  3.14159  1.82798e-08  0.0918755
33.3009  0  3.14159  -2.10292e-08  0.0484563
-54.6637  3.14159  0  8.97913e-08  -0.0302463
-27.0177  3.14159  0  1.5965e-07  -0.0586055
-13.1947  3.14159  0  9.69902e-08  -0.10424
-10.6814  3.14159  0  2.94815e-08  -0.119795
-8.16814  3.14159  0  -4.06317e-08  -0.139947
-6.9115  3.14159  0  -4.35102e-08  -0.152621
-5.65487  3.14159  0  -5.35132e-09  -0.168022
-4.39823  3.14159  0  9.21214e-10  -0.187601
-3.14159  3.14159  0  2.35383e-09  -0.213451
-1.88496  3.14159  0  2.44238e-09  -0.246729
-0.628319  3.14159  0  2.68394e-09  -0.281809
0.628319  3.14159  0  -4.95871e-09  0.281809
1.88496  3.14159  0  -4.60246e-09  0.246729
3.14159  3.14159  0  -4.5702e-09  0.213451
4.39823  3.14159  0  -5.66328e-09  0.187601
5.65487  3.14159  0  -9.80121e-09  0.168022
6.9115  3.14159  0  -3.13213e-08  0.152621
8.16814  3.14159  0  -2.93407e-08  0.139947
10.6814  3.14159  0  -1.501e-09  0.119795
15.708  3.14159  0  1.82798e-08  0.0918755
33.3009  3.14159  0  -2.10292e-08  0.0484563
-54.6637  3.14159  3.14159  -6.46463e-05  -0.0302249
-27.0177  3.14159  3.14159  -0.000204189  -0.0584191
-13.1947  3.14159  3.14159  -0.000397581  -0.102425
-10.6814  3.14159  3.14159  -0.00050911  -0.116247
-8.16814  3.14159  3.14159  -0.00098617  -0.131949
-6.9115  3.14159  3.14159  -0.00170552  -0.139861
-5.65487  3.14159  3.14159  -0.00327103  -0.146848
-4.39823  3.14159  3.14159  -0.00658819  -0.151339
-3.14159  3.14159  3.14159  -0.0132574  -0.150368
-1.88496  3.14159  3.14159  -0.0252447  -0.136724
-0.628319  3.14159  3.14159  -0.0413039  -0.0819651
0.628319  3.14159  3.14159  -0.041304  0.0819651
1.88496  3.14159  3.14159  -0.0252447  0.136724
3.14159  3.14159  3.14159  -0.0132574  0.150368
4.39823  3.14159  3.14159  -0.0065882  0.151339
5.65487  3.14159  3.14159  -0.00327104  0.146848
6.9115  3.14159  3.14159  -0.0017055  0.139861
8.16814  3.14159  3.14159  -0.000986149  0.131949
10.6814  3.14159  3.14159  -0.000509137  0.116247
15.708  3.14159  3.14159  -0.000351215  0.0908376
33.3009  3.14159  3.14159  -0.000150868  0.0483589
