-33.3009  0  0  -0.0031905  0.0609073
-21.9911  0  0  -0.00682267  0.0894495
-15.708  0  0  -0.0120223  0.119394
-10.6814  0  0  -0.0210934  0.159297
-9.42478  0  0  -0.0246792  0.172605
-8.16814  0  0  -0.0290298  0.187366
-6.9115  0  0  -0.0342591  0.203254
-5.65487  0  0  -0.0404074  0.219183
-4.39823  0  0  -0.0473206  0.232279
-3.14159  0  0  -0.0544538  0.235543
-1.88496  0  0  -0.060681  0.212969
-0.628319  0  0  -0.0644222  0.13106
0.628319  0  0  -0.0644222  -0.131061
1.88496  0  0  -0.0606811  -0.21297
3.14159  0  0  -0.0544539  -0.235543
4.39823  0  0  -0.0473207  -0.232279
5.65487  0  0  -0.0404076  -0.219184
6.9115  0  0  -0.0342593  -0.203255
8.16814  0  0  -0.0290299  -0.187366
10.6814  0  0  -0.0210933  -0.159298
13.1947  0  0  -0.0157121  -0.136953
18.2212  0  0  -0.00943032  -0.105468
27.0177  0  0  -0.00470877  -0.0741351
54.6637  0  0  -0.00122753  -0.037693
-33.3009  0  1.5708  -0.00155577  0.060899
-21.9911  0  1.5708  -0.00332087  0.0894089
-15.708  0  1.5708  -0.00583901  0.119255
-10.6814  0  1.5708  -0.0102258  0.158834
-9.42478  0  1.5708  -0.0119673  0.171972
-8.16814  0  1.5708  -0.0140955  0.186516
-6.9115  0  1.5708  -0.0166907  0.202176
-5.65487  0  1.5708  -0.0198262  0.21803
-4.39823  0  1.5708  -0.0235299  0.231739
-3.14159  0  1.5708  -0.0276878  0.237718
-1.88496  0  1.5708  -0.0318085  0.22211
-0.628319  0  1.5708  -0.0345895  0.143876
0.628319  0  1.5708  -0.0345895  -0.143876
1.88496  0  1.5708  -0.0318085  -0.222111
3.14159  0  1.5708  -0.0276879  -0.237719
4.39823  0  1.5708  -0.0235301  -0.231739
5.65487  0  1.5708  -0.0198266  -0.21803
6.9115  0  1.5708  -0.0166911  -0.202176
8.16814  0  1.5708  -0.0140957  -0.186516
10.6814  0  1.5708  -0.0102256  -0.158835
13.1947  0  1.5708  -0.00762222  -0.136704
18.2212  0  1.5708  -0.00458427  -0.105386
27.0177  0  1.5708  -0.0022938  -0.0741165
54.6637  0  1.5708  -0.000598908  -0.0376916
-33.3009  0  3.14159  -1.56744e-07  0.0608721
-21.9911  0  3.14159  -3.24532e-08  0.0893144
-15.708  0  3.14159  8.06435e-08  0.119001
-10.6814  0  3.14159  -1.08482e-08  0.158134
-9.42478  0  3.14159  -1.17738e-07  0.171041
-8.16814  0  3.14159  -2.61136e-07  0.185272
-6.9115  0  3.14159  -3.99455e-07  0.200523
-5.65487  0  3.14159  -4.30175e-07  0.215896
-4.39823  0  3.14159  -2.55251e-07  0.229227
-3.14159  0  3.14159  -1.85844e-07  0.235757
-1.88496  0  3.14159  -1.60322e-07  0.226089
-0.628319  0  3.14159  -1.67547e-07  0.194686
0.628319  0  3.14159  -1.88647e-07  -0.194686
1.88496  0  3.14159  -2.07504e-07  -0.226089
3.14159  0  3.14159  -2.79591e-07  -0.235757
4.39823  0  3.14159  -4.42277e-07  -0.229227
5.65487  0  3.14159  -8.28755e-07  -0.215896
6.9115  0  3.14159  -7.96134e-07  -0.200523
8.16814  0  3.14159  -4.90087e-07  -0.185272
10.6814  0  3.14159  2.11165e-07  -0.158134
13.1947  0  3.14159  6.54879e-07  -0.136293
18.2212  0  3.14159  9.33383e-07  -0.105221
27.0177  0  3.14159  8.28347e-07  -0.0740656
54.6637  0  3.14159  4.2557e-07  -0.0376856
-33.3009  0  4.71239  -0.00155577  0.060899
-21.9911  0  4.71239  -0.00332087  0.0894089
-15.708  0  4.71239  -0.00583901  0.119255
-10.6814  0  4.71239  -0.0102258  0.158834
-9.42478  0  4.71239  -0.0119673  0.171972
-8.16814  0  4.71239  -0.0140955  0.186516
-6.9115  0  4.71239  -0.0166907  0.202176
-5.65487  0  4.71239  -0.0198262  0.21803
-4.39823  0  4.71239  -0.0235299  0.231739
-3.14159  0  4.71239  -0.0276878  0.237718
-1.88496  0  4.71239  -0.0318085  0.22211
-0.628319  0  4.71239  -0.0345895  0.143876
0.628319  0  4.71239  -0.0345895  -0.143876
1.88496  0  4.71239  -0.0318085  -0.222111
3.14159  0  4.71239  -0.0276879  -0.237719
4.39823  0  4.71239  -0.0235301  -0.231739
5.65487  0  4.71239  -0.0198266  -0.21803
6.9115  0  4.71239  -0.0166911  -0.202176
8.16814  0  4.71239  -0.0140957  -0.186516
10.6814  0  4.71239  -0.0102256  -0.158835
13.1947  0  4.71239  -0.00762222  -0.136704
18.2212  0  4.71239  -0.00458427  -0.105386
27.0177  0  4.71239  -0.0022938  -0.0741165
54.6637  0  4.71239  -0.000598908  -0.0376916
-33.3009  0  6.28319  -0.0031905  0.0609073
-21.9911  0  6.28319  -0.00682267  0.0894495
-15.708  0  6.28319  -0.0120223  0.119394
-10.6814  0  6.28319  -0.0210934  0.159297
-9.42478  0  6.28319  -0.0246792  0.172605
-8.16814  0  6.28319  -0.0290298  0.187366
-6.9115  0  6.28319  -0.0342591  0.203254
-5.65487  0  6.28319  -0.0404074  0.219183
-4.39823  0  6.28319  -0.0473206  0.232279
-3.14159  0  6.28319  -0.0544538  0.235543
-1.88496  0  6.28319  -0.060681  0.212969
-0.628319  0  6.28319  -0.0644222  0.13106
0.628319  0  6.28319  -0.0644222  -0.131061
1.88496  0  6.28319  -0.0606811  -0.21297
3.14159  0  6.28319  -0.0544539  -0.235543
4.39823  0  6.28319  -0.0473207  -0.232279
5.65487  0  6.28319  -0.0404076  -0.219184
6.9115  0  6.28319  -0.0342593  -0.203255
8.16814  0  6.28319  -0.0290299  -0.187366
10.6814  0  6.28319  -0.0210933  -0.159298
13.1947  0  6.28319  -0.0157121  -0.136953
18.2212  0  6.28319  -0.00943032  -0.105468
27.0177  0  6.28319  -0.00470877  -0.0741351
54.6637  0  6.28319  -0.00122753  -0.037693
-33.3009  1.5708  0  -0.00155577  0.060899
-21.9911  1.5708  0  -0.00332087  0.0894089
-15.708  1.5708  0  -0.00583901  0.119255
-10.6814  1.5708  0  -0.0102258  0.158834
-9.42478  1.5708  0  -0.0119673  0.171972
-8.16814  1.5708  0  -0.0140955  0.186516
-6.9115  1.5708  0  -0.0166907  0.202176
-5.65487  1.5708  0  -0.0198262  0.21803
-4.39823  1.5708  0  -0.0235299  0.231739
-3.14159  1.5708  0  -0.0276878  0.237718
-1.88496  1.5708  0  -0.0318085  0.22211
-0.628319  1.5708  0  -0.0345895  0.143876
0.628319  1.5708  0  -0.0345895  -0.143876
1.88496  1.5708  0  -0.0318085  -0.222111
3.14159  1.5708  0  -0.0276879  -0.237719
4.39823  1.5708  0  -0.0235301  -0.231739
5.65487  1.5708  0  -0.0198266  -0.21803
6.9115  1.5708  0  -0.0166911  -0.202176
8.16814  1.5708  0  -0.0140957  -0.186516
10.6814  1.5708  0  -0.0102256  -0.158835
13.1947  1.5708  0  -0.00762222  -0.136704
18.2212  1.5708  0  -0.00458427  -0.105386
27.0177  1.5708  0  -0.0022938  -0.0741165
54.6637  1.5708  0  -0.000598908  -0.0376916
-33.3009  1.5708  1.5708  -1.76903e-07  0.0609094
-21.9911  1.5708  1.5708  -4.58169e-08  0.08944
-15.708  1.5708  1.5708  6.54452e-08  0.119323
-10.6814  1.5708  1.5708  -2.87404e-08  0.158976
-9.42478  1.5708  1.5708  -1.28744e-07  0.17214
-8.16814  1.5708  1.5708  -2.59396e-07  0.186705
-6.9115  1.5708  1.5708  -3.85109e-07  0.20236
-5.65487  1.5708  1.5708  -4.22774e-07  0.21811
-4.39823  1.5708  1.5708  -2.90561e-07  0.231439
-3.14159  1.5708  1.5708  -2.17886e-07  0.236523
-1.88496  1.5708  1.5708  -1.87355e-07  0.220914
-0.628319  1.5708  1.5708  -1.89438e-07  0.162584
0.628319  1.5708  1.5708  -2.11898e-07  -0.162584
1.88496  1.5708  1.5708  -2.41188e-07  -0.220914
3.14159  1.5708  1.5708  -3.23649e-07  -0.236523
4.39823  1.5708  1.5708  -4.90285e-07  -0.231439
5.65487  1.5708  1.5708  -7.89188e-07  -0.21811
6.9115  1.5708  1.5708  -7.55792e-07  -0.20236
8.16814  1.5708  1.5708  -4.76143e-07  -0.186705
10.6814  1.5708  1.5708  2.15525e-07  -0.158976
13.1947  1.5708  1.5708  6.93384e-07  -0.136801
18.2212  1.5708  1.5708  1.02794e-06  -0.105435
27.0177  1.5708  1.5708  9.34114e-07  -0.0741347
54.6637  1.5708  1.5708  4.8492e-07  -0.0376941
-33.3009  1.5708  3.14159  0.00155543  0.060899
-21.9911  1.5708  3.14159  0.00332078  0.089409
-15.708  1.5708  3.14159  0.00583915  0.119255
-10.6814  1.5708  3.14159  0.0102257  0.158834
-9.42478  1.5708  3.14159  0.011967  0.171972
-8.16814  1.5708  3.14159  0.014095  0.186516
-6.9115  1.5708  3.14159  0.0166899  0.202176
-5.65487  1.5708  3.14159  0.0198253  0.21803
-4.39823  1.5708  3.14159  0.0235294  0.231739
-3.14159  1.5708  3.14159  0.0276874  0.237719
-1.88496  1.5708  3.14159  0.0318081  0.222111
-0.628319  1.5708  3.14159  0.0345891  0.143876
0.628319  1.5708  3.14159  0.0345891  -0.143876
1.88496  1.5708  3.14159  0.031808  -0.22211
3.14159  1.5708  3.14159  0.0276873  -0.237718
4.39823  1.5708  3.14159  0.0235292  -0.231739
5.65487  1.5708  3.14159  0.0198248  -0.21803
6.9115  1.5708  3.14159  0.0166895  -0.202176
8.16814  1.5708  3.14159  0.0140948  -0.186516
10.6814  1.5708  3.14159  0.010226  -0.158834
13.1947  1.5708  3.14159  0.00762357  -0.136703
18.2212  1.5708  3.14159  0.00458625  -0.105386
27.0177  1.5708  3.14159  0.00229559  -0.0741162
54.6637  1.5708  3.14159  0.000599838  -0.0376915
-33.3009  1.5708  4.71239  -1.76903e-07  0.0609094
-21.9911  1.5708  4.71239  -4.58169e-08  0.08944
-15.708  1.5708  4.71239  6.54452e-08  0.119323
-10.6814  1.5708  4.71239  -2.87404e-08  0.158976
-9.42478  1.5708  4.71239  -1.28744e-07  0.17214
-8.16814  1.5708  4.71239  -2.59396e-07  0.186705
-6.9115  1.5708  4.71239  -3.85109e-07  0.20236
-5.65487  1.5708  4.71239  -4.22774e-07  0.21811
-4.39823  1.5708  4.71239  -2.90561e-07  0.231439
-3.14159  1.5708  4.71239  -2.17886e-07  0.236523
-1.88496  1.5708  4.71239  -1.87355e-07  0.220914
-0.628319  1.5708  4.71239  -1.89438e-07  0.162584
0.628319  1.5708  4.71239  -2.11898e-07  -0.162584
1.88496  1.5708  4.71239  -2.41188e-07  -0.220914
3.14159  1.5708  4.71239  -3.23649e-07  -0.236523
4.39823  1.5708  4.71239  -4.90285e-07  -0.231439
5.65487  1.5708  4.71239  -7.89188e-07  -0.21811
6.9115  1.5708  4.71239  -7.55792e-07  -0.20236
8.16814  1.5708  4.71239  -4.76143e-07  -0.186705
10.6814  1.5708  4.71239  2.15525e-07  -0.158976
13.1947  1.5708  4.71239  6.93384e-07  -0.136801
18.2212  1.5708  4.71239  1.02794e-06  -0.105435
27.0177  1.5708  4.71239  9.34114e-07  -0.0741347
54.6637  1.5708  4.71239  4.8492e-07  -0.0376941
-33.3009  1.5708  6.28319  -0.00155577  0.060899
-21.9911  1.5708  6.28319  -0.00332087  0.0894089
-15.708  1.5708  6.28319  -0.00583901  0.119255
-10.6814  1.5708  6.28319  -0.0102258  0.158834
-9.42478  1.5708  6.28319  -0.0119673  0.171972
-8.16814  1.5708  6.28319  -0.0140955  0.186516
-6.9115  1.5708  6.28319  -0.0166907  0.202176
-5.65487  1.5708  6.28319  -0.0198262  0.21803
-4.39823  1.5708  6.28319  -0.0235299  0.231739
-3.14159  1.5708  6.28319  -0.0276878  0.237718
-1.88496  1.5708  6.28319  -0.0318085  0.22211
-0.628319  1.5708  6.28319  -0.0345895  0.143876
0.628319  1.5708  6.28319  -0.0345895  -0.143876
1.88496  1.5708  6.28319  -0.0318085  -0.222111
3.14159  1.5708  6.28319  -0.0276879  -0.237719
4.39823  1.5708  6.28319  -0.0235301  -0.231739
5.65487  1.5708  6.28319  -0.0198266  -0.21803
6.9115  1.5708  6.28319  -0.0166911  -0.202176
8.16814  1.5708  6.28319  -0.0140957  -0.186516
10.6814  1.5708  6.28319  -0.0102256  -0.158835
13.1947  1.5708  6.28319  -0.00762222  -0.136704
18.2212  1.5708  6.28319  -0.00458427  -0.105386
27.0177  1.5708  6.28319  -0.0022938  -0.0741165
54.6637  1.5708  6.28319  -0.000598908  -0.0376916
-33.3009  3.14159  0  -1.56744e-07  0.0608721
-21.9911  3.14159  0  -3.24532e-08  0.0893144
-15.708  3.14159  0  8.06435e-08  0.119001
-10.6814  3.14159  0  -1.08482e-08  0.158134
-9.42478  3.14159  0  -1.17738e-07  0.171041
-8.16814  3.14159  0  -2.61136e-07  0.185272
-6.9115  3.14159  0  -3.99455e-07  0.200523
-5.65487  3.14159  0  -4.30175e-07  0.215896
-4.39823  3.14159  0  -2.55251e-07  0.229227
-3.14159  3.14159  0  -1.85844e-07  0.235757
-1.88496  3.14159  0  -1.60322e-07  0.226089
-0.628319  3.14159  0  -1.67547e-07  0.194686
0.628319  3.14159  0  -1.88647e-07  -0.194686
1.88496  3.14159  0  -2.07504e-07  -0.226089
3.14159  3.14159  0  -2.79591e-07  -0.235757
4.39823  3.14159  0  -4.42277e-07  -0.229227
5.65487  3.14159  0  -8.28755e-07  -0.215896
6.9115  3.14159  0  -7.96134e-07  -0.200523
8.16814  3.14159  0  -4.90087e-07  -0.185272
10.6814  3.14159  0  2.11165e-07  -0.158134
13.1947  3.14159  0  6.54879e-07  -0.136293
18.2212  3.14159  0  9.33383e-07  -0.105221
27.0177  3.14159  0  8.28347e-07  -0.0740656
54.6637  3.14159  0  4.2557e-07  -0.0376856
-33.3009  3.14159  1.5708  0.00155543  0.060899
-21.9911  3.14159  1.5708  0.00332078  0.089409
-15.708  3.14159  1.5708  0.00583915  0.119255
-10.6814  3.14159  1.5708  0.0102257  0.158834
-9.42478  3.14159  1.5708  0.011967  0.171972
-8.16814  3.14159  1.5708  0.014095  0.186516
-6.9115  3.14159  1.5708  0.0166899  0.202176
-5.65487  3.14159  1.5708  0.0198253  0.21803
-4.39823  3.14159  1.5708  0.0235294  0.231739
-3.14159  3.14159  1.5708  0.0276874  0.237719
-1.88496  3.14159  1.5708  0.0318081  0.222111
-0.628319  3.14159  1.5708  0.0345891  0.143876
0.628319  3.14159  1.5708  0.0345891  -0.143876
1.88496  3.14159  1.5708  0.031808  -0.22211
3.14159  3.14159  1.5708  0.0276873  -0.237718
4.39823  3.14159  1.5708  0.0235292  -0.231739
5.65487  3.14159  1.5708  0.0198248  -0.21803
6.9115  3.14159  1.5708  0.0166895  -0.202176
8.16814  3.14159  1.5708  0.0140948  -0.186516
10.6814  3.14159  1.5708  0.010226  -0.158834
13.1947  3.14159  1.5708  0.00762357  -0.136703
18.2212  3.14159  1.5708  0.00458625  -0.105386
27.0177  3.14159  1.5708  0.00229559  -0.0741162
54.6637  3.14159  1.5708  0.000599838  -0.0376915
-33.3009  3.14159  3.14159  0.00319017  0.0609073
-21.9911  3.14159  3.14159  0.00682255  0.0894497
-15.708  3.14159  3.14159  0.0120224  0.119394
-10.6814  3.14159  3.14159  0.0210933  0.159297
-9.42478  3.14159  3.14159  0.0246789  0.172605
-8.16814  3.14159  3.14159  0.0290293  0.187366
-6.9115  3.14159  3.14159  0.0342584  0.203254
-5.65487  3.14159  3.14159  0.0404067  0.219184
-4.39823  3.14159  3.14159  0.0473199  0.232279
-3.14159  3.14159  3.14159  0.0544533  0.235543
-1.88496  3.14159  3.14159  0.0606806  0.21297
-0.628319  3.14159  3.14159  0.0644218  0.13106
0.628319  3.14159  3.14159  0.0644218  -0.13106
1.88496  3.14159  3.14159  0.0606806  -0.212969
3.14159  3.14159  3.14159  0.0544532  -0.235543
4.39823  3.14159  3.14159  0.0473196  -0.232279
5.65487  3.14159  3.14159  0.0404063  -0.219184
6.9115  3.14159  3.14159  0.034258  -0.203254
8.16814  3.14159  3.14159  0.029029  -0.187366
10.6814  3.14159  3.14159  0.0210935  -0.159297
13.1947  3.14159  3.14159  0.0157132  -0.136952
18.2212  3.14159  3.14159  0.00943222  -0.105468
27.0177  3.14159  3.14159  0.00471054  -0.0741346
54.6637  3.14159  3.14159  0.00122846  -0.0376928
-33.3009  3.14159  4.71239  0.00155543  0.060899
-21.9911  3.14159  4.71239  0.00332078  0.089409
-15.708  3.14159  4.71239  0.00583915  0.119255
-10.6814  3.14159  4.71239  0.0102257  0.158834
-9.42478  3.14159  4.71239  0.011967  0.171972
-8.16814  3.14159  4.71239  0.014095  0.186516
-6.9115  3.14159  4.71239  0.0166899  0.202176
-5.65487  3.14159  4.71239  0.0198253  0.21803
-4.39823  3.14159  4.71239  0.0235294  0.231739
-3.14159  3.14159  4.71239  0.0276874  0.237719
-1.88496  3.14159  4.71239  0.0318081  0.222111
-0.628319  3.14159  4.71239  0.0345891  0.143876
0.628319  3.14159  4.71239  0.0345891  -0.143876
1.88496  3.14159  4.71239  0.031808  -0.22211
3.14159  3.14159  4.71239  0.0276873  -0.237718
4.39823  3.14159  4.71239  0.0235292  -0.231739
5.65487  3.14159  4.71239  0.0198248  -0.21803
6.9115  3.14159  4.71239  0.0166895  -0.202176
8.16814  3.14159  4.71239  0.0140948  -0.186516
10.6814  3.14159  4.71239  0.010226  -0.158834
13.1947  3.14159  4.71239  0.00762357  -0.136703
18.2212  3.14159  4.71239  0.00458625  -0.105386
27.0177  3.14159  4.71239  0.00229559  -0.0741162
54.6637  3.14159  4.71239  0.000599838  -0.0376915
-33.3009  3.14159  6.28319  -1.56744e-07  0.0608721
-21.9911  3.14159  6.28319  -3.24532e-08  0.0893144
-15.708  3.14159  6.28319  8.06435e-08  0.119001
-10.6814  3.14159  6.28319  -1.08482e-08  0.158134
-9.42478  3.14159  6.28319  -1.17738e-07  0.171041
-8.16814  3.14159  6.28319  -2.61136e-07  0.185272
-6.9115  3.14159  6.28319  -3.99455e-07  0.200523
-5.65487  3.14159  6.28319  -4.30175e-07  0.215896
-4.39823  3.14159  6.28319  -2.55251e-07  0.229227
-3.14159  3.14159  6.28319  -1.85844e-07  0.235757
-1.88496  3.14159  6.28319  -1.60322e-07  0.226089
-0.628319  3.14159  6.28319  -1.67547e-07  0.194686
0.628319  3.14159  6.28319  -1.88647e-07  -0.194686
1.88496  3.14159  6.28319  -2.07504e-07  -0.226089
3.14159  3.14159  6.28319  -2.79591e-07  -0.235757
4.39823  3.14159  6.28319  -4.42277e-07  -0.229227
5.65487  3.14159  6.28319  -8.28755e-07  -0.215896
6.9115  3.14159  6.28319  -7.96134e-07  -0.200523
8.16814  3.14159  6.28319  -4.90087e-07  -0.185272
10.6814  3.14159  6.28319  2.11165e-07  -0.158134
13.1947  3.14159  6.28319  6.54879e-07  -0.136293
18.2212  3.14159  6.28319  9.33383e-07  -0.105221
27.0177  3.14159  6.28319  8.28347e-07  -0.0740656
54.6637  3.14159  6.28319  4.2557e-07  -0.0376856
-33.3009  4.71239  0  -0.00155577  0.060899
-21.9911  4.71239  0  -0.00332087  0.0894089
-15.708  4.71239  0  -0.00583901  0.119255
-10.6814  4.71239  0  -0.0102258  0.158834
-9.42478  4.71239  0  -0.0119673  0.171972
-8.16814  4.71239  0  -0.0140955  0.186516
-6.9115  4.71239  0  -0.0166907  0.202176
-5.65487  4.71239  0  -0.0198262  0.21803
-4.39823  4.71239  0  -0.0235299  0.231739
-3.14159  4.71239  0  -0.0276878  0.237718
-1.88496  4.71239  0  -0.0318085  0.22211
-0.628319  4.71239  0  -0.0345895  0.143876
0.628319  4.71239  0  -0.0345895  -0.143876
1.88496  4.71239  0  -0.0318085  -0.222111
3.14159  4.71239  0  -0.0276879  -0.237719
4.39823  4.71239  0  -0.0235301  -0.231739
5.65487  4.71239  0  -0.0198266  -0.21803
6.9115  4.71239  0  -0.0166911  -0.202176
8.16814  4.71239  0  -0.0140957  -0.186516
10.6814  4.71239  0  -0.0102256  -0.158835
13.1947  4.71239  0  -0.00762222  -0.136704
18.2212  4.71239  0  -0.00458427  -0.105386
27.0177  4.71239  0  -0.0022938  -0.0741165
54.6637  4.71239  0  -0.000598908  -0.0376916
-33.3009  4.71239  1.5708  -1.76903e-07  0.0609094
-21.9911  4.71239  1.5708  -4.58169e-08  0.08944
-15.708  4.71239  1.5708  6.54452e-08  0.119323
-10.6814  4.71239  1.5708  -2.87404e-08  0.158976
-9.42478  4.71239  1.5708  -1.28744e-07  0.17214
-8.16814  4.71239  1.5708  -2.59396e-07  0.186705
-6.9115  4.71239  1.5708  -3.85109e-07  0.20236
-5.65487  4.71239  1.5708  -4.22774e-07  0.21811
-4.39823  4.71239  1.5708  -2.90561e-07  0.231439
-3.14159  4.71239  1.5708  -2.17886e-07  0.236523
-1.88496  4.71239  1.5708  -1.87355e-07  0.220914
-0.628319  4.71239  1.5708  -1.89438e-07  0.162584
0.628319  4.71239  1.5708  -2.11898e-07  -0.162584
1.88496  4.71239  1.5708  -2.41188e-07  -0.220914
3.14159  4.71239  1.5708  -3.23649e-07  -0.236523
4.39823  4.71239  1.5708  -4.90285e-07  -0.231439
5.65487  4.71239  1.5708  -7.89188e-07  -0.21811
6.9115  4.71239  1.5708  -7.55792e-07  -0.20236
8.16814  4.71239  1.5708  -4.76143e-07  -0.186705
10.6814  4.71239  1.5708  2.15525e-07  -0.158976
13.1947  4.71239  1.5708  6.93384e-07  -0.136801
18.2212  4.71239  1.5708  1.02794e-06  -0.105435
27.0177  4.71239  1.5708  9.34114e-07  -0.0741347
54.6637  4.71239  1.5708  4.8492e-07  -0.0376941
-33.3009  4.71239  3.14159  0.00155543  0.060899
-21.9911  4.71239  3.14159  0.00332078  0.089409
-15.708  4.71239  3.14159  0.00583915  0.119255
-10.6814  4.71239  3.14159  0.0102257  0.158834
-9.42478  4.71239  3.14159  0.011967  0.171972
-8.16814  4.71239  3.14159  0.014095  0.186516
-6.9115  4.71239  3.14159  0.0166899  0.202176
-5.65487  4.71239  3.14159  0.0198253  0.21803
-4.39823  4.71239  3.14159  0.0235294  0.231739
-3.14159  4.71239  3.14159  0.0276874  0.237719
-1.88496  4.71239  3.14159  0.0318081  0.222111
-0.628319  4.71239  3.14159  0.0345891  0.143876
0.628319  4.71239  3.14159  0.0345891  -0.143876
1.88496  4.71239  3.14159  0.031808  -0.22211
3.14159  4.71239  3.14159  0.0276873  -0.237718
4.39823  4.71239  3.14159  0.0235292  -0.231739
5.65487  4.71239  3.14159  0.0198248  -0.21803
6.9115  4.71239  3.14159  0.0166895  -0.202176
8.16814  4.71239  3.14159  0.0140948  -0.186516
10.6814  4.71239  3.14159  0.010226  -0.158834
13.1947  4.71239  3.14159  0.00762357  -0.136703
18.2212  4.71239  3.14159  0.00458625  -0.105386
27.0177  4.71239  3.14159  0.00229559  -0.0741162
54.6637  4.71239  3.14159  0.000599838  -0.0376915
-33.3009  4.71239  4.71239  -1.76903e-07  0.0609094
-21.9911  4.71239  4.71239  -4.58169e-08  0.08944
-15.708  4.71239  4.71239  6.54452e-08  0.119323
-10.6814  4.71239  4.71239  -2.87404e-08  0.158976
-9.42478  4.71239  4.71239  -1.28744e-07  0.17214
-8.16814  4.71239  4.71239  -2.59396e-07  0.186705
-6.9115  4.71239  4.71239  -3.85109e-07  0.20236
-5.65487  4.71239  4.71239  -4.22774e-07  0.21811
-4.39823  4.71239  4.71239  -2.90561e-07  0.231439
-3.14159  4.71239  4.71239  -2.17886e-07  0.236523
-1.88496  4.71239  4.71239  -1.87355e-07  0.220914
-0.628319  4.71239  4.71239  -1.89438e-07  0.162584
0.628319  4.71239  4.71239  -2.11898e-07  -0.162584
1.88496  4.71239  4.71239  -2.41188e-07  -0.220914
3.14159  4.71239  4.71239  -3.23649e-07  -0.236523
4.39823  4.71239  4.71239  -4.90285e-07  -0.231439
5.65487  4.71239  4.71239  -7.89188e-07  -0.21811
6.9115  4.71239  4.71239  -7.55792e-07  -0.20236
8.16814  4.71239  4.71239  -4.76143e-07  -0.186705
10.6814  4.71239  4.71239  2.15525e-07  -0.158976
13.1947  4.71239  4.71239  6.93384e-07  -0.136801
18.2212  4.71239  4.71239  1.02794e-06  -0.105435
27.0177  4.71239  4.71239  9.34114e-07  -0.0741347
54.6637  4.71239  4.71239  4.8492e-07  -0.0376941
-33.3009  4.71239  6.28319  -0.00155577  0.060899
-21.9911  4.71239  6.28319  -0.00332087  0.0894089
-15.708  4.71239  6.28319  -0.00583901  0.119255
-10.6814  4.71239  6.28319  -0.0102258  0.158834
-9.42478  4.71239  6.28319  -0.0119673  0.171972
-8.16814  4.71239  6.28319  -0.0140955  0.186516
-6.9115  4.71239  6.28319  -0.0166907  0.202176
-5.65487  4.71239  6.28319  -0.0198262  0.21803
-4.39823  4.71239  6.28319  -0.0235299  0.231739
-3.14159  4.71239  6.28319  -0.0276878  0.237718
-1.88496  4.71239  6.28319  -0.0318085  0.22211
-0.628319  4.71239  6.28319  -0.0345895  0.143876
0.628319  4.71239  6.28319  -0.0345895  -0.143876
1.88496  4.71239  6.28319  -0.0318085  -0.222111
3.14159  4.71239  6.28319  -0.0276879  -0.237719
4.39823  4.71239  6.28319  -0.0235301  -0.231739
5.65487  4.71239  6.28319  -0.0198266  -0.21803
6.9115  4.71239  6.28319  -0.0166911  -0.202176
8.16814  4.71239  6.28319  -0.0140957  -0.186516
10.6814  4.71239  6.28319  -0.0102256  -0.158835
13.1947  4.71239  6.28319  -0.00762222  -0.136704
18.2212  4.71239  6.28319  -0.00458427  -0.105386
27.0177  4.71239  6.28319  -0.0022938  -0.0741165
54.6637  4.71239  6.28319  -0.000598908  -0.0376916
-33.3009  6.28319  0  -0.0031905  0.0609073
-21.9911  6.28319  0  -0.00682267  0.0894495
-15.708  6.28319  0  -0.0120223  0.119394
-10.6814  6.28319  0  -0.0210934  0.159297
-9.42478  6.28319  0  -0.0246792  0.172605
-8.16814  6.28319  0  -0.0290298  0.187366
-6.9115  6.28319  0  -0.0342591  0.203254
-5.65487  6.28319  0  -0.0404074  0.219183
-4.39823  6.28319  0  -0.0473206  0.232279
-3.14159  6.28319  0  -0.0544538  0.235543
-1.88496  6.28319  0  -0.060681  0.212969
-0.628319  6.28319  0  -0.0644222  0.13106
0.628319  6.28319  0  -0.0644222  -0.131061
1.88496  6.28319  0  -0.0606811  -0.21297
3.14159  6.28319  0  -0.0544539  -0.235543
4.39823  6.28319  0  -0.0473207  -0.232279
5.65487  6.28319  0  -0.0404076  -0.219184
6.9115  6.28319  0  -0.0342593  -0.203255
8.16814  6.28319  0  -0.0290299  -0.187366
10.6814  6.28319  0  -0.0210933  -0.159298
13.1947  6.28319  0  -0.0157121  -0.136953
18.2212  6.28319  0  -0.00943032  -0.105468
27.0177  6.28319  0  -0.00470877  -0.0741351
54.6637  6.28319  0  -0.00122753  -0.037693
-33.3009  6.28319  1.5708  -0.00155577  0.060899
-21.9911  6.28319  1.5708  -0.00332087  0.0894089
-15.708  6.28319  1.5708  -0.00583901  0.119255
-10.6814  6.28319  1.5708  -0.0102258  0.158834
-9.42478  6.28319  1.5708  -0.0119673  0.171972
-8.16814  6.28319  1.5708  -0.0140955  0.186516
-6.9115  6.28319  1.5708  -0.0166907  0.202176
-5.65487  6.28319  1.5708  -0.0198262  0.21803
-4.39823  6.28319  1.5708  -0.0235299  0.231739
-3.14159  6.28319  1.5708  -0.0276878  0.237718
-1.88496  6.28319  1.5708  -0.0318085  0.22211
-0.628319  6.28319  1.5708  -0.0345895  0.143876
0.628319  6.28319  1.5708  -0.0345895  -0.143876
1.88496  6.28319  1.5708  -0.0318085  -0.222111
3.14159  6.28319  1.5708  -0.0276879  -0.237719
4.39823  6.28319  1.5708  -0.0235301  -0.231739
5.65487  6.28319  1.5708  -0.0198266  -0.21803
6.9115  6.28319  1.5708  -0.0166911  -0.202176
8.16814  6.28319  1.5708  -0.0140957  -0.186516
10.6814  6.28319  1.5708  -0.0102256  -0.158835
13.1947  6.28319  1.5708  -0.00762222  -0.136704
18.2212  6.28319  1.5708  -0.00458427  -0.105386
27.0177  6.28319  1.5708  -0.0022938  -0.0741165
54.6637  6.28319  1.5708  -0.000598908  -0.0376916
-33.3009  6.28319  3.14159  -1.56744e-07  0.0608721
-21.9911  6.28319  3.14159  -3.24532e-08  0.0893144
-15.708  6.28319  3.14159  8.06435e-08  0.119001
-10.6814  6.28319  3.14159  -1.08482e-08  0.158134
-9.42478  6.28319  3.14159  -1.17738e-07  0.171041
-8.16814  6.28319  3.14159  -2.61136e-07  0.185272
-6.9115  6.28319  3.14159  -3.99455e-07  0.200523
-5.65487  6.28319  3.14159  -4.30175e-07  0.215896
-4.39823  6.28319  3.14159  -2.55251e-07  0.229227
-3.14159  6.28319  3.14159  -1.85844e-07  0.235757
-1.88496  6.28319  3.14159  -1.60322e-07  0.226089
-0.628319  6.28319  3.14159  -1.67547e-07  0.194686
0.628319  6.28319  3.14159  -1.88647e-07  -0.194686
1.88496  6.28319  3.14159  -2.07504e-07  -0.226089
3.14159  6.28319  3.14159  -2.79591e-07  -0.235757
4.39823  6.28319  3.14159  -4.42277e-07  -0.229227
5.65487  6.28319  3.14159  -8.28755e-07  -0.215896
6.9115  6.28319  3.14159  -7.96134e-07  -0.200523
8.16814  6.28319  3.14159  -4.90087e-07  -0.185272
10.6814  6.28319  3.14159  2.11165e-07  -0.158134
13.1947  6.28319  3.14159  6.54879e-07  -0.136293
18.2212  6.28319  3.14159  9.33383e-07  -0.105221
27.0177  6.28319  3.14159  8.28347e-07  -0.0740656
54.6637  6.28319  3.14159  4.2557e-07  -0.0376856
-33.3009  6.28319  4.71239  -0.00155577  0.060899
-21.9911  6.28319  4.71239  -0.00332087  0.0894089
-15.708  6.28319  4.71239  -0.00583901  0.119255
-10.6814  6.28319  4.71239  -0.0102258  0.158834
-9.42478  6.28319  4.71239  -0.0119673  0.171972
-8.16814  6.28319  4.71239  -0.0140955  0.186516
-6.9115  6.28319  4.71239  -0.0166907  0.202176
-5.65487  6.28319  4.71239  -0.0198262  0.21803
-4.39823  6.28319  4.71239  -0.0235299  0.231739
-3.14159  6.28319  4.71239  -0.0276878  0.237718
-1.88496  6.28319  4.71239  -0.0318085  0.22211
-0.628319  6.28319  4.71239  -0.0345895  0.143876
0.628319  6.28319  4.71239  -0.0345895  -0.143876
1.88496  6.28319  4.71239  -0.0318085  -0.222111
3.14159  6.28319  4.71239  -0.0276879  -0.237719
4.39823  6.28319  4.71239  -0.0235301  -0.231739
5.65487  6.28319  4.71239  -0.0198266  -0.21803
6.9115  6.28319  4.71239  -0.0166911  -0.202176
8.16814  6.28319  4.71239  -0.0140957  -0.186516
10.6814  6.28319  4.71239  -0.0102256  -0.158835
13.1947  6.28319  4.71239  -0.00762222  -0.136704
18.2212  6.28319  4.71239  -0.00458427  -0.105386
27.0177  6.28319  4.71239  -0.0022938  -0.0741165
54.6637  6.28319  4.71239  -0.000598908  -0.0376916
-33.3009  6.28319  6.28319  -0.0031905  0.0609073
-21.9911  6.28319  6.28319  -0.00682267  0.0894495
-15.708  6.28319  6.28319  -0.0120223  0.119394
-10.6814  6.28319  6.28319  -0.0210934  0.159297
-9.42478  6.28319  6.28319  -0.0246792  0.172605
-8.16814  6.28319  6.28319  -0.0290298  0.187366
-6.9115  6.28319  6.28319  -0.0342591  0.203254
-5.65487  6.28319  6.28319  -0.0404074  0.219183
-4.39823  6.28319  6.28319  -0.0473206  0.232279
-3.14159  6.28319  6.28319  -0.0544538  0.235543
-1.88496  6.28319  6.28319  -0.060681  0.212969
-0.628319  6.28319  6.28319  -0.0644222  0.13106
0.628319  6.28319  6.28319  -0.0644222  -0.131061
1.88496  6.28319  6.28319  -0.0606811  -0.21297
3.14159  6.28319  6.28319  -0.0544539  -0.235543
4.39823  6.28319  6.28319  -0.0473207  -0.232279
5.65487  6.28319  6.28319  -0.0404076  -0.219184
6.9115  6.28319  6.28319  -0.0342593  -0.203255
8.16814  6.28319  6.28319  -0.0290299  -0.187366
10.6814  6.28319  6.28319  -0.0210933  -0.159298
13.1947  6.28319  6.28319  -0.0157121  -0.136953
18.2212  6.28319  6.28319  -0.00943032  -0.105468
27.0177  6.28319  6.28319  -0.00470877  -0.0741351
54.6637  6.28319  6.28319  -0.00122753  -0.037693
