-10.8385  0  0  0.026478  0.0758896
-7.06858  0  0  0.0500571  0.0979175
-4.86947  0  0  0.0793779  0.112807
-3.61283  0  0  0.107111  0.118637
-2.67035  0  0  0.136267  0.117557
-1.72788  0  0  0.1742  0.104604
-1.41372  0  0  0.188451  0.0954956
-1.09956  0  0  0.202842  0.0828794
-0.785398  0  0  0.216422  0.0660851
-0.471239  0  0  0.227646  0.0449679
-0.15708  0  0  0.234073  0.0237708
0.15708  0  0  0.234072  -0.0237755
0.471239  0  0  0.227644  -0.0449722
0.785398  0  0  0.216419  -0.0660888
1.09956  0  0  0.202839  -0.0828825
1.41372  0  0  0.188448  -0.0954982
1.72788  0  0  0.174197  -0.104606
2.04204  0  0  0.160607  -0.11092
2.67035  0  0  0.136265  -0.117558
3.61283  0  0  0.107109  -0.118636
4.86947  0  0  0.0793771  -0.112806
9.58186  0  0  0.0321531  -0.0823953
20.5774  0  0  0.00869014  -0.0454802
-10.8385  0  0.785398  0.0233033  0.0781834
-7.06858  0  0.785398  0.0453051  0.103723
-4.86947  0  0.785398  0.0744879  0.123864
-3.61283  0  0.785398  0.104125  0.134927
-2.67035  0  0.785398  0.137611  0.138927
-1.72788  0  0.785398  0.185159  0.130351
-1.41372  0  0.785398  0.20436  0.121568
-1.09956  0  0.785398  0.224654  0.107895
-0.785398  0  0.785398  0.244877  0.0877405
-0.471239  0  0.785398  0.262784  0.0593801
-0.15708  0  0.785398  0.274425  0.0216568
0.15708  0  0.785398  0.274424  -0.0216632
0.471239  0  0.785398  0.262781  -0.0593858
0.785398  0  0.785398  0.244873  -0.0877451
1.09956  0  0.785398  0.22465  -0.107898
1.41372  0  0.785398  0.204355  -0.121571
1.72788  0  0.785398  0.185155  -0.130353
2.04204  0  0.785398  0.167563  -0.135547
2.67035  0  0.785398  0.137608  -0.138927
3.61283  0  0.785398  0.104123  -0.134926
4.86947  0  0.785398  0.0744871  -0.123863
9.58186  0  0.785398  0.0284863  -0.0854478
20.5774  0  0.785398  0.00749526  -0.0459172
-10.8385  0  1.5708  0.0144776  0.0825947
-7.06858  0  1.5708  0.0297723  0.115874
-4.86947  0  1.5708  0.053052  0.149884
-3.61283  0  1.5708  0.0810562  0.178355
-2.67035  0  1.5708  0.119633  0.205034
-1.72788  0  1.5708  0.192808  0.230577
-1.41372  0  1.5708  0.231249  0.233879
-1.09956  0  1.5708  0.279799  0.228923
-0.785398  0  1.5708  0.338713  0.208055
-0.471239  0  1.5708  0.401955  0.160531
-0.15708  0  1.5708  0.447134  0.0913702
0.15708  0  1.5708  0.447127  -0.0913865
0.471239  0  1.5708  0.401945  -0.160543
0.785398  0  1.5708  0.338701  -0.208062
1.09956  0  1.5708  0.279788  -0.228926
1.41372  0  1.5708  0.231239  -0.23388
1.72788  0  1.5708  0.1928  -0.230576
2.04204  0  1.5708  0.162591  -0.223334
2.67035  0  1.5708  0.119629  -0.205032
3.61283  0  1.5708  0.0810548  -0.178353
4.86947  0  1.5708  0.0530516  -0.149883
9.58186  0  1.5708  0.0179274  -0.0914346
20.5774  0  1.5708  0.00448501  -0.0467102
-10.8385  0  2.35619  0.00445431  0.0849018
-7.06858  0  2.35619  0.00943663  0.122812
-4.86947  0  2.35619  0.0176453  0.166812
-3.61283  0  2.35619  0.0286837  0.21124
-2.67035  0  2.35619  0.046405  0.266319
-1.72788  0  2.35619  0.0912002  0.366428
-1.41372  0  2.35619  0.123576  0.421194
-1.09956  0  2.35619  0.179158  0.496405
-0.785398  0  2.35619  0.28824  0.602971
-0.471239  0  2.35619  0.549821  0.739413
-0.15708  0  2.35619  1.25119  0.60094
0.15708  0  2.35619  1.25107  -0.601042
0.471239  0  2.35619  0.549752  -0.739394
0.785398  0  2.35619  0.288209  -0.602949
1.09956  0  2.35619  0.179141  -0.496388
1.41372  0  2.35619  0.123565  -0.42118
1.72788  0  2.35619  0.0911928  -0.366417
2.04204  0  2.35619  0.0705378  -0.32495
2.67035  0  2.35619  0.046403  -0.266314
3.61283  0  2.35619  0.0286838  -0.211237
4.86947  0  2.35619  0.0176457  -0.166811
9.58186  0  2.35619  0.00555299  -0.0946288
20.5774  0  2.35619  0.00135651  -0.0471019
-10.8385  0  3.14159  0.000134255  0.0851366
-7.06858  0  3.14159  0.000267315  0.123542
-4.86947  0  3.14159  0.000461335  0.168689
-3.61283  0  3.14159  0.000706679  0.215135
-2.67035  0  3.14159  0.00108964  0.274362
-1.72788  0  3.14159  0.00205983  0.388946
-1.41372  0  3.14159  0.0027853  0.457089
-1.09956  0  3.14159  0.00409626  0.559887
-0.785398  0  3.14159  0.00694137  0.734373
-0.471239  0  3.14159  0.015295  1.09123
-0.15708  0  3.14159  0.0408451  1.77069
0.15708  0  3.14159  0.0408309  -1.77043
0.471239  0  3.14159  0.0152897  -1.09113
0.785398  0  3.14159  0.00693854  -0.734327
1.09956  0  3.14159  0.00409413  -0.55986
1.41372  0  3.14159  0.00278341  -0.457071
1.72788  0  3.14159  0.00205799  -0.388933
2.04204  0  3.14159  0.00160723  -0.34015
2.67035  0  3.14159  0.00108958  -0.274356
3.61283  0  3.14159  0.000707483  -0.215132
4.86947  0  3.14159  0.000462003  -0.168687
9.58186  0  3.14159  0.000166359  -0.0949565
20.5774  0  3.14159  4.50728e-05  -0.047141
-10.8385  0  3.92699  0.00445431  0.0849018
-7.06858  0  3.92699  0.00943663  0.122812
-4.86947  0  3.92699  0.0176453  0.166812
-3.61283  0  3.92699  0.0286837  0.21124
-2.67035  0  3.92699  0.046405  0.266319
-1.72788  0  3.92699  0.0912002  0.366428
-1.41372  0  3.92699  0.123576  0.421194
-1.09956  0  3.92699  0.179158  0.496405
-0.785398  0  3.92699  0.28824  0.602971
-0.471239  0  3.92699  0.549821  0.739413
-0.15708  0  3.92699  1.25119  0.60094
0.15708  0  3.92699  1.25107  -0.601042
0.471239  0  3.92699  0.549752  -0.739394
0.785398  0  3.92699  0.288209  -0.602949
1.09956  0  3.92699  0.179141  -0.496388
1.41372  0  3.92699  0.123565  -0.42118
1.72788  0  3.92699  0.0911928  -0.366417
2.04204  0  3.92699  0.0705378  -0.32495
2.67035  0  3.92699  0.046403  -0.266314
3.61283  0  3.92699  0.0286838  -0.211237
4.86947  0  3.92699  0.0176457  -0.166811
9.58186  0  3.92699  0.00555299  -0.0946288
20.5774  0  3.92699  0.00135651  -0.0471019
-10.8385  0  4.71239  0.0144776  0.0825947
-7.06858  0  4.71239  0.0297723  0.115874
-4.86947  0  4.71239  0.053052  0.149884
-3.61283  0  4.71239  0.0810562  0.178355
-2.67035  0  4.71239  0.119633  0.205034
-1.72788  0  4.71239  0.192808  0.230577
-1.41372  0  4.71239  0.231249  0.233879
-1.09956  0  4.71239  0.279799  0.228923
-0.785398  0  4.71239  0.338713  0.208055
-0.471239  0  4.71239  0.401955  0.160531
-0.15708  0  4.71239  0.447134  0.0913702
0.15708  0  4.71239  0.447127  -0.0913865
0.471239  0  4.71239  0.401945  -0.160543
0.785398  0  4.71239  0.338701  -0.208062
1.09956  0  4.71239  0.279788  -0.228926
1.41372  0  4.71239  0.231239  -0.23388
1.72788  0  4.71239  0.1928  -0.230576
2.04204  0  4.71239  0.162591  -0.223334
2.67035  0  4.71239  0.119629  -0.205032
3.61283  0  4.71239  0.0810548  -0.178353
4.86947  0  4.71239  0.0530516  -0.149883
9.58186  0  4.71239  0.0179274  -0.0914346
20.5774  0  4.71239  0.00448501  -0.0467102
-10.8385  0  5.49779  0.0233033  0.0781834
-7.06858  0  5.49779  0.0453051  0.103723
-4.86947  0  5.49779  0.0744879  0.123864
-3.61283  0  5.49779  0.104125  0.134927
-2.67035  0  5.49779  0.137611  0.138927
-1.72788  0  5.49779  0.185159  0.130351
-1.41372  0  5.49779  0.20436  0.121568
-1.09956  0  5.49779  0.224654  0.107895
-0.785398  0  5.49779  0.244877  0.0877405
-0.471239  0  5.49779  0.262784  0.0593801
-0.15708  0  5.49779  0.274425  0.0216568
0.15708  0  5.49779  0.274424  -0.0216632
0.471239  0  5.49779  0.262781  -0.0593858
0.785398  0  5.49779  0.244873  -0.0877451
1.09956  0  5.49779  0.22465  -0.107898
1.41372  0  5.49779  0.204355  -0.121571
1.72788  0  5.49779  0.185155  -0.130353
2.04204  0  5.49779  0.167563  -0.135547
2.67035  0  5.49779  0.137608  -0.138927
3.61283  0  5.49779  0.104123  -0.134926
4.86947  0  5.49779  0.0744871  -0.123863
9.58186  0  5.49779  0.0284863  -0.0854478
20.5774  0  5.49779  0.00749526  -0.0459172
-10.8385  0.785398  0  0.0233033  0.0781834
-7.06858  0.785398  0  0.0453051  0.103723
-4.86947  0.785398  0  0.0744879  0.123864
-3.61283  0.785398  0  0.104125  0.134927
-2.67035  0.785398  0  0.137611  0.138927
-1.72788  0.785398  0  0.185159  0.130351
-1.41372  0.785398  0  0.20436  0.121568
-1.09956  0.785398  0  0.224654  0.107895
-0.785398  0.785398  0  0.244877  0.0877405
-0.471239  0.785398  0  0.262784  0.0593801
-0.15708  0.785398  0  0.274425  0.0216568
0.15708  0.785398  0  0.274424  -0.0216632
0.471239  0.785398  0  0.262781  -0.0593858
0.785398  0.785398  0  0.244873  -0.0877451
1.09956  0.785398  0  0.22465  -0.107898
1.41372  0.785398  0  0.204355  -0.121571
1.72788  0.785398  0  0.185155  -0.130353
2.04204  0.785398  0  0.167563  -0.135547
2.67035  0.785398  0  0.137608  -0.138927
3.61283  0.785398  0  0.104123  -0.134926
4.86947  0.785398  0  0.0744871  -0.123863
9.58186  0.785398  0  0.0284863  -0.0854478
20.5774  0.785398  0  0.00749526  -0.0459172
-10.8385  0.785398  0.785398  0.0198326  0.0802275
-7.06858  0.785398  0.785398  0.0395569  0.109184
-4.86947  0.785398  0.785398  0.0673752  0.135047
-3.61283  0.785398  0.785398  0.097759  0.152661
-2.67035  0.785398  0.785398  0.134988  0.164185
-1.72788  0.785398  0.785398  0.193967  0.164423
-1.41372  0.785398  0.785398  0.220089  0.157618
-1.09956  0.785398  0.785398  0.249246  0.144177
-0.785398  0.785398  0.785398  0.279835  0.121269
-0.471239  0.785398  0.785398  0.307872  0.0865498
-0.15708  0.785398  0.785398  0.325331  0.0469115
0.15708  0.785398  0.785398  0.325328  -0.0469204
0.471239  0.785398  0.785398  0.307867  -0.0865573
0.785398  0.785398  0.785398  0.279829  -0.121275
1.09956  0.785398  0.785398  0.24924  -0.144181
1.41372  0.785398  0.785398  0.220083  -0.157621
1.72788  0.785398  0.785398  0.193962  -0.164424
2.04204  0.785398  0.785398  0.171232  -0.166826
2.67035  0.785398  0.785398  0.134984  -0.164184
3.61283  0.785398  0.785398  0.0977573  -0.152659
4.86947  0.785398  0.785398  0.0673746  -0.135046
9.58186  0.785398  0.785398  0.0243883  -0.0882027
20.5774  0.785398  0.785398  0.0062676  -0.0462922
-10.8385  0.785398  1.5708  0.0104297  0.0838351
-7.06858  0.785398  1.5708  0.0217964  0.119551
-4.86947  0.785398  1.5708  0.0398414  0.158662
-3.61283  0.785398  1.5708  0.0628463  0.194936
-2.67035  0.785398  1.5708  0.0970957  0.234606
-1.72788  0.785398  1.5708  0.17154  0.289548
-1.41372  0.785398  1.5708  0.216643  0.309607
-1.09956  0.785398  1.5708  0.281135  0.325508
-0.785398  0.785398  1.5708  0.374352  0.32533
-0.471239  0.785398  1.5708  0.502468  0.278062
-0.15708  0.785398  1.5708  0.631774  0.123455
0.15708  0.785398  1.5708  0.631761  -0.123487
0.471239  0.785398  1.5708  0.502444  -0.278078
0.785398  0.785398  1.5708  0.374331  -0.325333
1.09956  0.785398  1.5708  0.281119  -0.325507
1.41372  0.785398  1.5708  0.216631  -0.309603
1.72788  0.785398  1.5708  0.171531  -0.289544
2.04204  0.785398  1.5708  0.139149  -0.269602
2.67035  0.785398  1.5708  0.0970922  -0.234603
3.61283  0.785398  1.5708  0.0628454  -0.194934
4.86947  0.785398  1.5708  0.0398414  -0.15866
9.58186  0.785398  1.5708  0.0129617  -0.0931462
20.5774  0.785398  1.5708  0.00319896  -0.0469228
-10.8385  0.785398  2.35619  0.000134206  0.0851347
-7.06858  0.785398  2.35619  0.000267052  0.123534
-4.86947  0.785398  2.35619  0.000460552  0.168677
-3.61283  0.785398  2.35619  0.00070558  0.215165
-2.67035  0.785398  2.35619  0.0010901  0.274602
-1.72788  0.785398  2.35619  0.00207808  0.390346
-1.41372  0.785398  2.35619  0.00282806  0.459717
-1.09956  0.785398  2.35619  0.00420073  0.565119
-0.785398  0.785398  2.35619  0.00723174  0.746021
-0.471239  0.785398  2.35619  0.0164393  1.12518
-0.15708  0.785398  2.35619  0.0512377  1.97347
0.15708  0.785398  2.35619  0.0512182  -1.97315
0.471239  0.785398  2.35619  0.0164336  -1.12507
0.785398  0.785398  2.35619  0.00722882  -0.745974
1.09956  0.785398  2.35619  0.00419857  -0.565092
1.41372  0.785398  2.35619  0.00282615  -0.459698
1.72788  0.785398  2.35619  0.00207623  -0.390332
2.04204  0.785398  2.35619  0.0016148  -0.340919
2.67035  0.785398  2.35619  0.00109004  -0.274596
3.61283  0.785398  2.35619  0.000706389  -0.215162
4.86947  0.785398  2.35619  0.000461221  -0.168675
9.58186  0.785398  2.35619  0.000166275  -0.0949533
20.5774  0.785398  2.35619  4.50708e-05  -0.0471409
-10.8385  0.785398  3.14159  -0.00418796  0.0849293
-7.06858  0.785398  3.14159  -0.00891133  0.122892
-4.86947  0.785398  3.14159  -0.0167531  0.167001
-3.61283  0.785398  3.14159  -0.0273459  0.211606
-2.67035  0.785398  3.14159  -0.0444119  0.267029
-1.72788  0.785398  3.14159  -0.0877566  0.368235
-1.41372  0.785398  3.14159  -0.119224  0.423954
-1.09956  0.785398  3.14159  -0.173489  0.501042
-0.785398  0.785398  3.14159  -0.280844  0.611957
-0.471239  0.785398  3.14159  -0.543093  0.760718
-0.15708  0.785398  3.14159  -1.28354  0.642493
0.15708  0.785398  3.14159  -1.2834  -0.642595
0.471239  0.785398  3.14159  -0.543025  -0.760693
0.785398  0.785398  3.14159  -0.280816  -0.61193
1.09956  0.785398  3.14159  -0.173475  -0.501022
1.41372  0.785398  3.14159  -0.119216  -0.423939
1.72788  0.785398  3.14159  -0.0877523  -0.368223
2.04204  0.785398  3.14159  -0.0677356  -0.326214
2.67035  0.785398  3.14159  -0.0444101  -0.267023
3.61283  0.785398  3.14159  -0.0273444  -0.211604
4.86947  0.785398  3.14159  -0.0167521  -0.166999
9.58186  0.785398  3.14159  -0.00522364  -0.0946668
20.5774  0.785398  3.14159  -0.00126658  -0.0471069
-10.8385  0.785398  3.92699  0.000134206  0.0851347
-7.06858  0.785398  3.92699  0.000267052  0.123534
-4.86947  0.785398  3.92699  0.000460552  0.168677
-3.61283  0.785398  3.92699  0.00070558  0.215165
-2.67035  0.785398  3.92699  0.0010901  0.274602
-1.72788  0.785398  3.92699  0.00207808  0.390346
-1.41372  0.785398  3.92699  0.00282806  0.459717
-1.09956  0.785398  3.92699  0.00420073  0.565119
-0.785398  0.785398  3.92699  0.00723174  0.746021
-0.471239  0.785398  3.92699  0.0164393  1.12518
-0.15708  0.785398  3.92699  0.0512377  1.97347
0.15708  0.785398  3.92699  0.0512182  -1.97315
0.471239  0.785398  3.92699  0.0164336  -1.12507
0.785398  0.785398  3.92699  0.00722882  -0.745974
1.09956  0.785398  3.92699  0.00419857  -0.565092
1.41372  0.785398  3.92699  0.00282615  -0.459698
1.72788  0.785398  3.92699  0.00207623  -0.390332
2.04204  0.785398  3.92699  0.0016148  -0.340919
2.67035  0.785398  3.92699  0.00109004  -0.274596
3.61283  0.785398  3.92699  0.000706389  -0.215162
4.86947  0.785398  3.92699  0.000461221  -0.168675
9.58186  0.785398  3.92699  0.000166275  -0.0949533
20.5774  0.785398  3.92699  4.50708e-05  -0.0471409
-10.8385  0.785398  4.71239  0.0104297  0.0838351
-7.06858  0.785398  4.71239  0.0217964  0.119551
-4.86947  0.785398  4.71239  0.0398414  0.158662
-3.61283  0.785398  4.71239  0.0628463  0.194936
-2.67035  0.785398  4.71239  0.0970957  0.234606
-1.72788  0.785398  4.71239  0.17154  0.289548
-1.41372  0.785398  4.71239  0.216643  0.309607
-1.09956  0.785398  4.71239  0.281135  0.325508
-0.785398  0.785398  4.71239  0.374352  0.32533
-0.471239  0.785398  4.71239  0.502468  0.278062
-0.15708  0.785398  4.71239  0.631774  0.123455
0.15708  0.785398  4.71239  0.631761  -0.123487
0.471239  0.785398  4.71239  0.502444  -0.278078
0.785398  0.785398  4.71239  0.374331  -0.325333
1.09956  0.785398  4.71239  0.281119  -0.325507
1.41372  0.785398  4.71239  0.216631  -0.309603
1.72788  0.785398  4.71239  0.171531  -0.289544
2.04204  0.785398  4.71239  0.139149  -0.269602
2.67035  0.785398  4.71239  0.0970922  -0.234603
3.61283  0.785398  4.71239  0.0628454  -0.194934
4.86947  0.785398  4.71239  0.0398414  -0.15866
9.58186  0.785398  4.71239  0.0129617  -0.0931462
20.5774  0.785398  4.71239  0.00319896  -0.0469228
-10.8385  0.785398  5.49779  0.0198326  0.0802275
-7.06858  0.785398  5.49779  0.0395569  0.109184
-4.86947  0.785398  5.49779  0.0673752  0.135047
-3.61283  0.785398  5.49779  0.097759  0.152661
-2.67035  0.785398  5.49779  0.134988  0.164185
-1.72788  0.785398  5.49779  0.193967  0.164423
-1.41372  0.785398  5.49779  0.220089  0.157618
-1.09956  0.785398  5.49779  0.249246  0.144177
-0.785398  0.785398  5.49779  0.279835  0.121269
-0.471239  0.785398  5.49779  0.307872  0.0865498
-0.15708  0.785398  5.49779  0.325331  0.0469115
0.15708  0.785398  5.49779  0.325328  -0.0469204
0.471239  0.785398  5.49779  0.307867  -0.0865573
0.785398  0.785398  5.49779  0.279829  -0.121275
1.09956  0.785398  5.49779  0.24924  -0.144181
1.41372  0.785398  5.49779  0.220083  -0.157621
1.72788  0.785398  5.49779  0.193962  -0.164424
2.04204  0.785398  5.49779  0.171232  -0.166826
2.67035  0.785398  5.49779  0.134984  -0.164184
3.61283  0.785398  5.49779  0.0977573  -0.152659
4.86947  0.785398  5.49779  0.0673746  -0.135046
9.58186  0.785398  5.49779  0.0243883  -0.0882027
20.5774  0.785398  5.49779  0.0062676  -0.0462922
-10.8385  1.5708  0  0.0144776  0.0825947
-7.06858  1.5708  0  0.0297723  0.115874
-4.86947  1.5708  0  0.053052  0.149884
-3.61283  1.5708  0  0.0810562  0.178355
-2.67035  1.5708  0  0.119633  0.205034
-1.72788  1.5708  0  0.192808  0.230577
-1.41372  1.5708  0  0.231249  0.233879
-1.09956  1.5708  0  0.279799  0.228923
-0.785398  1.5708  0  0.338713  0.208055
-0.471239  1.5708  0  0.401955  0.160531
-0.15708  1.5708  0  0.447134  0.0913702
0.15708  1.5708  0  0.447127  -0.0913865
0.471239  1.5708  0  0.401945  -0.160543
0.785398  1.5708  0  0.338701  -0.208062
1.09956  1.5708  0  0.279788  -0.228926
1.41372  1.5708  0  0.231239  -0.23388
1.72788  1.5708  0  0.1928  -0.230576
2.04204  1.5708  0  0.162591  -0.223334
2.67035  1.5708  0  0.119629  -0.205032
3.61283  1.5708  0  0.0810548  -0.178353
4.86947  1.5708  0  0.0530516  -0.149883
9.58186  1.5708  0  0.0179274  -0.0914346
20.5774  1.5708  0  0.00448501  -0.0467102
-10.8385  1.5708  0.785398  0.0104297  0.0838351
-7.06858  1.5708  0.785398  0.0217964  0.119551
-4.86947  1.5708  0.785398  0.0398414  0.158662
-3.61283  1.5708  0.785398  0.0628463  0.194936
-2.67035  1.5708  0.785398  0.0970957  0.234606
-1.72788  1.5708  0.785398  0.17154  0.289548
-1.41372  1.5708  0.785398  0.216643  0.309607
-1.09956  1.5708  0.785398  0.281135  0.325508
-0.785398  1.5708  0.785398  0.374352  0.32533
-0.471239  1.5708  0.785398  0.502468  0.278062
-0.15708  1.5708  0.785398  0.631774  0.123455
0.15708  1.5708  0.785398  0.631761  -0.123487
0.471239  1.5708  0.785398  0.502444  -0.278078
0.785398  1.5708  0.785398  0.374331  -0.325333
1.09956  1.5708  0.785398  0.281119  -0.325507
1.41372  1.5708  0.785398  0.216631  -0.309603
1.72788  1.5708  0.785398  0.171531  -0.289544
2.04204  1.5708  0.785398  0.139149  -0.269602
2.67035  1.5708  0.785398  0.0970922  -0.234603
3.61283  1.5708  0.785398  0.0628454  -0.194934
4.86947  1.5708  0.785398  0.0398414  -0.15866
9.58186  1.5708  0.785398  0.0129617  -0.0931462
20.5774  1.5708  0.785398  0.00319896  -0.0469228
-10.8385  1.5708  1.5708  0.000134159  0.0851328
-7.06858  1.5708  1.5708  0.000266813  0.123526
-4.86947  1.5708  1.5708  0.000459966  0.168674
-3.61283  1.5708  1.5708  0.000705233  0.215231
-2.67035  1.5708  1.5708  0.00109264  0.274917
-1.72788  1.5708  1.5708  0.00209933  0.391718
-1.41372  1.5708  1.5708  0.00286944  0.46199
-1.09956  1.5708  1.5708  0.00428402  0.568965
-0.785398  1.5708  1.5708  0.00741286  0.752763
-0.471239  1.5708  1.5708  0.0169015  1.13758
-0.15708  1.5708  1.5708  0.0522378  1.98905
0.15708  1.5708  1.5708  0.0522178  -1.98872
0.471239  1.5708  1.5708  0.0168956  -1.13747
0.785398  1.5708  1.5708  0.00740989  -0.752715
1.09956  1.5708  1.5708  0.00428184  -0.568938
1.41372  1.5708  1.5708  0.00286751  -0.461972
1.72788  1.5708  1.5708  0.00209746  -0.391704
2.04204  1.5708  1.5708  0.00162573  -0.341758
2.67035  1.5708  1.5708  0.00109258  -0.274911
3.61283  1.5708  1.5708  0.000706047  -0.215228
4.86947  1.5708  1.5708  0.000460633  -0.168673
9.58186  1.5708  1.5708  0.000166194  -0.0949502
20.5774  1.5708  1.5708  4.50689e-05  -0.0471408
-10.8385  1.5708  2.35619  -0.0101734  0.0838996
-7.06858  1.5708  2.35619  -0.0213129  0.119733
-4.86947  1.5708  2.35619  -0.0390785  0.159072
-3.61283  1.5708  2.35619  -0.0618096  0.195685
-2.67035  1.5708  2.35619  -0.0957778  0.235929
-1.72788  1.5708  2.35619  -0.170052  0.292274
-1.41372  1.5708  2.35619  -0.215326  0.313226
-1.09956  1.5708  2.35619  -0.280416  0.330379
-0.785398  1.5708  2.35619  -0.375246  0.331774
-0.471239  1.5708  2.35619  -0.507108  0.285521
-0.15708  1.5708  2.35619  -0.642187  0.127712
0.15708  1.5708  2.35619  -0.642173  -0.127744
0.471239  1.5708  2.35619  -0.507084  -0.285535
0.785398  1.5708  2.35619  -0.375225  -0.331775
1.09956  1.5708  2.35619  -0.2804  -0.330376
1.41372  1.5708  2.35619  -0.215314  -0.31322
1.72788  1.5708  2.35619  -0.170044  -0.292268
2.04204  1.5708  2.35619  -0.137666  -0.271697
2.67035  1.5708  2.35619  -0.0957743  -0.235925
3.61283  1.5708  2.35619  -0.0618076  -0.195684
4.86947  1.5708  2.35619  -0.0390773  -0.159071
9.58186  1.5708  2.35619  -0.0126479  -0.0932351
20.5774  1.5708  2.35619  -0.00311003  -0.0469348
-10.8385  1.5708  3.14159  -0.0142327  0.0826833
-7.06858  1.5708  3.14159  -0.0293339  0.116117
-4.86947  1.5708  3.14159  -0.0524179  0.150402
-3.61283  1.5708  3.14159  -0.0802914  0.179241
-2.67035  1.5708  3.14159  -0.118839  0.20646
-1.72788  1.5708  3.14159  -0.192383  0.233021
-1.41372  1.5708  3.14159  -0.23123  0.236803
-1.09956  1.5708  3.14159  -0.280503  0.232339
-0.785398  1.5708  3.14159  -0.340616  0.211785
-0.471239  1.5708  3.14159  -0.405568  0.163958
-0.15708  1.5708  3.14159  -0.45229  0.0935735
0.15708  1.5708  3.14159  -0.452283  -0.0935896
0.471239  1.5708  3.14159  -0.405556  -0.163969
0.785398  1.5708  3.14159  -0.340603  -0.211791
1.09956  1.5708  3.14159  -0.280492  -0.23234
1.41372  1.5708  3.14159  -0.231221  -0.236802
1.72788  1.5708  3.14159  -0.192376  -0.233018
2.04204  1.5708  3.14159  -0.16195  -0.225366
2.67035  1.5708  3.14159  -0.118835  -0.206458
3.61283  1.5708  3.14159  -0.0802892  -0.17924
4.86947  1.5708  3.14159  -0.0524166  -0.150401
9.58186  1.5708  3.14159  -0.0176309  -0.0915557
20.5774  1.5708  3.14159  -0.00439729  -0.0467271
-10.8385  1.5708  3.92699  -0.0101734  0.0838996
-7.06858  1.5708  3.92699  -0.0213129  0.119733
-4.86947  1.5708  3.92699  -0.0390785  0.159072
-3.61283  1.5708  3.92699  -0.0618096  0.195685
-2.67035  1.5708  3.92699  -0.0957778  0.235929
-1.72788  1.5708  3.92699  -0.170052  0.292274
-1.41372  1.5708  3.92699  -0.215326  0.313226
-1.09956  1.5708  3.92699  -0.280416  0.330379
-0.785398  1.5708  3.92699  -0.375246  0.331774
-0.471239  1.5708  3.92699  -0.507108  0.285521
-0.15708  1.5708  3.92699  -0.642187  0.127712
0.15708  1.5708  3.92699  -0.642173  -0.127744
0.471239  1.5708  3.92699  -0.507084  -0.285535
0.785398  1.5708  3.92699  -0.375225  -0.331775
1.09956  1.5708  3.92699  -0.2804  -0.330376
1.41372  1.5708  3.92699  -0.215314  -0.31322
1.72788  1.5708  3.92699  -0.170044  -0.292268
2.04204  1.5708  3.92699  -0.137666  -0.271697
2.67035  1.5708  3.92699  -0.0957743  -0.235925
3.61283  1.5708  3.92699  -0.0618076  -0.195684
4.86947  1.5708  3.92699  -0.0390773  -0.159071
9.58186  1.5708  3.92699  -0.0126479  -0.0932351
20.5774  1.5708  3.92699  -0.00311003  -0.0469348
-10.8385  1.5708  4.71239  0.000134159  0.0851328
-7.06858  1.5708  4.71239  0.000266813  0.123526
-4.86947  1.5708  4.71239  0.000459966  0.168674
-3.61283  1.5708  4.71239  0.000705233  0.215231
-2.67035  1.5708  4.71239  0.00109264  0.274917
-1.72788  1.5708  4.71239  0.00209933  0.391718
-1.41372  1.5708  4.71239  0.00286944  0.46199
-1.09956  1.5708  4.71239  0.00428402  0.568965
-0.785398  1.5708  4.71239  0.00741286  0.752763
-0.471239  1.5708  4.71239  0.0169015  1.13758
-0.15708  1.5708  4.71239  0.0522378  1.98905
0.15708  1.5708  4.71239  0.0522178  -1.98872
0.471239  1.5708  4.71239  0.0168956  -1.13747
0.785398  1.5708  4.71239  0.00740989  -0.752715
1.09956  1.5708  4.71239  0.00428184  -0.568938
1.41372  1.5708  4.71239  0.00286751  -0.461972
1.72788  1.5708  4.71239  0.00209746  -0.391704
2.04204  1.5708  4.71239  0.00162573  -0.341758
2.67035  1.5708  4.71239  0.00109258  -0.274911
3.61283  1.5708  4.71239  0.000706047  -0.215228
4.86947  1.5708  4.71239  0.000460633  -0.168673
9.58186  1.5708  4.71239  0.000166194  -0.0949502
20.5774  1.5708  4.71239  4.50689e-05  -0.0471408
-10.8385  1.5708  5.49779  0.0104297  0.0838351
-7.06858  1.5708  5.49779  0.0217964  0.119551
-4.86947  1.5708  5.49779  0.0398414  0.158662
-3.61283  1.5708  5.49779  0.0628463  0.194936
-2.67035  1.5708  5.49779  0.0970957  0.234606
-1.72788  1.5708  5.49779  0.17154  0.289548
-1.41372  1.5708  5.49779  0.216643  0.309607
-1.09956  1.5708  5.49779  0.281135  0.325508
-0.785398  1.5708  5.49779  0.374352  0.32533
-0.471239  1.5708  5.49779  0.502468  0.278062
-0.15708  1.5708  5.49779  0.631774  0.123455
0.15708  1.5708  5.49779  0.631761  -0.123487
0.471239  1.5708  5.49779  0.502444  -0.278078
0.785398  1.5708  5.49779  0.374331  -0.325333
1.09956  1.5708  5.49779  0.281119  -0.325507
1.41372  1.5708  5.49779  0.216631  -0.309603
1.72788  1.5708  5.49779  0.171531  -0.289544
2.04204  1.5708  5.49779  0.139149  -0.269602
2.67035  1.5708  5.49779  0.0970922  -0.234603
3.61283  1.5708  5.49779  0.0628454  -0.194934
4.86947  1.5708  5.49779  0.0398414  -0.15866
9.58186  1.5708  5.49779  0.0129617  -0.0931462
20.5774  1.5708  5.49779  0.00319896  -0.0469228
-10.8385  2.35619  0  0.00445431  0.0849018
-7.06858  2.35619  0  0.00943663  0.122812
-4.86947  2.35619  0  0.0176453  0.166812
-3.61283  2.35619  0  0.0286837  0.21124
-2.67035  2.35619  0  0.046405  0.266319
-1.72788  2.35619  0  0.0912002  0.366428
-1.41372  2.35619  0  0.123576  0.421194
-1.09956  2.35619  0  0.179158  0.496405
-0.785398  2.35619  0  0.28824  0.602971
-0.471239  2.35619  0  0.549821  0.739413
-0.15708  2.35619  0  1.25119  0.60094
0.15708  2.35619  0  1.25107  -0.601042
0.471239  2.35619  0  0.549752  -0.739394
0.785398  2.35619  0  0.288209  -0.602949
1.09956  2.35619  0  0.179141  -0.496388
1.41372  2.35619  0  0.123565  -0.42118
1.72788  2.35619  0  0.0911928  -0.366417
2.04204  2.35619  0  0.0705378  -0.32495
2.67035  2.35619  0  0.046403  -0.266314
3.61283  2.35619  0  0.0286838  -0.211237
4.86947  2.35619  0  0.0176457  -0.166811
9.58186  2.35619  0  0.00555299  -0.0946288
20.5774  2.35619  0  0.00135651  -0.0471019
-10.8385  2.35619  0.785398  0.000134206  0.0851347
-7.06858  2.35619  0.785398  0.000267052  0.123534
-4.86947  2.35619  0.785398  0.000460552  0.168677
-3.61283  2.35619  0.785398  0.00070558  0.215165
-2.67035  2.35619  0.785398  0.0010901  0.274602
-1.72788  2.35619  0.785398  0.00207808  0.390346
-1.41372  2.35619  0.785398  0.00282806  0.459717
-1.09956  2.35619  0.785398  0.00420073  0.565119
-0.785398  2.35619  0.785398  0.00723174  0.746021
-0.471239  2.35619  0.785398  0.0164393  1.12518
-0.15708  2.35619  0.785398  0.0512377  1.97347
0.15708  2.35619  0.785398  0.0512182  -1.97315
0.471239  2.35619  0.785398  0.0164336  -1.12507
0.785398  2.35619  0.785398  0.00722882  -0.745974
1.09956  2.35619  0.785398  0.00419857  -0.565092
1.41372  2.35619  0.785398  0.00282615  -0.459698
1.72788  2.35619  0.785398  0.00207623  -0.390332
2.04204  2.35619  0.785398  0.0016148  -0.340919
2.67035  2.35619  0.785398  0.00109004  -0.274596
3.61283  2.35619  0.785398  0.000706389  -0.215162
4.86947  2.35619  0.785398  0.000461221  -0.168675
9.58186  2.35619  0.785398  0.000166275  -0.0949533
20.5774  2.35619  0.785398  4.50708e-05  -0.0471409
-10.8385  2.35619  1.5708  -0.0101734  0.0838996
-7.06858  2.35619  1.5708  -0.0213129  0.119733
-4.86947  2.35619  1.5708  -0.0390785  0.159072
-3.61283  2.35619  1.5708  -0.0618096  0.195685
-2.67035  2.35619  1.5708  -0.0957778  0.235929
-1.72788  2.35619  1.5708  -0.170052  0.292274
-1.41372  2.35619  1.5708  -0.215326  0.313226
-1.09956  2.35619  1.5708  -0.280416  0.330379
-0.785398  2.35619  1.5708  -0.375246  0.331774
-0.471239  2.35619  1.5708  -0.507108  0.285521
-0.15708  2.35619  1.5708  -0.642187  0.127712
0.15708  2.35619  1.5708  -0.642173  -0.127744
0.471239  2.35619  1.5708  -0.507084  -0.285535
0.785398  2.35619  1.5708  -0.375225  -0.331775
1.09956  2.35619  1.5708  -0.2804  -0.330376
1.41372  2.35619  1.5708  -0.215314  -0.31322
1.72788  2.35619  1.5708  -0.170044  -0.292268
2.04204  2.35619  1.5708  -0.137666  -0.271697
2.67035  2.35619  1.5708  -0.0957743  -0.235925
3.61283  2.35619  1.5708  -0.0618076  -0.195684
4.86947  2.35619  1.5708  -0.0390773  -0.159071
9.58186  2.35619  1.5708  -0.0126479  -0.0932351
20.5774  2.35619  1.5708  -0.00311003  -0.0469348
-10.8385  2.35619  2.35619  -0.019609  0.0803456
-7.06858  2.35619  2.35619  -0.039196  0.109488
-4.86947  2.35619  2.35619  -0.0669365  0.135639
-3.61283  2.35619  2.35619  -0.0973483  0.153574
-2.67035  2.35619  2.35619  -0.134747  0.165472
-1.72788  2.35619  2.35619  -0.194274  0.166177
-1.41372  2.35619  2.35619  -0.220743  0.159498
-1.09956  2.35619  2.35619  -0.250367  0.146099
-0.785398  2.35619  2.35619  -0.281537  0.123071
-0.471239  2.35619  2.35619  -0.310204  0.087967
-0.15708  2.35619  2.35619  -0.328123  0.0477335
0.15708  2.35619  2.35619  -0.328121  -0.0477421
0.471239  2.35619  2.35619  -0.310199  -0.0879742
0.785398  2.35619  2.35619  -0.281531  -0.123076
1.09956  2.35619  2.35619  -0.25036  -0.146102
1.41372  2.35619  2.35619  -0.220737  -0.159499
1.72788  2.35619  2.35619  -0.194268  -0.166177
2.04204  2.35619  2.35619  -0.171288  -0.168424
2.67035  2.35619  2.35619  -0.134743  -0.165471
3.61283  2.35619  2.35619  -0.0973462  -0.153574
4.86947  2.35619  2.35619  -0.0669353  -0.135639
9.58186  2.35619  2.35619  -0.0241236  -0.0883619
20.5774  2.35619  2.35619  -0.00618221  -0.0463156
-10.8385  2.35619  3.14159  -0.0230974  0.0783188
-7.06858  2.35619  3.14159  -0.0450026  0.104054
-4.86947  2.35619  3.14159  -0.074177  0.124464
-3.61283  2.35619  3.14159  -0.10391  0.135785
-2.67035  2.35619  3.14159  -0.137613  0.140035
-1.72788  2.35619  3.14159  -0.185648  0.131676
-1.41372  2.35619  3.14159  -0.205103  0.122911
-1.09956  2.35619  3.14159  -0.225704  0.109189
-0.785398  2.35619  3.14159  -0.246277  0.0888816
-0.471239  2.35619  3.14159  -0.264542  0.0602127
-0.15708  2.35619  3.14159  -0.276458  0.0219783
0.15708  2.35619  3.14159  -0.276456  -0.0219845
0.471239  2.35619  3.14159  -0.264539  -0.060218
0.785398  2.35619  3.14159  -0.246273  -0.0888857
1.09956  2.35619  3.14159  -0.2257  -0.109192
1.41372  2.35619  3.14159  -0.205098  -0.122913
1.72788  2.35619  3.14159  -0.185643  -0.131677
2.04204  2.35619  3.14159  -0.167848  -0.136815
2.67035  2.35619  3.14159  -0.13761  -0.140034
3.61283  2.35619  3.14159  -0.103908  -0.135785
4.86947  2.35619  3.14159  -0.0741758  -0.124464
9.58186  2.35619  3.14159  -0.0282476  -0.0856282
20.5774  2.35619  3.14159  -0.00741195  -0.045945
-10.8385  2.35619  3.92699  -0.019609  0.0803456
-7.06858  2.35619  3.92699  -0.039196  0.109488
-4.86947  2.35619  3.92699  -0.0669365  0.135639
-3.61283  2.35619  3.92699  -0.0973483  0.153574
-2.67035  2.35619  3.92699  -0.134747  0.165472
-1.72788  2.35619  3.92699  -0.194274  0.166177
-1.41372  2.35619  3.92699  -0.220743  0.159498
-1.09956  2.35619  3.92699  -0.250367  0.146099
-0.785398  2.35619  3.92699  -0.281537  0.123071
-0.471239  2.35619  3.92699  -0.310204  0.087967
-0.15708  2.35619  3.92699  -0.328123  0.0477335
0.15708  2.35619  3.92699  -0.328121  -0.0477421
0.471239  2.35619  3.92699  -0.310199  -0.0879742
0.785398  2.35619  3.92699  -0.281531  -0.123076
1.09956  2.35619  3.92699  -0.25036  -0.146102
1.41372  2.35619  3.92699  -0.220737  -0.159499
1.72788  2.35619  3.92699  -0.194268  -0.166177
2.04204  2.35619  3.92699  -0.171288  -0.168424
2.67035  2.35619  3.92699  -0.134743  -0.165471
3.61283  2.35619  3.92699  -0.0973462  -0.153574
4.86947  2.35619  3.92699  -0.0669353  -0.135639
9.58186  2.35619  3.92699  -0.0241236  -0.0883619
20.5774  2.35619  3.92699  -0.00618221  -0.0463156
-10.8385  2.35619  4.71239  -0.0101734  0.0838996
-7.06858  2.35619  4.71239  -0.0213129  0.119733
-4.86947  2.35619  4.71239  -0.0390785  0.159072
-3.61283  2.35619  4.71239  -0.0618096  0.195685
-2.67035  2.35619  4.71239  -0.0957778  0.235929
-1.72788  2.35619  4.71239  -0.170052  0.292274
-1.41372  2.35619  4.71239  -0.215326  0.313226
-1.09956  2.35619  4.71239  -0.280416  0.330379
-0.785398  2.35619  4.71239  -0.375246  0.331774
-0.471239  2.35619  4.71239  -0.507108  0.285521
-0.15708  2.35619  4.71239  -0.642187  0.127712
0.15708  2.35619  4.71239  -0.642173  -0.127744
0.471239  2.35619  4.71239  -0.507084  -0.285535
0.785398  2.35619  4.71239  -0.375225  -0.331775
1.09956  2.35619  4.71239  -0.2804  -0.330376
1.41372  2.35619  4.71239  -0.215314  -0.31322
1.72788  2.35619  4.71239  -0.170044  -0.292268
2.04204  2.35619  4.71239  -0.137666  -0.271697
2.67035  2.35619  4.71239  -0.0957743  -0.235925
3.61283  2.35619  4.71239  -0.0618076  -0.195684
4.86947  2.35619  4.71239  -0.0390773  -0.159071
9.58186  2.35619  4.71239  -0.0126479  -0.0932351
20.5774  2.35619  4.71239  -0.00311003  -0.0469348
-10.8385  2.35619  5.49779  0.000134206  0.0851347
-7.06858  2.35619  5.49779  0.000267052  0.123534
-4.86947  2.35619  5.49779  0.000460552  0.168677
-3.61283  2.35619  5.49779  0.00070558  0.215165
-2.67035  2.35619  5.49779  0.0010901  0.274602
-1.72788  2.35619  5.49779  0.00207808  0.390346
-1.41372  2.35619  5.49779  0.00282806  0.459717
-1.09956  2.35619  5.49779  0.00420073  0.565119
-0.785398  2.35619  5.49779  0.00723174  0.746021
-0.471239  2.35619  5.49779  0.0164393  1.12518
-0.15708  2.35619  5.49779  0.0512377  1.97347
0.15708  2.35619  5.49779  0.0512182  -1.97315
0.471239  2.35619  5.49779  0.0164336  -1.12507
0.785398  2.35619  5.49779  0.00722882  -0.745974
1.09956  2.35619  5.49779  0.00419857  -0.565092
1.41372  2.35619  5.49779  0.00282615  -0.459698
1.72788  2.35619  5.49779  0.00207623  -0.390332
2.04204  2.35619  5.49779  0.0016148  -0.340919
2.67035  2.35619  5.49779  0.00109004  -0.274596
3.61283  2.35619  5.49779  0.000706389  -0.215162
4.86947  2.35619  5.49779  0.000461221  -0.168675
9.58186  2.35619  5.49779  0.000166275  -0.0949533
20.5774  2.35619  5.49779  4.50708e-05  -0.0471409
-10.8385  3.14159  0  0.000134255  0.0851366
-7.06858  3.14159  0  0.000267315  0.123542
-4.86947  3.14159  0  0.000461335  0.168689
-3.61283  3.14159  0  0.000706679  0.215135
-2.67035  3.14159  0  0.00108964  0.274362
-1.72788  3.14159  0  0.00205983  0.388946
-1.41372  3.14159  0  0.0027853  0.457089
-1.09956  3.14159  0  0.00409626  0.559887
-0.785398  3.14159  0  0.00694137  0.734373
-0.471239  3.14159  0  0.015295  1.09123
-0.15708  3.14159  0  0.0408451  1.77069
0.15708  3.14159  0  0.0408309  -1.77043
0.471239  3.14159  0  0.0152897  -1.09113
0.785398  3.14159  0  0.00693854  -0.734327
1.09956  3.14159  0  0.00409413  -0.55986
1.41372  3.14159  0  0.00278341  -0.457071
1.72788  3.14159  0  0.00205799  -0.388933
2.04204  3.14159  0  0.00160723  -0.34015
2.67035  3.14159  0  0.00108958  -0.274356
3.61283  3.14159  0  0.000707483  -0.215132
4.86947  3.14159  0  0.000462003  -0.168687
9.58186  3.14159  0  0.000166359  -0.0949565
20.5774  3.14159  0  4.50728e-05  -0.047141
-10.8385  3.14159  0.785398  -0.00418796  0.0849293
-7.06858  3.14159  0.785398  -0.00891133  0.122892
-4.86947  3.14159  0.785398  -0.0167531  0.167001
-3.61283  3.14159  0.785398  -0.0273459  0.211606
-2.67035  3.14159  0.785398  -0.0444119  0.267029
-1.72788  3.14159  0.785398  -0.0877566  0.368235
-1.41372  3.14159  0.785398  -0.119224  0.423954
-1.09956  3.14159  0.785398  -0.173489  0.501042
-0.785398  3.14159  0.785398  -0.280844  0.611957
-0.471239  3.14159  0.785398  -0.543093  0.760718
-0.15708  3.14159  0.785398  -1.28354  0.642493
0.15708  3.14159  0.785398  -1.2834  -0.642595
0.471239  3.14159  0.785398  -0.543025  -0.760693
0.785398  3.14159  0.785398  -0.280816  -0.61193
1.09956  3.14159  0.785398  -0.173475  -0.501022
1.41372  3.14159  0.785398  -0.119216  -0.423939
1.72788  3.14159  0.785398  -0.0877523  -0.368223
2.04204  3.14159  0.785398  -0.0677356  -0.326214
2.67035  3.14159  0.785398  -0.0444101  -0.267023
3.61283  3.14159  0.785398  -0.0273444  -0.211604
4.86947  3.14159  0.785398  -0.0167521  -0.166999
9.58186  3.14159  0.785398  -0.00522364  -0.0946668
20.5774  3.14159  0.785398  -0.00126658  -0.0471069
-10.8385  3.14159  1.5708  -0.0142327  0.0826833
-7.06858  3.14159  1.5708  -0.0293339  0.116117
-4.86947  3.14159  1.5708  -0.0524179  0.150402
-3.61283  3.14159  1.5708  -0.0802914  0.179241
-2.67035  3.14159  1.5708  -0.118839  0.20646
-1.72788  3.14159  1.5708  -0.192383  0.233021
-1.41372  3.14159  1.5708  -0.23123  0.236803
-1.09956  3.14159  1.5708  -0.280503  0.232339
-0.785398  3.14159  1.5708  -0.340616  0.211785
-0.471239  3.14159  1.5708  -0.405568  0.163958
-0.15708  3.14159  1.5708  -0.45229  0.0935735
0.15708  3.14159  1.5708  -0.452283  -0.0935896
0.471239  3.14159  1.5708  -0.405556  -0.163969
0.785398  3.14159  1.5708  -0.340603  -0.211791
1.09956  3.14159  1.5708  -0.280492  -0.23234
1.41372  3.14159  1.5708  -0.231221  -0.236802
1.72788  3.14159  1.5708  -0.192376  -0.233018
2.04204  3.14159  1.5708  -0.16195  -0.225366
2.67035  3.14159  1.5708  -0.118835  -0.206458
3.61283  3.14159  1.5708  -0.0802892  -0.17924
4.86947  3.14159  1.5708  -0.0524166  -0.150401
9.58186  3.14159  1.5708  -0.0176309  -0.0915557
20.5774  3.14159  1.5708  -0.00439729  -0.0467271
-10.8385  3.14159  2.35619  -0.0230974  0.0783188
-7.06858  3.14159  2.35619  -0.0450026  0.104054
-4.86947  3.14159  2.35619  -0.074177  0.124464
-3.61283  3.14159  2.35619  -0.10391  0.135785
-2.67035  3.14159  2.35619  -0.137613  0.140035
-1.72788  3.14159  2.35619  -0.185648  0.131676
-1.41372  3.14159  2.35619  -0.205103  0.122911
-1.09956  3.14159  2.35619  -0.225704  0.109189
-0.785398  3.14159  2.35619  -0.246277  0.0888816
-0.471239  3.14159  2.35619  -0.264542  0.0602127
-0.15708  3.14159  2.35619  -0.276458  0.0219783
0.15708  3.14159  2.35619  -0.276456  -0.0219845
0.471239  3.14159  2.35619  -0.264539  -0.060218
0.785398  3.14159  2.35619  -0.246273  -0.0888857
1.09956  3.14159  2.35619  -0.2257  -0.109192
1.41372  3.14159  2.35619  -0.205098  -0.122913
1.72788  3.14159  2.35619  -0.185643  -0.131677
2.04204  3.14159  2.35619  -0.167848  -0.136815
2.67035  3.14159  2.35619  -0.13761  -0.140034
3.61283  3.14159  2.35619  -0.103908  -0.135785
4.86947  3.14159  2.35619  -0.0741758  -0.124464
9.58186  3.14159  2.35619  -0.0282476  -0.0856282
20.5774  3.14159  2.35619  -0.00741195  -0.045945
-10.8385  3.14159  3.14159  -0.0262912  0.0760391
-7.06858  3.14159  3.14159  -0.0498122  0.0982623
-4.86947  3.14159  3.14159  -0.079177  0.113388
-3.61283  3.14159  3.14159  -0.107042  0.119412
-2.67035  3.14159  3.14159  -0.136417  0.118484
-1.72788  3.14159  3.14159  -0.174745  0.105605
-1.41372  3.14159  3.14159  -0.189179  0.096471
-1.09956  3.14159  3.14159  -0.203772  0.0837808
-0.785398  3.14159  3.14159  -0.217563  0.0668471
-0.471239  3.14159  3.14159  -0.228982  0.0455137
-0.15708  3.14159  3.14159  -0.235536  0.0240704
0.15708  3.14159  3.14159  -0.235535  -0.0240748
0.471239  3.14159  3.14159  -0.22898  -0.0455177
0.785398  3.14159  3.14159  -0.217561  -0.0668505
1.09956  3.14159  3.14159  -0.203769  -0.0837834
1.41372  3.14159  3.14159  -0.189175  -0.0964729
1.72788  3.14159  3.14159  -0.174742  -0.105606
2.04204  3.14159  3.14159  -0.160996  -0.111914
2.67035  3.14159  3.14159  -0.136414  -0.118484
3.61283  3.14159  3.14159  -0.10704  -0.119412
4.86947  3.14159  3.14159  -0.0791759  -0.113388
9.58186  3.14159  3.14159  -0.0319418  -0.0825917
20.5774  3.14159  3.14159  -0.00860923  -0.0455121
-10.8385  3.14159  3.92699  -0.0230974  0.0783188
-7.06858  3.14159  3.92699  -0.0450026  0.104054
-4.86947  3.14159  3.92699  -0.074177  0.124464
-3.61283  3.14159  3.92699  -0.10391  0.135785
-2.67035  3.14159  3.92699  -0.137613  0.140035
-1.72788  3.14159  3.92699  -0.185648  0.131676
-1.41372  3.14159  3.92699  -0.205103  0.122911
-1.09956  3.14159  3.92699  -0.225704  0.109189
-0.785398  3.14159  3.92699  -0.246277  0.0888816
-0.471239  3.14159  3.92699  -0.264542  0.0602127
-0.15708  3.14159  3.92699  -0.276458  0.0219783
0.15708  3.14159  3.92699  -0.276456  -0.0219845
0.471239  3.14159  3.92699  -0.264539  -0.060218
0.785398  3.14159  3.92699  -0.246273  -0.0888857
1.09956  3.14159  3.92699  -0.2257  -0.109192
1.41372  3.14159  3.92699  -0.205098  -0.122913
1.72788  3.14159  3.92699  -0.185643  -0.131677
2.04204  3.14159  3.92699  -0.167848  -0.136815
2.67035  3.14159  3.92699  -0.13761  -0.140034
3.61283  3.14159  3.92699  -0.103908  -0.135785
4.86947  3.14159  3.92699  -0.0741758  -0.124464
9.58186  3.14159  3.92699  -0.0282476  -0.0856282
20.5774  3.14159  3.92699  -0.00741195  -0.045945
-10.8385  3.14159  4.71239  -0.0142327  0.0826833
-7.06858  3.14159  4.71239  -0.0293339  0.116117
-4.86947  3.14159  4.71239  -0.0524179  0.150402
-3.61283  3.14159  4.71239  -0.0802914  0.179241
-2.67035  3.14159  4.71239  -0.118839  0.20646
-1.72788  3.14159  4.71239  -0.192383  0.233021
-1.41372  3.14159  4.71239  -0.23123  0.236803
-1.09956  3.14159  4.71239  -0.280503  0.232339
-0.785398  3.14159  4.71239  -0.340616  0.211785
-0.471239  3.14159  4.71239  -0.405568  0.163958
-0.15708  3.14159  4.71239  -0.45229  0.0935735
0.15708  3.14159  4.71239  -0.452283  -0.0935896
0.471239  3.14159  4.71239  -0.405556  -0.163969
0.785398  3.14159  4.71239  -0.340603  -0.211791
1.09956  3.14159  4.71239  -0.280492  -0.23234
1.41372  3.14159  4.71239  -0.231221  -0.236802
1.72788  3.14159  4.71239  -0.192376  -0.233018
2.04204  3.14159  4.71239  -0.16195  -0.225366
2.67035  3.14159  4.71239  -0.118835  -0.206458
3.61283  3.14159  4.71239  -0.0802892  -0.17924
4.86947  3.14159  4.71239  -0.0524166  -0.150401
9.58186  3.14159  4.71239  -0.0176309  -0.0915557
20.5774  3.14159  4.71239  -0.00439729  -0.0467271
-10.8385  3.14159  5.49779  -0.00418796  0.0849293
-7.06858  3.14159  5.49779  -0.00891133  0.122892
-4.86947  3.14159  5.49779  -0.0167531  0.167001
-3.61283  3.14159  5.49779  -0.0273459  0.211606
-2.67035  3.14159  5.49779  -0.0444119  0.267029
-1.72788  3.14159  5.49779  -0.0877566  0.368235
-1.41372  3.14159  5.49779  -0.119224  0.423954
-1.09956  3.14159  5.49779  -0.173489  0.501042
-0.785398  3.14159  5.49779  -0.280844  0.611957
-0.471239  3.14159  5.49779  -0.543093  0.760718
-0.15708  3.14159  5.49779  -1.28354  0.642493
0.15708  3.14159  5.49779  -1.2834  -0.642595
0.471239  3.14159  5.49779  -0.543025  -0.760693
0.785398  3.14159  5.49779  -0.280816  -0.61193
1.09956  3.14159  5.49779  -0.173475  -0.501022
1.41372  3.14159  5.49779  -0.119216  -0.423939
1.72788  3.14159  5.49779  -0.0877523  -0.368223
2.04204  3.14159  5.49779  -0.0677356  -0.326214
2.67035  3.14159  5.49779  -0.0444101  -0.267023
3.61283  3.14159  5.49779  -0.0273444  -0.211604
4.86947  3.14159  5.49779  -0.0167521  -0.166999
9.58186  3.14159  5.49779  -0.00522364  -0.0946668
20.5774  3.14159  5.49779  -0.00126658  -0.0471069
-10.8385  3.92699  0  0.00445431  0.0849018
-7.06858  3.92699  0  0.00943663  0.122812
-4.86947  3.92699  0  0.0176453  0.166812
-3.61283  3.92699  0  0.0286837  0.21124
-2.67035  3.92699  0  0.046405  0.266319
-1.72788  3.92699  0  0.0912002  0.366428
-1.41372  3.92699  0  0.123576  0.421194
-1.09956  3.92699  0  0.179158  0.496405
-0.785398  3.92699  0  0.28824  0.602971
-0.471239  3.92699  0  0.549821  0.739413
-0.15708  3.92699  0  1.25119  0.60094
0.15708  3.92699  0  1.25107  -0.601042
0.471239  3.92699  0  0.549752  -0.739394
0.785398  3.92699  0  0.288209  -0.602949
1.09956  3.92699  0  0.179141  -0.496388
1.41372  3.92699  0  0.123565  -0.42118
1.72788  3.92699  0  0.0911928  -0.366417
2.04204  3.92699  0  0.0705378  -0.32495
2.67035  3.92699  0  0.046403  -0.266314
3.61283  3.92699  0  0.0286838  -0.211237
4.86947  3.92699  0  0.0176457  -0.166811
9.58186  3.92699  0  0.00555299  -0.0946288
20.5774  3.92699  0  0.00135651  -0.0471019
-10.8385  3.92699  0.785398  0.000134206  0.0851347
-7.06858  3.92699  0.785398  0.000267052  0.123534
-4.86947  3.92699  0.785398  0.000460552  0.168677
-3.61283  3.92699  0.785398  0.00070558  0.215165
-2.67035  3.92699  0.785398  0.0010901  0.274602
-1.72788  3.92699  0.785398  0.00207808  0.390346
-1.41372  3.92699  0.785398  0.00282806  0.459717
-1.09956  3.92699  0.785398  0.00420073  0.565119
-0.785398  3.92699  0.785398  0.00723174  0.746021
-0.471239  3.92699  0.785398  0.0164393  1.12518
-0.15708  3.92699  0.785398  0.0512377  1.97347
0.15708  3.92699  0.785398  0.0512182  -1.97315
0.471239  3.92699  0.785398  0.0164336  -1.12507
0.785398  3.92699  0.785398  0.00722882  -0.745974
1.09956  3.92699  0.785398  0.00419857  -0.565092
1.41372  3.92699  0.785398  0.00282615  -0.459698
1.72788  3.92699  0.785398  0.00207623  -0.390332
2.04204  3.92699  0.785398  0.0016148  -0.340919
2.67035  3.92699  0.785398  0.00109004  -0.274596
3.61283  3.92699  0.785398  0.000706389  -0.215162
4.86947  3.92699  0.785398  0.000461221  -0.168675
9.58186  3.92699  0.785398  0.000166275  -0.0949533
20.5774  3.92699  0.785398  4.50708e-05  -0.0471409
-10.8385  3.92699  1.5708  -0.0101734  0.0838996
-7.06858  3.92699  1.5708  -0.0213129  0.119733
-4.86947  3.92699  1.5708  -0.0390785  0.159072
-3.61283  3.92699  1.5708  -0.0618096  0.195685
-2.67035  3.92699  1.5708  -0.0957778  0.235929
-1.72788  3.92699  1.5708  -0.170052  0.292274
-1.41372  3.92699  1.5708  -0.215326  0.313226
-1.09956  3.92699  1.5708  -0.280416  0.330379
-0.785398  3.92699  1.5708  -0.375246  0.331774
-0.471239  3.92699  1.5708  -0.507108  0.285521
-0.15708  3.92699  1.5708  -0.642187  0.127712
0.15708  3.92699  1.5708  -0.642173  -0.127744
0.471239  3.92699  1.5708  -0.507084  -0.285535
0.785398  3.92699  1.5708  -0.375225  -0.331775
1.09956  3.92699  1.5708  -0.2804  -0.330376
1.41372  3.92699  1.5708  -0.215314  -0.31322
1.72788  3.92699  1.5708  -0.170044  -0.292268
2.04204  3.92699  1.5708  -0.137666  -0.271697
2.67035  3.92699  1.5708  -0.0957743  -0.235925
3.61283  3.92699  1.5708  -0.0618076  -0.195684
4.86947  3.92699  1.5708  -0.0390773  -0.159071
9.58186  3.92699  1.5708  -0.0126479  -0.0932351
20.5774  3.92699  1.5708  -0.00311003  -0.0469348
-10.8385  3.92699  2.35619  -0.019609  0.0803456
-7.06858  3.92699  2.35619  -0.039196  0.109488
-4.86947  3.92699  2.35619  -0.0669365  0.135639
-3.61283  3.92699  2.35619  -0.0973483  0.153574
-2.67035  3.92699  2.35619  -0.134747  0.165472
-1.72788  3.92699  2.35619  -0.194274  0.166177
-1.41372  3.92699  2.35619  -0.220743  0.159498
-1.09956  3.92699  2.35619  -0.250367  0.146099
-0.785398  3.92699  2.35619  -0.281537  0.123071
-0.471239  3.92699  2.35619  -0.310204  0.087967
-0.15708  3.92699  2.35619  -0.328123  0.0477335
0.15708  3.92699  2.35619  -0.328121  -0.0477421
0.471239  3.92699  2.35619  -0.310199  -0.0879742
0.785398  3.92699  2.35619  -0.281531  -0.123076
1.09956  3.92699  2.35619  -0.25036  -0.146102
1.41372  3.92699  2.35619  -0.220737  -0.159499
1.72788  3.92699  2.35619  -0.194268  -0.166177
2.04204  3.92699  2.35619  -0.171288  -0.168424
2.67035  3.92699  2.35619  -0.134743  -0.165471
3.61283  3.92699  2.35619  -0.0973462  -0.153574
4.86947  3.92699  2.35619  -0.0669353  -0.135639
9.58186  3.92699  2.35619  -0.0241236  -0.0883619
20.5774  3.92699  2.35619  -0.00618221  -0.0463156
-10.8385  3.92699  3.14159  -0.0230974  0.0783188
-7.06858  3.92699  3.14159  -0.0450026  0.104054
-4.86947  3.92699  3.14159  -0.074177  0.124464
-3.61283  3.92699  3.14159  -0.10391  0.135785
-2.67035  3.92699  3.14159  -0.137613  0.140035
-1.72788  3.92699  3.14159  -0.185648  0.131676
-1.41372  3.92699  3.14159  -0.205103  0.122911
-1.09956  3.92699  3.14159  -0.225704  0.109189
-0.785398  3.92699  3.14159  -0.246277  0.0888816
-0.471239  3.92699  3.14159  -0.264542  0.0602127
-0.15708  3.92699  3.14159  -0.276458  0.0219783
0.15708  3.92699  3.14159  -0.276456  -0.0219845
0.471239  3.92699  3.14159  -0.264539  -0.060218
0.785398  3.92699  3.14159  -0.246273  -0.0888857
1.09956  3.92699  3.14159  -0.2257  -0.109192
1.41372  3.92699  3.14159  -0.205098  -0.122913
1.72788  3.92699  3.14159  -0.185643  -0.131677
2.04204  3.92699  3.14159  -0.167848  -0.136815
2.67035  3.92699  3.14159  -0.13761  -0.140034
3.61283  3.92699  3.14159  -0.103908  -0.135785
4.86947  3.92699  3.14159  -0.0741758  -0.124464
9.58186  3.92699  3.14159  -0.0282476  -0.0856282
20.5774  3.92699  3.14159  -0.00741195  -0.045945
-10.8385  3.92699  3.92699  -0.019609  0.0803456
-7.06858  3.92699  3.92699  -0.039196  0.109488
-4.86947  3.92699  3.92699  -0.0669365  0.135639
-3.61283  3.92699  3.92699  -0.0973483  0.153574
-2.67035  3.92699  3.92699  -0.134747  0.165472
-1.72788  3.92699  3.92699  -0.194274  0.166177
-1.41372  3.92699  3.92699  -0.220743  0.159498
-1.09956  3.92699  3.92699  -0.250367  0.146099
-0.785398  3.92699  3.92699  -0.281537  0.123071
-0.471239  3.92699  3.92699  -0.310204  0.087967
-0.15708  3.92699  3.92699  -0.328123  0.0477335
0.15708  3.92699  3.92699  -0.328121  -0.0477421
0.471239  3.92699  3.92699  -0.310199  -0.0879742
0.785398  3.92699  3.92699  -0.281531  -0.123076
1.09956  3.92699  3.92699  -0.25036  -0.146102
1.41372  3.92699  3.92699  -0.220737  -0.159499
1.72788  3.92699  3.92699  -0.194268  -0.166177
2.04204  3.92699  3.92699  -0.171288  -0.168424
2.67035  3.92699  3.92699  -0.134743  -0.165471
3.61283  3.92699  3.92699  -0.0973462  -0.153574
4.86947  3.92699  3.92699  -0.0669353  -0.135639
9.58186  3.92699  3.92699  -0.0241236  -0.0883619
20.5774  3.92699  3.92699  -0.00618221  -0.0463156
-10.8385  3.92699  4.71239  -0.0101734  0.0838996
-7.06858  3.92699  4.71239  -0.0213129  0.119733
-4.86947  3.92699  4.71239  -0.0390785  0.159072
-3.61283  3.92699  4.71239  -0.0618096  0.195685
-2.67035  3.92699  4.71239  -0.0957778  0.235929
-1.72788  3.92699  4.71239  -0.170052  0.292274
-1.41372  3.92699  4.71239  -0.215326  0.313226
-1.09956  3.92699  4.71239  -0.280416  0.330379
-0.785398  3.92699  4.71239  -0.375246  0.331774
-0.471239  3.92699  4.71239  -0.507108  0.285521
-0.15708  3.92699  4.71239  -0.642187  0.127712
0.15708  3.92699  4.71239  -0.642173  -0.127744
0.471239  3.92699  4.71239  -0.507084  -0.285535
0.785398  3.92699  4.71239  -0.375225  -0.331775
1.09956  3.92699  4.71239  -0.2804  -0.330376
1.41372  3.92699  4.71239  -0.215314  -0.31322
1.72788  3.92699  4.71239  -0.170044  -0.292268
2.04204  3.92699  4.71239  -0.137666  -0.271697
2.67035  3.92699  4.71239  -0.0957743  -0.235925
3.61283  3.92699  4.71239  -0.0618076  -0.195684
4.86947  3.92699  4.71239  -0.0390773  -0.159071
9.58186  3.92699  4.71239  -0.0126479  -0.0932351
20.5774  3.92699  4.71239  -0.00311003  -0.0469348
-10.8385  3.92699  5.49779  0.000134206  0.0851347
-7.06858  3.92699  5.49779  0.000267052  0.123534
-4.86947  3.92699  5.49779  0.000460552  0.168677
-3.61283  3.92699  5.49779  0.00070558  0.215165
-2.67035  3.92699  5.49779  0.0010901  0.274602
-1.72788  3.92699  5.49779  0.00207808  0.390346
-1.41372  3.92699  5.49779  0.00282806  0.459717
-1.09956  3.92699  5.49779  0.00420073  0.565119
-0.785398  3.92699  5.49779  0.00723174  0.746021
-0.471239  3.92699  5.49779  0.0164393  1.12518
-0.15708  3.92699  5.49779  0.0512377  1.97347
0.15708  3.92699  5.49779  0.0512182  -1.97315
0.471239  3.92699  5.49779  0.0164336  -1.12507
0.785398  3.92699  5.49779  0.00722882  -0.745974
1.09956  3.92699  5.49779  0.00419857  -0.565092
1.41372  3.92699  5.49779  0.00282615  -0.459698
1.72788  3.92699  5.49779  0.00207623  -0.390332
2.04204  3.92699  5.49779  0.0016148  -0.340919
2.67035  3.92699  5.49779  0.00109004  -0.274596
3.61283  3.92699  5.49779  0.000706389  -0.215162
4.86947  3.92699  5.49779  0.000461221  -0.168675
9.58186  3.92699  5.49779  0.000166275  -0.0949533
20.5774  3.92699  5.49779  4.50708e-05  -0.0471409
-10.8385  4.71239  0  0.0144776  0.0825947
-7.06858  4.71239  0  0.0297723  0.115874
-4.86947  4.71239  0  0.053052  0.149884
-3.61283  4.71239  0  0.0810562  0.178355
-2.67035  4.71239  0  0.119633  0.205034
-1.72788  4.71239  0  0.192808  0.230577
-1.41372  4.71239  0  0.231249  0.233879
-1.09956  4.71239  0  0.279799  0.228923
-0.785398  4.71239  0  0.338713  0.208055
-0.471239  4.71239  0  0.401955  0.160531
-0.15708  4.71239  0  0.447134  0.0913702
0.15708  4.71239  0  0.447127  -0.0913865
0.471239  4.71239  0  0.401945  -0.160543
0.785398  4.71239  0  0.338701  -0.208062
1.09956  4.71239  0  0.279788  -0.228926
1.41372  4.71239  0  0.231239  -0.23388
1.72788  4.71239  0  0.1928  -0.230576
2.04204  4.71239  0  0.162591  -0.223334
2.67035  4.71239  0  0.119629  -0.205032
3.61283  4.71239  0  0.0810548  -0.178353
4.86947  4.71239  0  0.0530516  -0.149883
9.58186  4.71239  0  0.0179274  -0.0914346
20.5774  4.71239  0  0.00448501  -0.0467102
-10.8385  4.71239  0.785398  0.0104297  0.0838351
-7.06858  4.71239  0.785398  0.0217964  0.119551
-4.86947  4.71239  0.785398  0.0398414  0.158662
-3.61283  4.71239  0.785398  0.0628463  0.194936
-2.67035  4.71239  0.785398  0.0970957  0.234606
-1.72788  4.71239  0.785398  0.17154  0.289548
-1.41372  4.71239  0.785398  0.216643  0.309607
-1.09956  4.71239  0.785398  0.281135  0.325508
-0.785398  4.71239  0.785398  0.374352  0.32533
-0.471239  4.71239  0.785398  0.502468  0.278062
-0.15708  4.71239  0.785398  0.631774  0.123455
0.15708  4.71239  0.785398  0.631761  -0.123487
0.471239  4.71239  0.785398  0.502444  -0.278078
0.785398  4.71239  0.785398  0.374331  -0.325333
1.09956  4.71239  0.785398  0.281119  -0.325507
1.41372  4.71239  0.785398  0.216631  -0.309603
1.72788  4.71239  0.785398  0.171531  -0.289544
2.04204  4.71239  0.785398  0.139149  -0.269602
2.67035  4.71239  0.785398  0.0970922  -0.234603
3.61283  4.71239  0.785398  0.0628454  -0.194934
4.86947  4.71239  0.785398  0.0398414  -0.15866
9.58186  4.71239  0.785398  0.0129617  -0.0931462
20.5774  4.71239  0.785398  0.00319896  -0.0469228
-10.8385  4.71239  1.5708  0.000134159  0.0851328
-7.06858  4.71239  1.5708  0.000266813  0.123526
-4.86947  4.71239  1.5708  0.000459966  0.168674
-3.61283  4.71239  1.5708  0.000705233  0.215231
-2.67035  4.71239  1.5708  0.00109264  0.274917
-1.72788  4.71239  1.5708  0.00209933  0.391718
-1.41372  4.71239  1.5708  0.00286944  0.46199
-1.09956  4.71239  1.5708  0.00428402  0.568965
-0.785398  4.71239  1.5708  0.00741286  0.752763
-0.471239  4.71239  1.5708  0.0169015  1.13758
-0.15708  4.71239  1.5708  0.0522378  1.98905
0.15708  4.71239  1.5708  0.0522178  -1.98872
0.471239  4.71239  1.5708  0.0168956  -1.13747
0.785398  4.71239  1.5708  0.00740989  -0.752715
1.09956  4.71239  1.5708  0.00428184  -0.568938
1.41372  4.71239  1.5708  0.00286751  -0.461972
1.72788  4.71239  1.5708  0.00209746  -0.391704
2.04204  4.71239  1.5708  0.00162573  -0.341758
2.67035  4.71239  1.5708  0.00109258  -0.274911
3.61283  4.71239  1.5708  0.000706047  -0.215228
4.86947  4.71239  1.5708  0.000460633  -0.168673
9.58186  4.71239  1.5708  0.000166194  -0.0949502
20.5774  4.71239  1.5708  4.50689e-05  -0.0471408
-10.8385  4.71239  2.35619  -0.0101734  0.0838996
-7.06858  4.71239  2.35619  -0.0213129  0.119733
-4.86947  4.71239  2.35619  -0.0390785  0.159072
-3.61283  4.71239  2.35619  -0.0618096  0.195685
-2.67035  4.71239  2.35619  -0.0957778  0.235929
-1.72788  4.71239  2.35619  -0.170052  0.292274
-1.41372  4.71239  2.35619  -0.215326  0.313226
-1.09956  4.71239  2.35619  -0.280416  0.330379
-0.785398  4.71239  2.35619  -0.375246  0.331774
-0.471239  4.71239  2.35619  -0.507108  0.285521
-0.15708  4.71239  2.35619  -0.642187  0.127712
0.15708  4.71239  2.35619  -0.642173  -0.127744
0.471239  4.71239  2.35619  -0.507084  -0.285535
0.785398  4.71239  2.35619  -0.375225  -0.331775
1.09956  4.71239  2.35619  -0.2804  -0.330376
1.41372  4.71239  2.35619  -0.215314  -0.31322
1.72788  4.71239  2.35619  -0.170044  -0.292268
2.04204  4.71239  2.35619  -0.137666  -0.271697
2.67035  4.71239  2.35619  -0.0957743  -0.235925
3.61283  4.71239  2.35619  -0.0618076  -0.195684
4.86947  4.71239  2.35619  -0.0390773  -0.159071
9.58186  4.71239  2.35619  -0.0126479  -0.0932351
20.5774  4.71239  2.35619  -0.00311003  -0.0469348
-10.8385  4.71239  3.14159  -0.0142327  0.0826833
-7.06858  4.71239  3.14159  -0.0293339  0.116117
-4.86947  4.71239  3.14159  -0.0524179  0.150402
-3.61283  4.71239  3.14159  -0.0802914  0.179241
-2.67035  4.71239  3.14159  -0.118839  0.20646
-1.72788  4.71239  3.14159  -0.192383  0.233021
-1.41372  4.71239  3.14159  -0.23123  0.236803
-1.09956  4.71239  3.14159  -0.280503  0.232339
-0.785398  4.71239  3.14159  -0.340616  0.211785
-0.471239  4.71239  3.14159  -0.405568  0.163958
-0.15708  4.71239  3.14159  -0.45229  0.0935735
0.15708  4.71239  3.14159  -0.452283  -0.0935896
0.471239  4.71239  3.14159  -0.405556  -0.163969
0.785398  4.71239  3.14159  -0.340603  -0.211791
1.09956  4.71239  3.14159  -0.280492  -0.23234
1.41372  4.71239  3.14159  -0.231221  -0.236802
1.72788  4.71239  3.14159  -0.192376  -0.233018
2.04204  4.71239  3.14159  -0.16195  -0.225366
2.67035  4.71239  3.14159  -0.118835  -0.206458
3.61283  4.71239  3.14159  -0.0802892  -0.17924
4.86947  4.71239  3.14159  -0.0524166  -0.150401
9.58186  4.71239  3.14159  -0.0176309  -0.0915557
20.5774  4.71239  3.14159  -0.00439729  -0.0467271
-10.8385  4.71239  3.92699  -0.0101734  0.0838996
-7.06858  4.71239  3.92699  -0.0213129  0.119733
-4.86947  4.71239  3.92699  -0.0390785  0.159072
-3.61283  4.71239  3.92699  -0.0618096  0.195685
-2.67035  4.71239  3.92699  -0.0957778  0.235929
-1.72788  4.71239  3.92699  -0.170052  0.292274
-1.41372  4.71239  3.92699  -0.215326  0.313226
-1.09956  4.71239  3.92699  -0.280416  0.330379
-0.785398  4.71239  3.92699  -0.375246  0.331774
-0.471239  4.71239  3.92699  -0.507108  0.285521
-0.15708  4.71239  3.92699  -0.642187  0.127712
0.15708  4.71239  3.92699  -0.642173  -0.127744
0.471239  4.71239  3.92699  -0.507084  -0.285535
0.785398  4.71239  3.92699  -0.375225  -0.331775
1.09956  4.71239  3.92699  -0.2804  -0.330376
1.41372  4.71239  3.92699  -0.215314  -0.31322
1.72788  4.71239  3.92699  -0.170044  -0.292268
2.04204  4.71239  3.92699  -0.137666  -0.271697
2.67035  4.71239  3.92699  -0.0957743  -0.235925
3.61283  4.71239  3.92699  -0.0618076  -0.195684
4.86947  4.71239  3.92699  -0.0390773  -0.159071
9.58186  4.71239  3.92699  -0.0126479  -0.0932351
20.5774  4.71239  3.92699  -0.00311003  -0.0469348
-10.8385  4.71239  4.71239  0.000134159  0.0851328
-7.06858  4.71239  4.71239  0.000266813  0.123526
-4.86947  4.71239  4.71239  0.000459966  0.168674
-3.61283  4.71239  4.71239  0.000705233  0.215231
-2.67035  4.71239  4.71239  0.00109264  0.274917
-1.72788  4.71239  4.71239  0.00209933  0.391718
-1.41372  4.71239  4.71239  0.00286944  0.46199
-1.09956  4.71239  4.71239  0.00428402  0.568965
-0.785398  4.71239  4.71239  0.00741286  0.752763
-0.471239  4.71239  4.71239  0.0169015  1.13758
-0.15708  4.71239  4.71239  0.0522378  1.98905
0.15708  4.71239  4.71239  0.0522178  -1.98872
0.471239  4.71239  4.71239  0.0168956  -1.13747
0.785398  4.71239  4.71239  0.00740989  -0.752715
1.09956  4.71239  4.71239  0.00428184  -0.568938
1.41372  4.71239  4.71239  0.00286751  -0.461972
1.72788  4.71239  4.71239  0.00209746  -0.391704
2.04204  4.71239  4.71239  0.00162573  -0.341758
2.67035  4.71239  4.71239  0.00109258  -0.274911
3.61283  4.71239  4.71239  0.000706047  -0.215228
4.86947  4.71239  4.71239  0.000460633  -0.168673
9.58186  4.71239  4.71239  0.000166194  -0.0949502
20.5774  4.71239  4.71239  4.50689e-05  -0.0471408
-10.8385  4.71239  5.49779  0.0104297  0.0838351
-7.06858  4.71239  5.49779  0.0217964  0.119551
-4.86947  4.71239  5.49779  0.0398414  0.158662
-3.61283  4.71239  5.49779  0.0628463  0.194936
-2.67035  4.71239  5.49779  0.0970957  0.234606
-1.72788  4.71239  5.49779  0.17154  0.289548
-1.41372  4.71239  5.49779  0.216643  0.309607
-1.09956  4.71239  5.49779  0.281135  0.325508
-0.785398  4.71239  5.49779  0.374352  0.32533
-0.471239  4.71239  5.49779  0.502468  0.278062
-0.15708  4.71239  5.49779  0.631774  0.123455
0.15708  4.71239  5.49779  0.631761  -0.123487
0.471239  4.71239  5.49779  0.502444  -0.278078
0.785398  4.71239  5.49779  0.374331  -0.325333
1.09956  4.71239  5.49779  0.281119  -0.325507
1.41372  4.71239  5.49779  0.216631  -0.309603
1.72788  4.71239  5.49779  0.171531  -0.289544
2.04204  4.71239  5.49779  0.139149  -0.269602
2.67035  4.71239  5.49779  0.0970922  -0.234603
3.61283  4.71239  5.49779  0.0628454  -0.194934
4.86947  4.71239  5.49779  0.0398414  -0.15866
9.58186  4.71239  5.49779  0.0129617  -0.0931462
20.5774  4.71239  5.49779  0.00319896  -0.0469228
-10.8385  5.49779  0  0.0233033  0.0781834
-7.06858  5.49779  0  0.0453051  0.103723
-4.86947  5.49779  0  0.0744879  0.123864
-3.61283  5.49779  0  0.104125  0.134927
-2.67035  5.49779  0  0.137611  0.138927
-1.72788  5.49779  0  0.185159  0.130351
-1.41372  5.49779  0  0.20436  0.121568
-1.09956  5.49779  0  0.224654  0.107895
-0.785398  5.49779  0  0.244877  0.0877405
-0.471239  5.49779  0  0.262784  0.0593801
-0.15708  5.49779  0  0.274425  0.0216568
0.15708  5.49779  0  0.274424  -0.0216632
0.471239  5.49779  0  0.262781  -0.0593858
0.785398  5.49779  0  0.244873  -0.0877451
1.09956  5.49779  0  0.22465  -0.107898
1.41372  5.49779  0  0.204355  -0.121571
1.72788  5.49779  0  0.185155  -0.130353
2.04204  5.49779  0  0.167563  -0.135547
2.67035  5.49779  0  0.137608  -0.138927
3.61283  5.49779  0  0.104123  -0.134926
4.86947  5.49779  0  0.0744871  -0.123863
9.58186  5.49779  0  0.0284863  -0.0854478
20.5774  5.49779  0  0.00749526  -0.0459172
-10.8385  5.49779  0.785398  0.0198326  0.0802275
-7.06858  5.49779  0.785398  0.0395569  0.109184
-4.86947  5.49779  0.785398  0.0673752  0.135047
-3.61283  5.49779  0.785398  0.097759  0.152661
-2.67035  5.49779  0.785398  0.134988  0.164185
-1.72788  5.49779  0.785398  0.193967  0.164423
-1.41372  5.49779  0.785398  0.220089  0.157618
-1.09956  5.49779  0.785398  0.249246  0.144177
-0.785398  5.49779  0.785398  0.279835  0.121269
-0.471239  5.49779  0.785398  0.307872  0.0865498
-0.15708  5.49779  0.785398  0.325331  0.0469115
0.15708  5.49779  0.785398  0.325328  -0.0469204
0.471239  5.49779  0.785398  0.307867  -0.0865573
0.785398  5.49779  0.785398  0.279829  -0.121275
1.09956  5.49779  0.785398  0.24924  -0.144181
1.41372  5.49779  0.785398  0.220083  -0.157621
1.72788  5.49779  0.785398  0.193962  -0.164424
2.04204  5.49779  0.785398  0.171232  -0.166826
2.67035  5.49779  0.785398  0.134984  -0.164184
3.61283  5.49779  0.785398  0.0977573  -0.152659
4.86947  5.49779  0.785398  0.0673746  -0.135046
9.58186  5.49779  0.785398  0.0243883  -0.0882027
20.5774  5.49779  0.785398  0.0062676  -0.0462922
-10.8385  5.49779  1.5708  0.0104297  0.0838351
-7.06858  5.49779  1.5708  0.0217964  0.119551
-4.86947  5.49779  1.5708  0.0398414  0.158662
-3.61283  5.49779  1.5708  0.0628463  0.194936
-2.67035  5.49779  1.5708  0.0970957  0.234606
-1.72788  5.49779  1.5708  0.17154  0.289548
-1.41372  5.49779  1.5708  0.216643  0.309607
-1.09956  5.49779  1.5708  0.281135  0.325508
-0.785398  5.49779  1.5708  0.374352  0.32533
-0.471239  5.49779  1.5708  0.502468  0.278062
-0.15708  5.49779  1.5708  0.631774  0.123455
0.15708  5.49779  1.5708  0.631761  -0.123487
0.471239  5.49779  1.5708  0.502444  -0.278078
0.785398  5.49779  1.5708  0.374331  -0.325333
1.09956  5.49779  1.5708  0.281119  -0.325507
1.41372  5.49779  1.5708  0.216631  -0.309603
1.72788  5.49779  1.5708  0.171531  -0.289544
2.04204  5.49779  1.5708  0.139149  -0.269602
2.67035  5.49779  1.5708  0.0970922  -0.234603
3.61283  5.49779  1.5708  0.0628454  -0.194934
4.86947  5.49779  1.5708  0.0398414  -0.15866
9.58186  5.49779  1.5708  0.0129617  -0.0931462
20.5774  5.49779  1.5708  0.00319896  -0.0469228
-10.8385  5.49779  2.35619  0.000134206  0.0851347
-7.06858  5.49779  2.35619  0.000267052  0.123534
-4.86947  5.49779  2.35619  0.000460552  0.168677
-3.61283  5.49779  2.35619  0.00070558  0.215165
-2.67035  5.49779  2.35619  0.0010901  0.274602
-1.72788  5.49779  2.35619  0.00207808  0.390346
-1.41372  5.49779  2.35619  0.00282806  0.459717
-1.09956  5.49779  2.35619  0.00420073  0.565119
-0.785398  5.49779  2.35619  0.00723174  0.746021
-0.471239  5.49779  2.35619  0.0164393  1.12518
-0.15708  5.49779  2.35619  0.0512377  1.97347
0.15708  5.49779  2.35619  0.0512182  -1.97315
0.471239  5.49779  2.35619  0.0164336  -1.12507
0.785398  5.49779  2.35619  0.00722882  -0.745974
1.09956  5.49779  2.35619  0.00419857  -0.565092
1.41372  5.49779  2.35619  0.00282615  -0.459698
1.72788  5.49779  2.35619  0.00207623  -0.390332
2.04204  5.49779  2.35619  0.0016148  -0.340919
2.67035  5.49779  2.35619  0.00109004  -0.274596
3.61283  5.49779  2.35619  0.000706389  -0.215162
4.86947  5.49779  2.35619  0.000461221  -0.168675
9.58186  5.49779  2.35619  0.000166275  -0.0949533
20.5774  5.49779  2.35619  4.50708e-05  -0.0471409
-10.8385  5.49779  3.14159  -0.00418796  0.0849293
-7.06858  5.49779  3.14159  -0.00891133  0.122892
-4.86947  5.49779  3.14159  -0.0167531  0.167001
-3.61283  5.49779  3.14159  -0.0273459  0.211606
-2.67035  5.49779  3.14159  -0.0444119  0.267029
-1.72788  5.49779  3.14159  -0.0877566  0.368235
-1.41372  5.49779  3.14159  -0.119224  0.423954
-1.09956  5.49779  3.14159  -0.173489  0.501042
-0.785398  5.49779  3.14159  -0.280844  0.611957
-0.471239  5.49779  3.14159  -0.543093  0.760718
-0.15708  5.49779  3.14159  -1.28354  0.642493
0.15708  5.49779  3.14159  -1.2834  -0.642595
0.471239  5.49779  3.14159  -0.543025  -0.760693
0.785398  5.49779  3.14159  -0.280816  -0.61193
1.09956  5.49779  3.14159  -0.173475  -0.501022
1.41372  5.49779  3.14159  -0.119216  -0.423939
1.72788  5.49779  3.14159  -0.0877523  -0.368223
2.04204  5.49779  3.14159  -0.0677356  -0.326214
2.67035  5.49779  3.14159  -0.0444101  -0.267023
3.61283  5.49779  3.14159  -0.0273444  -0.211604
4.86947  5.49779  3.14159  -0.0167521  -0.166999
9.58186  5.49779  3.14159  -0.00522364  -0.0946668
20.5774  5.49779  3.14159  -0.00126658  -0.0471069
-10.8385  5.49779  3.92699  0.000134206  0.0851347
-7.06858  5.49779  3.92699  0.000267052  0.123534
-4.86947  5.49779  3.92699  0.000460552  0.168677
-3.61283  5.49779  3.92699  0.00070558  0.215165
-2.67035  5.49779  3.92699  0.0010901  0.274602
-1.72788  5.49779  3.92699  0.00207808  0.390346
-1.41372  5.49779  3.92699  0.00282806  0.459717
-1.09956  5.49779  3.92699  0.00420073  0.565119
-0.785398  5.49779  3.92699  0.00723174  0.746021
-0.471239  5.49779  3.92699  0.0164393  1.12518
-0.15708  5.49779  3.92699  0.0512377  1.97347
0.15708  5.49779  3.92699  0.0512182  -1.97315
0.471239  5.49779  3.92699  0.0164336  -1.12507
0.785398  5.49779  3.92699  0.00722882  -0.745974
1.09956  5.49779  3.92699  0.00419857  -0.565092
1.41372  5.49779  3.92699  0.00282615  -0.459698
1.72788  5.49779  3.92699  0.00207623  -0.390332
2.04204  5.49779  3.92699  0.0016148  -0.340919
2.67035  5.49779  3.92699  0.00109004  -0.274596
3.61283  5.49779  3.92699  0.000706389  -0.215162
4.86947  5.49779  3.92699  0.000461221  -0.168675
9.58186  5.49779  3.92699  0.000166275  -0.0949533
20.5774  5.49779  3.92699  4.50708e-05  -0.0471409
-10.8385  5.49779  4.71239  0.0104297  0.0838351
-7.06858  5.49779  4.71239  0.0217964  0.119551
-4.86947  5.49779  4.71239  0.0398414  0.158662
-3.61283  5.49779  4.71239  0.0628463  0.194936
-2.67035  5.49779  4.71239  0.0970957  0.234606
-1.72788  5.49779  4.71239  0.17154  0.289548
-1.41372  5.49779  4.71239  0.216643  0.309607
-1.09956  5.49779  4.71239  0.281135  0.325508
-0.785398  5.49779  4.71239  0.374352  0.32533
-0.471239  5.49779  4.71239  0.502468  0.278062
-0.15708  5.49779  4.71239  0.631774  0.123455
0.15708  5.49779  4.71239  0.631761  -0.123487
0.471239  5.49779  4.71239  0.502444  -0.278078
0.785398  5.49779  4.71239  0.374331  -0.325333
1.09956  5.49779  4.71239  0.281119  -0.325507
1.41372  5.49779  4.71239  0.216631  -0.309603
1.72788  5.49779  4.71239  0.171531  -0.289544
2.04204  5.49779  4.71239  0.139149  -0.269602
2.67035  5.49779  4.71239  0.0970922  -0.234603
3.61283  5.49779  4.71239  0.0628454  -0.194934
4.86947  5.49779  4.71239  0.0398414  -0.15866
9.58186  5.49779  4.71239  0.0129617  -0.0931462
20.5774  5.49779  4.71239  0.00319896  -0.0469228
-10.8385  5.49779  5.49779  0.0198326  0.0802275
-7.06858  5.49779  5.49779  0.0395569  0.109184
-4.86947  5.49779  5.49779  0.0673752  0.135047
-3.61283  5.49779  5.49779  0.097759  0.152661
-2.67035  5.49779  5.49779  0.134988  0.164185
-1.72788  5.49779  5.49779  0.193967  0.164423
-1.41372  5.49779  5.49779  0.220089  0.157618
-1.09956  5.49779  5.49779  0.249246  0.144177
-0.785398  5.49779  5.49779  0.279835  0.121269
-0.471239  5.49779  5.49779  0.307872  0.0865498
-0.15708  5.49779  5.49779  0.325331  0.0469115
0.15708  5.49779  5.49779  0.325328  -0.0469204
0.471239  5.49779  5.49779  0.307867  -0.0865573
0.785398  5.49779  5.49779  0.279829  -0.121275
1.09956  5.49779  5.49779  0.24924  -0.144181
1.41372  5.49779  5.49779  0.220083  -0.157621
1.72788  5.49779  5.49779  0.193962  -0.164424
2.04204  5.49779  5.49779  0.171232  -0.166826
2.67035  5.49779  5.49779  0.134984  -0.164184
3.61283  5.49779  5.49779  0.0977573  -0.152659
4.86947  5.49779  5.49779  0.0673746  -0.135046
9.58186  5.49779  5.49779  0.0243883  -0.0882027
20.5774  5.49779  5.49779  0.0062676  -0.0462922
