-25.7611  0  0  -4.94787e-05  0.00127153
-11.9381  0  0  -0.000237923  0.00272616
-8.16814  0  0  -0.000466689  0.00394188
-5.65487  0  0  -0.0007623  0.00538676
-4.39823  0  0  -0.000890139  0.00653325
-3.14159  0  0  -0.000862378  0.00799003
-1.88496  0  0  -0.000310934  0.00973745
-0.628319  0  0  0.000657517  0.015466
0.628319  0  0  -7.58176e-05  -0.0169307
1.88496  0  0  -0.00142426  -0.0100676
3.14159  0  0  -0.0015808  -0.00783218
4.39823  0  0  -0.00128489  -0.00628534
5.65487  0  0  -0.000970068  -0.00516033
9.42478  0  0  -0.000421169  -0.00333629
20.7345  0  0  -8.86548e-05  -0.00154997
-25.7611  0  1.5708  -1.56812e-05  0.0012519
-11.9381  0  1.5708  -8.10184e-05  0.00267272
-8.16814  0  1.5708  -0.00016912  0.00379579
-5.65487  0  1.5708  -0.000305172  0.00513298
-4.39823  0  1.5708  -0.000420133  0.00612484
-3.14159  0  1.5708  -0.000585057  0.00738389
-1.88496  0  1.5708  -0.000815649  0.00843335
-0.628319  0  1.5708  -0.00108875  0.00530976
0.628319  0  1.5708  -0.00110204  -0.00533489
1.88496  0  1.5708  -0.000834778  -0.00843856
3.14159  0  1.5708  -0.0005971  -0.0073811
4.39823  0  1.5708  -0.000426643  -0.00612068
5.65487  0  1.5708  -0.000308741  -0.00512931
9.42478  0  1.5708  -0.000130915  -0.00333597
20.7345  0  1.5708  -2.59796e-05  -0.00155406
-25.7611  0  3.14159  1.66433e-07  0.00125207
-11.9381  0  3.14159  -4.55856e-07  0.0026791
-8.16814  0  3.14159  -1.30544e-06  0.0038133
-5.65487  0  3.14159  -2.01158e-06  0.00516613
-4.39823  0  3.14159  -4.22825e-07  0.00615909
-3.14159  0  3.14159  3.53582e-06  0.00747035
-1.88496  0  3.14159  1.33051e-05  0.00957041
-0.628319  0  3.14159  2.45333e-05  0.0189341
0.628319  0  3.14159  1.59609e-05  -0.0189532
1.88496  0  3.14159  -1.82557e-06  -0.00957646
3.14159  0  3.14159  -7.28442e-06  -0.00746899
4.39823  0  3.14159  -6.26222e-06  -0.00615574
5.65487  0  3.14159  -5.044e-06  -0.00516282
9.42478  0  3.14159  -2.50605e-06  -0.00334827
20.7345  0  3.14159  -7.87183e-07  -0.00155497
-25.7611  0  4.71239  -1.56812e-05  0.0012519
-11.9381  0  4.71239  -8.10184e-05  0.00267272
-8.16814  0  4.71239  -0.00016912  0.00379579
-5.65487  0  4.71239  -0.000305172  0.00513298
-4.39823  0  4.71239  -0.000420133  0.00612484
-3.14159  0  4.71239  -0.000585057  0.00738389
-1.88496  0  4.71239  -0.000815649  0.00843335
-0.628319  0  4.71239  -0.00108875  0.00530976
0.628319  0  4.71239  -0.00110204  -0.00533489
1.88496  0  4.71239  -0.000834778  -0.00843856
3.14159  0  4.71239  -0.0005971  -0.0073811
4.39823  0  4.71239  -0.000426643  -0.00612068
5.65487  0  4.71239  -0.000308741  -0.00512931
9.42478  0  4.71239  -0.000130915  -0.00333597
20.7345  0  4.71239  -2.59796e-05  -0.00155406
-25.7611  1.5708  0  -1.56812e-05  0.0012519
-11.9381  1.5708  0  -8.10184e-05  0.00267272
-8.16814  1.5708  0  -0.00016912  0.00379579
-5.65487  1.5708  0  -0.000305172  0.00513298
-4.39823  1.5708  0  -0.000420133  0.00612484
-3.14159  1.5708  0  -0.000585057  0.00738389
-1.88496  1.5708  0  -0.000815649  0.00843335
-0.628319  1.5708  0  -0.00108875  0.00530976
0.628319  1.5708  0  -0.00110204  -0.00533489
1.88496  1.5708  0  -0.000834778  -0.00843856
3.14159  1.5708  0  -0.0005971  -0.0073811
4.39823  1.5708  0  -0.000426643  -0.00612068
5.65487  1.5708  0  -0.000308741  -0.00512931
9.42478  1.5708  0  -0.000130915  -0.00333597
20.7345  1.5708  0  -2.59796e-05  -0.00155406
-25.7611  1.5708  1.5708  1.66433e-07  0.00125207
-11.9381  1.5708  1.5708  -4.55856e-07  0.0026791
-8.16814  1.5708  1.5708  -1.30544e-06  0.0038133
-5.65487  1.5708  1.5708  -2.01158e-06  0.00516613
-4.39823  1.5708  1.5708  -4.22825e-07  0.00615909
-3.14159  1.5708  1.5708  3.53582e-06  0.00747035
-1.88496  1.5708  1.5708  1.33051e-05  0.00957041
-0.628319  1.5708  1.5708  2.45333e-05  0.0189341
0.628319  1.5708  1.5708  1.59609e-05  -0.0189532
1.88496  1.5708  1.5708  -1.82557e-06  -0.00957646
3.14159  1.5708  1.5708  -7.28442e-06  -0.00746899
4.39823  1.5708  1.5708  -6.26222e-06  -0.00615574
5.65487  1.5708  1.5708  -5.044e-06  -0.00516282
9.42478  1.5708  1.5708  -2.50605e-06  -0.00334827
20.7345  1.5708  1.5708  -7.87183e-07  -0.00155497
-25.7611  1.5708  3.14159  1.51854e-05  0.00125162
-11.9381  1.5708  3.14159  7.68802e-05  0.00267189
-8.16814  1.5708  3.14159  0.000160829  0.00379223
-5.65487  1.5708  3.14159  0.00029318  0.00512422
-4.39823  1.5708  3.14159  0.000412146  0.0061064
-3.14159  1.5708  3.14159  0.00059236  0.00734806
-1.88496  1.5708  3.14159  0.000866747  0.00837489
-0.628319  1.5708  3.14159  0.00120167  0.00527006
0.628319  1.5708  3.14159  0.00119034  -0.00530515
1.88496  1.5708  3.14159  0.000838678  -0.00838839
3.14159  1.5708  3.14159  0.000570678  -0.00734583
4.39823  1.5708  3.14159  0.000399649  -0.00609987
5.65487  1.5708  3.14159  0.000286855  -0.00511752
9.42478  1.5708  3.14159  0.000120488  -0.00333204
20.7345  1.5708  3.14159  2.31817e-05  -0.00155344
-25.7611  1.5708  4.71239  1.66433e-07  0.00125207
-11.9381  1.5708  4.71239  -4.55856e-07  0.0026791
-8.16814  1.5708  4.71239  -1.30544e-06  0.0038133
-5.65487  1.5708  4.71239  -2.01158e-06  0.00516613
-4.39823  1.5708  4.71239  -4.22825e-07  0.00615909
-3.14159  1.5708  4.71239  3.53582e-06  0.00747035
-1.88496  1.5708  4.71239  1.33051e-05  0.00957041
-0.628319  1.5708  4.71239  2.45333e-05  0.0189341
0.628319  1.5708  4.71239  1.59609e-05  -0.0189532
1.88496  1.5708  4.71239  -1.82557e-06  -0.00957646
3.14159  1.5708  4.71239  -7.28442e-06  -0.00746899
4.39823  1.5708  4.71239  -6.26222e-06  -0.00615574
5.65487  1.5708  4.71239  -5.044e-06  -0.00516282
9.42478  1.5708  4.71239  -2.50605e-06  -0.00334827
20.7345  1.5708  4.71239  -7.87183e-07  -0.00155497
-25.7611  3.14159  0  1.66433e-07  0.00125207
-11.9381  3.14159  0  -4.55856e-07  0.0026791
-8.16814  3.14159  0  -1.30544e-06  0.0038133
-5.65487  3.14159  0  -2.01158e-06  0.00516613
-4.39823  3.14159  0  -4.22825e-07  0.00615909
-3.14159  3.14159  0  3.53582e-06  0.00747035
-1.88496  3.14159  0  1.33051e-05  0.00957041
-0.628319  3.14159  0  2.45333e-05  0.0189341
0.628319  3.14159  0  1.59609e-05  -0.0189532
1.88496  3.14159  0  -1.82557e-06  -0.00957646
3.14159  3.14159  0  -7.28442e-06  -0.00746899
4.39823  3.14159  0  -6.26222e-06  -0.00615574
5.65487  3.14159  0  -5.044e-06  -0.00516282
9.42478  3.14159  0  -2.50605e-06  -0.00334827
20.7345  3.14159  0  -7.87183e-07  -0.00155497
-25.7611  3.14159  1.5708  1.51854e-05  0.00125162
-11.9381  3.14159  1.5708  7.68802e-05  0.00267189
-8.16814  3.14159  1.5708  0.000160829  0.00379223
-5.65487  3.14159  1.5708  0.00029318  0.00512422
-4.39823  3.14159  1.5708  0.000412146  0.0061064
-3.14159  3.14159  1.5708  0.00059236  0.00734806
-1.88496  3.14159  1.5708  0.000866747  0.00837489
-0.628319  3.14159  1.5708  0.00120167  0.00527006
0.628319  3.14159  1.5708  0.00119034  -0.00530515
1.88496  3.14159  1.5708  0.000838678  -0.00838839
3.14159  3.14159  1.5708  0.000570678  -0.00734583
4.39823  3.14159  1.5708  0.000399649  -0.00609987
5.65487  3.14159  1.5708  0.000286855  -0.00511752
9.42478  3.14159  1.5708  0.000120488  -0.00333204
20.7345  3.14159  1.5708  2.31817e-05  -0.00155344
-25.7611  3.14159  3.14159  3.41165e-05  0.00125466
-11.9381  3.14159  3.14159  0.000159929  0.00267279
-8.16814  3.14159  3.14159  0.000344728  0.00378293
-5.65487  3.14159  3.14159  0.000617991  0.00505556
-4.39823  3.14159  3.14159  0.000881461  0.00592904
-3.14159  3.14159  3.14159  0.00123872  0.00695538
-1.88496  3.14159  3.14159  0.00160542  0.00830602
-0.628319  3.14159  3.14159  0.00164345  0.0149679
0.628319  3.14159  3.14159  0.00144767  -0.0155999
1.88496  3.14159  3.14159  0.00109499  -0.00855308
3.14159  3.14159  3.14159  0.000839574  -0.00691163
4.39823  3.14159  3.14159  0.000650512  -0.00580484
5.65487  3.14159  3.14159  0.000504694  -0.00492642
9.42478  3.14159  3.14159  0.000220163  -0.00326865
20.7345  3.14159  3.14159  4.36918e-05  -0.00154226
-25.7611  3.14159  4.71239  1.51854e-05  0.00125162
-11.9381  3.14159  4.71239  7.68802e-05  0.00267189
-8.16814  3.14159  4.71239  0.000160829  0.00379223
-5.65487  3.14159  4.71239  0.00029318  0.00512422
-4.39823  3.14159  4.71239  0.000412146  0.0061064
-3.14159  3.14159  4.71239  0.00059236  0.00734806
-1.88496  3.14159  4.71239  0.000866747  0.00837489
-0.628319  3.14159  4.71239  0.00120167  0.00527006
0.628319  3.14159  4.71239  0.00119034  -0.00530515
1.88496  3.14159  4.71239  0.000838678  -0.00838839
3.14159  3.14159  4.71239  0.000570678  -0.00734583
4.39823  3.14159  4.71239  0.000399649  -0.00609987
5.65487  3.14159  4.71239  0.000286855  -0.00511752
9.42478  3.14159  4.71239  0.000120488  -0.00333204
20.7345  3.14159  4.71239  2.31817e-05  -0.00155344
-25.7611  4.71239  0  -1.56812e-05  0.0012519
-11.9381  4.71239  0  -8.10184e-05  0.00267272
-8.16814  4.71239  0  -0.00016912  0.00379579
-5.65487  4.71239  0  -0.000305172  0.00513298
-4.39823  4.71239  0  -0.000420133  0.00612484
-3.14159  4.71239  0  -0.000585057  0.00738389
-1.88496  4.71239  0  -0.000815649  0.00843335
-0.628319  4.71239  0  -0.00108875  0.00530976
0.628319  4.71239  0  -0.00110204  -0.00533489
1.88496  4.71239  0  -0.000834778  -0.00843856
3.14159  4.71239  0  -0.0005971  -0.0073811
4.39823  4.71239  0  -0.000426643  -0.00612068
5.65487  4.71239  0  -0.000308741  -0.00512931
9.42478  4.71239  0  -0.000130915  -0.00333597
20.7345  4.71239  0  -2.59796e-05  -0.00155406
-25.7611  4.71239  1.5708  1.66433e-07  0.00125207
-11.9381  4.71239  1.5708  -4.55856e-07  0.0026791
-8.16814  4.71239  1.5708  -1.30544e-06  0.0038133
-5.65487  4.71239  1.5708  -2.01158e-06  0.00516613
-4.39823  4.71239  1.5708  -4.22825e-07  0.00615909
-3.14159  4.71239  1.5708  3.53582e-06  0.00747035
-1.88496  4.71239  1.5708  1.33051e-05  0.00957041
-0.628319  4.71239  1.5708  2.45333e-05  0.0189341
0.628319  4.71239  1.5708  1.59609e-05  -0.0189532
1.88496  4.71239  1.5708  -1.82557e-06  -0.00957646
3.14159  4.71239  1.5708  -7.28442e-06  -0.00746899
4.39823  4.71239  1.5708  -6.26222e-06  -0.00615574
5.65487  4.71239  1.5708  -5.044e-06  -0.00516282
9.42478  4.71239  1.5708  -2.50605e-06  -0.00334827
20.7345  4.71239  1.5708  -7.87183e-07  -0.00155497
-25.7611  4.71239  3.14159  1.51854e-05  0.00125162
-11.9381  4.71239  3.14159  7.68802e-05  0.00267189
-8.16814  4.71239  3.14159  0.000160829  0.00379223
-5.65487  4.71239  3.14159  0.00029318  0.00512422
-4.39823  4.71239  3.14159  0.000412146  0.0061064
-3.14159  4.71239  3.14159  0.00059236  0.00734806
-1.88496  4.71239  3.14159  0.000866747  0.00837489
-0.628319  4.71239  3.14159  0.00120167  0.00527006
0.628319  4.71239  3.14159  0.00119034  -0.00530515
1.88496  4.71239  3.14159  0.000838678  -0.00838839
3.14159  4.71239  3.14159  0.000570678  -0.00734583
4.39823  4.71239  3.14159  0.000399649  -0.00609987
5.65487  4.71239  3.14159  0.000286855  -0.00511752
9.42478  4.71239  3.14159  0.000120488  -0.00333204
20.7345  4.71239  3.14159  2.31817e-05  -0.00155344
-25.7611  4.71239  4.71239  1.66433e-07  0.00125207
-11.9381  4.71239  4.71239  -4.55856e-07  0.0026791
-8.16814  4.71239  4.71239  -1.30544e-06  0.0038133
-5.65487  4.71239  4.71239  -2.01158e-06  0.00516613
-4.39823  4.71239  4.71239  -4.22825e-07  0.00615909
-3.14159  4.71239  4.71239  3.53582e-06  0.00747035
-1.88496  4.71239  4.71239  1.33051e-05  0.00957041
-0.628319  4.71239  4.71239  2.45333e-05  0.0189341
0.628319  4.71239  4.71239  1.59609e-05  -0.0189532
1.88496  4.71239  4.71239  -1.82557e-06  -0.00957646
3.14159  4.71239  4.71239  -7.28442e-06  -0.00746899
4.39823  4.71239  4.71239  -6.26222e-06  -0.00615574
5.65487  4.71239  4.71239  -5.044e-06  -0.00516282
9.42478  4.71239  4.71239  -2.50605e-06  -0.00334827
20.7345  4.71239  4.71239  -7.87183e-07  -0.00155497
