-25.7611  0  0  3.00951e-05  -0.0012445
-11.9381  0  0  0.000152235  -0.0026499
-8.16814  0  0  0.000313947  -0.00374319
-5.65487  0  0  0.000558954  -0.00500074
-4.39823  0  0  0.000760329  -0.00587249
-3.14159  0  0  0.00103087  -0.00694448
-1.88496  0  0  0.00134559  -0.00846011
-0.628319  0  0  0.00158849  -0.0153241
0.628319  0  0  0.00159005  0.0153239
1.88496  0  0  0.00134696  0.0084599
3.14159  0  0  0.00103216  0.00694409
4.39823  0  0  0.000760829  0.0058715
5.65487  0  0  0.000559788  0.00499648
9.42478  0  0  0.000241617  0.00329446
20.7345  0  0  4.677e-05  0.00154321
-25.7611  0  1.5708  1.50097e-05  -0.00124953
-11.9381  0  1.5708  7.69737e-05  -0.00267032
-8.16814  0  1.5708  0.000160702  -0.00379086
-5.65487  0  1.5708  0.000292576  -0.00512133
-4.39823  0  1.5708  0.000408223  -0.00610033
-3.14159  0  1.5708  0.000582175  -0.0073401
-1.88496  0  1.5708  0.000847031  -0.00837175
-0.628319  0  1.5708  0.00118122  -0.00528349
0.628319  0  1.5708  0.00118172  0.00528348
1.88496  0  1.5708  0.000847978  0.00837153
3.14159  0  1.5708  0.000583032  0.00733964
4.39823  0  1.5708  0.000408844  0.0060995
5.65487  0  1.5708  0.00029327  0.00511979
9.42478  0  1.5708  0.000123619  0.0033317
20.7345  0  1.5708  2.38019e-05  0.00155122
-25.7611  0  3.14159  -4.25329e-08  -0.00124959
-11.9381  0  3.14159  -2.44207e-07  -0.00267759
-8.16814  0  3.14159  -4.25356e-07  -0.00381329
-5.65487  0  3.14159  -5.17744e-07  -0.00516557
-4.39823  0  3.14159  -4.79495e-07  -0.00615318
-3.14159  0  3.14159  -5.1507e-07  -0.00746049
-1.88496  0  3.14159  -5.63383e-07  -0.00955945
-0.628319  0  3.14159  -7.73429e-07  -0.0189371
0.628319  0  3.14159  7.22272e-07  0.0189373
1.88496  0  3.14159  4.50533e-07  0.0095595
3.14159  0  3.14159  3.53083e-07  0.00746043
4.39823  0  3.14159  -1.14791e-07  0.00615274
5.65487  0  3.14159  2.99589e-07  0.00516341
9.42478  0  3.14159  3.21149e-07  0.00334636
20.7345  0  3.14159  3.14308e-08  0.00155175
-25.7611  0  4.71239  1.50097e-05  -0.00124953
-11.9381  0  4.71239  7.69737e-05  -0.00267032
-8.16814  0  4.71239  0.000160702  -0.00379086
-5.65487  0  4.71239  0.000292576  -0.00512133
-4.39823  0  4.71239  0.000408223  -0.00610033
-3.14159  0  4.71239  0.000582175  -0.0073401
-1.88496  0  4.71239  0.000847031  -0.00837175
-0.628319  0  4.71239  0.00118122  -0.00528349
0.628319  0  4.71239  0.00118172  0.00528348
1.88496  0  4.71239  0.000847978  0.00837153
3.14159  0  4.71239  0.000583032  0.00733964
4.39823  0  4.71239  0.000408844  0.0060995
5.65487  0  4.71239  0.00029327  0.00511979
9.42478  0  4.71239  0.000123619  0.0033317
20.7345  0  4.71239  2.38019e-05  0.00155122
-25.7611  1.5708  0  1.50097e-05  -0.00124953
-11.9381  1.5708  0  7.69737e-05  -0.00267032
-8.16814  1.5708  0  0.000160702  -0.00379086
-5.65487  1.5708  0  0.000292576  -0.00512133
-4.39823  1.5708  0  0.000408223  -0.00610033
-3.14159  1.5708  0  0.000582175  -0.0073401
-1.88496  1.5708  0  0.000847031  -0.00837175
-0.628319  1.5708  0  0.00118122  -0.00528349
0.628319  1.5708  0  0.00118172  0.00528348
1.88496  1.5708  0  0.000847978  0.00837153
3.14159  1.5708  0  0.000583032  0.00733964
4.39823  1.5708  0  0.000408844  0.0060995
5.65487  1.5708  0  0.00029327  0.00511979
9.42478  1.5708  0  0.000123619  0.0033317
20.7345  1.5708  0  2.38019e-05  0.00155122
-25.7611  1.5708  1.5708  -4.25329e-08  -0.00124959
-11.9381  1.5708  1.5708  -2.44207e-07  -0.00267759
-8.16814  1.5708  1.5708  -4.25356e-07  -0.00381329
-5.65487  1.5708  1.5708  -5.17744e-07  -0.00516557
-4.39823  1.5708  1.5708  -4.79495e-07  -0.00615318
-3.14159  1.5708  1.5708  -5.1507e-07  -0.00746049
-1.88496  1.5708  1.5708  -5.63383e-07  -0.00955945
-0.628319  1.5708  1.5708  -7.73429e-07  -0.0189371
0.628319  1.5708  1.5708  7.22272e-07  0.0189373
1.88496  1.5708  1.5708  4.50533e-07  0.0095595
3.14159  1.5708  1.5708  3.53083e-07  0.00746043
4.39823  1.5708  1.5708  -1.14791e-07  0.00615274
5.65487  1.5708  1.5708  2.99589e-07  0.00516341
9.42478  1.5708  1.5708  3.21149e-07  0.00334636
20.7345  1.5708  1.5708  3.14308e-08  0.00155175
-25.7611  1.5708  3.14159  -1.51682e-05  -0.00124992
-11.9381  1.5708  3.14159  -7.75121e-05  -0.00267049
-8.16814  1.5708  3.14159  -0.000161513  -0.00379067
-5.65487  1.5708  3.14159  -0.000293535  -0.00512102
-4.39823  1.5708  3.14159  -0.000409208  -0.00610009
-3.14159  1.5708  3.14159  -0.000583229  -0.00733991
-1.88496  1.5708  3.14159  -0.000848069  -0.00837156
-0.628319  1.5708  3.14159  -0.00118181  -0.0052833
0.628319  1.5708  3.14159  -0.00118136  0.00528366
1.88496  1.5708  3.14159  -0.000847218  0.0083717
3.14159  1.5708  3.14159  -0.00058247  0.00733981
4.39823  1.5708  3.14159  -0.000408615  0.00609967
5.65487  1.5708  3.14159  -0.00029272  0.00511996
9.42478  1.5708  3.14159  -0.000122879  0.00333215
20.7345  1.5708  3.14159  -2.36207e-05  0.0015518
-25.7611  1.5708  4.71239  -4.25329e-08  -0.00124959
-11.9381  1.5708  4.71239  -2.44207e-07  -0.00267759
-8.16814  1.5708  4.71239  -4.25356e-07  -0.00381329
-5.65487  1.5708  4.71239  -5.17744e-07  -0.00516557
-4.39823  1.5708  4.71239  -4.79495e-07  -0.00615318
-3.14159  1.5708  4.71239  -5.1507e-07  -0.00746049
-1.88496  1.5708  4.71239  -5.63383e-07  -0.00955945
-0.628319  1.5708  4.71239  -7.73429e-07  -0.0189371
0.628319  1.5708  4.71239  7.22272e-07  0.0189373
1.88496  1.5708  4.71239  4.50533e-07  0.0095595
3.14159  1.5708  4.71239  3.53083e-07  0.00746043
4.39823  1.5708  4.71239  -1.14791e-07  0.00615274
5.65487  1.5708  4.71239  2.99589e-07  0.00516341
9.42478  1.5708  4.71239  3.21149e-07  0.00334636
20.7345  1.5708  4.71239  3.14308e-08  0.00155175
-25.7611  3.14159  0  -4.25329e-08  -0.00124959
-11.9381  3.14159  0  -2.44207e-07  -0.00267759
-8.16814  3.14159  0  -4.25356e-07  -0.00381329
-5.65487  3.14159  0  -5.17744e-07  -0.00516557
-4.39823  3.14159  0  -4.79495e-07  -0.00615318
-3.14159  3.14159  0  -5.1507e-07  -0.00746049
-1.88496  3.14159  0  -5.63383e-07  -0.00955945
-0.628319  3.14159  0  -7.73429e-07  -0.0189371
0.628319  3.14159  0  7.22272e-07  0.0189373
1.88496  3.14159  0  4.50533e-07  0.0095595
3.14159  3.14159  0  3.53083e-07  0.00746043
4.39823  3.14159  0  -1.14791e-07  0.00615274
5.65487  3.14159  0  2.99589e-07  0.00516341
9.42478  3.14159  0  3.21149e-07  0.00334636
20.7345  3.14159  0  3.14308e-08  0.00155175
-25.7611  3.14159  1.5708  -1.51682e-05  -0.00124992
-11.9381  3.14159  1.5708  -7.75121e-05  -0.00267049
-8.16814  3.14159  1.5708  -0.000161513  -0.00379067
-5.65487  3.14159  1.5708  -0.000293535  -0.00512102
-4.39823  3.14159  1.5708  -0.000409208  -0.00610009
-3.14159  3.14159  1.5708  -0.000583229  -0.00733991
-1.88496  3.14159  1.5708  -0.000848069  -0.00837156
-0.628319  3.14159  1.5708  -0.00118181  -0.0052833
0.628319  3.14159  1.5708  -0.00118136  0.00528366
1.88496  3.14159  1.5708  -0.000847218  0.0083717
3.14159  3.14159  1.5708  -0.00058247  0.00733981
4.39823  3.14159  1.5708  -0.000408615  0.00609967
5.65487  3.14159  1.5708  -0.00029272  0.00511996
9.42478  3.14159  1.5708  -0.000122879  0.00333215
20.7345  3.14159  1.5708  -2.36207e-05  0.0015518
-25.7611  3.14159  3.14159  -3.00315e-05  -0.00124577
-11.9381  3.14159  3.14159  -0.000152636  -0.00265057
-8.16814  3.14159  3.14159  -0.000314865  -0.00374252
-5.65487  3.14159  3.14159  -0.000560121  -0.00499935
-4.39823  3.14159  3.14159  -0.000761297  -0.00587211
-3.14159  3.14159  3.14159  -0.00103192  -0.00694418
-1.88496  3.14159  3.14159  -0.00134672  -0.00845978
-0.628319  3.14159  3.14159  -0.00158982  -0.0153236
0.628319  3.14159  3.14159  -0.00158856  0.0153242
1.88496  3.14159  3.14159  -0.00134602  0.0084602
3.14159  3.14159  3.14159  -0.00103144  0.00694446
4.39823  3.14159  3.14159  -0.000761473  0.0058719
5.65487  3.14159  3.14159  -0.000559206  0.00499654
9.42478  3.14159  3.14159  -0.000241133  0.00329592
20.7345  3.14159  3.14159  -4.69413e-05  0.00154508
-25.7611  3.14159  4.71239  -1.51682e-05  -0.00124992
-11.9381  3.14159  4.71239  -7.75121e-05  -0.00267049
-8.16814  3.14159  4.71239  -0.000161513  -0.00379067
-5.65487  3.14159  4.71239  -0.000293535  -0.00512102
-4.39823  3.14159  4.71239  -0.000409208  -0.00610009
-3.14159  3.14159  4.71239  -0.000583229  -0.00733991
-1.88496  3.14159  4.71239  -0.000848069  -0.00837156
-0.628319  3.14159  4.71239  -0.00118181  -0.0052833
0.628319  3.14159  4.71239  -0.00118136  0.00528366
1.88496  3.14159  4.71239  -0.000847218  0.0083717
3.14159  3.14159  4.71239  -0.00058247  0.00733981
4.39823  3.14159  4.71239  -0.000408615  0.00609967
5.65487  3.14159  4.71239  -0.00029272  0.00511996
9.42478  3.14159  4.71239  -0.000122879  0.00333215
20.7345  3.14159  4.71239  -2.36207e-05  0.0015518
-25.7611  4.71239  0  1.50097e-05  -0.00124953
-11.9381  4.71239  0  7.69737e-05  -0.00267032
-8.16814  4.71239  0  0.000160702  -0.00379086
-5.65487  4.71239  0  0.000292576  -0.00512133
-4.39823  4.71239  0  0.000408223  -0.00610033
-3.14159  4.71239  0  0.000582175  -0.0073401
-1.88496  4.71239  0  0.000847031  -0.00837175
-0.628319  4.71239  0  0.00118122  -0.00528349
0.628319  4.71239  0  0.00118172  0.00528348
1.88496  4.71239  0  0.000847978  0.00837153
3.14159  4.71239  0  0.000583032  0.00733964
4.39823  4.71239  0  0.000408844  0.0060995
5.65487  4.71239  0  0.00029327  0.00511979
9.42478  4.71239  0  0.000123619  0.0033317
20.7345  4.71239  0  2.38019e-05  0.00155122
-25.7611  4.71239  1.5708  -4.25329e-08  -0.00124959
-11.9381  4.71239  1.5708  -2.44207e-07  -0.00267759
-8.16814  4.71239  1.5708  -4.25356e-07  -0.00381329
-5.65487  4.71239  1.5708  -5.17744e-07  -0.00516557
-4.39823  4.71239  1.5708  -4.79495e-07  -0.00615318
-3.14159  4.71239  1.5708  -5.1507e-07  -0.00746049
-1.88496  4.71239  1.5708  -5.63383e-07  -0.00955945
-0.628319  4.71239  1.5708  -7.73429e-07  -0.0189371
0.628319  4.71239  1.5708  7.22272e-07  0.0189373
1.88496  4.71239  1.5708  4.50533e-07  0.0095595
3.14159  4.71239  1.5708  3.53083e-07  0.00746043
4.39823  4.71239  1.5708  -1.14791e-07  0.00615274
5.65487  4.71239  1.5708  2.99589e-07  0.00516341
9.42478  4.71239  1.5708  3.21149e-07  0.00334636
20.7345  4.71239  1.5708  3.14308e-08  0.00155175
-25.7611  4.71239  3.14159  -1.51682e-05  -0.00124992
-11.9381  4.71239  3.14159  -7.75121e-05  -0.00267049
-8.16814  4.71239  3.14159  -0.000161513  -0.00379067
-5.65487  4.71239  3.14159  -0.000293535  -0.00512102
-4.39823  4.71239  3.14159  -0.000409208  -0.00610009
-3.14159  4.71239  3.14159  -0.000583229  -0.00733991
-1.88496  4.71239  3.14159  -0.000848069  -0.00837156
-0.628319  4.71239  3.14159  -0.00118181  -0.0052833
0.628319  4.71239  3.14159  -0.00118136  0.00528366
1.88496  4.71239  3.14159  -0.000847218  0.0083717
3.14159  4.71239  3.14159  -0.00058247  0.00733981
4.39823  4.71239  3.14159  -0.000408615  0.00609967
5.65487  4.71239  3.14159  -0.00029272  0.00511996
9.42478  4.71239  3.14159  -0.000122879  0.00333215
20.7345  4.71239  3.14159  -2.36207e-05  0.0015518
-25.7611  4.71239  4.71239  -4.25329e-08  -0.00124959
-11.9381  4.71239  4.71239  -2.44207e-07  -0.00267759
-8.16814  4.71239  4.71239  -4.25356e-07  -0.00381329
-5.65487  4.71239  4.71239  -5.17744e-07  -0.00516557
-4.39823  4.71239  4.71239  -4.79495e-07  -0.00615318
-3.14159  4.71239  4.71239  -5.1507e-07  -0.00746049
-1.88496  4.71239  4.71239  -5.63383e-07  -0.00955945
-0.628319  4.71239  4.71239  -7.73429e-07  -0.0189371
0.628319  4.71239  4.71239  7.22272e-07  0.0189373
1.88496  4.71239  4.71239  4.50533e-07  0.0095595
3.14159  4.71239  4.71239  3.53083e-07  0.00746043
4.39823  4.71239  4.71239  -1.14791e-07  0.00615274
5.65487  4.71239  4.71239  2.99589e-07  0.00516341
9.42478  4.71239  4.71239  3.21149e-07  0.00334636
20.7345  4.71239  4.71239  3.14308e-08  0.00155175
