-54.6637  0  0  -0.00292726  0.0727352
-27.0177  0  0  -0.0113817  0.144507
-13.1947  0  0  -0.0396098  0.275822
-10.6814  0  0  -0.0542959  0.326304
-8.16814  0  0  -0.0771882  0.394248
-6.9115  0  0  -0.0932436  0.436012
-5.65487  0  0  -0.113401  0.481938
-4.39823  0  0  -0.138326  0.526586
-3.14159  0  0  -0.167845  0.551908
-1.88496  0  0  -0.198908  0.506158
-0.628319  0  0  -0.223292  0.270132
0.628319  0  0  -0.223292  -0.270132
1.88496  0  0  -0.198908  -0.506158
3.14159  0  0  -0.167845  -0.551908
4.39823  0  0  -0.138326  -0.526586
5.65487  0  0  -0.113401  -0.481938
6.9115  0  0  -0.0932436  -0.436012
8.16814  0  0  -0.0771882  -0.394248
10.6814  0  0  -0.0542959  -0.326304
15.708  0  0  -0.0298828  -0.237785
33.3009  0  0  -0.00766508  -0.118201
-54.6637  0  3.14159  -1.56219e-08  0.0727495
-27.0177  0  3.14159  1.24824e-08  0.144575
-13.1947  0  3.14159  -8.93882e-09  0.27547
-10.6814  0  3.14159  5.6005e-17  0.325175
-8.16814  0  3.14159  5.96892e-17  0.391254
-6.9115  0  3.14159  7.501e-17  0.43165
-5.65487  0  3.14159  7.59186e-18  0.476958
-4.39823  0  3.14159  -1.8519e-17  0.526332
-3.14159  0  3.14159  -7.77304e-17  0.578949
-1.88496  0  3.14159  -3.11848e-17  0.637895
-0.628319  0  3.14159  -4.84981e-17  0.684847
0.628319  0  3.14159  -4.84981e-17  -0.684847
1.88496  0  3.14159  -3.11848e-17  -0.637895
3.14159  0  3.14159  -7.77304e-17  -0.578949
4.39823  0  3.14159  -1.8519e-17  -0.526332
5.65487  0  3.14159  7.59186e-18  -0.476958
6.9115  0  3.14159  7.501e-17  -0.43165
8.16814  0  3.14159  5.96892e-17  -0.391254
10.6814  0  3.14159  5.6005e-17  -0.325175
15.708  0  3.14159  7.11892e-09  -0.237725
33.3009  0  3.14159  -3.81964e-09  -0.118249
-54.6637  3.14159  0  -1.56219e-08  0.0727495
-27.0177  3.14159  0  1.24824e-08  0.144575
-13.1947  3.14159  0  -8.93882e-09  0.27547
-10.6814  3.14159  0  5.6005e-17  0.325175
-8.16814  3.14159  0  5.96892e-17  0.391254
-6.9115  3.14159  0  7.501e-17  0.43165
-5.65487  3.14159  0  7.59186e-18  0.476958
-4.39823  3.14159  0  -1.8519e-17  0.526332
-3.14159  3.14159  0  -7.77304e-17  0.578949
-1.88496  3.14159  0  -3.11848e-17  0.637895
-0.628319  3.14159  0  -4.84981e-17  0.684847
0.628319  3.14159  0  -4.84981e-17  -0.684847
1.88496  3.14159  0  -3.11848e-17  -0.637895
3.14159  3.14159  0  -7.77304e-17  -0.578949
4.39823  3.14159  0  -1.8519e-17  -0.526332
5.65487  3.14159  0  7.59186e-18  -0.476958
6.9115  3.14159  0  7.501e-17  -0.43165
8.16814  3.14159  0  5.96892e-17  -0.391254
10.6814  3.14159  0  5.6005e-17  -0.325175
15.708  3.14159  0  7.11892e-09  -0.237725
33.3009  3.14159  0  -3.81964e-09  -0.118249
-54.6637  3.14159  3.14159  0.00292732  0.0727352
-27.0177  3.14159  3.14159  0.0113818  0.144507
-13.1947  3.14159  3.14159  0.0396099  0.275822
-10.6814  3.14159  3.14159  0.0542958  0.326304
-8.16814  3.14159  3.14159  0.0771882  0.394248
-6.9115  3.14159  3.14159  0.0932436  0.436012
-5.65487  3.14159  3.14159  0.113401  0.481938
-4.39823  3.14159  3.14159  0.138325  0.526586
-3.14159  3.14159  3.14159  0.167848  0.551908
-1.88496  3.14159  3.14159  0.198914  0.506158
-0.628319  3.14159  3.14159  0.223296  0.270132
0.628319  3.14159  3.14159  0.223296  -0.270132
1.88496  3.14159  3.14159  0.198914  -0.506158
3.14159  3.14159  3.14159  0.167848  -0.551908
4.39823  3.14159  3.14159  0.138325  -0.526586
5.65487  3.14159  3.14159  0.113401  -0.481938
6.9115  3.14159  3.14159  0.0932436  -0.436012
8.16814  3.14159  3.14159  0.0771882  -0.394248
10.6814  3.14159  3.14159  0.0542958  -0.326304
15.708  3.14159  3.14159  0.0298829  -0.237785
33.3009  3.14159  3.14159  0.00766518  -0.118201
