-54.6637  0  0  0.000849301  0.0182495
-27.0177  0  0  0.00344599  0.0366507
-13.1947  0  0  0.0139361  0.0728079
-10.6814  0  0  0.0207665  0.0881553
-8.16814  0  0  0.0339034  0.110839
-6.9115  0  0  0.0454287  0.126442
-5.65487  0  0  0.0634816  0.145949
-4.39823  0  0  0.093414  0.169711
-3.14159  0  0  0.14596  0.195018
-1.88496  0  0  0.240624  0.205548
-0.628319  0  0  0.394413  0.136996
0.628319  0  0  0.394413  -0.136996
1.88496  0  0  0.240624  -0.205548
3.14159  0  0  0.14596  -0.195018
4.39823  0  0  0.093414  -0.169711
5.65487  0  0  0.0634816  -0.145949
6.9115  0  0  0.0454287  -0.126442
8.16814  0  0  0.0339034  -0.110839
10.6814  0  0  0.0207665  -0.0881553
15.708  0  0  0.00996893  -0.0618673
33.3009  0  0  0.00227737  -0.029835
-54.6637  0  3.14159  -2.16709e-15  0.018289
-27.0177  0  3.14159  2.95087e-14  0.0369745
-13.1947  0  3.14159  -3.74238e-13  0.0754669
-10.6814  0  3.14159  1.52404e-18  0.0930239
-8.16814  0  3.14159  -1.12122e-18  0.121128
-6.9115  0  3.14159  -2.26894e-19  0.142591
-5.65487  0  3.14159  -4.39973e-18  0.173146
-4.39823  0  3.14159  -1.01058e-17  0.219965
-3.14159  0  3.14159  -7.91923e-18  0.300149
-1.88496  0  3.14159  3.34571e-17  0.465988
-0.628319  0  3.14159  -3.41018e-16  0.977574
0.628319  0  3.14159  -3.41018e-16  -0.977574
1.88496  0  3.14159  3.34571e-17  -0.465988
3.14159  0  3.14159  -7.91923e-18  -0.300149
4.39823  0  3.14159  -1.01058e-17  -0.219965
5.65487  0  3.14159  -4.39973e-18  -0.173146
6.9115  0  3.14159  -2.26894e-19  -0.142591
8.16814  0  3.14159  -1.12122e-18  -0.121128
10.6814  0  3.14159  1.52404e-18  -0.0930239
15.708  0  3.14159  1.20589e-13  -0.06347
33.3009  0  3.14159  -3.5252e-15  -0.0300087
-54.6637  3.14159  0  -2.16717e-15  0.018289
-27.0177  3.14159  0  2.9509e-14  0.0369745
-13.1947  3.14159  0  -3.74237e-13  0.0754669
-10.6814  3.14159  0  3.26654e-19  0.0930239
-8.16814  3.14159  0  -1.12895e-18  0.121128
-6.9115  3.14159  0  -3.37932e-18  0.142591
-5.65487  3.14159  0  5.22147e-18  0.173146
-4.39823  3.14159  0  8.47619e-18  0.219965
-3.14159  3.14159  0  1.12832e-17  0.300149
-1.88496  3.14159  0  -1.26867e-17  0.465988
-0.628319  3.14159  0  2.54419e-16  0.977574
0.628319  3.14159  0  2.54419e-16  -0.977574
1.88496  3.14159  0  -1.26867e-17  -0.465988
3.14159  3.14159  0  1.12832e-17  -0.300149
4.39823  3.14159  0  8.47619e-18  -0.219965
5.65487  3.14159  0  5.22147e-18  -0.173146
6.9115  3.14159  0  -3.37932e-18  -0.142591
8.16814  3.14159  0  -1.12895e-18  -0.121128
10.6814  3.14159  0  3.26654e-19  -0.0930239
15.708  3.14159  0  1.20588e-13  -0.06347
33.3009  3.14159  0  -3.52535e-15  -0.0300087
-54.6637  3.14159  3.14159  -0.000849301  0.0182495
-27.0177  3.14159  3.14159  -0.00344599  0.0366507
-13.1947  3.14159  3.14159  -0.0139361  0.0728079
-10.6814  3.14159  3.14159  -0.0207665  0.0881553
-8.16814  3.14159  3.14159  -0.0339034  0.110839
-6.9115  3.14159  3.14159  -0.0454287  0.126442
-5.65487  3.14159  3.14159  -0.0634816  0.145949
-4.39823  3.14159  3.14159  -0.093414  0.169711
-3.14159  3.14159  3.14159  -0.14596  0.195018
-1.88496  3.14159  3.14159  -0.240624  0.205548
-0.628319  3.14159  3.14159  -0.394413  0.136996
0.628319  3.14159  3.14159  -0.394413  -0.136996
1.88496  3.14159  3.14159  -0.240624  -0.205548
3.14159  3.14159  3.14159  -0.14596  -0.195018
4.39823  3.14159  3.14159  -0.093414  -0.169711
5.65487  3.14159  3.14159  -0.0634816  -0.145949
6.9115  3.14159  3.14159  -0.0454287  -0.126442
8.16814  3.14159  3.14159  -0.0339034  -0.110839
10.6814  3.14159  3.14159  -0.0207665  -0.0881553
15.708  3.14159  3.14159  -0.00996893  -0.0618673
33.3009  3.14159  3.14159  -0.00227737  -0.029835
