-54.6637  0  0  0.000849301  0.0182495
-27.0177  0  0  0.00344599  0.0366507
-13.1947  0  0  0.0139361  0.0728079
-10.6814  0  0  0.0207665  0.0881553
-8.16814  0  0  0.0339034  0.110839
-6.9115  0  0  0.0454287  0.126442
-5.65487  0  0  0.0634816  0.145948
-4.39823  0  0  0.0934138  0.169711
-3.14159  0  0  0.14596  0.195018
-1.88496  0  0  0.240623  0.20555
-0.628319  0  0  0.394421  0.137006
0.628319  0  0  0.394421  -0.137006
1.88496  0  0  0.240623  -0.20555
3.14159  0  0  0.14596  -0.195018
4.39823  0  0  0.0934138  -0.169711
5.65487  0  0  0.0634816  -0.145948
6.9115  0  0  0.0454287  -0.126442
8.16814  0  0  0.0339034  -0.110839
10.6814  0  0  0.0207665  -0.0881553
15.708  0  0  0.00996893  -0.0618673
33.3009  0  0  0.00227737  -0.029835
-54.6637  0  3.14159  -2.53385e-15  0.018289
-27.0177  0  3.14159  3.47512e-14  0.0369745
-13.1947  0  3.14159  -4.46699e-13  0.0754669
-10.6814  0  3.14159  -2.48345e-18  0.0930239
-8.16814  0  3.14159  3.5325e-19  0.121128
-6.9115  0  3.14159  3.20263e-18  0.142591
-5.65487  0  3.14159  1.0647e-18  0.173146
-4.39823  0  3.14159  -6.63963e-18  0.219965
-3.14159  0  3.14159  -1.69227e-17  0.300148
-1.88496  0  3.14159  9.22761e-17  0.465978
-0.628319  0  3.14159  -7.40511e-17  0.977185
0.628319  0  3.14159  -7.40511e-17  -0.977185
1.88496  0  3.14159  9.22761e-17  -0.465978
3.14159  0  3.14159  -1.69227e-17  -0.300148
4.39823  0  3.14159  -6.63963e-18  -0.219965
5.65487  0  3.14159  1.0647e-18  -0.173146
6.9115  0  3.14159  3.20263e-18  -0.142591
8.16814  0  3.14159  3.5325e-19  -0.121128
10.6814  0  3.14159  -2.48345e-18  -0.0930239
15.708  0  3.14159  1.35897e-13  -0.06347
33.3009  0  3.14159  -4.03841e-15  -0.0300087
-54.6637  3.14159  0  -2.53378e-15  0.018289
-27.0177  3.14159  0  3.47507e-14  0.0369745
-13.1947  3.14159  0  -4.46698e-13  0.0754669
-10.6814  3.14159  0  1.19356e-18  0.0930239
-8.16814  3.14159  0  -2.21283e-18  0.121128
-6.9115  3.14159  0  -1.55814e-18  0.142591
-5.65487  3.14159  0  -9.75247e-18  0.173146
-4.39823  3.14159  0  3.0999e-18  0.219965
-3.14159  3.14159  0  1.20272e-17  0.300148
-1.88496  3.14159  0  -1.22942e-16  0.465978
-0.628319  3.14159  0  -1.44248e-16  0.977185
0.628319  3.14159  0  -1.44248e-16  -0.977185
1.88496  3.14159  0  -1.22942e-16  -0.465978
3.14159  3.14159  0  1.20272e-17  -0.300148
4.39823  3.14159  0  3.0999e-18  -0.219965
5.65487  3.14159  0  -9.75247e-18  -0.173146
6.9115  3.14159  0  -1.55814e-18  -0.142591
8.16814  3.14159  0  -2.21283e-18  -0.121128
10.6814  3.14159  0  1.19356e-18  -0.0930239
15.708  3.14159  0  1.35898e-13  -0.06347
33.3009  3.14159  0  -4.03907e-15  -0.0300087
-54.6637  3.14159  3.14159  -0.000849301  0.0182495
-27.0177  3.14159  3.14159  -0.00344599  0.0366507
-13.1947  3.14159  3.14159  -0.0139361  0.0728079
-10.6814  3.14159  3.14159  -0.0207665  0.0881553
-8.16814  3.14159  3.14159  -0.0339034  0.110839
-6.9115  3.14159  3.14159  -0.0454287  0.126442
-5.65487  3.14159  3.14159  -0.0634816  0.145948
-4.39823  3.14159  3.14159  -0.0934138  0.169711
-3.14159  3.14159  3.14159  -0.14596  0.195018
-1.88496  3.14159  3.14159  -0.240623  0.20555
-0.628319  3.14159  3.14159  -0.394421  0.137006
0.628319  3.14159  3.14159  -0.394421  -0.137006
1.88496  3.14159  3.14159  -0.240623  -0.20555
3.14159  3.14159  3.14159  -0.14596  -0.195018
4.39823  3.14159  3.14159  -0.0934138  -0.169711
5.65487  3.14159  3.14159  -0.0634816  -0.145948
6.9115  3.14159  3.14159  -0.0454287  -0.126442
8.16814  3.14159  3.14159  -0.0339034  -0.110839
10.6814  3.14159  3.14159  -0.0207665  -0.0881553
15.708  3.14159  3.14159  -0.00996893  -0.0618673
33.3009  3.14159  3.14159  -0.00227737  -0.029835
