-54.6637  0  0  -0.00292555  0.0727348
-27.0177  0  0  -0.0113747  0.144503
-13.1947  0  0  -0.0395811  0.275792
-10.6814  0  0  -0.0542528  0.32625
-8.16814  0  0  -0.0771171  0.394139
-6.9115  0  0  -0.0931478  0.435849
-5.65487  0  0  -0.113267  0.481683
-4.39823  0  0  -0.138127  0.526176
-3.14159  0  0  -0.167538  0.551245
-1.88496  0  0  -0.198427  0.505186
-0.628319  0  0  -0.222626  0.269255
0.628319  0  0  -0.222626  -0.269255
1.88496  0  0  -0.198427  -0.505186
3.14159  0  0  -0.167538  -0.551245
4.39823  0  0  -0.138127  -0.526176
5.65487  0  0  -0.113267  -0.481683
6.9115  0  0  -0.0931478  -0.435849
8.16814  0  0  -0.0771171  -0.394139
10.6814  0  0  -0.0542528  -0.32625
15.708  0  0  -0.0298624  -0.237767
33.3009  0  0  -0.00766047  -0.118199
-54.6637  0  3.14159  -2.99937e-08  0.072749
-27.0177  0  3.14159  2.48777e-08  0.144571
-13.1947  0  3.14159  -1.91513e-08  0.275438
-10.6814  0  3.14159  -4.79355e-17  0.32512
-8.16814  0  3.14159  -4.90077e-17  0.391153
-6.9115  0  3.14159  2.44337e-17  0.431507
-5.65487  0  3.14159  -2.19028e-16  0.476749
-4.39823  0  3.14159  -3.62539e-16  0.52601
-3.14159  0  3.14159  -1.62888e-16  0.578387
-1.88496  0  3.14159  1.68635e-17  0.636563
-0.628319  0  3.14159  -2.38543e-16  0.678852
0.628319  0  3.14159  -2.38543e-16  -0.678852
1.88496  0  3.14159  1.68635e-17  -0.636563
3.14159  0  3.14159  -1.62888e-16  -0.578387
4.39823  0  3.14159  -3.62539e-16  -0.52601
5.65487  0  3.14159  -2.19028e-16  -0.476749
6.9115  0  3.14159  2.44337e-17  -0.431507
8.16814  0  3.14159  -4.90077e-17  -0.391153
10.6814  0  3.14159  -4.79355e-17  -0.32512
15.708  0  3.14159  1.1457e-08  -0.237705
33.3009  0  3.14159  -6.62699e-09  -0.118247
-54.6637  3.14159  0  -2.99937e-08  0.072749
-27.0177  3.14159  0  2.48777e-08  0.144571
-13.1947  3.14159  0  -1.91513e-08  0.275438
-10.6814  3.14159  0  -4.79355e-17  0.32512
-8.16814  3.14159  0  -4.90077e-17  0.391153
-6.9115  3.14159  0  2.44337e-17  0.431507
-5.65487  3.14159  0  -2.19028e-16  0.476749
-4.39823  3.14159  0  -3.62539e-16  0.52601
-3.14159  3.14159  0  -1.62888e-16  0.578387
-1.88496  3.14159  0  1.68635e-17  0.636563
-0.628319  3.14159  0  -2.38543e-16  0.678852
0.628319  3.14159  0  -2.38543e-16  -0.678852
1.88496  3.14159  0  1.68635e-17  -0.636563
3.14159  3.14159  0  -1.62888e-16  -0.578387
4.39823  3.14159  0  -3.62539e-16  -0.52601
5.65487  3.14159  0  -2.19028e-16  -0.476749
6.9115  3.14159  0  2.44337e-17  -0.431507
8.16814  3.14159  0  -4.90077e-17  -0.391153
10.6814  3.14159  0  -4.79355e-17  -0.32512
15.708  3.14159  0  1.1457e-08  -0.237705
33.3009  3.14159  0  -6.62699e-09  -0.118247
-54.6637  3.14159  3.14159  0.0029256  0.0727348
-27.0177  3.14159  3.14159  0.0113749  0.144503
-13.1947  3.14159  3.14159  0.0395812  0.275792
-10.6814  3.14159  3.14159  0.0542527  0.32625
-8.16814  3.14159  3.14159  0.0771172  0.394139
-6.9115  3.14159  3.14159  0.0931478  0.435849
-5.65487  3.14159  3.14159  0.113267  0.481683
-4.39823  3.14159  3.14159  0.138127  0.526176
-3.14159  3.14159  3.14159  0.16754  0.551245
-1.88496  3.14159  3.14159  0.198432  0.505186
-0.628319  3.14159  3.14159  0.222629  0.269255
0.628319  3.14159  3.14159  0.222629  -0.269255
1.88496  3.14159  3.14159  0.198432  -0.505186
3.14159  3.14159  3.14159  0.16754  -0.551245
4.39823  3.14159  3.14159  0.138127  -0.526176
5.65487  3.14159  3.14159  0.113267  -0.481683
6.9115  3.14159  3.14159  0.0931478  -0.435849
8.16814  3.14159  3.14159  0.0771172  -0.394139
10.6814  3.14159  3.14159  0.0542527  -0.32625
15.708  3.14159  3.14159  0.0298625  -0.237767
33.3009  3.14159  3.14159  0.00766057  -0.118199
