-54.6637  0  0  -0.00292552  0.0727348
-27.0177  0  0  -0.0113746  0.144503
-13.1947  0  0  -0.0395806  0.275791
-10.6814  0  0  -0.054252  0.326249
-8.16814  0  0  -0.0771159  0.394137
-6.9115  0  0  -0.0931461  0.435846
-5.65487  0  0  -0.113264  0.481679
-4.39823  0  0  -0.138123  0.526169
-3.14159  0  0  -0.167532  0.551233
-1.88496  0  0  -0.198419  0.505169
-0.628319  0  0  -0.222615  0.26924
0.628319  0  0  -0.222615  -0.26924
1.88496  0  0  -0.198419  -0.505169
3.14159  0  0  -0.167532  -0.551233
4.39823  0  0  -0.138123  -0.526169
5.65487  0  0  -0.113264  -0.481679
6.9115  0  0  -0.0931461  -0.435846
8.16814  0  0  -0.0771159  -0.394137
10.6814  0  0  -0.054252  -0.326249
15.708  0  0  -0.029862  -0.237767
33.3009  0  0  -0.00766039  -0.118199
-54.6637  0  3.14159  -3.00158e-08  0.0727489
-27.0177  0  3.14159  2.48976e-08  0.144571
-13.1947  0  3.14159  -1.9169e-08  0.275437
-10.6814  0  3.14159  7.19406e-17  0.325119
-8.16814  0  3.14159  4.27075e-17  0.391151
-6.9115  0  3.14159  9.88728e-17  0.431505
-5.65487  0  3.14159  -5.62832e-17  0.476745
-4.39823  0  3.14159  -1.80399e-16  0.526004
-3.14159  0  3.14159  2.57411e-17  0.578377
-1.88496  0  3.14159  3.80988e-17  0.636539
-0.628319  0  3.14159  1.2672e-16  0.678748
0.628319  0  3.14159  1.2672e-16  -0.678748
1.88496  0  3.14159  3.80988e-17  -0.636539
3.14159  0  3.14159  2.57411e-17  -0.578377
4.39823  0  3.14159  -1.80399e-16  -0.526004
5.65487  0  3.14159  -5.62832e-17  -0.476745
6.9115  0  3.14159  9.88728e-17  -0.431505
8.16814  0  3.14159  4.27075e-17  -0.391151
10.6814  0  3.14159  7.19406e-17  -0.325119
15.708  0  3.14159  1.14619e-08  -0.237704
33.3009  0  3.14159  -6.63073e-09  -0.118246
-54.6637  3.14159  0  -3.00158e-08  0.0727489
-27.0177  3.14159  0  2.48976e-08  0.144571
-13.1947  3.14159  0  -1.9169e-08  0.275437
-10.6814  3.14159  0  7.19406e-17  0.325119
-8.16814  3.14159  0  4.27075e-17  0.391151
-6.9115  3.14159  0  9.88728e-17  0.431505
-5.65487  3.14159  0  -5.62832e-17  0.476745
-4.39823  3.14159  0  -1.80399e-16  0.526004
-3.14159  3.14159  0  2.57411e-17  0.578377
-1.88496  3.14159  0  3.80988e-17  0.636539
-0.628319  3.14159  0  1.2672e-16  0.678748
0.628319  3.14159  0  1.2672e-16  -0.678748
1.88496  3.14159  0  3.80988e-17  -0.636539
3.14159  3.14159  0  2.57411e-17  -0.578377
4.39823  3.14159  0  -1.80399e-16  -0.526004
5.65487  3.14159  0  -5.62832e-17  -0.476745
6.9115  3.14159  0  9.88728e-17  -0.431505
8.16814  3.14159  0  4.27075e-17  -0.391151
10.6814  3.14159  0  7.19406e-17  -0.325119
15.708  3.14159  0  1.14619e-08  -0.237704
33.3009  3.14159  0  -6.63073e-09  -0.118246
-54.6637  3.14159  3.14159  0.00292557  0.0727348
-27.0177  3.14159  3.14159  0.0113747  0.144503
-13.1947  3.14159  3.14159  0.0395807  0.275791
-10.6814  3.14159  3.14159  0.054252  0.326249
-8.16814  3.14159  3.14159  0.0771159  0.394137
-6.9115  3.14159  3.14159  0.0931462  0.435846
-5.65487  3.14159  3.14159  0.113264  0.481679
-4.39823  3.14159  3.14159  0.138123  0.526169
-3.14159  3.14159  3.14159  0.167535  0.551233
-1.88496  3.14159  3.14159  0.198424  0.505169
-0.628319  3.14159  3.14159  0.222618  0.26924
0.628319  3.14159  3.14159  0.222618  -0.26924
1.88496  3.14159  3.14159  0.198424  -0.505169
3.14159  3.14159  3.14159  0.167535  -0.551233
4.39823  3.14159  3.14159  0.138123  -0.526169
5.65487  3.14159  3.14159  0.113264  -0.481679
6.9115  3.14159  3.14159  0.0931462  -0.435846
8.16814  3.14159  3.14159  0.0771159  -0.394137
10.6814  3.14159  3.14159  0.054252  -0.326249
15.708  3.14159  3.14159  0.0298622  -0.237767
33.3009  3.14159  3.14159  0.00766049  -0.118199
