-54.6637  0  0  -0.00314313  0.0725609
-27.0177  0  0  -0.0123934  0.144543
-13.1947  0  0  -0.043672  0.278214
-10.6814  0  0  -0.0603983  0.330894
-8.16814  0  0  -0.0869834  0.405086
-6.9115  0  0  -0.106419  0.452106
-5.65487  0  0  -0.132058  0.507226
-4.39823  0  0  -0.165961  0.565084
-3.14159  0  0  -0.208787  0.619201
-1.88496  0  0  -0.262645  0.612135
-0.628319  0  0  -0.316127  0.377069
0.628319  0  0  -0.316127  -0.377069
1.88496  0  0  -0.262645  -0.612135
3.14159  0  0  -0.208787  -0.619201
4.39823  0  0  -0.165961  -0.565084
5.65487  0  0  -0.132058  -0.507226
6.9115  0  0  -0.106419  -0.452106
8.16814  0  0  -0.0869834  -0.405086
10.6814  0  0  -0.0603983  -0.330894
15.708  0  0  -0.0327731  -0.239334
33.3009  0  0  -0.00831421  -0.118048
-54.6637  0  3.14159  0.000196855  0.0727547
-27.0177  0  3.14159  -0.000168798  0.145345
-13.1947  0  3.14159  0.000137584  0.277118
-10.6814  0  3.14159  -3.64308e-13  0.329291
-8.16814  0  3.14159  -1.31355e-13  0.402392
-6.9115  0  3.14159  -1.81879e-12  0.441996
-5.65487  0  3.14159  -4.37624e-14  0.491876
-4.39823  0  3.14159  2.58021e-12  0.557495
-3.14159  0  3.14159  -6.58583e-13  0.628195
-1.88496  0  3.14159  -1.04476e-12  0.739472
-0.628319  0  3.14159  2.24561e-12  1.6749
0.628319  0  3.14159  2.24561e-12  -1.6749
1.88496  0  3.14159  -1.04476e-12  -0.739472
3.14159  0  3.14159  -6.58583e-13  -0.628195
4.39823  0  3.14159  2.58021e-12  -0.557495
5.65487  0  3.14159  -4.37624e-14  -0.491876
6.9115  0  3.14159  -1.81879e-12  -0.441996
8.16814  0  3.14159  -1.31355e-13  -0.402392
10.6814  0  3.14159  -3.64308e-13  -0.329291
15.708  0  3.14159  -6.14712e-05  -0.239574
33.3009  0  3.14159  3.9146e-05  -0.118536
-54.6637  3.14159  0  0.000196855  0.0727547
-27.0177  3.14159  0  -0.000168798  0.145345
-13.1947  3.14159  0  0.000137584  0.277118
-10.6814  3.14159  0  -3.64308e-13  0.329291
-8.16814  3.14159  0  -1.31355e-13  0.402392
-6.9115  3.14159  0  -1.81879e-12  0.441996
-5.65487  3.14159  0  -4.37624e-14  0.491876
-4.39823  3.14159  0  2.58021e-12  0.557495
-3.14159  3.14159  0  -6.58583e-13  0.628195
-1.88496  3.14159  0  -1.04476e-12  0.739472
-0.628319  3.14159  0  2.24561e-12  1.6749
0.628319  3.14159  0  2.24561e-12  -1.6749
1.88496  3.14159  0  -1.04476e-12  -0.739472
3.14159  3.14159  0  -6.58583e-13  -0.628195
4.39823  3.14159  0  2.58021e-12  -0.557495
5.65487  3.14159  0  -4.37624e-14  -0.491876
6.9115  3.14159  0  -1.81879e-12  -0.441996
8.16814  3.14159  0  -1.31355e-13  -0.402392
10.6814  3.14159  0  -3.64308e-13  -0.329291
15.708  3.14159  0  -6.14712e-05  -0.239574
33.3009  3.14159  0  3.9146e-05  -0.118536
-54.6637  3.14159  3.14159  0.00320105  0.072559
-27.0177  3.14159  3.14159  0.012354  0.144544
-13.1947  3.14159  3.14159  0.0436327  0.278211
-10.6814  3.14159  3.14159  0.0602767  0.330892
-8.16814  3.14159  3.14159  0.0871958  0.405107
-6.9115  3.14159  3.14159  0.106658  0.452124
-5.65487  3.14159  3.14159  0.131941  0.50723
-4.39823  3.14159  3.14159  0.165402  0.565102
-3.14159  3.14159  3.14159  0.21176  0.619204
-1.88496  3.14159  3.14159  0.269969  0.61218
-0.628319  3.14159  3.14159  0.320917  0.377422
0.628319  3.14159  3.14159  0.320917  -0.377422
1.88496  3.14159  3.14159  0.269969  -0.61218
3.14159  3.14159  3.14159  0.21176  -0.619204
4.39823  3.14159  3.14159  0.165402  -0.565102
5.65487  3.14159  3.14159  0.131941  -0.50723
6.9115  3.14159  3.14159  0.106658  -0.452124
8.16814  3.14159  3.14159  0.0871958  -0.405107
10.6814  3.14159  3.14159  0.0602767  -0.330892
15.708  3.14159  3.14159  0.0327614  -0.239335
33.3009  3.14159  3.14159  0.00832703  -0.118047
