-54.6637  0  0  -0.00305663  0.0726941
-27.0177  0  0  -0.0119533  0.144637
-13.1947  0  0  -0.041922  0.27751
-10.6814  0  0  -0.0577657  0.329421
-8.16814  0  0  -0.0828222  0.401039
-6.9115  0  0  -0.100823  0.446138
-5.65487  0  0  -0.124085  0.49779
-4.39823  0  0  -0.15412  0.551498
-3.14159  0  0  -0.19175  0.594061
-1.88496  0  0  -0.236407  0.571028
-0.628319  0  0  -0.276746  0.333174
0.628319  0  0  -0.276746  -0.333174
1.88496  0  0  -0.236407  -0.571028
3.14159  0  0  -0.19175  -0.594061
4.39823  0  0  -0.15412  -0.551498
5.65487  0  0  -0.124085  -0.49779
6.9115  0  0  -0.100823  -0.446138
8.16814  0  0  -0.0828222  -0.401039
10.6814  0  0  -0.0577657  -0.329421
15.708  0  0  -0.0315299  -0.238846
33.3009  0  0  -0.00803594  -0.118216
-54.6637  0  3.14159  6.00889e-05  0.0727708
-27.0177  0  3.14159  -5.15557e-05  0.144963
-13.1947  0  3.14159  4.20702e-05  0.277025
-10.6814  0  3.14159  -1.09069e-13  0.328202
-8.16814  0  3.14159  -3.46985e-14  0.397921
-6.9115  0  3.14159  -5.44006e-13  0.43941
-5.65487  0  3.14159  -6.23631e-15  0.488184
-4.39823  0  3.14159  7.87634e-13  0.546098
-3.14159  0  3.14159  -1.90153e-13  0.611265
-1.88496  0  3.14159  -3.12496e-13  0.707165
-0.628319  0  3.14159  6.77433e-13  1.22566
0.628319  0  3.14159  6.77433e-13  -1.22566
1.88496  0  3.14159  -3.12496e-13  -0.707165
3.14159  0  3.14159  -1.90153e-13  -0.611265
4.39823  0  3.14159  7.87634e-13  -0.546098
5.65487  0  3.14159  -6.23631e-15  -0.488184
6.9115  0  3.14159  -5.44006e-13  -0.43941
8.16814  0  3.14159  -3.46985e-14  -0.397921
10.6814  0  3.14159  -1.09069e-13  -0.328202
15.708  0  3.14159  -1.86998e-05  -0.238961
33.3009  0  3.14159  1.19274e-05  -0.118421
-54.6637  3.14159  0  6.00889e-05  0.0727708
-27.0177  3.14159  0  -5.15557e-05  0.144963
-13.1947  3.14159  0  4.20702e-05  0.277025
-10.6814  3.14159  0  -1.09069e-13  0.328202
-8.16814  3.14159  0  -3.46985e-14  0.397921
-6.9115  3.14159  0  -5.44006e-13  0.43941
-5.65487  3.14159  0  -6.23631e-15  0.488184
-4.39823  3.14159  0  7.87634e-13  0.546098
-3.14159  3.14159  0  -1.90153e-13  0.611265
-1.88496  3.14159  0  -3.12496e-13  0.707165
-0.628319  3.14159  0  6.77433e-13  1.22566
0.628319  3.14159  0  6.77433e-13  -1.22566
1.88496  3.14159  0  -3.12496e-13  -0.707165
3.14159  3.14159  0  -1.90153e-13  -0.611265
4.39823  3.14159  0  7.87634e-13  -0.546098
5.65487  3.14159  0  -6.23631e-15  -0.488184
6.9115  3.14159  0  -5.44006e-13  -0.43941
8.16814  3.14159  0  -3.46985e-14  -0.397921
10.6814  3.14159  0  -1.09069e-13  -0.328202
15.708  3.14159  0  -1.86998e-05  -0.238961
33.3009  3.14159  0  1.19274e-05  -0.118421
-54.6637  3.14159  3.14159  0.00307602  0.0726935
-27.0177  3.14159  3.14159  0.0119393  0.144637
-13.1947  3.14159  3.14159  0.0419067  0.27751
-10.6814  3.14159  3.14159  0.057723  0.329422
-8.16814  3.14159  3.14159  0.082877  0.401047
-6.9115  3.14159  3.14159  0.100883  0.446146
-5.65487  3.14159  3.14159  0.124037  0.497795
-4.39823  3.14159  3.14159  0.153928  0.551507
-3.14159  3.14159  3.14159  0.192664  0.594064
-1.88496  3.14159  3.14159  0.238567  0.57105
-0.628319  3.14159  3.14159  0.27813  0.333362
0.628319  3.14159  3.14159  0.27813  -0.333362
1.88496  3.14159  3.14159  0.238567  -0.57105
3.14159  3.14159  3.14159  0.192664  -0.594064
4.39823  3.14159  3.14159  0.153928  -0.551507
5.65487  3.14159  3.14159  0.124037  -0.497795
6.9115  3.14159  3.14159  0.100883  -0.446146
8.16814  3.14159  3.14159  0.082877  -0.401047
10.6814  3.14159  3.14159  0.057723  -0.329422
15.708  3.14159  3.14159  0.0315223  -0.238847
33.3009  3.14159  3.14159  0.00804001  -0.118216
