-54.6637  0  0  0.000849301  0.0182495
-27.0177  0  0  0.00344599  0.0366507
-13.1947  0  0  0.0139361  0.0728079
-10.6814  0  0  0.0207665  0.0881553
-8.16814  0  0  0.0339035  0.110839
-6.9115  0  0  0.0454291  0.126443
-5.65487  0  0  0.0634829  0.145949
-4.39823  0  0  0.0934187  0.169713
-3.14159  0  0  0.145978  0.195012
-1.88496  0  0  0.240669  0.205479
-0.628319  0  0  0.394217  0.136697
0.628319  0  0  0.394217  -0.136697
1.88496  0  0  0.240669  -0.205479
3.14159  0  0  0.145978  -0.195012
4.39823  0  0  0.0934187  -0.169713
5.65487  0  0  0.0634829  -0.145949
6.9115  0  0  0.0454291  -0.126443
8.16814  0  0  0.0339035  -0.110839
10.6814  0  0  0.0207665  -0.0881553
15.708  0  0  0.00996893  -0.0618673
33.3009  0  0  0.00227737  -0.029835
-54.6637  0  3.14159  1.40032e-13  0.018289
-27.0177  0  3.14159  -1.99051e-12  0.0369745
-13.1947  0  3.14159  2.7213e-11  0.0754669
-10.6814  0  3.14159  -2.98307e-18  0.0930239
-8.16814  0  3.14159  3.24036e-18  0.121128
-6.9115  0  3.14159  5.62094e-18  0.142591
-5.65487  0  3.14159  -8.76569e-18  0.173147
-4.39823  0  3.14159  1.56911e-17  0.21997
-3.14159  0  3.14159  -3.27898e-17  0.300175
-1.88496  0  3.14159  -1.20037e-16  0.466244
-0.628319  0  3.14159  2.54114e-15  0.988746
0.628319  0  3.14159  2.54114e-15  -0.988746
1.88496  0  3.14159  -1.20037e-16  -0.466244
3.14159  0  3.14159  -3.27898e-17  -0.300175
4.39823  0  3.14159  1.56911e-17  -0.21997
5.65487  0  3.14159  -8.76569e-18  -0.173147
6.9115  0  3.14159  5.62094e-18  -0.142591
8.16814  0  3.14159  3.24036e-18  -0.121128
10.6814  0  3.14159  -2.98307e-18  -0.0930239
15.708  0  3.14159  -6.04926e-12  -0.06347
33.3009  0  3.14159  1.99341e-13  -0.0300087
-54.6637  3.14159  0  1.40032e-13  0.018289
-27.0177  3.14159  0  -1.99051e-12  0.0369745
-13.1947  3.14159  0  2.7213e-11  0.0754669
-10.6814  3.14159  0  -1.50127e-18  0.0930239
-8.16814  3.14159  0  -2.46465e-18  0.121128
-6.9115  3.14159  0  2.49583e-18  0.142591
-5.65487  3.14159  0  4.52464e-18  0.173147
-4.39823  3.14159  0  5.65669e-17  0.21997
-3.14159  3.14159  0  -3.42764e-17  0.300175
-1.88496  3.14159  0  -1.12981e-16  0.466244
-0.628319  3.14159  0  2.3852e-15  0.988746
0.628319  3.14159  0  2.3852e-15  -0.988746
1.88496  3.14159  0  -1.12981e-16  -0.466244
3.14159  3.14159  0  -3.42764e-17  -0.300175
4.39823  3.14159  0  5.65669e-17  -0.21997
5.65487  3.14159  0  4.52464e-18  -0.173147
6.9115  3.14159  0  2.49583e-18  -0.142591
8.16814  3.14159  0  -2.46465e-18  -0.121128
10.6814  3.14159  0  -1.50127e-18  -0.0930239
15.708  3.14159  0  -6.04926e-12  -0.06347
33.3009  3.14159  0  1.99341e-13  -0.0300087
-54.6637  3.14159  3.14159  -0.000849301  0.0182495
-27.0177  3.14159  3.14159  -0.00344599  0.0366507
-13.1947  3.14159  3.14159  -0.0139361  0.0728079
-10.6814  3.14159  3.14159  -0.0207665  0.0881553
-8.16814  3.14159  3.14159  -0.0339035  0.110839
-6.9115  3.14159  3.14159  -0.0454291  0.126443
-5.65487  3.14159  3.14159  -0.0634829  0.145949
-4.39823  3.14159  3.14159  -0.0934187  0.169713
-3.14159  3.14159  3.14159  -0.145978  0.195013
-1.88496  3.14159  3.14159  -0.240669  0.205479
-0.628319  3.14159  3.14159  -0.394217  0.136696
0.628319  3.14159  3.14159  -0.394217  -0.136696
1.88496  3.14159  3.14159  -0.240669  -0.205479
3.14159  3.14159  3.14159  -0.145978  -0.195013
4.39823  3.14159  3.14159  -0.0934187  -0.169713
5.65487  3.14159  3.14159  -0.0634829  -0.145949
6.9115  3.14159  3.14159  -0.0454291  -0.126443
8.16814  3.14159  3.14159  -0.0339035  -0.110839
10.6814  3.14159  3.14159  -0.0207665  -0.0881553
15.708  3.14159  3.14159  -0.00996893  -0.0618673
33.3009  3.14159  3.14159  -0.00227737  -0.029835
