-54.6637  0  0  -0.00294815  0.072738
-27.0177  0  0  -0.0114685  0.144546
-13.1947  0  0  -0.0399645  0.276159
-10.6814  0  0  -0.054828  0.326911
-8.16814  0  0  -0.0780624  0.395487
-6.9115  0  0  -0.0944208  0.437866
-5.65487  0  0  -0.115055  0.484829
-4.39823  0  0  -0.140767  0.531229
-3.14159  0  0  -0.171609  0.559501
-1.88496  0  0  -0.204809  0.517455
-0.628319  0  0  -0.231516  0.280559
0.628319  0  0  -0.231516  -0.280559
1.88496  0  0  -0.204809  -0.517455
3.14159  0  0  -0.171609  -0.559501
4.39823  0  0  -0.140767  -0.531229
5.65487  0  0  -0.115055  -0.484829
6.9115  0  0  -0.0944208  -0.437866
8.16814  0  0  -0.0780624  -0.395487
10.6814  0  0  -0.054828  -0.326911
15.708  0  0  -0.0301354  -0.237992
33.3009  0  0  -0.00772207  -0.118221
-54.6637  0  3.14159  1.64995e-06  0.0727555
-27.0177  0  3.14159  -1.41793e-06  0.144629
-13.1947  0  3.14159  1.16037e-06  0.275825
-10.6814  0  3.14159  -3.00789e-15  0.325788
-8.16814  0  3.14159  -8.55265e-16  0.392418
-6.9115  0  3.14159  -1.48066e-14  0.433248
-5.65487  0  3.14159  -1.11684e-16  0.479287
-4.39823  0  3.14159  2.15483e-14  0.529987
-3.14159  0  3.14159  -5.25363e-15  0.585207
-1.88496  0  3.14159  -8.5237e-15  0.652333
-0.628319  0  3.14159  1.84453e-14  0.761068
0.628319  0  3.14159  1.84453e-14  -0.761068
1.88496  0  3.14159  -8.5237e-15  -0.652333
3.14159  0  3.14159  -5.25363e-15  -0.585207
4.39823  0  3.14159  2.15483e-14  -0.529987
5.65487  0  3.14159  -1.11684e-16  -0.479287
6.9115  0  3.14159  -1.48066e-14  -0.433248
8.16814  0  3.14159  -8.55265e-16  -0.392418
10.6814  0  3.14159  -3.00789e-15  -0.325788
15.708  0  3.14159  -5.08347e-07  -0.237956
33.3009  0  3.14159  3.25823e-07  -0.118277
-54.6637  3.14159  0  1.64995e-06  0.0727555
-27.0177  3.14159  0  -1.41793e-06  0.144629
-13.1947  3.14159  0  1.16037e-06  0.275825
-10.6814  3.14159  0  -3.00789e-15  0.325788
-8.16814  3.14159  0  -8.55265e-16  0.392418
-6.9115  3.14159  0  -1.48066e-14  0.433248
-5.65487  3.14159  0  -1.11684e-16  0.479287
-4.39823  3.14159  0  2.15483e-14  0.529987
-3.14159  3.14159  0  -5.25363e-15  0.585207
-1.88496  3.14159  0  -8.5237e-15  0.652333
-0.628319  3.14159  0  1.84453e-14  0.761068
0.628319  3.14159  0  1.84453e-14  -0.761068
1.88496  3.14159  0  -8.5237e-15  -0.652333
3.14159  3.14159  0  -5.25363e-15  -0.585207
4.39823  3.14159  0  2.15483e-14  -0.529987
5.65487  3.14159  0  -1.11684e-16  -0.479287
6.9115  3.14159  0  -1.48066e-14  -0.433248
8.16814  3.14159  0  -8.55265e-16  -0.392418
10.6814  3.14159  0  -3.00789e-15  -0.325788
15.708  3.14159  0  -5.08347e-07  -0.237956
33.3009  3.14159  0  3.25823e-07  -0.118277
-54.6637  3.14159  3.14159  0.00294889  0.072738
-27.0177  3.14159  3.14159  0.011468  0.144546
-13.1947  3.14159  3.14159  0.0399638  0.276159
-10.6814  3.14159  3.14159  0.0548263  0.326911
-8.16814  3.14159  3.14159  0.0780635  0.395488
-6.9115  3.14159  3.14159  0.0944218  0.437866
-5.65487  3.14159  3.14159  0.115053  0.484829
-4.39823  3.14159  3.14159  0.140759  0.53123
-3.14159  3.14159  3.14159  0.171641  0.559501
-1.88496  3.14159  3.14159  0.204878  0.517456
-0.628319  3.14159  3.14159  0.23156  0.28057
0.628319  3.14159  3.14159  0.23156  -0.28057
1.88496  3.14159  3.14159  0.204878  -0.517456
3.14159  3.14159  3.14159  0.171641  -0.559501
4.39823  3.14159  3.14159  0.140759  -0.53123
5.65487  3.14159  3.14159  0.115053  -0.484829
6.9115  3.14159  3.14159  0.0944218  -0.437866
8.16814  3.14159  3.14159  0.0780635  -0.395488
10.6814  3.14159  3.14159  0.0548263  -0.326911
15.708  3.14159  3.14159  0.030135  -0.237992
33.3009  3.14159  3.14159  0.00772227  -0.118221
