-54.6637  0  0  0.000849301  0.0182495
-27.0177  0  0  0.00344599  0.0366507
-13.1947  0  0  0.0139361  0.0728079
-10.6814  0  0  0.0207665  0.0881553
-8.16814  0  0  0.0339034  0.110839
-6.9115  0  0  0.0454288  0.126442
-5.65487  0  0  0.0634819  0.145949
-4.39823  0  0  0.0934152  0.169712
-3.14159  0  0  0.145965  0.195016
-1.88496  0  0  0.240635  0.20553
-0.628319  0  0  0.394363  0.13692
0.628319  0  0  0.394363  -0.13692
1.88496  0  0  0.240635  -0.20553
3.14159  0  0  0.145965  -0.195016
4.39823  0  0  0.0934152  -0.169712
5.65487  0  0  0.0634819  -0.145949
6.9115  0  0  0.0454288  -0.126442
8.16814  0  0  0.0339034  -0.110839
10.6814  0  0  0.0207665  -0.0881553
15.708  0  0  0.00996893  -0.0618673
33.3009  0  0  0.00227737  -0.029835
-54.6637  0  3.14159  1.05206e-14  0.018289
-27.0177  0  3.14159  -1.50918e-13  0.0369745
-13.1947  0  3.14159  2.09484e-12  0.0754669
-10.6814  0  3.14159  1.02825e-18  0.0930239
-8.16814  0  3.14159  4.13049e-19  0.121128
-6.9115  0  3.14159  2.11237e-18  0.142591
-5.65487  0  3.14159  4.13687e-18  0.173146
-4.39823  0  3.14159  -1.52043e-17  0.219966
-3.14159  0  3.14159  3.55918e-18  0.300156
-1.88496  0  3.14159  -3.80174e-17  0.466057
-0.628319  0  3.14159  8.54952e-17  0.980319
0.628319  0  3.14159  8.54952e-17  -0.980319
1.88496  0  3.14159  -3.80174e-17  -0.466057
3.14159  0  3.14159  3.55918e-18  -0.300156
4.39823  0  3.14159  -1.52043e-17  -0.219966
5.65487  0  3.14159  4.13687e-18  -0.173146
6.9115  0  3.14159  2.11237e-18  -0.142591
8.16814  0  3.14159  4.13049e-19  -0.121128
10.6814  0  3.14159  1.02825e-18  -0.0930239
15.708  0  3.14159  -4.26489e-13  -0.06347
33.3009  0  3.14159  1.45153e-14  -0.0300087
-54.6637  3.14159  0  1.05205e-14  0.018289
-27.0177  3.14159  0  -1.50919e-13  0.0369745
-13.1947  3.14159  0  2.09484e-12  0.0754669
-10.6814  3.14159  0  -1.01949e-18  0.0930239
-8.16814  3.14159  0  4.40109e-19  0.121128
-6.9115  3.14159  0  -6.60128e-18  0.142591
-5.65487  3.14159  0  -2.08542e-18  0.173146
-4.39823  3.14159  0  -1.56864e-17  0.219966
-3.14159  3.14159  0  -1.88983e-17  0.300156
-1.88496  3.14159  0  -7.8296e-17  0.466057
-0.628319  3.14159  0  1.68579e-16  0.980319
0.628319  3.14159  0  1.68579e-16  -0.980319
1.88496  3.14159  0  -7.8296e-17  -0.466057
3.14159  3.14159  0  -1.88983e-17  -0.300156
4.39823  3.14159  0  -1.56864e-17  -0.219966
5.65487  3.14159  0  -2.08542e-18  -0.173146
6.9115  3.14159  0  -6.60128e-18  -0.142591
8.16814  3.14159  0  4.40109e-19  -0.121128
10.6814  3.14159  0  -1.01949e-18  -0.0930239
15.708  3.14159  0  -4.2649e-13  -0.06347
33.3009  3.14159  0  1.45149e-14  -0.0300087
-54.6637  3.14159  3.14159  -0.000849301  0.0182495
-27.0177  3.14159  3.14159  -0.00344599  0.0366507
-13.1947  3.14159  3.14159  -0.0139361  0.0728079
-10.6814  3.14159  3.14159  -0.0207665  0.0881553
-8.16814  3.14159  3.14159  -0.0339034  0.110839
-6.9115  3.14159  3.14159  -0.0454288  0.126442
-5.65487  3.14159  3.14159  -0.0634819  0.145949
-4.39823  3.14159  3.14159  -0.0934152  0.169712
-3.14159  3.14159  3.14159  -0.145965  0.195016
-1.88496  3.14159  3.14159  -0.240635  0.20553
-0.628319  3.14159  3.14159  -0.394363  0.13692
0.628319  3.14159  3.14159  -0.394363  -0.13692
1.88496  3.14159  3.14159  -0.240635  -0.20553
3.14159  3.14159  3.14159  -0.145965  -0.195016
4.39823  3.14159  3.14159  -0.0934152  -0.169712
5.65487  3.14159  3.14159  -0.0634819  -0.145949
6.9115  3.14159  3.14159  -0.0454288  -0.126442
8.16814  3.14159  3.14159  -0.0339034  -0.110839
10.6814  3.14159  3.14159  -0.0207665  -0.0881553
15.708  3.14159  3.14159  -0.00996893  -0.0618673
33.3009  3.14159  3.14159  -0.00227737  -0.029835
