-54.6637  0  0  0.000849301  0.0182495
-27.0177  0  0  0.00344599  0.0366507
-13.1947  0  0  0.0139361  0.0728079
-10.6814  0  0  0.0207665  0.0881553
-8.16814  0  0  0.0339034  0.110839
-6.9115  0  0  0.0454288  0.126442
-5.65487  0  0  0.0634818  0.145949
-4.39823  0  0  0.0934145  0.169712
-3.14159  0  0  0.145962  0.195017
-1.88496  0  0  0.240629  0.205539
-0.628319  0  0  0.39439  0.136962
0.628319  0  0  0.39439  -0.136962
1.88496  0  0  0.240629  -0.205539
3.14159  0  0  0.145962  -0.195017
4.39823  0  0  0.0934145  -0.169712
5.65487  0  0  0.0634818  -0.145949
6.9115  0  0  0.0454288  -0.126442
8.16814  0  0  0.0339034  -0.110839
10.6814  0  0  0.0207665  -0.0881553
15.708  0  0  0.00996893  -0.0618673
33.3009  0  0  0.00227737  -0.029835
-54.6637  0  3.14159  1.43149e-15  0.018289
-27.0177  0  3.14159  -2.17077e-14  0.0369745
-13.1947  0  3.14159  3.27727e-13  0.0754669
-10.6814  0  3.14159  1.24816e-18  0.0930239
-8.16814  0  3.14159  -8.08599e-19  0.121128
-6.9115  0  3.14159  -1.50877e-18  0.142591
-5.65487  0  3.14159  -1.91842e-18  0.173146
-4.39823  0  3.14159  -1.03292e-17  0.219966
-3.14159  0  3.14159  1.53176e-17  0.300152
-1.88496  0  3.14159  3.31278e-17  0.46602
-0.628319  0  3.14159  3.66423e-16  0.97879
0.628319  0  3.14159  3.66423e-16  -0.97879
1.88496  0  3.14159  3.31278e-17  -0.46602
3.14159  0  3.14159  1.53176e-17  -0.300152
4.39823  0  3.14159  -1.03292e-17  -0.219966
5.65487  0  3.14159  -1.91842e-18  -0.173146
6.9115  0  3.14159  -1.50877e-18  -0.142591
8.16814  0  3.14159  -8.08599e-19  -0.121128
10.6814  0  3.14159  1.24816e-18  -0.0930239
15.708  0  3.14159  -3.38113e-14  -0.06347
33.3009  0  3.14159  1.57747e-15  -0.0300087
-54.6637  3.14159  0  1.43125e-15  0.018289
-27.0177  3.14159  0  -2.17079e-14  0.0369745
-13.1947  3.14159  0  3.27729e-13  0.0754669
-10.6814  3.14159  0  -1.91912e-18  0.0930239
-8.16814  3.14159  0  3.32347e-18  0.121128
-6.9115  3.14159  0  -7.43604e-19  0.142591
-5.65487  3.14159  0  5.08785e-18  0.173146
-4.39823  3.14159  0  1.15952e-17  0.219966
-3.14159  3.14159  0  -1.00425e-17  0.300152
-1.88496  3.14159  0  -2.477e-17  0.46602
-0.628319  3.14159  0  -4.79709e-17  0.97879
0.628319  3.14159  0  -4.79709e-17  -0.97879
1.88496  3.14159  0  -2.477e-17  -0.46602
3.14159  3.14159  0  -1.00425e-17  -0.300152
4.39823  3.14159  0  1.15952e-17  -0.219966
5.65487  3.14159  0  5.08785e-18  -0.173146
6.9115  3.14159  0  -7.43604e-19  -0.142591
8.16814  3.14159  0  3.32347e-18  -0.121128
10.6814  3.14159  0  -1.91912e-18  -0.0930239
15.708  3.14159  0  -3.38103e-14  -0.06347
33.3009  3.14159  0  1.57802e-15  -0.0300087
-54.6637  3.14159  3.14159  -0.000849301  0.0182495
-27.0177  3.14159  3.14159  -0.00344599  0.0366507
-13.1947  3.14159  3.14159  -0.0139361  0.0728079
-10.6814  3.14159  3.14159  -0.0207665  0.0881553
-8.16814  3.14159  3.14159  -0.0339034  0.110839
-6.9115  3.14159  3.14159  -0.0454288  0.126442
-5.65487  3.14159  3.14159  -0.0634818  0.145949
-4.39823  3.14159  3.14159  -0.0934145  0.169712
-3.14159  3.14159  3.14159  -0.145962  0.195017
-1.88496  3.14159  3.14159  -0.240629  0.205539
-0.628319  3.14159  3.14159  -0.39439  0.136962
0.628319  3.14159  3.14159  -0.39439  -0.136962
1.88496  3.14159  3.14159  -0.240629  -0.205539
3.14159  3.14159  3.14159  -0.145962  -0.195017
4.39823  3.14159  3.14159  -0.0934145  -0.169712
5.65487  3.14159  3.14159  -0.0634818  -0.145949
6.9115  3.14159  3.14159  -0.0454288  -0.126442
8.16814  3.14159  3.14159  -0.0339034  -0.110839
10.6814  3.14159  3.14159  -0.0207665  -0.0881553
15.708  3.14159  3.14159  -0.00996893  -0.0618673
33.3009  3.14159  3.14159  -0.00227737  -0.029835
