-25.9181  0  0  0.00581699  0.0376851
-13.3518  0  0  0.0205929  0.0687265
-8.63938  0  0  0.0441373  0.0953124
-7.06858  0  0  0.0606473  0.10715
-5.49779  0  0  0.0865452  0.118924
-3.92699  0  0  0.127322  0.124959
-2.35619  0  0  0.185618  0.109287
-0.785398  0  0  0.240694  0.0472294
0.785398  0  0  0.240694  -0.0472296
2.35619  0  0  0.185618  -0.109286
3.92699  0  0  0.127322  -0.124959
5.49779  0  0  0.0865451  -0.118924
7.06858  0  0  0.0606472  -0.10715
8.63938  0  0  0.0441373  -0.0953124
11.781  0  0  0.025845  -0.0761067
16.4934  0  0  0.0138895  -0.0572615
25.9181  0  0  0.00581699  -0.0376851
-25.9181  0  3.14159  9.86173e-07  0.038583
-13.3518  0  3.14159  3.67525e-06  0.0748968
-8.63938  0  3.14159  8.74979e-06  0.115751
-7.06858  0  3.14159  1.3078e-05  0.141476
-5.49779  0  3.14159  2.02001e-05  0.181903
-3.92699  0  3.14159  3.85221e-05  0.254683
-2.35619  0  3.14159  9.05571e-05  0.424619
-0.785398  0  3.14159  -0.000207875  1.2907
0.785398  0  3.14159  -0.000211829  -1.29071
2.35619  0  3.14159  9.05464e-05  -0.424619
3.92699  0  3.14159  3.8547e-05  -0.254683
5.49779  0  3.14159  2.02021e-05  -0.181903
7.06858  0  3.14159  1.30778e-05  -0.141476
8.63938  0  3.14159  8.74982e-06  -0.115751
11.781  0  3.14159  4.68797e-06  -0.0848833
16.4934  0  3.14159  2.41316e-06  -0.0606306
25.9181  0  3.14159  9.86167e-07  -0.038583
-25.9181  3.14159  0  9.86173e-07  0.038583
-13.3518  3.14159  0  3.67525e-06  0.0748968
-8.63938  3.14159  0  8.74979e-06  0.115751
-7.06858  3.14159  0  1.3078e-05  0.141476
-5.49779  3.14159  0  2.02001e-05  0.181903
-3.92699  3.14159  0  3.85221e-05  0.254683
-2.35619  3.14159  0  9.05571e-05  0.424619
-0.785398  3.14159  0  -0.000207875  1.2907
0.785398  3.14159  0  -0.000211829  -1.29071
2.35619  3.14159  0  9.05464e-05  -0.424619
3.92699  3.14159  0  3.8547e-05  -0.254683
5.49779  3.14159  0  2.02021e-05  -0.181903
7.06858  3.14159  0  1.30778e-05  -0.141476
8.63938  3.14159  0  8.74982e-06  -0.115751
11.781  3.14159  0  4.68797e-06  -0.0848833
16.4934  3.14159  0  2.41316e-06  -0.0606306
25.9181  3.14159  0  9.86167e-07  -0.038583
-25.9181  3.14159  3.14159  -0.00581516  0.0376857
-13.3518  3.14159  3.14159  -0.0205873  0.0687302
-8.63938  3.14159  3.14159  -0.044128  0.0953234
-7.06858  3.14159  3.14159  -0.0606365  0.107168
-5.49779  3.14159  3.14159  -0.0865366  0.11895
-3.92699  3.14159  3.14159  -0.127323  0.125001
-2.35619  3.14159  3.14159  -0.185648  0.109342
-0.785398  3.14159  3.14159  -0.24078  0.0472644
0.785398  3.14159  3.14159  -0.24078  -0.0472646
2.35619  3.14159  3.14159  -0.185648  -0.109342
3.92699  3.14159  3.14159  -0.127323  -0.125001
5.49779  3.14159  3.14159  -0.0865365  -0.11895
7.06858  3.14159  3.14159  -0.0606365  -0.107168
8.63938  3.14159  3.14159  -0.044128  -0.0953234
11.781  3.14159  3.14159  -0.0258382  -0.0761118
16.4934  3.14159  3.14159  -0.0138854  -0.0572636
25.9181  3.14159  3.14159  -0.00581516  -0.0376857
