-54.6637  0  0  -0.00138392  0.040795
-27.0177  0  0  -0.00531682  0.0803886
-13.1947  0  0  -0.017794  0.149496
-10.6814  0  0  -0.0239034  0.174536
-8.16814  0  0  -0.0329086  0.206559
-6.9115  0  0  -0.0388379  0.225086
-5.65487  0  0  -0.0458104  0.244086
-4.39823  0  0  -0.0536682  0.260208
-3.14159  0  0  -0.0618342  0.264401
-1.88496  0  0  -0.0690698  0.23382
-0.628319  0  0  -0.0734963  0.1196
0.628319  0  0  -0.0734963  -0.1196
1.88496  0  0  -0.0690698  -0.23382
3.14159  0  0  -0.0618342  -0.264401
4.39823  0  0  -0.0536682  -0.260208
5.65487  0  0  -0.0458104  -0.244086
6.9115  0  0  -0.0388379  -0.225086
8.16814  0  0  -0.0329086  -0.206559
10.6814  0  0  -0.0239034  -0.174536
15.708  0  0  -0.013605  -0.130022
33.3009  0  0  -0.00359959  -0.0659899
-54.6637  0  3.14159  1.33758e-08  0.0407941
-27.0177  0  3.14159  8.41942e-10  0.080361
-13.1947  0  3.14159  -5.92221e-09  0.14894
-10.6814  0  3.14159  3.10183e-09  0.173403
-8.16814  0  3.14159  -2.68326e-09  0.204221
-6.9115  0  3.14159  -1.25411e-08  0.221871
-5.65487  0  3.14159  -3.692e-09  0.240191
-4.39823  0  3.14159  -2.76712e-09  0.257413
-3.14159  0  3.14159  -2.97679e-09  0.269919
-1.88496  0  3.14159  -3.43021e-09  0.269876
-0.628319  0  3.14159  -3.77671e-09  0.225197
0.628319  0  3.14159  -3.97723e-09  -0.225197
1.88496  0  3.14159  -4.0769e-09  -0.269876
3.14159  0  3.14159  -4.2292e-09  -0.269919
4.39823  0  3.14159  -4.99509e-09  -0.257413
5.65487  0  3.14159  -7.79222e-09  -0.240191
6.9115  0  3.14159  -2.18898e-08  -0.221871
8.16814  0  3.14159  9.2811e-10  -0.204221
10.6814  0  3.14159  2.69553e-08  -0.173403
15.708  0  3.14159  -1.41997e-08  -0.129735
33.3009  0  3.14159  -4.74574e-08  -0.0659795
-54.6637  3.14159  0  1.33758e-08  0.0407941
-27.0177  3.14159  0  8.41942e-10  0.080361
-13.1947  3.14159  0  -5.92221e-09  0.14894
-10.6814  3.14159  0  3.10183e-09  0.173403
-8.16814  3.14159  0  -2.68326e-09  0.204221
-6.9115  3.14159  0  -1.25411e-08  0.221871
-5.65487  3.14159  0  -3.692e-09  0.240191
-4.39823  3.14159  0  -2.76712e-09  0.257413
-3.14159  3.14159  0  -2.97679e-09  0.269919
-1.88496  3.14159  0  -3.43021e-09  0.269876
-0.628319  3.14159  0  -3.77671e-09  0.225197
0.628319  3.14159  0  -3.97723e-09  -0.225197
1.88496  3.14159  0  -4.0769e-09  -0.269876
3.14159  3.14159  0  -4.2292e-09  -0.269919
4.39823  3.14159  0  -4.99509e-09  -0.257413
5.65487  3.14159  0  -7.79222e-09  -0.240191
6.9115  3.14159  0  -2.18898e-08  -0.221871
8.16814  3.14159  0  9.2811e-10  -0.204221
10.6814  3.14159  0  2.69553e-08  -0.173403
15.708  3.14159  0  -1.41997e-08  -0.129735
33.3009  3.14159  0  -4.74574e-08  -0.0659795
-54.6637  3.14159  3.14159  0.00138395  0.040795
-27.0177  3.14159  3.14159  0.00531683  0.0803886
-13.1947  3.14159  3.14159  0.017794  0.149496
-10.6814  3.14159  3.14159  0.0239034  0.174536
-8.16814  3.14159  3.14159  0.0329086  0.206559
-6.9115  3.14159  3.14159  0.0388379  0.225086
-5.65487  3.14159  3.14159  0.0458103  0.244086
-4.39823  3.14159  3.14159  0.0536682  0.260208
-3.14159  3.14159  3.14159  0.0618342  0.264401
-1.88496  3.14159  3.14159  0.0690698  0.23382
-0.628319  3.14159  3.14159  0.0734963  0.1196
0.628319  3.14159  3.14159  0.0734963  -0.1196
1.88496  3.14159  3.14159  0.0690698  -0.23382
3.14159  3.14159  3.14159  0.0618342  -0.264401
4.39823  3.14159  3.14159  0.0536682  -0.260208
5.65487  3.14159  3.14159  0.0458103  -0.244086
6.9115  3.14159  3.14159  0.0388379  -0.225086
8.16814  3.14159  3.14159  0.0329086  -0.206559
10.6814  3.14159  3.14159  0.0239034  -0.174536
15.708  3.14159  3.14159  0.013605  -0.130022
33.3009  3.14159  3.14159  0.0035995  -0.0659899
