-54.6637  0  0  0.000194482  -0.0141376
-27.0177  0  0  0.00084303  -0.0286294
-13.1947  0  0  0.00391489  -0.0581785
-10.6814  0  0  0.00605272  -0.0710998
-8.16814  0  0  0.0101195  -0.0904482
-6.9115  0  0  0.0135143  -0.103848
-5.65487  0  0  0.0184333  -0.120612
-4.39823  0  0  0.0255978  -0.140909
-3.14159  0  0  0.0358944  -0.162007
-1.88496  0  0  0.049823  -0.169002
-0.628319  0  0  0.0648941  -0.107429
0.628319  0  0  0.0648941  0.107429
1.88496  0  0  0.049823  0.169002
3.14159  0  0  0.0358944  0.162007
4.39823  0  0  0.0255978  0.140909
5.65487  0  0  0.0184333  0.120612
6.9115  0  0  0.0135143  0.103848
8.16814  0  0  0.0101195  0.0904482
10.6814  0  0  0.00605275  0.0710997
15.708  0  0  0.00270128  0.0490895
33.3009  0  0  0.000542133  0.0232227
-54.6637  0  3.14159  -1.03918e-08  -0.0141455
-27.0177  0  3.14159  -4.57426e-08  -0.0286976
-13.1947  0  3.14159  -1.57339e-07  -0.0587471
-10.6814  0  3.14159  -1.98925e-07  -0.0720926
-8.16814  0  3.14159  -2.48871e-07  -0.0923236
-6.9115  0  3.14159  -2.74171e-07  -0.106547
-5.65487  0  3.14159  -2.80537e-07  -0.124772
-4.39823  0  3.14159  -2.55623e-07  -0.148351
-3.14159  0  3.14159  -1.58379e-07  -0.179345
-1.88496  0  3.14159  7.02494e-08  -0.222669
-0.628319  0  3.14159  3.42313e-07  -0.293372
0.628319  0  3.14159  3.61071e-07  0.293372
1.88496  0  3.14159  9.09084e-08  0.222669
3.14159  0  3.14159  -1.38301e-07  0.179345
4.39823  0  3.14159  -2.37338e-07  0.148351
5.65487  0  3.14159  -2.653e-07  0.124772
6.9115  0  3.14159  -2.60026e-07  0.106547
8.16814  0  3.14159  -2.35653e-07  0.0923236
10.6814  0  3.14159  -1.81615e-07  0.0720926
15.708  0  3.14159  -1.05076e-07  0.0494371
33.3009  0  3.14159  -2.75995e-08  0.0232586
-54.6637  3.14159  0  -1.03918e-08  -0.0141455
-27.0177  3.14159  0  -4.57426e-08  -0.0286976
-13.1947  3.14159  0  -1.57339e-07  -0.0587471
-10.6814  3.14159  0  -1.98925e-07  -0.0720926
-8.16814  3.14159  0  -2.48871e-07  -0.0923236
-6.9115  3.14159  0  -2.74171e-07  -0.106547
-5.65487  3.14159  0  -2.80537e-07  -0.124772
-4.39823  3.14159  0  -2.55623e-07  -0.148351
-3.14159  3.14159  0  -1.58379e-07  -0.179345
-1.88496  3.14159  0  7.02494e-08  -0.222669
-0.628319  3.14159  0  3.42313e-07  -0.293372
0.628319  3.14159  0  3.61071e-07  0.293372
1.88496  3.14159  0  9.09084e-08  0.222669
3.14159  3.14159  0  -1.38301e-07  0.179345
4.39823  3.14159  0  -2.37338e-07  0.148351
5.65487  3.14159  0  -2.653e-07  0.124772
6.9115  3.14159  0  -2.60026e-07  0.106547
8.16814  3.14159  0  -2.35653e-07  0.0923236
10.6814  3.14159  0  -1.81615e-07  0.0720926
15.708  3.14159  0  -1.05076e-07  0.0494371
33.3009  3.14159  0  -2.75995e-08  0.0232586
-54.6637  3.14159  3.14159  -0.000194493  -0.0141376
-27.0177  3.14159  3.14159  -0.00084311  -0.0286294
-13.1947  3.14159  3.14159  -0.00391524  -0.0581784
-10.6814  3.14159  3.14159  -0.00605318  -0.0710997
-8.16814  3.14159  3.14159  -0.0101201  -0.0904481
-6.9115  3.14159  3.14159  -0.013515  -0.103848
-5.65487  3.14159  3.14159  -0.0184342  -0.120612
-4.39823  3.14159  3.14159  -0.0255989  -0.140909
-3.14159  3.14159  3.14159  -0.0358957  -0.162007
-1.88496  3.14159  3.14159  -0.0498242  -0.169001
-0.628319  3.14159  3.14159  -0.064894  -0.107427
0.628319  3.14159  3.14159  -0.064894  0.107427
1.88496  3.14159  3.14159  -0.0498242  0.169001
3.14159  3.14159  3.14159  -0.0358957  0.162007
4.39823  3.14159  3.14159  -0.0255988  0.140909
5.65487  3.14159  3.14159  -0.0184342  0.120612
6.9115  3.14159  3.14159  -0.013515  0.103848
8.16814  3.14159  3.14159  -0.0101201  0.0904481
10.6814  3.14159  3.14159  -0.00605316  0.0710997
15.708  3.14159  3.14159  -0.0027015  0.0490895
33.3009  3.14159  3.14159  -0.000542191  0.0232227
