-54.6637  0  0  2.02914e-05  -0.00842369
-27.0177  0  0  6.43876e-05  -0.0162113
-13.1947  0  0  0.000131829  -0.0280341
-10.6814  0  0  0.000174384  -0.0316024
-8.16814  0  0  0.000340355  -0.0355201
-6.9115  0  0  0.000579083  -0.0374193
-5.65487  0  0  0.00108521  -0.0390379
-4.39823  0  0  0.00213464  -0.040036
-3.14159  0  0  0.0042039  -0.0398118
-1.88496  0  0  0.00785365  -0.0366602
-0.628319  0  0  0.0126396  -0.0225787
0.628319  0  0  0.0126396  0.0225787
1.88496  0  0  0.00785366  0.0366602
3.14159  0  0  0.00420391  0.0398118
4.39823  0  0  0.00213465  0.040036
5.65487  0  0  0.00108521  0.0390379
6.9115  0  0  0.000579084  0.0374193
8.16814  0  0  0.000340354  0.0355201
10.6814  0  0  0.000174379  0.0316024
15.708  0  0  0.000113758  0.0249782
33.3009  0  0  4.73767e-05  0.0134449
-54.6637  0  3.14159  2.19577e-08  -0.0084289
-27.0177  0  3.14159  3.94045e-08  -0.0162569
-13.1947  0  3.14159  2.31676e-08  -0.0284832
-10.6814  0  3.14159  5.13069e-09  -0.0324811
-8.16814  0  3.14159  -1.40324e-08  -0.0374892
-6.9115  0  3.14159  -1.50342e-08  -0.0405347
-5.65487  0  3.14159  -4.38521e-09  -0.0441333
-4.39823  0  3.14159  -3.20482e-09  -0.0485667
-3.14159  0  3.14159  -3.2957e-09  -0.0542256
-1.88496  0  3.14159  -3.97178e-09  -0.0613497
-0.628319  0  3.14159  -4.91506e-09  -0.0692219
0.628319  0  3.14159  5.71552e-09  0.0692219
1.88496  0  3.14159  4.4835e-09  0.0613497
3.14159  0  3.14159  3.33136e-09  0.0542256
4.39823  0  3.14159  2.14807e-09  0.0485667
5.65487  0  3.14159  4.44981e-10  0.0441333
6.9115  0  3.14159  -6.2499e-09  0.0405347
8.16814  0  3.14159  -5.92669e-09  0.0374892
10.6814  0  3.14159  1.29447e-09  0.0324811
15.708  0  3.14159  5.93097e-09  0.0252343
33.3009  0  3.14159  -4.82659e-09  0.0134687
-54.6637  3.14159  0  2.19577e-08  -0.0084289
-27.0177  3.14159  0  3.94045e-08  -0.0162569
-13.1947  3.14159  0  2.31676e-08  -0.0284832
-10.6814  3.14159  0  5.13069e-09  -0.0324811
-8.16814  3.14159  0  -1.40324e-08  -0.0374892
-6.9115  3.14159  0  -1.50342e-08  -0.0405347
-5.65487  3.14159  0  -4.38521e-09  -0.0441333
-4.39823  3.14159  0  -3.20482e-09  -0.0485667
-3.14159  3.14159  0  -3.2957e-09  -0.0542256
-1.88496  3.14159  0  -3.97178e-09  -0.0613497
-0.628319  3.14159  0  -4.91506e-09  -0.0692219
0.628319  3.14159  0  5.71552e-09  0.0692219
1.88496  3.14159  0  4.4835e-09  0.0613497
3.14159  3.14159  0  3.33136e-09  0.0542256
4.39823  3.14159  0  2.14807e-09  0.0485667
5.65487  3.14159  0  4.44981e-10  0.0441333
6.9115  3.14159  0  -6.2499e-09  0.0405347
8.16814  3.14159  0  -5.92669e-09  0.0374892
10.6814  3.14159  0  1.29447e-09  0.0324811
15.708  3.14159  0  5.93097e-09  0.0252343
33.3009  3.14159  0  -4.82659e-09  0.0134687
-54.6637  3.14159  3.14159  -2.02627e-05  -0.00842369
-27.0177  3.14159  3.14159  -6.434e-05  -0.0162113
-13.1947  3.14159  3.14159  -0.000131803  -0.0280341
-10.6814  3.14159  3.14159  -0.000174373  -0.0316024
-8.16814  3.14159  3.14159  -0.000340359  -0.0355201
-6.9115  3.14159  3.14159  -0.000579089  -0.0374193
-5.65487  3.14159  3.14159  -0.00108521  -0.0390379
-4.39823  3.14159  3.14159  -0.00213465  -0.040036
-3.14159  3.14159  3.14159  -0.00420391  -0.0398118
-1.88496  3.14159  3.14159  -0.00785366  -0.0366602
-0.628319  3.14159  3.14159  -0.0126396  -0.0225787
0.628319  3.14159  3.14159  -0.0126396  0.0225787
1.88496  3.14159  3.14159  -0.00785365  0.0366602
3.14159  3.14159  3.14159  -0.0042039  0.0398118
4.39823  3.14159  3.14159  -0.00213464  0.040036
5.65487  3.14159  3.14159  -0.0010852  0.0390379
6.9115  3.14159  3.14159  -0.000579083  0.0374193
8.16814  3.14159  3.14159  -0.000340353  0.0355201
10.6814  3.14159  3.14159  -0.000174376  0.0316024
15.708  3.14159  3.14159  -0.000113752  0.0249782
33.3009  3.14159  3.14159  -4.73819e-05  0.0134449
