-54.6637  0  0  0.000193855  -0.0137007
-27.0177  0  0  0.000841074  -0.0277533
-13.1947  0  0  0.00391353  -0.0564399
-10.6814  0  0  0.00605464  -0.0689878
-8.16814  0  0  0.01013  -0.0877589
-6.9115  0  0  0.0135325  -0.100729
-5.65487  0  0  0.0184609  -0.116894
-4.39823  0  0  0.0256298  -0.136301
-3.14159  0  0  0.0358959  -0.156023
-1.88496  0  0  0.0496625  -0.161225
-0.628319  0  0  0.0642362  -0.100472
0.628319  0  0  0.0642362  0.100472
1.88496  0  0  0.0496626  0.161225
3.14159  0  0  0.0358959  0.156023
4.39823  0  0  0.0256298  0.136301
5.65487  0  0  0.0184609  0.116894
6.9115  0  0  0.0135325  0.100729
8.16814  0  0  0.01013  0.0877589
10.6814  0  0  0.00605465  0.0689878
15.708  0  0  0.00269884  0.0476131
33.3009  0  0  0.000540684  0.0225091
-54.6637  0  3.14159  -3.5015e-09  -0.0137078
-27.0177  0  3.14159  -4.90842e-09  -0.0278154
-13.1947  0  3.14159  2.30107e-09  -0.0569603
-10.6814  0  3.14159  1.88889e-09  -0.0698951
-8.16814  0  3.14159  -1.19676e-08  -0.0894657
-6.9115  0  3.14159  -1.91926e-08  -0.103181
-5.65487  0  3.14159  -4.58182e-09  -0.120675
-4.39823  0  3.14159  -4.7038e-09  -0.143112
-3.14159  0  3.14159  -5.00475e-09  -0.172048
-1.88496  0  3.14159  -4.78762e-09  -0.21028
-0.628319  0  3.14159  -3.53802e-09  -0.254276
0.628319  0  3.14159  5.66275e-09  0.254276
1.88496  0  3.14159  6.2182e-09  0.21028
3.14159  0  3.14159  5.91961e-09  0.172048
4.39823  0  3.14159  5.47794e-09  0.143112
5.65487  0  3.14159  4.86299e-09  0.120675
6.9115  0  3.14159  1.19108e-09  0.103181
8.16814  0  3.14159  3.90846e-09  0.0894657
10.6814  0  3.14159  4.43732e-09  0.0698951
15.708  0  3.14159  8.47221e-10  0.0479311
33.3009  0  3.14159  2.03909e-09  0.0225417
-54.6637  3.14159  0  -3.5015e-09  -0.0137078
-27.0177  3.14159  0  -4.90842e-09  -0.0278154
-13.1947  3.14159  0  2.30107e-09  -0.0569603
-10.6814  3.14159  0  1.88889e-09  -0.0698951
-8.16814  3.14159  0  -1.19676e-08  -0.0894657
-6.9115  3.14159  0  -1.91926e-08  -0.103181
-5.65487  3.14159  0  -4.58182e-09  -0.120675
-4.39823  3.14159  0  -4.7038e-09  -0.143112
-3.14159  3.14159  0  -5.00475e-09  -0.172048
-1.88496  3.14159  0  -4.78762e-09  -0.21028
-0.628319  3.14159  0  -3.53802e-09  -0.254276
0.628319  3.14159  0  5.66275e-09  0.254276
1.88496  3.14159  0  6.2182e-09  0.21028
3.14159  3.14159  0  5.91961e-09  0.172048
4.39823  3.14159  0  5.47794e-09  0.143112
5.65487  3.14159  0  4.86299e-09  0.120675
6.9115  3.14159  0  1.19108e-09  0.103181
8.16814  3.14159  0  3.90846e-09  0.0894657
10.6814  3.14159  0  4.43732e-09  0.0698951
15.708  3.14159  0  8.47221e-10  0.0479311
33.3009  3.14159  0  2.03909e-09  0.0225417
-54.6637  3.14159  3.14159  -0.00019385  -0.0137007
-27.0177  3.14159  3.14159  -0.000841069  -0.0277533
-13.1947  3.14159  3.14159  -0.00391355  -0.0564399
-10.6814  3.14159  3.14159  -0.00605465  -0.0689878
-8.16814  3.14159  3.14159  -0.01013  -0.0877589
-6.9115  3.14159  3.14159  -0.0135325  -0.100729
-5.65487  3.14159  3.14159  -0.0184609  -0.116894
-4.39823  3.14159  3.14159  -0.0256298  -0.136301
-3.14159  3.14159  3.14159  -0.0358959  -0.156023
-1.88496  3.14159  3.14159  -0.0496626  -0.161225
-0.628319  3.14159  3.14159  -0.0642362  -0.100472
0.628319  3.14159  3.14159  -0.0642362  0.100472
1.88496  3.14159  3.14159  -0.0496625  0.161225
3.14159  3.14159  3.14159  -0.0358959  0.156023
4.39823  3.14159  3.14159  -0.0256298  0.136301
5.65487  3.14159  3.14159  -0.0184609  0.116894
6.9115  3.14159  3.14159  -0.0135324  0.100729
8.16814  3.14159  3.14159  -0.01013  0.0877589
10.6814  3.14159  3.14159  -0.00605464  0.0689878
15.708  3.14159  3.14159  -0.00269883  0.0476131
33.3009  3.14159  3.14159  -0.000540683  0.0225091
