-54.6637  0  0  -0.000193844  0.0137007
-27.0177  0  0  -0.000841065  0.0277534
-13.1947  0  0  -0.00391354  0.05644
-10.6814  0  0  -0.00605464  0.0689878
-8.16814  0  0  -0.01013  0.0877589
-6.9115  0  0  -0.0135325  0.100729
-5.65487  0  0  -0.0184609  0.116894
-4.39823  0  0  -0.0256298  0.136301
-3.14159  0  0  -0.0358959  0.156024
-1.88496  0  0  -0.0496625  0.161225
-0.628319  0  0  -0.0642362  0.100472
0.628319  0  0  -0.0642362  -0.100472
1.88496  0  0  -0.0496626  -0.161225
3.14159  0  0  -0.0358959  -0.156024
4.39823  0  0  -0.0256298  -0.136301
5.65487  0  0  -0.0184609  -0.116894
6.9115  0  0  -0.0135325  -0.100729
8.16814  0  0  -0.01013  -0.0877589
10.6814  0  0  -0.00605464  -0.0689878
15.708  0  0  -0.00269883  -0.0476131
33.3009  0  0  -0.000540696  -0.0225091
-54.6637  0  3.14159  -4.81621e-10  0.0137078
-27.0177  0  3.14159  1.55588e-09  0.0278154
-13.1947  0  3.14159  3.40769e-09  0.0569604
-10.6814  0  3.14159  2.26064e-09  0.0698951
-8.16814  0  3.14159  4.2257e-09  0.0894658
-6.9115  0  3.14159  7.08362e-09  0.103181
-5.65487  0  3.14159  4.53159e-09  0.120675
-4.39823  0  3.14159  4.80795e-09  0.143112
-3.14159  0  3.14159  5.02367e-09  0.172048
-1.88496  0  3.14159  4.92989e-09  0.21028
-0.628319  0  3.14159  4.13782e-09  0.254277
0.628319  0  3.14159  -4.47055e-09  -0.254277
1.88496  0  3.14159  -5.2704e-09  -0.21028
3.14159  0  3.14159  -5.17822e-09  -0.172048
4.39823  0  3.14159  -5.18138e-09  -0.143112
5.65487  0  3.14159  -5.20417e-09  -0.120675
6.9115  0  3.14159  9.39038e-09  -0.103181
8.16814  0  3.14159  5.26566e-09  -0.0894658
10.6814  0  3.14159  -6.42891e-09  -0.0698951
15.708  0  3.14159  -4.90573e-09  -0.0479312
33.3009  0  3.14159  1.85118e-09  -0.0225417
-54.6637  3.14159  0  -4.81621e-10  0.0137078
-27.0177  3.14159  0  1.55588e-09  0.0278154
-13.1947  3.14159  0  3.40769e-09  0.0569604
-10.6814  3.14159  0  2.26064e-09  0.0698951
-8.16814  3.14159  0  4.2257e-09  0.0894658
-6.9115  3.14159  0  7.08362e-09  0.103181
-5.65487  3.14159  0  4.53159e-09  0.120675
-4.39823  3.14159  0  4.80795e-09  0.143112
-3.14159  3.14159  0  5.02367e-09  0.172048
-1.88496  3.14159  0  4.92989e-09  0.21028
-0.628319  3.14159  0  4.13782e-09  0.254277
0.628319  3.14159  0  -4.47055e-09  -0.254277
1.88496  3.14159  0  -5.2704e-09  -0.21028
3.14159  3.14159  0  -5.17822e-09  -0.172048
4.39823  3.14159  0  -5.18138e-09  -0.143112
5.65487  3.14159  0  -5.20417e-09  -0.120675
6.9115  3.14159  0  9.39038e-09  -0.103181
8.16814  3.14159  0  5.26566e-09  -0.0894658
10.6814  3.14159  0  -6.42891e-09  -0.0698951
15.708  3.14159  0  -4.90573e-09  -0.0479312
33.3009  3.14159  0  1.85118e-09  -0.0225417
-54.6637  3.14159  3.14159  0.000193849  0.0137007
-27.0177  3.14159  3.14159  0.000841068  0.0277534
-13.1947  3.14159  3.14159  0.00391355  0.05644
-10.6814  3.14159  3.14159  0.00605465  0.0689878
-8.16814  3.14159  3.14159  0.01013  0.0877589
-6.9115  3.14159  3.14159  0.0135325  0.100729
-5.65487  3.14159  3.14159  0.0184609  0.116894
-4.39823  3.14159  3.14159  0.0256298  0.136301
-3.14159  3.14159  3.14159  0.0358959  0.156024
-1.88496  3.14159  3.14159  0.0496626  0.161225
-0.628319  3.14159  3.14159  0.0642362  0.100472
0.628319  3.14159  3.14159  0.0642362  -0.100472
1.88496  3.14159  3.14159  0.0496625  -0.161225
3.14159  3.14159  3.14159  0.0358959  -0.156024
4.39823  3.14159  3.14159  0.0256298  -0.136301
5.65487  3.14159  3.14159  0.0184609  -0.116894
6.9115  3.14159  3.14159  0.0135324  -0.100729
8.16814  3.14159  3.14159  0.01013  -0.0877589
10.6814  3.14159  3.14159  0.00605465  -0.0689878
15.708  3.14159  3.14159  0.00269883  -0.0476131
33.3009  3.14159  3.14159  0.000540683  -0.0225091
