-54.6637  0  0  -0.0013839  0.040795
-27.0177  0  0  -0.00531675  0.0803887
-13.1947  0  0  -0.0177937  0.149497
-10.6814  0  0  -0.023903  0.174538
-8.16814  0  0  -0.032908  0.206564
-6.9115  0  0  -0.0388372  0.225093
-5.65487  0  0  -0.0458095  0.244098
-4.39823  0  0  -0.053667  0.260227
-3.14159  0  0  -0.0618327  0.264431
-1.88496  0  0  -0.0690679  0.233864
-0.628319  0  0  -0.0734941  0.119639
0.628319  0  0  -0.0734941  -0.119639
1.88496  0  0  -0.0690679  -0.233864
3.14159  0  0  -0.0618327  -0.264431
4.39823  0  0  -0.053667  -0.260227
5.65487  0  0  -0.0458095  -0.244098
6.9115  0  0  -0.0388372  -0.225093
8.16814  0  0  -0.032908  -0.206564
10.6814  0  0  -0.023903  -0.174538
15.708  0  0  -0.0136048  -0.130023
33.3009  0  0  -0.00359954  -0.06599
-54.6637  0  3.14159  1.33637e-08  0.0407941
-27.0177  0  3.14159  7.83085e-10  0.0803612
-13.1947  0  3.14159  -6.26055e-09  0.148942
-10.6814  0  3.14159  2.58508e-09  0.173405
-8.16814  0  3.14159  -3.52742e-09  0.204225
-6.9115  0  3.14159  -1.36756e-08  0.221877
-5.65487  0  3.14159  -5.27563e-09  0.2402
-4.39823  0  3.14159  -5.06353e-09  0.257426
-3.14159  0  3.14159  -6.34812e-09  0.269943
-1.88496  0  3.14159  -8.03911e-09  0.269931
-0.628319  0  3.14159  -8.8842e-09  0.22538
0.628319  0  3.14159  -9.08525e-09  -0.22538
1.88496  0  3.14159  -8.68751e-09  -0.269931
3.14159  0  3.14159  -7.60373e-09  -0.269943
4.39823  0  3.14159  -7.29681e-09  -0.257426
5.65487  0  3.14159  -9.38431e-09  -0.2402
6.9115  0  3.14159  -2.30423e-08  -0.221877
8.16814  0  3.14159  6.62738e-11  -0.204225
10.6814  0  3.14159  2.64237e-08  -0.173405
15.708  0  3.14159  -1.44351e-08  -0.129736
33.3009  0  3.14159  -4.74819e-08  -0.0659796
-54.6637  3.14159  0  1.33637e-08  0.0407941
-27.0177  3.14159  0  7.83085e-10  0.0803612
-13.1947  3.14159  0  -6.26055e-09  0.148942
-10.6814  3.14159  0  2.58508e-09  0.173405
-8.16814  3.14159  0  -3.52742e-09  0.204225
-6.9115  3.14159  0  -1.36756e-08  0.221877
-5.65487  3.14159  0  -5.27563e-09  0.2402
-4.39823  3.14159  0  -5.06353e-09  0.257426
-3.14159  3.14159  0  -6.34812e-09  0.269943
-1.88496  3.14159  0  -8.03911e-09  0.269931
-0.628319  3.14159  0  -8.8842e-09  0.22538
0.628319  3.14159  0  -9.08525e-09  -0.22538
1.88496  3.14159  0  -8.68751e-09  -0.269931
3.14159  3.14159  0  -7.60373e-09  -0.269943
4.39823  3.14159  0  -7.29681e-09  -0.257426
5.65487  3.14159  0  -9.38431e-09  -0.2402
6.9115  3.14159  0  -2.30423e-08  -0.221877
8.16814  3.14159  0  6.62738e-11  -0.204225
10.6814  3.14159  0  2.64237e-08  -0.173405
15.708  3.14159  0  -1.44351e-08  -0.129736
33.3009  3.14159  0  -4.74819e-08  -0.0659796
-54.6637  3.14159  3.14159  0.00138393  0.0407951
-27.0177  3.14159  3.14159  0.00531675  0.0803888
-13.1947  3.14159  3.14159  0.0177937  0.149497
-10.6814  3.14159  3.14159  0.023903  0.174538
-8.16814  3.14159  3.14159  0.032908  0.206564
-6.9115  3.14159  3.14159  0.0388372  0.225093
-5.65487  3.14159  3.14159  0.0458094  0.244098
-4.39823  3.14159  3.14159  0.053667  0.260227
-3.14159  3.14159  3.14159  0.0618327  0.264431
-1.88496  3.14159  3.14159  0.0690678  0.233864
-0.628319  3.14159  3.14159  0.073494  0.119639
0.628319  3.14159  3.14159  0.073494  -0.119639
1.88496  3.14159  3.14159  0.0690678  -0.233864
3.14159  3.14159  3.14159  0.0618327  -0.264431
4.39823  3.14159  3.14159  0.053667  -0.260227
5.65487  3.14159  3.14159  0.0458094  -0.244098
6.9115  3.14159  3.14159  0.0388372  -0.225093
8.16814  3.14159  3.14159  0.032908  -0.206564
10.6814  3.14159  3.14159  0.023903  -0.174538
15.708  3.14159  3.14159  0.0136048  -0.130023
33.3009  3.14159  3.14159  0.00359945  -0.06599
