-54.6637  0  0  9.6888e-07  -7.25415e-05
-27.0177  0  0  1.55161e-05  -0.000557829
-13.1947  0  0  0.000218915  -0.00371474
-10.6814  0  0  0.000441542  -0.00608547
-8.16814  0  0  0.000996715  -0.0107337
-6.9115  0  0  0.00157799  -0.0147227
-5.65487  0  0  0.00260728  -0.0206541
-4.39823  0  0  0.00453132  -0.0295137
-3.14159  0  0  0.00833163  -0.0420895
-1.88496  0  0  0.0159436  -0.0551369
-0.628319  0  0  0.0284286  -0.044036
0.628319  0  0  0.0284286  0.044036
1.88496  0  0  0.0159436  0.0551369
3.14159  0  0  0.0083316  0.0420895
4.39823  0  0  0.0045313  0.0295137
5.65487  0  0  0.00260726  0.0206541
6.9115  0  0  0.00157797  0.0147227
8.16814  0  0  0.000996699  0.0107337
10.6814  0  0  0.000441529  0.00608547
15.708  0  0  0.000118659  0.00240742
33.3009  0  0  6.86742e-06  0.000307792
-54.6637  0  3.14159  -1.61342e-11  -7.2536e-05
-27.0177  0  3.14159  1.31769e-09  -0.00055781
-13.1947  0  3.14159  7.13028e-09  -0.00372198
-10.6814  0  3.14159  9.03003e-09  -0.00610738
-8.16814  0  3.14159  1.01874e-08  -0.0108067
-6.9115  0  3.14159  1.03329e-08  -0.0148691
-5.65487  0  3.14159  1.12987e-08  -0.0209964
-4.39823  0  3.14159  1.27101e-08  -0.0305501
-3.14159  0  3.14159  1.47138e-08  -0.0462881
-1.88496  0  3.14159  1.77275e-08  -0.0757048
-0.628319  0  3.14159  2.02835e-08  -0.145085
0.628319  0  3.14159  -2.14883e-08  0.145085
1.88496  0  3.14159  -1.69e-08  0.0757048
3.14159  0  3.14159  -1.37457e-08  0.0462881
4.39823  0  3.14159  -1.12941e-08  0.0305501
5.65487  0  3.14159  -9.38102e-09  0.0209964
6.9115  0  3.14159  -7.60599e-09  0.0148691
8.16814  0  3.14159  -6.11463e-09  0.0108067
10.6814  0  3.14159  -4.33919e-09  0.00610738
15.708  0  3.14159  -3.01307e-09  0.00240991
33.3009  0  3.14159  -1.29171e-09  0.000307762
-54.6637  3.14159  0  -1.61342e-11  -7.2536e-05
-27.0177  3.14159  0  1.31769e-09  -0.00055781
-13.1947  3.14159  0  7.13028e-09  -0.00372198
-10.6814  3.14159  0  9.03003e-09  -0.00610738
-8.16814  3.14159  0  1.01874e-08  -0.0108067
-6.9115  3.14159  0  1.03329e-08  -0.0148691
-5.65487  3.14159  0  1.12987e-08  -0.0209964
-4.39823  3.14159  0  1.27101e-08  -0.0305501
-3.14159  3.14159  0  1.47138e-08  -0.0462881
-1.88496  3.14159  0  1.77275e-08  -0.0757048
-0.628319  3.14159  0  2.02835e-08  -0.145085
0.628319  3.14159  0  -2.14883e-08  0.145085
1.88496  3.14159  0  -1.69e-08  0.0757048
3.14159  3.14159  0  -1.37457e-08  0.0462881
4.39823  3.14159  0  -1.12941e-08  0.0305501
5.65487  3.14159  0  -9.38102e-09  0.0209964
6.9115  3.14159  0  -7.60599e-09  0.0148691
8.16814  3.14159  0  -6.11463e-09  0.0108067
10.6814  3.14159  0  -4.33919e-09  0.00610738
15.708  3.14159  0  -3.01307e-09  0.00240991
33.3009  3.14159  0  -1.29171e-09  0.000307762
-54.6637  3.14159  3.14159  -9.68885e-07  -7.25414e-05
-27.0177  3.14159  3.14159  -1.55133e-05  -0.000557829
-13.1947  3.14159  3.14159  -0.000218902  -0.00371474
-10.6814  3.14159  3.14159  -0.000441526  -0.00608547
-8.16814  3.14159  3.14159  -0.000996694  -0.0107337
-6.9115  3.14159  3.14159  -0.00157797  -0.0147227
-5.65487  3.14159  3.14159  -0.00260725  -0.0206541
-4.39823  3.14159  3.14159  -0.0045313  -0.0295137
-3.14159  3.14159  3.14159  -0.0083316  -0.0420895
-1.88496  3.14159  3.14159  -0.0159436  -0.0551369
-0.628319  3.14159  3.14159  -0.0284286  -0.044036
0.628319  3.14159  3.14159  -0.0284286  0.044036
1.88496  3.14159  3.14159  -0.0159436  0.0551369
3.14159  3.14159  3.14159  -0.00833163  0.0420895
4.39823  3.14159  3.14159  -0.00453132  0.0295137
5.65487  3.14159  3.14159  -0.00260727  0.0206541
6.9115  3.14159  3.14159  -0.00157799  0.0147227
8.16814  3.14159  3.14159  -0.00099671  0.0107337
10.6814  3.14159  3.14159  -0.000441538  0.00608547
15.708  3.14159  3.14159  -0.000118666  0.00240742
33.3009  3.14159  3.14159  -6.86995e-06  0.000307792
