-54.6637  0  0  2.04071e-05  -0.00917751
-27.0177  0  0  6.4564e-05  -0.0177143
-13.1947  0  0  0.000128707  -0.0309263
-10.6814  0  0  0.000167324  -0.0350295
-8.16814  0  0  0.000324621  -0.0396519
-6.9115  0  0  0.000556166  -0.0419636
-5.65487  0  0  0.00105359  -0.0439983
-4.39823  0  0  0.00209706  -0.045319
-3.14159  0  0  0.00417932  -0.0451026
-1.88496  0  0  0.00790761  -0.0412636
-0.628319  0  0  0.0129241  -0.025197
0.628319  0  0  0.0129241  0.025197
1.88496  0  0  0.00790762  0.0412636
3.14159  0  0  0.00417933  0.0451026
4.39823  0  0  0.00209707  0.045319
5.65487  0  0  0.0010536  0.0439983
6.9115  0  0  0.000556168  0.0419636
8.16814  0  0  0.000324621  0.0396519
10.6814  0  0  0.000167321  0.0350295
15.708  0  0  0.00011242  0.0274663
33.3009  0  0  4.75867e-05  0.0146724
-54.6637  0  3.14159  2.00221e-08  -0.00918374
-27.0177  0  3.14159  3.42606e-08  -0.0177685
-13.1947  0  3.14159  2.93016e-09  -0.0314554
-10.6814  0  3.14159  -2.90229e-08  -0.0360626
-8.16814  0  3.14159  -7.81342e-08  -0.0419715
-6.9115  0  3.14159  -1.06068e-07  -0.0456497
-5.65487  0  3.14159  -1.37366e-07  -0.0500802
-4.39823  0  3.14159  -2.04122e-07  -0.0556572
-3.14159  0  3.14159  -3.1133e-07  -0.0629539
-1.88496  0  3.14159  -4.46258e-07  -0.0723295
-0.628319  0  3.14159  -5.59734e-07  -0.0826471
0.628319  0  3.14159  -5.41126e-07  0.0826471
1.88496  0  3.14159  -4.32413e-07  0.0723295
3.14159  0  3.14159  -3.00369e-07  0.0629539
4.39823  0  3.14159  -1.95049e-07  0.0556572
5.65487  0  3.14159  -1.29125e-07  0.0500802
6.9115  0  3.14159  -9.39621e-08  0.0456497
8.16814  0  3.14159  -6.73441e-08  0.0419715
10.6814  0  3.14159  -3.10657e-08  0.0360626
15.708  0  3.14159  -5.51878e-09  0.0277688
33.3009  0  3.14159  -6.51342e-09  0.0147008
-54.6637  3.14159  0  2.00221e-08  -0.00918374
-27.0177  3.14159  0  3.42606e-08  -0.0177685
-13.1947  3.14159  0  2.93016e-09  -0.0314554
-10.6814  3.14159  0  -2.90229e-08  -0.0360626
-8.16814  3.14159  0  -7.81342e-08  -0.0419715
-6.9115  3.14159  0  -1.06068e-07  -0.0456497
-5.65487  3.14159  0  -1.37366e-07  -0.0500802
-4.39823  3.14159  0  -2.04122e-07  -0.0556572
-3.14159  3.14159  0  -3.1133e-07  -0.0629539
-1.88496  3.14159  0  -4.46258e-07  -0.0723295
-0.628319  3.14159  0  -5.59734e-07  -0.0826471
0.628319  3.14159  0  -5.41126e-07  0.0826471
1.88496  3.14159  0  -4.32413e-07  0.0723295
3.14159  3.14159  0  -3.00369e-07  0.0629539
4.39823  3.14159  0  -1.95049e-07  0.0556572
5.65487  3.14159  0  -1.29125e-07  0.0500802
6.9115  3.14159  0  -9.39621e-08  0.0456497
8.16814  3.14159  0  -6.73441e-08  0.0419715
10.6814  3.14159  0  -3.10657e-08  0.0360626
15.708  3.14159  0  -5.51878e-09  0.0277688
33.3009  3.14159  0  -6.51342e-09  0.0147008
-54.6637  3.14159  3.14159  -2.03861e-05  -0.00917751
-27.0177  3.14159  3.14159  -6.45346e-05  -0.0177143
-13.1947  3.14159  3.14159  -0.00012873  -0.0309263
-10.6814  3.14159  3.14159  -0.00016739  -0.0350294
-8.16814  3.14159  3.14159  -0.000324773  -0.0396518
-6.9115  3.14159  3.14159  -0.000556395  -0.0419636
-5.65487  3.14159  3.14159  -0.00105395  -0.0439982
-4.39823  3.14159  3.14159  -0.00209765  -0.0453189
-3.14159  3.14159  3.14159  -0.00418042  -0.0451025
-1.88496  3.14159  3.14159  -0.00790975  -0.0412633
-0.628319  3.14159  3.14159  -0.0129265  -0.0251962
0.628319  3.14159  3.14159  -0.0129265  0.0251962
1.88496  3.14159  3.14159  -0.00790974  0.0412633
3.14159  3.14159  3.14159  -0.00418041  0.0451025
4.39823  3.14159  3.14159  -0.00209764  0.0453189
5.65487  3.14159  3.14159  -0.00105394  0.0439982
6.9115  3.14159  3.14159  -0.000556387  0.0419636
8.16814  3.14159  3.14159  -0.000324766  0.0396519
10.6814  3.14159  3.14159  -0.000167391  0.0350294
15.708  3.14159  3.14159  -0.00011244  0.0274663
33.3009  3.14159  3.14159  -4.75937e-05  0.0146724
