-54.6637  0  0  -0.000156864  0.00856044
-27.0177  0  0  -0.000640565  0.0172437
-13.1947  0  0  -0.0026647  0.0346625
-10.6814  0  0  -0.00403251  0.0422692
-8.16814  0  0  -0.00672274  0.0538124
-6.9115  0  0  -0.0091048  0.0619975
-5.65487  0  0  -0.0128129  0.0725786
-4.39823  0  0  -0.0187946  0.0861831
-3.14159  0  0  -0.0286596  0.102289
-1.88496  0  0  -0.0445662  0.113198
-0.628319  0  0  -0.0659565  0.0795297
0.628319  0  0  -0.0659565  -0.0795297
1.88496  0  0  -0.0445662  -0.113198
3.14159  0  0  -0.0286596  -0.102289
4.39823  0  0  -0.0187946  -0.0861831
5.65487  0  0  -0.0128129  -0.0725786
6.9115  0  0  -0.00910479  -0.0619975
8.16814  0  0  -0.00672274  -0.0538124
10.6814  0  0  -0.00403251  -0.0422692
15.708  0  0  -0.00188653  -0.0293258
33.3009  0  0  -0.000422062  -0.014018
-54.6637  0  3.14159  -4.03971e-10  0.00856996
-27.0177  0  3.14159  7.1933e-10  0.0173221
-13.1947  0  3.14159  1.05255e-09  0.0353167
-10.6814  0  3.14159  -8.18197e-10  0.043473
-8.16814  0  3.14159  -5.14444e-09  0.0563512
-6.9115  0  3.14159  -3.58077e-08  0.0659483
-5.65487  0  3.14159  1.26472e-08  0.0791205
-4.39823  0  3.14159  -5.24887e-09  0.0979932
-3.14159  0  3.14159  9.47385e-08  0.126663
-1.88496  0  3.14159  3.75526e-08  0.174744
-0.628319  0  3.14159  6.1892e-07  0.265493
0.628319  0  3.14159  5.95284e-07  -0.265493
1.88496  0  3.14159  6.16175e-08  -0.174743
3.14159  0  3.14159  1.04423e-07  -0.126663
4.39823  0  3.14159  -6.38228e-10  -0.0979932
5.65487  0  3.14159  2.59035e-08  -0.0791205
6.9115  0  3.14159  -3.41763e-08  -0.0659483
8.16814  0  3.14159  -5.84614e-10  -0.0563512
10.6814  0  3.14159  7.90406e-09  -0.043473
15.708  0  3.14159  5.1658e-09  -0.029718
33.3009  0  3.14159  -2.61354e-09  -0.01406
-54.6637  3.14159  0  -4.03971e-10  0.00856996
-27.0177  3.14159  0  7.1933e-10  0.0173221
-13.1947  3.14159  0  1.05255e-09  0.0353167
-10.6814  3.14159  0  -8.18197e-10  0.043473
-8.16814  3.14159  0  -5.14444e-09  0.0563512
-6.9115  3.14159  0  -3.58077e-08  0.0659483
-5.65487  3.14159  0  1.26472e-08  0.0791205
-4.39823  3.14159  0  -5.24887e-09  0.0979932
-3.14159  3.14159  0  9.47385e-08  0.126663
-1.88496  3.14159  0  3.75526e-08  0.174744
-0.628319  3.14159  0  6.1892e-07  0.265493
0.628319  3.14159  0  5.95284e-07  -0.265493
1.88496  3.14159  0  6.16175e-08  -0.174743
3.14159  3.14159  0  1.04423e-07  -0.126663
4.39823  3.14159  0  -6.38228e-10  -0.0979932
5.65487  3.14159  0  2.59035e-08  -0.0791205
6.9115  3.14159  0  -3.41763e-08  -0.0659483
8.16814  3.14159  0  -5.84614e-10  -0.0563512
10.6814  3.14159  0  7.90406e-09  -0.043473
15.708  3.14159  0  5.1658e-09  -0.029718
33.3009  3.14159  0  -2.61354e-09  -0.01406
-54.6637  3.14159  3.14159  0.00015686  0.00856044
-27.0177  3.14159  3.14159  0.000640567  0.0172437
-13.1947  3.14159  3.14159  0.00266468  0.0346625
-10.6814  3.14159  3.14159  0.00403251  0.0422692
-8.16814  3.14159  3.14159  0.00672274  0.0538124
-6.9115  3.14159  3.14159  0.00910479  0.0619975
-5.65487  3.14159  3.14159  0.0128129  0.0725786
-4.39823  3.14159  3.14159  0.0187946  0.0861831
-3.14159  3.14159  3.14159  0.0286601  0.102289
-1.88496  3.14159  3.14159  0.044567  0.113198
-0.628319  3.14159  3.14159  0.065957  0.0795297
0.628319  3.14159  3.14159  0.0659571  -0.0795297
1.88496  3.14159  3.14159  0.044567  -0.113198
3.14159  3.14159  3.14159  0.0286602  -0.102289
4.39823  3.14159  3.14159  0.0187946  -0.0861831
5.65487  3.14159  3.14159  0.012813  -0.0725786
6.9115  3.14159  3.14159  0.00910481  -0.0619975
8.16814  3.14159  3.14159  0.00672276  -0.0538124
10.6814  3.14159  3.14159  0.0040325  -0.0422692
15.708  3.14159  3.14159  0.00188654  -0.0293258
33.3009  3.14159  3.14159  0.000422068  -0.014018
