-54.6637  0  0  2.02913e-05  -0.00842296
-27.0177  0  0  6.43875e-05  -0.0162098
-13.1947  0  0  0.000131832  -0.0280313
-10.6814  0  0  0.000174391  -0.0315991
-8.16814  0  0  0.000340372  -0.0355161
-6.9115  0  0  0.000579108  -0.0374149
-5.65487  0  0  0.00108524  -0.0390331
-4.39823  0  0  0.00213468  -0.040031
-3.14159  0  0  0.00420393  -0.0398068
-1.88496  0  0  0.0078536  -0.0366558
-0.628319  0  0  0.0126393  -0.0225761
0.628319  0  0  0.0126393  0.0225761
1.88496  0  0  0.0078536  0.0366558
3.14159  0  0  0.00420393  0.0398068
4.39823  0  0  0.00213469  0.040031
5.65487  0  0  0.00108524  0.0390331
6.9115  0  0  0.000579109  0.0374149
8.16814  0  0  0.000340371  0.0355161
10.6814  0  0  0.000174387  0.0315991
15.708  0  0  0.000113759  0.0249758
33.3009  0  0  4.73765e-05  0.0134437
-54.6637  0  3.14159  2.19654e-08  -0.00842817
-27.0177  0  3.14159  3.94178e-08  -0.0162554
-13.1947  0  3.14159  2.3177e-08  -0.0284803
-10.6814  0  3.14159  5.13741e-09  -0.0324776
-8.16814  0  3.14159  -1.40262e-08  -0.0374849
-6.9115  0  3.14159  -1.50249e-08  -0.0405298
-5.65487  0  3.14159  -4.36794e-09  -0.0441276
-4.39823  0  3.14159  -3.1777e-09  -0.04856
-3.14159  0  3.14159  -3.25283e-09  -0.0542173
-1.88496  0  3.14159  -3.90913e-09  -0.0613394
-0.628319  0  3.14159  -4.83123e-09  -0.0692091
0.628319  0  3.14159  5.80016e-09  0.0692091
1.88496  0  3.14159  4.54744e-09  0.0613394
3.14159  0  3.14159  3.3752e-09  0.0542173
4.39823  0  3.14159  2.17579e-09  0.04856
5.65487  0  3.14159  4.62529e-10  0.0441276
6.9115  0  3.14159  -6.2396e-09  0.0405298
8.16814  0  3.14159  -5.91987e-09  0.0374849
10.6814  0  3.14159  1.29893e-09  0.0324776
15.708  0  3.14159  5.93358e-09  0.0252319
33.3009  0  3.14159  -4.82801e-09  0.0134675
-54.6637  3.14159  0  2.19654e-08  -0.00842817
-27.0177  3.14159  0  3.94178e-08  -0.0162554
-13.1947  3.14159  0  2.3177e-08  -0.0284803
-10.6814  3.14159  0  5.13741e-09  -0.0324776
-8.16814  3.14159  0  -1.40262e-08  -0.0374849
-6.9115  3.14159  0  -1.50249e-08  -0.0405298
-5.65487  3.14159  0  -4.36794e-09  -0.0441276
-4.39823  3.14159  0  -3.1777e-09  -0.04856
-3.14159  3.14159  0  -3.25283e-09  -0.0542173
-1.88496  3.14159  0  -3.90913e-09  -0.0613394
-0.628319  3.14159  0  -4.83123e-09  -0.0692091
0.628319  3.14159  0  5.80016e-09  0.0692091
1.88496  3.14159  0  4.54744e-09  0.0613394
3.14159  3.14159  0  3.3752e-09  0.0542173
4.39823  3.14159  0  2.17579e-09  0.04856
5.65487  3.14159  0  4.62529e-10  0.0441276
6.9115  3.14159  0  -6.2396e-09  0.0405298
8.16814  3.14159  0  -5.91987e-09  0.0374849
10.6814  3.14159  0  1.29893e-09  0.0324776
15.708  3.14159  0  5.93358e-09  0.0252319
33.3009  3.14159  0  -4.82801e-09  0.0134675
-54.6637  3.14159  3.14159  -2.02625e-05  -0.00842296
-27.0177  3.14159  3.14159  -6.43399e-05  -0.0162098
-13.1947  3.14159  3.14159  -0.000131807  -0.0280313
-10.6814  3.14159  3.14159  -0.000174381  -0.0315991
-8.16814  3.14159  3.14159  -0.000340376  -0.0355161
-6.9115  3.14159  3.14159  -0.000579114  -0.0374149
-5.65487  3.14159  3.14159  -0.00108524  -0.0390331
-4.39823  3.14159  3.14159  -0.00213469  -0.040031
-3.14159  3.14159  3.14159  -0.00420393  -0.0398068
-1.88496  3.14159  3.14159  -0.0078536  -0.0366558
-0.628319  3.14159  3.14159  -0.0126393  -0.0225761
0.628319  3.14159  3.14159  -0.0126393  0.0225761
1.88496  3.14159  3.14159  -0.0078536  0.0366558
3.14159  3.14159  3.14159  -0.00420393  0.0398068
4.39823  3.14159  3.14159  -0.00213468  0.040031
5.65487  3.14159  3.14159  -0.00108524  0.0390331
6.9115  3.14159  3.14159  -0.000579108  0.0374149
8.16814  3.14159  3.14159  -0.00034037  0.0355161
10.6814  3.14159  3.14159  -0.000174384  0.0315991
15.708  3.14159  3.14159  -0.000113754  0.0249758
33.3009  3.14159  3.14159  -4.73817e-05  0.0134437
