-54.6637  0  0  2.16689e-05  -0.0144776
-27.0177  0  0  6.81906e-05  -0.0282907
-13.1947  0  0  0.000124221  -0.0513726
-10.6814  0  0  0.000148213  -0.0593404
-8.16814  0  0  0.000270425  -0.0691704
-6.9115  0  0  0.00047172  -0.0746349
-5.65487  0  0  0.000932166  -0.0800021
-4.39823  0  0  0.00195285  -0.0842031
-3.14159  0  0  0.00411301  -0.0847005
-1.88496  0  0  0.00830603  -0.075813
-0.628319  0  0  0.0149584  -0.0441372
0.628319  0  0  0.0149584  0.0441372
1.88496  0  0  0.00830602  0.075813
3.14159  0  0  0.004113  0.0847005
4.39823  0  0  0.00195283  0.0842031
5.65487  0  0  0.000932154  0.0800021
6.9115  0  0  0.000471715  0.0746349
8.16814  0  0  0.000270419  0.0691704
10.6814  0  0  0.000148192  0.0593404
15.708  0  0  0.00011365  0.0450228
33.3009  0  0  5.03525e-05  0.0233071
-54.6637  0  3.14159  6.53723e-08  -0.0144913
-27.0177  0  3.14159  1.18683e-07  -0.0284089
-13.1947  0  3.14159  6.05066e-08  -0.0524839
-10.6814  0  3.14159  -1.33319e-08  -0.0614911
-8.16814  0  3.14159  -1.02734e-07  -0.0740061
-6.9115  0  3.14159  -1.12212e-07  -0.0824111
-5.65487  0  3.14159  -1.03225e-07  -0.0931838
-4.39823  0  3.14159  -1.26567e-07  -0.107788
-3.14159  0  3.14159  -1.75553e-07  -0.129065
-1.88496  0  3.14159  -1.8982e-07  -0.163625
-0.628319  0  3.14159  -6.28156e-07  -0.178859
0.628319  0  3.14159  -6.8541e-07  0.178859
1.88496  0  3.14159  -2.07716e-07  0.163625
3.14159  0  3.14159  -1.91705e-07  0.129065
4.39823  0  3.14159  -1.38084e-07  0.107788
5.65487  0  3.14159  -1.07785e-07  0.0931838
6.9115  0  3.14159  -9.84295e-08  0.0824111
8.16814  0  3.14159  -8.92174e-08  0.0740061
10.6814  0  3.14159  -3.71482e-08  0.0614911
15.708  0  3.14159  1.37302e-09  0.0456645
33.3009  0  3.14159  -2.18844e-08  0.0233692
-54.6637  3.14159  0  6.53723e-08  -0.0144913
-27.0177  3.14159  0  1.18683e-07  -0.0284089
-13.1947  3.14159  0  6.05066e-08  -0.0524839
-10.6814  3.14159  0  -1.33319e-08  -0.0614911
-8.16814  3.14159  0  -1.02734e-07  -0.0740061
-6.9115  3.14159  0  -1.12212e-07  -0.0824111
-5.65487  3.14159  0  -1.03225e-07  -0.0931838
-4.39823  3.14159  0  -1.26567e-07  -0.107788
-3.14159  3.14159  0  -1.75553e-07  -0.129065
-1.88496  3.14159  0  -1.8982e-07  -0.163625
-0.628319  3.14159  0  -6.28156e-07  -0.178859
0.628319  3.14159  0  -6.8541e-07  0.178859
1.88496  3.14159  0  -2.07716e-07  0.163625
3.14159  3.14159  0  -1.91705e-07  0.129065
4.39823  3.14159  0  -1.38084e-07  0.107788
5.65487  3.14159  0  -1.07785e-07  0.0931838
6.9115  3.14159  0  -9.84295e-08  0.0824111
8.16814  3.14159  0  -8.92174e-08  0.0740061
10.6814  3.14159  0  -3.71482e-08  0.0614911
15.708  3.14159  0  1.37302e-09  0.0456645
33.3009  3.14159  0  -2.18844e-08  0.0233692
-54.6637  3.14159  3.14159  -2.15877e-05  -0.0144776
-27.0177  3.14159  3.14159  -6.80545e-05  -0.0282907
-13.1947  3.14159  3.14159  -0.000124178  -0.0513726
-10.6814  3.14159  3.14159  -0.000148255  -0.0593403
-8.16814  3.14159  3.14159  -0.000270585  -0.0691703
-6.9115  3.14159  3.14159  -0.000471945  -0.0746348
-5.65487  3.14159  3.14159  -0.000932478  -0.080002
-4.39823  3.14159  3.14159  -0.00195347  -0.0842029
-3.14159  3.14159  3.14159  -0.00411446  -0.0847002
-1.88496  3.14159  3.14159  -0.0083072  -0.0758125
-0.628319  3.14159  3.14159  -0.0149627  -0.0441347
0.628319  3.14159  3.14159  -0.0149627  0.0441346
1.88496  3.14159  3.14159  -0.00830721  0.0758125
3.14159  3.14159  3.14159  -0.00411447  0.0847002
4.39823  3.14159  3.14159  -0.00195348  0.0842029
5.65487  3.14159  3.14159  -0.000932489  0.080002
6.9115  3.14159  3.14159  -0.000471949  0.0746348
8.16814  3.14159  3.14159  -0.00027059  0.0691703
10.6814  3.14159  3.14159  -0.000148276  0.0593403
15.708  3.14159  3.14159  -0.000113668  0.0450228
33.3009  3.14159  3.14159  -5.03787e-05  0.023307
