-54.6637  0  0  9.68887e-07  -7.25422e-05
-27.0177  0  0  1.55162e-05  -0.000557835
-13.1947  0  0  0.000218916  -0.0037148
-10.6814  0  0  0.000441543  -0.00608557
-8.16814  0  0  0.000996715  -0.0107339
-6.9115  0  0  0.00157799  -0.014723
-5.65487  0  0  0.00260727  -0.0206546
-4.39823  0  0  0.0045313  -0.0295146
-3.14159  0  0  0.00833159  -0.0420911
-1.88496  0  0  0.0159436  -0.0551397
-0.628319  0  0  0.0284292  -0.0440391
0.628319  0  0  0.0284291  0.0440391
1.88496  0  0  0.0159436  0.0551397
3.14159  0  0  0.00833157  0.0420911
4.39823  0  0  0.00453128  0.0295146
5.65487  0  0  0.00260725  0.0206546
6.9115  0  0  0.00157797  0.014723
8.16814  0  0  0.000996699  0.0107339
10.6814  0  0  0.00044153  0.00608557
15.708  0  0  0.00011866  0.00240745
33.3009  0  0  6.86747e-06  0.000307795
-54.6637  0  3.14159  -1.64307e-11  -7.25368e-05
-27.0177  0  3.14159  1.31593e-09  -0.000557816
-13.1947  0  3.14159  7.1221e-09  -0.00372203
-10.6814  0  3.14159  9.01874e-09  -0.00610748
-8.16814  0  3.14159  1.01718e-08  -0.0108069
-6.9115  0  3.14159  1.03143e-08  -0.0148694
-5.65487  0  3.14159  1.12755e-08  -0.0209969
-4.39823  0  3.14159  1.26827e-08  -0.030551
-3.14159  0  3.14159  1.46837e-08  -0.0462897
-1.88496  0  3.14159  1.76991e-08  -0.075709
-0.628319  0  3.14159  2.02575e-08  -0.145105
0.628319  0  3.14159  -2.15065e-08  0.145105
1.88496  0  3.14159  -1.69197e-08  0.075709
3.14159  0  3.14159  -1.37683e-08  0.0462897
4.39823  0  3.14159  -1.13151e-08  0.030551
5.65487  0  3.14159  -9.39876e-09  0.0209969
6.9115  0  3.14159  -7.62026e-09  0.0148694
8.16814  0  3.14159  -6.12614e-09  0.0108069
10.6814  0  3.14159  -4.34677e-09  0.00610748
15.708  0  3.14159  -3.01673e-09  0.00240994
33.3009  0  3.14159  -1.29236e-09  0.000307766
-54.6637  3.14159  0  -1.64307e-11  -7.25368e-05
-27.0177  3.14159  0  1.31593e-09  -0.000557816
-13.1947  3.14159  0  7.1221e-09  -0.00372203
-10.6814  3.14159  0  9.01874e-09  -0.00610748
-8.16814  3.14159  0  1.01718e-08  -0.0108069
-6.9115  3.14159  0  1.03143e-08  -0.0148694
-5.65487  3.14159  0  1.12755e-08  -0.0209969
-4.39823  3.14159  0  1.26827e-08  -0.030551
-3.14159  3.14159  0  1.46837e-08  -0.0462897
-1.88496  3.14159  0  1.76991e-08  -0.075709
-0.628319  3.14159  0  2.02575e-08  -0.145105
0.628319  3.14159  0  -2.15065e-08  0.145105
1.88496  3.14159  0  -1.69197e-08  0.075709
3.14159  3.14159  0  -1.37683e-08  0.0462897
4.39823  3.14159  0  -1.13151e-08  0.030551
5.65487  3.14159  0  -9.39876e-09  0.0209969
6.9115  3.14159  0  -7.62026e-09  0.0148694
8.16814  3.14159  0  -6.12614e-09  0.0108069
10.6814  3.14159  0  -4.34677e-09  0.00610748
15.708  3.14159  0  -3.01673e-09  0.00240994
33.3009  3.14159  0  -1.29236e-09  0.000307766
-54.6637  3.14159  3.14159  -9.68893e-07  -7.25422e-05
-27.0177  3.14159  3.14159  -1.55134e-05  -0.000557835
-13.1947  3.14159  3.14159  -0.000218903  -0.0037148
-10.6814  3.14159  3.14159  -0.000441527  -0.00608557
-8.16814  3.14159  3.14159  -0.000996694  -0.0107339
-6.9115  3.14159  3.14159  -0.00157797  -0.014723
-5.65487  3.14159  3.14159  -0.00260724  -0.0206546
-4.39823  3.14159  3.14159  -0.00453127  -0.0295146
-3.14159  3.14159  3.14159  -0.00833157  -0.0420911
-1.88496  3.14159  3.14159  -0.0159436  -0.0551397
-0.628319  3.14159  3.14159  -0.0284291  -0.0440391
0.628319  3.14159  3.14159  -0.0284292  0.0440391
1.88496  3.14159  3.14159  -0.0159436  0.0551397
3.14159  3.14159  3.14159  -0.00833159  0.0420911
4.39823  3.14159  3.14159  -0.0045313  0.0295146
5.65487  3.14159  3.14159  -0.00260726  0.0206546
6.9115  3.14159  3.14159  -0.00157798  0.014723
8.16814  3.14159  3.14159  -0.00099671  0.0107339
10.6814  3.14159  3.14159  -0.000441539  0.00608557
15.708  3.14159  3.14159  -0.000118666  0.00240745
33.3009  3.14159  3.14159  -6.86999e-06  0.000307795
