-54.6637  0  0  -0.000443473  0.0430955
-27.0177  0  0  -0.00183383  0.0858623
-13.1947  0  0  -0.0071618  0.165025
-10.6814  0  0  -0.0104062  0.194987
-8.16814  0  0  -0.0163576  0.235009
-6.9115  0  0  -0.0210155  0.259569
-5.65487  0  0  -0.0269805  0.284144
-4.39823  0  0  -0.0375541  0.303643
-3.14159  0  0  -0.0504328  0.302153
-1.88496  0  0  -0.0684546  0.243297
-0.628319  0  0  -0.0804845  0.101231
0.628319  0  0  -0.0792898  -0.101581
1.88496  0  0  -0.0684865  -0.243768
3.14159  0  0  -0.050155  -0.302053
4.39823  0  0  -0.0374038  -0.303541
5.65487  0  0  -0.0271522  -0.284089
6.9115  0  0  -0.0210944  -0.259641
8.16814  0  0  -0.016481  -0.23505
10.6814  0  0  -0.0104656  -0.194968
15.708  0  0  -0.00495932  -0.141336
33.3009  0  0  -0.00112633  -0.0701989
-54.6637  0  3.14159  -6.38543e-08  0.0431736
-27.0177  0  3.14159  -7.50899e-08  0.0872812
-13.1947  0  3.14159  -5.3218e-08  0.178838
-10.6814  0  3.14159  -1.07075e-07  0.220801
-8.16814  0  3.14159  1.94499e-07  0.289521
-6.9115  0  3.14159  -4.04911e-07  0.339487
-5.65487  0  3.14159  -3.76171e-07  0.413032
-4.39823  0  3.14159  3.68741e-07  0.530327
-3.14159  0  3.14159  6.58687e-07  0.739218
-1.88496  0  3.14159  2.38442e-06  1.23239
-0.628319  0  3.14159  4.4177e-06  3.66292
0.628319  0  3.14159  5.74991e-06  -3.66292
1.88496  0  3.14159  -1.35244e-07  -1.23239
3.14159  0  3.14159  8.15621e-07  -0.739219
4.39823  0  3.14159  7.96978e-07  -0.530327
5.65487  0  3.14159  8.78205e-07  -0.413032
6.9115  0  3.14159  3.13225e-07  -0.339487
8.16814  0  3.14159  6.64755e-08  -0.289521
10.6814  0  3.14159  2.74681e-07  -0.220801
15.708  0  3.14159  2.59274e-07  -0.149971
33.3009  0  3.14159  -4.94144e-08  -0.0712015
-54.6637  3.14159  0  -6.38543e-08  0.0431736
-27.0177  3.14159  0  -7.50899e-08  0.0872812
-13.1947  3.14159  0  -5.3218e-08  0.178838
-10.6814  3.14159  0  -1.07075e-07  0.220801
-8.16814  3.14159  0  1.94499e-07  0.289521
-6.9115  3.14159  0  -4.04911e-07  0.339487
-5.65487  3.14159  0  -3.76171e-07  0.413032
-4.39823  3.14159  0  3.68741e-07  0.530327
-3.14159  3.14159  0  6.58687e-07  0.739218
-1.88496  3.14159  0  2.38442e-06  1.23239
-0.628319  3.14159  0  4.4177e-06  3.66292
0.628319  3.14159  0  5.74991e-06  -3.66292
1.88496  3.14159  0  -1.35244e-07  -1.23239
3.14159  3.14159  0  8.15621e-07  -0.739219
4.39823  3.14159  0  7.96978e-07  -0.530327
5.65487  3.14159  0  8.78205e-07  -0.413032
6.9115  3.14159  0  3.13225e-07  -0.339487
8.16814  3.14159  0  6.64755e-08  -0.289521
10.6814  3.14159  0  2.74681e-07  -0.220801
15.708  3.14159  0  2.59274e-07  -0.149971
33.3009  3.14159  0  -4.94144e-08  -0.0712015
-54.6637  3.14159  3.14159  0.000445733  0.0430955
-27.0177  3.14159  3.14159  0.00175485  0.0858623
-13.1947  3.14159  3.14159  0.00700467  0.165024
-10.6814  3.14159  3.14159  0.0103141  0.194988
-8.16814  3.14159  3.14159  0.0162049  0.235009
-6.9115  3.14159  3.14159  0.0211582  0.259569
-5.65487  3.14159  3.14159  0.0289343  0.284144
-4.39823  3.14159  3.14159  0.0380944  0.303642
-3.14159  3.14159  3.14159  0.052539  0.302153
-1.88496  3.14159  3.14159  0.0673333  0.243297
-0.628319  3.14159  3.14159  0.0811447  0.101231
0.628319  3.14159  3.14159  0.0823382  -0.101581
1.88496  3.14159  3.14159  0.0673017  -0.243768
3.14159  3.14159  3.14159  0.0528163  -0.302053
4.39823  3.14159  3.14159  0.0382442  -0.303541
5.65487  3.14159  3.14159  0.0287635  -0.28409
6.9115  3.14159  3.14159  0.0210795  -0.259642
8.16814  3.14159  3.14159  0.0160818  -0.23505
10.6814  3.14159  3.14159  0.0102553  -0.194969
15.708  3.14159  3.14159  0.00527563  -0.141336
33.3009  3.14159  3.14159  0.00125083  -0.0701989
