-54.6637  0  0  -0.00138392  0.040795
-27.0177  0  0  -0.00531683  0.0803886
-13.1947  0  0  -0.017794  0.149496
-10.6814  0  0  -0.0239034  0.174536
-8.16814  0  0  -0.0329086  0.206559
-6.9115  0  0  -0.0388379  0.225085
-5.65487  0  0  -0.0458104  0.244086
-4.39823  0  0  -0.0536682  0.260208
-3.14159  0  0  -0.0618343  0.2644
-1.88496  0  0  -0.0690699  0.233819
-0.628319  0  0  -0.0734964  0.119599
0.628319  0  0  -0.0734964  -0.119599
1.88496  0  0  -0.0690699  -0.233819
3.14159  0  0  -0.0618343  -0.2644
4.39823  0  0  -0.0536682  -0.260208
5.65487  0  0  -0.0458104  -0.244086
6.9115  0  0  -0.0388379  -0.225085
8.16814  0  0  -0.0329086  -0.206559
10.6814  0  0  -0.0239034  -0.174536
15.708  0  0  -0.013605  -0.130022
33.3009  0  0  -0.00359959  -0.0659899
-54.6637  0  3.14159  1.33762e-08  0.0407941
-27.0177  0  3.14159  8.42291e-10  0.080361
-13.1947  0  3.14159  -5.92009e-09  0.14894
-10.6814  0  3.14159  3.10525e-09  0.173403
-8.16814  0  3.14159  -2.67768e-09  0.204221
-6.9115  0  3.14159  -1.25335e-08  0.221871
-5.65487  0  3.14159  -3.68144e-09  0.240191
-4.39823  0  3.14159  -2.75169e-09  0.257413
-3.14159  0  3.14159  -2.95414e-09  0.269919
-1.88496  0  3.14159  -3.3997e-09  0.269875
-0.628319  0  3.14159  -3.7444e-09  0.225193
0.628319  0  3.14159  -3.94491e-09  -0.225193
1.88496  0  3.14159  -4.04638e-09  -0.269875
3.14159  0  3.14159  -4.20651e-09  -0.269919
4.39823  0  3.14159  -4.97959e-09  -0.257413
5.65487  0  3.14159  -7.78154e-09  -0.240191
6.9115  0  3.14159  -2.18819e-08  -0.221871
8.16814  0  3.14159  9.34079e-10  -0.204221
10.6814  0  3.14159  2.69591e-08  -0.173403
15.708  0  3.14159  -1.41988e-08  -0.129735
33.3009  0  3.14159  -4.74588e-08  -0.0659795
-54.6637  3.14159  0  1.33762e-08  0.0407941
-27.0177  3.14159  0  8.42291e-10  0.080361
-13.1947  3.14159  0  -5.92009e-09  0.14894
-10.6814  3.14159  0  3.10525e-09  0.173403
-8.16814  3.14159  0  -2.67768e-09  0.204221
-6.9115  3.14159  0  -1.25335e-08  0.221871
-5.65487  3.14159  0  -3.68144e-09  0.240191
-4.39823  3.14159  0  -2.75169e-09  0.257413
-3.14159  3.14159  0  -2.95414e-09  0.269919
-1.88496  3.14159  0  -3.3997e-09  0.269875
-0.628319  3.14159  0  -3.7444e-09  0.225193
0.628319  3.14159  0  -3.94491e-09  -0.225193
1.88496  3.14159  0  -4.04638e-09  -0.269875
3.14159  3.14159  0  -4.20651e-09  -0.269919
4.39823  3.14159  0  -4.97959e-09  -0.257413
5.65487  3.14159  0  -7.78154e-09  -0.240191
6.9115  3.14159  0  -2.18819e-08  -0.221871
8.16814  3.14159  0  9.34079e-10  -0.204221
10.6814  3.14159  0  2.69591e-08  -0.173403
15.708  3.14159  0  -1.41988e-08  -0.129735
33.3009  3.14159  0  -4.74588e-08  -0.0659795
-54.6637  3.14159  3.14159  0.00138395  0.040795
-27.0177  3.14159  3.14159  0.00531683  0.0803886
-13.1947  3.14159  3.14159  0.017794  0.149496
-10.6814  3.14159  3.14159  0.0239034  0.174536
-8.16814  3.14159  3.14159  0.0329086  0.206559
-6.9115  3.14159  3.14159  0.0388379  0.225085
-5.65487  3.14159  3.14159  0.0458104  0.244086
-4.39823  3.14159  3.14159  0.0536682  0.260208
-3.14159  3.14159  3.14159  0.0618343  0.2644
-1.88496  3.14159  3.14159  0.0690698  0.233819
-0.628319  3.14159  3.14159  0.0734964  0.119599
0.628319  3.14159  3.14159  0.0734964  -0.119599
1.88496  3.14159  3.14159  0.0690699  -0.233819
3.14159  3.14159  3.14159  0.0618343  -0.2644
4.39823  3.14159  3.14159  0.0536682  -0.260208
5.65487  3.14159  3.14159  0.0458104  -0.244086
6.9115  3.14159  3.14159  0.0388379  -0.225086
8.16814  3.14159  3.14159  0.0329086  -0.206559
10.6814  3.14159  3.14159  0.0239034  -0.174536
15.708  3.14159  3.14159  0.013605  -0.130022
33.3009  3.14159  3.14159  0.0035995  -0.0659899
