-54.6637  0  0  -0.000193844  0.0137007
-27.0177  0  0  -0.000841065  0.0277534
-13.1947  0  0  -0.00391354  0.05644
-10.6814  0  0  -0.00605464  0.0689879
-8.16814  0  0  -0.01013  0.087759
-6.9115  0  0  -0.0135325  0.100729
-5.65487  0  0  -0.0184609  0.116895
-4.39823  0  0  -0.0256298  0.136301
-3.14159  0  0  -0.0358959  0.156024
-1.88496  0  0  -0.0496626  0.161225
-0.628319  0  0  -0.0642363  0.100473
0.628319  0  0  -0.0642363  -0.100473
1.88496  0  0  -0.0496626  -0.161225
3.14159  0  0  -0.0358959  -0.156024
4.39823  0  0  -0.0256298  -0.136301
5.65487  0  0  -0.0184609  -0.116895
6.9115  0  0  -0.0135325  -0.100729
8.16814  0  0  -0.01013  -0.087759
10.6814  0  0  -0.00605464  -0.0689879
15.708  0  0  -0.00269883  -0.0476131
33.3009  0  0  -0.000540696  -0.0225091
-54.6637  0  3.14159  -4.81635e-10  0.0137079
-27.0177  0  3.14159  1.55582e-09  0.0278155
-13.1947  0  3.14159  3.40759e-09  0.0569605
-10.6814  0  3.14159  2.26051e-09  0.0698952
-8.16814  0  3.14159  4.22546e-09  0.0894659
-6.9115  0  3.14159  7.08327e-09  0.103181
-5.65487  0  3.14159  4.53108e-09  0.120675
-4.39823  0  3.14159  4.80704e-09  0.143112
-3.14159  0  3.14159  5.0219e-09  0.172049
-1.88496  0  3.14159  4.92701e-09  0.210281
-0.628319  0  3.14159  4.13504e-09  0.254279
0.628319  0  3.14159  -4.47308e-09  -0.254279
1.88496  0  3.14159  -5.27294e-09  -0.210281
3.14159  0  3.14159  -5.17964e-09  -0.172049
4.39823  0  3.14159  -5.18196e-09  -0.143112
5.65487  0  3.14159  -5.20438e-09  -0.120675
6.9115  0  3.14159  9.39033e-09  -0.103181
8.16814  0  3.14159  5.26566e-09  -0.0894659
10.6814  0  3.14159  -6.42884e-09  -0.0698952
15.708  0  3.14159  -4.90567e-09  -0.0479312
33.3009  0  3.14159  1.85118e-09  -0.0225418
-54.6637  3.14159  0  -4.81635e-10  0.0137079
-27.0177  3.14159  0  1.55582e-09  0.0278155
-13.1947  3.14159  0  3.40759e-09  0.0569605
-10.6814  3.14159  0  2.26051e-09  0.0698952
-8.16814  3.14159  0  4.22546e-09  0.0894659
-6.9115  3.14159  0  7.08327e-09  0.103181
-5.65487  3.14159  0  4.53108e-09  0.120675
-4.39823  3.14159  0  4.80704e-09  0.143112
-3.14159  3.14159  0  5.0219e-09  0.172049
-1.88496  3.14159  0  4.92701e-09  0.210281
-0.628319  3.14159  0  4.13504e-09  0.254279
0.628319  3.14159  0  -4.47308e-09  -0.254279
1.88496  3.14159  0  -5.27294e-09  -0.210281
3.14159  3.14159  0  -5.17964e-09  -0.172049
4.39823  3.14159  0  -5.18196e-09  -0.143112
5.65487  3.14159  0  -5.20438e-09  -0.120675
6.9115  3.14159  0  9.39033e-09  -0.103181
8.16814  3.14159  0  5.26566e-09  -0.0894659
10.6814  3.14159  0  -6.42884e-09  -0.0698952
15.708  3.14159  0  -4.90567e-09  -0.0479312
33.3009  3.14159  0  1.85118e-09  -0.0225418
-54.6637  3.14159  3.14159  0.000193849  0.0137007
-27.0177  3.14159  3.14159  0.000841068  0.0277534
-13.1947  3.14159  3.14159  0.00391355  0.05644
-10.6814  3.14159  3.14159  0.00605465  0.0689879
-8.16814  3.14159  3.14159  0.01013  0.087759
-6.9115  3.14159  3.14159  0.0135325  0.100729
-5.65487  3.14159  3.14159  0.0184609  0.116895
-4.39823  3.14159  3.14159  0.0256298  0.136301
-3.14159  3.14159  3.14159  0.0358959  0.156024
-1.88496  3.14159  3.14159  0.0496626  0.161225
-0.628319  3.14159  3.14159  0.0642363  0.100473
0.628319  3.14159  3.14159  0.0642363  -0.100473
1.88496  3.14159  3.14159  0.0496626  -0.161225
3.14159  3.14159  3.14159  0.0358959  -0.156024
4.39823  3.14159  3.14159  0.0256298  -0.136301
5.65487  3.14159  3.14159  0.0184609  -0.116895
6.9115  3.14159  3.14159  0.0135324  -0.100729
8.16814  3.14159  3.14159  0.01013  -0.087759
10.6814  3.14159  3.14159  0.00605465  -0.0689879
15.708  3.14159  3.14159  0.00269883  -0.0476131
33.3009  3.14159  3.14159  0.000540683  -0.0225091
