-54.6637  0  0  -0.000156843  0.00855852
-27.0177  0  0  -0.000640479  0.0172399
-13.1947  0  0  -0.00266436  0.0346548
-10.6814  0  0  -0.00403201  0.0422599
-8.16814  0  0  -0.00672193  0.0538007
-6.9115  0  0  -0.00910373  0.0619841
-5.65487  0  0  -0.0128114  0.072563
-4.39823  0  0  -0.0187924  0.0861647
-3.14159  0  0  -0.0286562  0.102267
-1.88496  0  0  -0.0445603  0.113172
-0.628319  0  0  -0.0659462  0.0795081
0.628319  0  0  -0.0659462  -0.0795081
1.88496  0  0  -0.0445603  -0.113172
3.14159  0  0  -0.0286562  -0.102267
4.39823  0  0  -0.0187924  -0.0861647
5.65487  0  0  -0.0128114  -0.072563
6.9115  0  0  -0.00910372  -0.0619841
8.16814  0  0  -0.00672193  -0.0538007
10.6814  0  0  -0.00403201  -0.0422599
15.708  0  0  -0.00188629  -0.0293193
33.3009  0  0  -0.000422006  -0.0140148
-54.6637  0  3.14159  -4.01246e-10  0.00856804
-27.0177  0  3.14159  7.13809e-10  0.0173182
-13.1947  0  3.14159  1.03696e-09  0.0353088
-10.6814  0  3.14159  -8.32016e-10  0.0434632
-8.16814  0  3.14159  -5.1261e-09  0.0563386
-6.9115  0  3.14159  -3.56846e-08  0.0659335
-5.65487  0  3.14159  1.25759e-08  0.0791026
-4.39823  0  3.14159  -5.25092e-09  0.0979706
-3.14159  0  3.14159  9.44484e-08  0.126633
-1.88496  0  3.14159  3.77308e-08  0.174694
-0.628319  0  3.14159  6.17082e-07  0.265359
0.628319  0  3.14159  5.93594e-07  -0.265359
1.88496  0  3.14159  6.18089e-08  -0.174694
3.14159  0  3.14159  1.04185e-07  -0.126633
4.39823  0  3.14159  -6.08087e-10  -0.0979706
5.65487  0  3.14159  2.58315e-08  -0.0791026
6.9115  0  3.14159  -3.40537e-08  -0.0659335
8.16814  0  3.14159  -5.74963e-10  -0.0563386
10.6814  0  3.14159  7.89692e-09  -0.0434632
15.708  0  3.14159  5.16014e-09  -0.0297113
33.3009  0  3.14159  -2.60829e-09  -0.0140569
-54.6637  3.14159  0  -4.01246e-10  0.00856804
-27.0177  3.14159  0  7.13809e-10  0.0173182
-13.1947  3.14159  0  1.03696e-09  0.0353088
-10.6814  3.14159  0  -8.32016e-10  0.0434632
-8.16814  3.14159  0  -5.1261e-09  0.0563386
-6.9115  3.14159  0  -3.56846e-08  0.0659335
-5.65487  3.14159  0  1.25759e-08  0.0791026
-4.39823  3.14159  0  -5.25092e-09  0.0979706
-3.14159  3.14159  0  9.44484e-08  0.126633
-1.88496  3.14159  0  3.77308e-08  0.174694
-0.628319  3.14159  0  6.17082e-07  0.265359
0.628319  3.14159  0  5.93594e-07  -0.265359
1.88496  3.14159  0  6.18089e-08  -0.174694
3.14159  3.14159  0  1.04185e-07  -0.126633
4.39823  3.14159  0  -6.08087e-10  -0.0979706
5.65487  3.14159  0  2.58315e-08  -0.0791026
6.9115  3.14159  0  -3.40537e-08  -0.0659335
8.16814  3.14159  0  -5.74963e-10  -0.0563386
10.6814  3.14159  0  7.89692e-09  -0.0434632
15.708  3.14159  0  5.16014e-09  -0.0297113
33.3009  3.14159  0  -2.60829e-09  -0.0140569
-54.6637  3.14159  3.14159  0.000156839  0.00855852
-27.0177  3.14159  3.14159  0.000640481  0.0172399
-13.1947  3.14159  3.14159  0.00266434  0.0346548
-10.6814  3.14159  3.14159  0.00403201  0.0422599
-8.16814  3.14159  3.14159  0.00672194  0.0538007
-6.9115  3.14159  3.14159  0.00910372  0.0619841
-5.65487  3.14159  3.14159  0.0128115  0.072563
-4.39823  3.14159  3.14159  0.0187924  0.0861647
-3.14159  3.14159  3.14159  0.0286567  0.102267
-1.88496  3.14159  3.14159  0.0445612  0.113172
-0.628319  3.14159  3.14159  0.0659468  0.0795081
0.628319  3.14159  3.14159  0.0659468  -0.0795081
1.88496  3.14159  3.14159  0.0445612  -0.113172
3.14159  3.14159  3.14159  0.0286568  -0.102267
4.39823  3.14159  3.14159  0.0187924  -0.0861647
5.65487  3.14159  3.14159  0.0128115  -0.072563
6.9115  3.14159  3.14159  0.00910374  -0.0619841
8.16814  3.14159  3.14159  0.00672195  -0.0538007
10.6814  3.14159  3.14159  0.004032  -0.0422599
15.708  3.14159  3.14159  0.00188629  -0.0293193
33.3009  3.14159  3.14159  0.000422011  -0.0140148
