-54.6637  0  0  2.03348e-05  -0.0087037
-27.0177  0  0  6.44504e-05  -0.0167695
-13.1947  0  0  0.000130593  -0.0291077
-10.6814  0  0  0.000171609  -0.0328741
-8.16814  0  0  0.0003342  -0.0370519
-6.9115  0  0  0.000570138  -0.0391027
-5.65487  0  0  0.00107289  -0.0408733
-4.39823  0  0  0.00212005  -0.0419878
-3.14159  0  0  0.00419442  -0.0417638
-1.88496  0  0  0.00787451  -0.0383619
-0.628319  0  0  0.0127487  -0.0235589
0.628319  0  0  0.0127487  0.0235589
1.88496  0  0  0.00787452  0.0383619
3.14159  0  0  0.00419442  0.0417638
4.39823  0  0  0.00212006  0.0419878
5.65487  0  0  0.0010729  0.0408733
6.9115  0  0  0.000570139  0.0391027
8.16814  0  0  0.000334199  0.0370519
10.6814  0  0  0.000171606  0.0328741
15.708  0  0  0.000113222  0.025902
33.3009  0  0  4.74548e-05  0.0139009
-54.6637  0  3.14159  2.08021e-08  -0.00870929
-27.0177  0  3.14159  3.69568e-08  -0.0168183
-13.1947  0  3.14159  1.6927e-08  -0.0295863
-10.6814  0  3.14159  -4.7555e-09  -0.0338097
-8.16814  0  3.14159  -3.21576e-08  -0.0391504
-6.9115  0  3.14159  -4.08341e-08  -0.0424288
-5.65487  0  3.14159  -4.23302e-08  -0.0463327
-4.39823  0  3.14159  -6.06065e-08  -0.0511835
-3.14159  0  3.14159  -9.12006e-08  -0.0574335
-1.88496  0  3.14159  -1.29477e-07  -0.0653497
-0.628319  0  3.14159  -1.6186e-07  -0.0741813
0.628319  0  3.14159  -1.49304e-07  0.0741813
1.88496  0  3.14159  -1.19746e-07  0.0653497
3.14159  0  3.14159  -8.35326e-08  0.0574335
4.39823  0  3.14159  -5.43341e-08  0.0511835
5.65487  0  3.14159  -3.66289e-08  0.0463327
6.9115  0  3.14159  -3.12246e-08  0.0424288
8.16814  0  3.14159  -2.33582e-08  0.0391504
10.6814  0  3.14159  -7.92036e-09  0.0338097
15.708  0  3.14159  2.62786e-09  0.0261753
33.3009  0  3.14159  -5.15842e-09  0.0139263
-54.6637  3.14159  0  2.08021e-08  -0.00870929
-27.0177  3.14159  0  3.69568e-08  -0.0168183
-13.1947  3.14159  0  1.6927e-08  -0.0295863
-10.6814  3.14159  0  -4.7555e-09  -0.0338097
-8.16814  3.14159  0  -3.21576e-08  -0.0391504
-6.9115  3.14159  0  -4.08341e-08  -0.0424288
-5.65487  3.14159  0  -4.23302e-08  -0.0463327
-4.39823  3.14159  0  -6.06065e-08  -0.0511835
-3.14159  3.14159  0  -9.12006e-08  -0.0574335
-1.88496  3.14159  0  -1.29477e-07  -0.0653497
-0.628319  3.14159  0  -1.6186e-07  -0.0741813
0.628319  3.14159  0  -1.49304e-07  0.0741813
1.88496  3.14159  0  -1.19746e-07  0.0653497
3.14159  3.14159  0  -8.35326e-08  0.0574335
4.39823  3.14159  0  -5.43341e-08  0.0511835
5.65487  3.14159  0  -3.66289e-08  0.0463327
6.9115  3.14159  0  -3.12246e-08  0.0424288
8.16814  3.14159  0  -2.33582e-08  0.0391504
10.6814  3.14159  0  -7.92036e-09  0.0338097
15.708  3.14159  0  2.62786e-09  0.0261753
33.3009  3.14159  0  -5.15842e-09  0.0139263
-54.6637  3.14159  3.14159  -2.03097e-05  -0.0087037
-27.0177  3.14159  3.14159  -6.44105e-05  -0.0167695
-13.1947  3.14159  3.14159  -0.000130583  -0.0291077
-10.6814  3.14159  3.14159  -0.000171621  -0.0328741
-8.16814  3.14159  3.14159  -0.000334246  -0.0370519
-6.9115  3.14159  3.14159  -0.000570206  -0.0391027
-5.65487  3.14159  3.14159  -0.001073  -0.0408733
-4.39823  3.14159  3.14159  -0.00212022  -0.0419878
-3.14159  3.14159  3.14159  -0.00419472  -0.0417638
-1.88496  3.14159  3.14159  -0.0078751  -0.0383618
-0.628319  3.14159  3.14159  -0.0127493  -0.0235587
0.628319  3.14159  3.14159  -0.0127493  0.0235587
1.88496  3.14159  3.14159  -0.00787509  0.0383618
3.14159  3.14159  3.14159  -0.00419472  0.0417638
4.39823  3.14159  3.14159  -0.00212021  0.0419878
5.65487  3.14159  3.14159  -0.00107299  0.0408733
6.9115  3.14159  3.14159  -0.0005702  0.0391027
8.16814  3.14159  3.14159  -0.00033424  0.0370519
10.6814  3.14159  3.14159  -0.000171623  0.0328741
15.708  3.14159  3.14159  -0.000113223  0.025902
33.3009  3.14159  3.14159  -4.74601e-05  0.0139009
