-54.6637  0  0  -0.001382  0.0407979
-27.0177  0  0  -0.00530931  0.0804113
-13.1947  0  0  -0.0177664  0.149673
-10.6814  0  0  -0.0238645  0.17485
-8.16814  0  0  -0.0328506  0.207181
-6.9115  0  0  -0.0387652  0.226007
-5.65487  0  0  -0.0457176  0.245505
-4.39823  0  0  -0.0535477  0.262467
-3.14159  0  0  -0.0616768  0.26802
-1.88496  0  0  -0.0688695  0.239129
-0.628319  0  0  -0.0732626  0.12446
0.628319  0  0  -0.0732627  -0.12446
1.88496  0  0  -0.0688696  -0.239129
3.14159  0  0  -0.0616768  -0.26802
4.39823  0  0  -0.0535477  -0.262467
5.65487  0  0  -0.0457176  -0.245505
6.9115  0  0  -0.0387652  -0.226007
8.16814  0  0  -0.0328506  -0.207181
10.6814  0  0  -0.0238645  -0.17485
15.708  0  0  -0.0135847  -0.130131
33.3009  0  0  -0.00359465  -0.0660023
-54.6637  0  3.14159  1.53751e-08  0.040797
-27.0177  0  3.14159  -3.21124e-08  0.080383
-13.1947  0  3.14159  -1.83943e-07  0.149097
-10.6814  0  3.14159  -2.63512e-07  0.173667
-8.16814  0  3.14159  -4.37832e-07  0.204707
-6.9115  0  3.14159  -5.95999e-07  0.222559
-5.65487  0  3.14159  -8.16872e-07  0.241202
-4.39823  0  3.14159  -1.17988e-06  0.25899
-3.14159  0  3.14159  -1.73752e-06  0.272688
-1.88496  0  3.14159  -2.41551e-06  0.276157
-0.628319  0  3.14159  -2.7827e-06  0.248813
0.628319  0  3.14159  -2.78311e-06  -0.248813
1.88496  0  3.14159  -2.4168e-06  -0.276157
3.14159  0  3.14159  -1.73992e-06  -0.272688
4.39823  0  3.14159  -1.18391e-06  -0.25899
5.65487  0  3.14159  -8.23647e-07  -0.241202
6.9115  0  3.14159  -6.09686e-07  -0.222559
8.16814  0  3.14159  -4.36883e-07  -0.204707
10.6814  0  3.14159  -2.40011e-07  -0.173667
15.708  0  3.14159  -1.51377e-07  -0.129835
33.3009  0  3.14159  -1.01038e-07  -0.0659916
-54.6637  3.14159  0  1.53751e-08  0.040797
-27.0177  3.14159  0  -3.21124e-08  0.080383
-13.1947  3.14159  0  -1.83943e-07  0.149097
-10.6814  3.14159  0  -2.63512e-07  0.173667
-8.16814  3.14159  0  -4.37832e-07  0.204707
-6.9115  3.14159  0  -5.95999e-07  0.222559
-5.65487  3.14159  0  -8.16872e-07  0.241202
-4.39823  3.14159  0  -1.17988e-06  0.25899
-3.14159  3.14159  0  -1.73752e-06  0.272688
-1.88496  3.14159  0  -2.41551e-06  0.276157
-0.628319  3.14159  0  -2.7827e-06  0.248813
0.628319  3.14159  0  -2.78311e-06  -0.248813
1.88496  3.14159  0  -2.4168e-06  -0.276157
3.14159  3.14159  0  -1.73992e-06  -0.272688
4.39823  3.14159  0  -1.18391e-06  -0.25899
5.65487  3.14159  0  -8.23647e-07  -0.241202
6.9115  3.14159  0  -6.09686e-07  -0.222559
8.16814  3.14159  0  -4.36883e-07  -0.204707
10.6814  3.14159  0  -2.40011e-07  -0.173667
15.708  3.14159  0  -1.51377e-07  -0.129835
33.3009  3.14159  0  -1.01038e-07  -0.0659916
-54.6637  3.14159  3.14159  0.00138203  0.0407979
-27.0177  3.14159  3.14159  0.00530924  0.0804113
-13.1947  3.14159  3.14159  0.0177661  0.149673
-10.6814  3.14159  3.14159  0.023864  0.17485
-8.16814  3.14159  3.14159  0.0328498  0.207181
-6.9115  3.14159  3.14159  0.0387642  0.226007
-5.65487  3.14159  3.14159  0.0457163  0.245505
-4.39823  3.14159  3.14159  0.0535458  0.262467
-3.14159  3.14159  3.14159  0.0616737  0.26802
-1.88496  3.14159  3.14159  0.0688638  0.239129
-0.628319  3.14159  3.14159  0.0732562  0.12446
0.628319  3.14159  3.14159  0.0732562  -0.12446
1.88496  3.14159  3.14159  0.0688639  -0.239129
3.14159  3.14159  3.14159  0.0616737  -0.26802
4.39823  3.14159  3.14159  0.0535458  -0.262467
5.65487  3.14159  3.14159  0.0457163  -0.245505
6.9115  3.14159  3.14159  0.0387642  -0.226007
8.16814  3.14159  3.14159  0.0328498  -0.207181
10.6814  3.14159  3.14159  0.023864  -0.17485
15.708  3.14159  3.14159  0.0135844  -0.130131
33.3009  3.14159  3.14159  0.00359445  -0.0660023
