-54.6637  0  0  -0.000193933  0.0137633
-27.0177  0  0  -0.000841342  0.027879
-13.1947  0  0  -0.00391367  0.0566892
-10.6814  0  0  -0.00605423  0.0692907
-8.16814  0  0  -0.0101282  0.0881449
-6.9115  0  0  -0.0135294  0.101177
-5.65487  0  0  -0.0184563  0.117429
-4.39823  0  0  -0.0256244  0.136966
-3.14159  0  0  -0.0358948  0.156891
-1.88496  0  0  -0.0496852  0.162355
-0.628319  0  0  -0.0643312  0.101485
0.628319  0  0  -0.0643312  -0.101485
1.88496  0  0  -0.0496853  -0.162355
3.14159  0  0  -0.0358948  -0.156891
4.39823  0  0  -0.0256244  -0.136966
5.65487  0  0  -0.0184563  -0.117429
6.9115  0  0  -0.0135294  -0.101177
8.16814  0  0  -0.0101282  -0.0881449
10.6814  0  0  -0.00605422  -0.0692907
15.708  0  0  -0.00269914  -0.0478247
33.3009  0  0  -0.000540904  -0.0226114
-54.6637  0  3.14159  -4.59579e-10  0.0137706
-27.0177  0  3.14159  1.48306e-09  0.0279419
-13.1947  0  3.14159  2.97581e-09  0.0572164
-10.6814  0  3.14159  1.27343e-09  0.0702101
-8.16814  0  3.14159  1.38506e-09  0.0898754
-6.9115  0  3.14159  1.94921e-09  0.103663
-5.65487  0  3.14159  -5.50061e-09  0.121263
-4.39823  0  3.14159  -1.65916e-08  0.143864
-3.14159  0  3.14159  -4.12504e-08  0.173101
-1.88496  0  3.14159  -7.85316e-08  0.21209
-0.628319  0  3.14159  -9.45881e-08  0.259784
0.628319  0  3.14159  -1.03047e-07  -0.259784
1.88496  0  3.14159  -8.84413e-08  -0.21209
3.14159  0  3.14159  -5.11438e-08  -0.173101
4.39823  0  3.14159  -2.62874e-08  -0.143864
5.65487  0  3.14159  -1.49869e-08  -0.121263
6.9115  0  3.14159  4.78959e-09  -0.103663
8.16814  0  3.14159  2.73985e-09  -0.0898754
10.6814  0  3.14159  -7.63125e-09  -0.0702101
15.708  0  3.14159  -5.60112e-09  -0.048147
33.3009  0  3.14159  1.52303e-09  -0.0226445
-54.6637  3.14159  0  -4.59579e-10  0.0137706
-27.0177  3.14159  0  1.48306e-09  0.0279419
-13.1947  3.14159  0  2.97581e-09  0.0572164
-10.6814  3.14159  0  1.27343e-09  0.0702101
-8.16814  3.14159  0  1.38506e-09  0.0898754
-6.9115  3.14159  0  1.94921e-09  0.103663
-5.65487  3.14159  0  -5.50061e-09  0.121263
-4.39823  3.14159  0  -1.65916e-08  0.143864
-3.14159  3.14159  0  -4.12504e-08  0.173101
-1.88496  3.14159  0  -7.85316e-08  0.21209
-0.628319  3.14159  0  -9.45881e-08  0.259784
0.628319  3.14159  0  -1.03047e-07  -0.259784
1.88496  3.14159  0  -8.84413e-08  -0.21209
3.14159  3.14159  0  -5.11438e-08  -0.173101
4.39823  3.14159  0  -2.62874e-08  -0.143864
5.65487  3.14159  0  -1.49869e-08  -0.121263
6.9115  3.14159  0  4.78959e-09  -0.103663
8.16814  3.14159  0  2.73985e-09  -0.0898754
10.6814  3.14159  0  -7.63125e-09  -0.0702101
15.708  3.14159  0  -5.60112e-09  -0.048147
33.3009  3.14159  0  1.52303e-09  -0.0226445
-54.6637  3.14159  3.14159  0.000193939  0.0137633
-27.0177  3.14159  3.14159  0.000841345  0.027879
-13.1947  3.14159  3.14159  0.00391367  0.0566892
-10.6814  3.14159  3.14159  0.00605423  0.0692907
-8.16814  3.14159  3.14159  0.0101282  0.0881449
-6.9115  3.14159  3.14159  0.0135294  0.101177
-5.65487  3.14159  3.14159  0.0184563  0.117429
-4.39823  3.14159  3.14159  0.0256244  0.136966
-3.14159  3.14159  3.14159  0.0358947  0.156891
-1.88496  3.14159  3.14159  0.0496849  0.162355
-0.628319  3.14159  3.14159  0.0643309  0.101485
0.628319  3.14159  3.14159  0.0643309  -0.101485
1.88496  3.14159  3.14159  0.0496849  -0.162355
3.14159  3.14159  3.14159  0.0358947  -0.156891
4.39823  3.14159  3.14159  0.0256243  -0.136966
5.65487  3.14159  3.14159  0.0184563  -0.117429
6.9115  3.14159  3.14159  0.0135294  -0.101177
8.16814  3.14159  3.14159  0.0101282  -0.0881449
10.6814  3.14159  3.14159  0.00605423  -0.0692907
15.708  3.14159  3.14159  0.00269914  -0.0478248
33.3009  3.14159  3.14159  0.00054089  -0.0226114
