-54.6637  0  0  1.02029e-06  -8.05272e-05
-27.0177  0  0  1.63357e-05  -0.000623954
-13.1947  0  0  0.000227606  -0.00426485
-10.6814  0  0  0.000455306  -0.0070883
-8.16814  0  0  0.00101312  -0.0128115
-6.9115  0  0  0.00158713  -0.0179087
-5.65487  0  0  0.00258956  -0.0258006
-4.39823  0  0  0.00444971  -0.0383221
-3.14159  0  0  0.00819624  -0.0579608
-1.88496  0  0  0.0164288  -0.0834249
-0.628319  0  0  0.0341804  -0.0774321
0.628319  0  0  0.0341804  0.0774321
1.88496  0  0  0.0164288  0.0834249
3.14159  0  0  0.0081962  0.0579609
4.39823  0  0  0.00444968  0.0383221
5.65487  0  0  0.00258954  0.0258006
6.9115  0  0  0.0015871  0.0179088
8.16814  0  0  0.0010131  0.0128115
10.6814  0  0  0.000455291  0.0070883
15.708  0  0  0.000123977  0.00273867
33.3009  0  0  7.2386e-06  0.000343128
-54.6637  0  3.14159  -3.88132e-09  -8.05029e-05
-27.0177  0  3.14159  -1.70622e-08  -0.000623345
-13.1947  0  3.14159  -3.93377e-08  -0.00425548
-10.6814  0  3.14159  -3.82832e-08  -0.0070689
-8.16814  0  3.14159  -1.53101e-07  -0.0127636
-6.9115  0  3.14159  -2.07225e-07  -0.0178339
-5.65487  0  3.14159  -2.73058e-07  -0.0257276
-4.39823  0  3.14159  -2.15156e-07  -0.0386244
-3.14159  0  3.14159  -4.79483e-07  -0.0615215
-1.88496  0  3.14159  8.76851e-07  -0.110684
-0.628319  0  3.14159  -8.1808e-07  -0.375063
0.628319  0  3.14159  -1.51741e-06  0.375063
1.88496  0  3.14159  8.3393e-07  0.110684
3.14159  0  3.14159  -5.18083e-07  0.0615215
4.39823  0  3.14159  -2.47752e-07  0.0386244
5.65487  0  3.14159  -3.00039e-07  0.0257276
6.9115  0  3.14159  -2.33981e-07  0.017834
8.16814  0  3.14159  -1.74719e-07  0.0127636
10.6814  0  3.14159  -5.45401e-08  0.00706891
15.708  0  3.14159  -2.93333e-08  0.00273357
33.3009  0  3.14159  -1.11088e-08  0.000342884
-54.6637  3.14159  0  -3.88132e-09  -8.05029e-05
-27.0177  3.14159  0  -1.70622e-08  -0.000623345
-13.1947  3.14159  0  -3.93377e-08  -0.00425548
-10.6814  3.14159  0  -3.82832e-08  -0.0070689
-8.16814  3.14159  0  -1.53101e-07  -0.0127636
-6.9115  3.14159  0  -2.07225e-07  -0.0178339
-5.65487  3.14159  0  -2.73058e-07  -0.0257276
-4.39823  3.14159  0  -2.15156e-07  -0.0386244
-3.14159  3.14159  0  -4.79483e-07  -0.0615215
-1.88496  3.14159  0  8.76851e-07  -0.110684
-0.628319  3.14159  0  -8.1808e-07  -0.375063
0.628319  3.14159  0  -1.51741e-06  0.375063
1.88496  3.14159  0  8.3393e-07  0.110684
3.14159  3.14159  0  -5.18083e-07  0.0615215
4.39823  3.14159  0  -2.47752e-07  0.0386244
5.65487  3.14159  0  -3.00039e-07  0.0257276
6.9115  3.14159  0  -2.33981e-07  0.017834
8.16814  3.14159  0  -1.74719e-07  0.0127636
10.6814  3.14159  0  -5.45401e-08  0.00706891
15.708  3.14159  0  -2.93333e-08  0.00273357
33.3009  3.14159  0  -1.11088e-08  0.000342884
-54.6637  3.14159  3.14159  -1.02802e-06  -8.05269e-05
-27.0177  3.14159  3.14159  -1.63591e-05  -0.000623953
-13.1947  3.14159  3.14159  -0.000227684  -0.00426484
-10.6814  3.14159  3.14159  -0.000455406  -0.00708829
-8.16814  3.14159  3.14159  -0.00101329  -0.0128115
-6.9115  3.14159  3.14159  -0.00158736  -0.0179087
-5.65487  3.14159  3.14159  -0.00258993  -0.0258005
-4.39823  3.14159  3.14159  -0.00445022  -0.038322
-3.14159  3.14159  3.14159  -0.00819697  -0.0579607
-1.88496  3.14159  3.14159  -0.0164304  -0.0834248
-0.628319  3.14159  3.14159  -0.0341794  -0.0774311
0.628319  3.14159  3.14159  -0.0341795  0.0774311
1.88496  3.14159  3.14159  -0.0164304  0.0834248
3.14159  3.14159  3.14159  -0.00819702  0.0579607
4.39823  3.14159  3.14159  -0.00445025  0.038322
5.65487  3.14159  3.14159  -0.00258995  0.0258005
6.9115  3.14159  3.14159  -0.00158738  0.0179087
8.16814  3.14159  3.14159  -0.00101331  0.0128115
10.6814  3.14159  3.14159  -0.000455424  0.00708829
15.708  3.14159  3.14159  -0.000124052  0.00273866
33.3009  3.14159  3.14159  -7.25728e-06  0.000343126
