-54.6637  0  0  -0.000193846  0.013702
-27.0177  0  0  -0.000841071  0.027756
-13.1947  0  0  -0.00391354  0.0564452
-10.6814  0  0  -0.00605463  0.0689942
-8.16814  0  0  -0.01013  0.0877671
-6.9115  0  0  -0.0135324  0.100739
-5.65487  0  0  -0.0184608  0.116906
-4.39823  0  0  -0.0256297  0.136315
-3.14159  0  0  -0.0358958  0.156042
-1.88496  0  0  -0.049663  0.161249
-0.628319  0  0  -0.0642382  0.100494
0.628319  0  0  -0.0642382  -0.100494
1.88496  0  0  -0.049663  -0.161249
3.14159  0  0  -0.0358958  -0.156042
4.39823  0  0  -0.0256297  -0.136315
5.65487  0  0  -0.0184608  -0.116906
6.9115  0  0  -0.0135324  -0.100739
8.16814  0  0  -0.01013  -0.087767
10.6814  0  0  -0.00605463  -0.0689942
15.708  0  0  -0.00269883  -0.0476175
33.3009  0  0  -0.0005407  -0.0225113
-54.6637  0  3.14159  -4.82314e-10  0.0137092
-27.0177  0  3.14159  1.55251e-09  0.0278181
-13.1947  0  3.14159  3.40005e-09  0.0569658
-10.6814  0  3.14159  2.24848e-09  0.0699018
-8.16814  0  3.14159  4.19826e-09  0.0894744
-6.9115  0  3.14159  7.03917e-09  0.103191
-5.65487  0  3.14159  4.45356e-09  0.120687
-4.39823  0  3.14159  4.65129e-09  0.143128
-3.14159  0  3.14159  4.69645e-09  0.17207
-1.88496  0  3.14159  4.36408e-09  0.210319
-0.628319  0  3.14159  3.52697e-09  0.254392
0.628319  0  3.14159  -5.06647e-09  -0.254392
1.88496  0  3.14159  -5.81593e-09  -0.210319
3.14159  0  3.14159  -5.48474e-09  -0.17207
4.39823  0  3.14159  -5.31826e-09  -0.143128
5.65487  0  3.14159  -5.26434e-09  -0.120687
6.9115  0  3.14159  9.36504e-09  -0.103191
8.16814  0  3.14159  5.25377e-09  -0.0894744
10.6814  0  3.14159  -6.43132e-09  -0.0699018
15.708  0  3.14159  -4.90605e-09  -0.0479357
33.3009  0  3.14159  1.84943e-09  -0.0225439
-54.6637  3.14159  0  -4.82314e-10  0.0137092
-27.0177  3.14159  0  1.55251e-09  0.0278181
-13.1947  3.14159  0  3.40005e-09  0.0569658
-10.6814  3.14159  0  2.24848e-09  0.0699018
-8.16814  3.14159  0  4.19826e-09  0.0894744
-6.9115  3.14159  0  7.03917e-09  0.103191
-5.65487  3.14159  0  4.45356e-09  0.120687
-4.39823  3.14159  0  4.65129e-09  0.143128
-3.14159  3.14159  0  4.69645e-09  0.17207
-1.88496  3.14159  0  4.36408e-09  0.210319
-0.628319  3.14159  0  3.52697e-09  0.254392
0.628319  3.14159  0  -5.06647e-09  -0.254392
1.88496  3.14159  0  -5.81593e-09  -0.210319
3.14159  3.14159  0  -5.48474e-09  -0.17207
4.39823  3.14159  0  -5.31826e-09  -0.143128
5.65487  3.14159  0  -5.26434e-09  -0.120687
6.9115  3.14159  0  9.36504e-09  -0.103191
8.16814  3.14159  0  5.25377e-09  -0.0894744
10.6814  3.14159  0  -6.43132e-09  -0.0699018
15.708  3.14159  0  -4.90605e-09  -0.0479357
33.3009  3.14159  0  1.84943e-09  -0.0225439
-54.6637  3.14159  3.14159  0.000193851  0.013702
-27.0177  3.14159  3.14159  0.000841074  0.027756
-13.1947  3.14159  3.14159  0.00391355  0.0564452
-10.6814  3.14159  3.14159  0.00605464  0.0689942
-8.16814  3.14159  3.14159  0.01013  0.0877671
-6.9115  3.14159  3.14159  0.0135324  0.100739
-5.65487  3.14159  3.14159  0.0184608  0.116906
-4.39823  3.14159  3.14159  0.0256297  0.136315
-3.14159  3.14159  3.14159  0.0358958  0.156042
-1.88496  3.14159  3.14159  0.049663  0.161249
-0.628319  3.14159  3.14159  0.0642382  0.100494
0.628319  3.14159  3.14159  0.0642382  -0.100494
1.88496  3.14159  3.14159  0.049663  -0.161249
3.14159  3.14159  3.14159  0.0358958  -0.156042
4.39823  3.14159  3.14159  0.0256297  -0.136315
5.65487  3.14159  3.14159  0.0184608  -0.116906
6.9115  3.14159  3.14159  0.0135324  -0.100739
8.16814  3.14159  3.14159  0.0101299  -0.0877671
10.6814  3.14159  3.14159  0.00605463  -0.0689942
15.708  3.14159  3.14159  0.00269884  -0.0476175
33.3009  3.14159  3.14159  0.000540687  -0.0225113
