-54.6637  0  0  -0.00015684  0.00855832
-27.0177  0  0  -0.00064047  0.0172395
-13.1947  0  0  -0.00266432  0.034654
-10.6814  0  0  -0.00403196  0.0422589
-8.16814  0  0  -0.00672185  0.0537995
-6.9115  0  0  -0.00910361  0.0619827
-5.65487  0  0  -0.0128113  0.0725614
-4.39823  0  0  -0.0187922  0.0861628
-3.14159  0  0  -0.0286558  0.102265
-1.88496  0  0  -0.0445597  0.11317
-0.628319  0  0  -0.0659452  0.0795059
0.628319  0  0  -0.0659451  -0.0795059
1.88496  0  0  -0.0445597  -0.11317
3.14159  0  0  -0.0286558  -0.102265
4.39823  0  0  -0.0187922  -0.0861627
5.65487  0  0  -0.0128113  -0.0725614
6.9115  0  0  -0.00910361  -0.0619827
8.16814  0  0  -0.00672184  -0.0537995
10.6814  0  0  -0.00403196  -0.0422589
15.708  0  0  -0.00188626  -0.0293186
33.3009  0  0  -0.000422  -0.0140145
-54.6637  0  3.14159  -4.01012e-10  0.00856784
-27.0177  0  3.14159  7.13218e-10  0.0173178
-13.1947  0  3.14159  1.03526e-09  0.035308
-10.6814  0  3.14159  -8.33399e-10  0.0434622
-8.16814  0  3.14159  -5.12449e-09  0.0563373
-6.9115  0  3.14159  -3.56733e-08  0.0659319
-5.65487  0  3.14159  1.25688e-08  0.0791007
-4.39823  0  3.14159  -5.25234e-09  0.0979682
-3.14159  0  3.14159  9.44174e-08  0.126629
-1.88496  0  3.14159  3.77392e-08  0.174688
-0.628319  0  3.14159  6.16893e-07  0.265345
0.628319  0  3.14159  5.93421e-07  -0.265345
1.88496  0  3.14159  6.18191e-08  -0.174688
3.14159  0  3.14159  1.0416e-07  -0.126629
4.39823  0  3.14159  -6.05845e-10  -0.0979682
5.65487  0  3.14159  2.58246e-08  -0.0791007
6.9115  0  3.14159  -3.40422e-08  -0.0659319
8.16814  0  3.14159  -5.74041e-10  -0.0563373
10.6814  0  3.14159  7.89629e-09  -0.0434622
15.708  0  3.14159  5.15968e-09  -0.0297106
33.3009  0  3.14159  -2.60771e-09  -0.0140565
-54.6637  3.14159  0  -4.01012e-10  0.00856784
-27.0177  3.14159  0  7.13218e-10  0.0173178
-13.1947  3.14159  0  1.03526e-09  0.035308
-10.6814  3.14159  0  -8.33399e-10  0.0434622
-8.16814  3.14159  0  -5.12449e-09  0.0563373
-6.9115  3.14159  0  -3.56733e-08  0.0659319
-5.65487  3.14159  0  1.25688e-08  0.0791007
-4.39823  3.14159  0  -5.25234e-09  0.0979682
-3.14159  3.14159  0  9.44174e-08  0.126629
-1.88496  3.14159  0  3.77392e-08  0.174688
-0.628319  3.14159  0  6.16893e-07  0.265345
0.628319  3.14159  0  5.93421e-07  -0.265345
1.88496  3.14159  0  6.18191e-08  -0.174688
3.14159  3.14159  0  1.0416e-07  -0.126629
4.39823  3.14159  0  -6.05845e-10  -0.0979682
5.65487  3.14159  0  2.58246e-08  -0.0791007
6.9115  3.14159  0  -3.40422e-08  -0.0659319
8.16814  3.14159  0  -5.74041e-10  -0.0563373
10.6814  3.14159  0  7.89629e-09  -0.0434622
15.708  3.14159  0  5.15968e-09  -0.0297106
33.3009  3.14159  0  -2.60771e-09  -0.0140565
-54.6637  3.14159  3.14159  0.000156837  0.00855832
-27.0177  3.14159  3.14159  0.000640472  0.0172395
-13.1947  3.14159  3.14159  0.0026643  0.034654
-10.6814  3.14159  3.14159  0.00403195  0.0422589
-8.16814  3.14159  3.14159  0.00672185  0.0537995
-6.9115  3.14159  3.14159  0.0091036  0.0619827
-5.65487  3.14159  3.14159  0.0128113  0.0725614
-4.39823  3.14159  3.14159  0.0187922  0.0861628
-3.14159  3.14159  3.14159  0.0286564  0.102265
-1.88496  3.14159  3.14159  0.0445606  0.11317
-0.628319  3.14159  3.14159  0.0659457  0.0795059
0.628319  3.14159  3.14159  0.0659458  -0.0795059
1.88496  3.14159  3.14159  0.0445606  -0.11317
3.14159  3.14159  3.14159  0.0286564  -0.102265
4.39823  3.14159  3.14159  0.0187922  -0.0861627
5.65487  3.14159  3.14159  0.0128113  -0.0725614
6.9115  3.14159  3.14159  0.00910362  -0.0619827
8.16814  3.14159  3.14159  0.00672187  -0.0537995
10.6814  3.14159  3.14159  0.00403195  -0.0422589
15.708  3.14159  3.14159  0.00188626  -0.0293186
33.3009  3.14159  3.14159  0.000422005  -0.0140145
