-54.6637  0  0  0.000200815  -0.0168577
-27.0177  0  0  0.000866592  -0.0340861
-13.1947  0  0  0.00398579  -0.0690113
-10.6814  0  0  0.00614353  -0.084245
-8.16814  0  0  0.0102398  -0.107118
-6.9115  0  0  0.0136595  -0.123079
-5.65487  0  0  0.0186269  -0.14332
-4.39823  0  0  0.0259136  -0.168599
-3.14159  0  0  0.0365755  -0.197224
-1.88496  0  0  0.0516659  -0.214932
-0.628319  0  0  0.0703526  -0.152477
0.628319  0  0  0.0703526  0.152477
1.88496  0  0  0.0516659  0.214932
3.14159  0  0  0.0365755  0.197224
4.39823  0  0  0.0259136  0.168599
5.65487  0  0  0.0186269  0.14332
6.9115  0  0  0.0136594  0.123079
8.16814  0  0  0.0102398  0.107118
10.6814  0  0  0.00614354  0.084245
15.708  0  0  0.00275746  0.0582908
33.3009  0  0  0.000558303  0.0276666
-54.6637  0  3.14159  -3.92319e-09  -0.0168704
-27.0177  0  3.14159  -2.96922e-08  -0.0341935
-13.1947  0  3.14159  -1.23026e-07  -0.0698972
-10.6814  0  3.14159  -1.53242e-07  -0.0858086
-8.16814  0  3.14159  -1.78804e-07  -0.110151
-6.9115  0  3.14159  -1.93463e-07  -0.127523
-5.65487  0  3.14159  -2.09916e-07  -0.150243
-4.39823  0  3.14159  -1.93931e-07  -0.18073
-3.14159  0  3.14159  -8.95542e-08  -0.223652
-1.88496  0  3.14159  1.84286e-07  -0.293219
-0.628319  0  3.14159  2.83186e-07  -0.553826
0.628319  0  3.14159  2.58792e-07  0.553826
1.88496  0  3.14159  1.65335e-07  0.293219
3.14159  0  3.14159  -1.07707e-07  0.223652
4.39823  0  3.14159  -2.11574e-07  0.18073
5.65487  0  3.14159  -2.27906e-07  0.150243
6.9115  0  3.14159  -2.21289e-07  0.127523
8.16814  0  3.14159  -1.99232e-07  0.110151
10.6814  0  3.14159  -1.50357e-07  0.0858086
15.708  0  3.14159  -8.45058e-08  0.0588311
33.3009  0  3.14159  -2.48334e-08  0.0277236
-54.6637  3.14159  0  -3.92319e-09  -0.0168704
-27.0177  3.14159  0  -2.96922e-08  -0.0341935
-13.1947  3.14159  0  -1.23026e-07  -0.0698972
-10.6814  3.14159  0  -1.53242e-07  -0.0858086
-8.16814  3.14159  0  -1.78804e-07  -0.110151
-6.9115  3.14159  0  -1.93463e-07  -0.127523
-5.65487  3.14159  0  -2.09916e-07  -0.150243
-4.39823  3.14159  0  -1.93931e-07  -0.18073
-3.14159  3.14159  0  -8.95542e-08  -0.223652
-1.88496  3.14159  0  1.84286e-07  -0.293219
-0.628319  3.14159  0  2.83186e-07  -0.553826
0.628319  3.14159  0  2.58792e-07  0.553826
1.88496  3.14159  0  1.65335e-07  0.293219
3.14159  3.14159  0  -1.07707e-07  0.223652
4.39823  3.14159  0  -2.11574e-07  0.18073
5.65487  3.14159  0  -2.27906e-07  0.150243
6.9115  3.14159  0  -2.21289e-07  0.127523
8.16814  3.14159  0  -1.99232e-07  0.110151
10.6814  3.14159  0  -1.50357e-07  0.0858086
15.708  3.14159  0  -8.45058e-08  0.0588311
33.3009  3.14159  0  -2.48334e-08  0.0277236
-54.6637  3.14159  3.14159  -0.000200817  -0.0168577
-27.0177  3.14159  3.14159  -0.00086664  -0.0340861
-13.1947  3.14159  3.14159  -0.00398605  -0.0690113
-10.6814  3.14159  3.14159  -0.00614388  -0.0842449
-8.16814  3.14159  3.14159  -0.0102403  -0.107118
-6.9115  3.14159  3.14159  -0.01366  -0.123079
-5.65487  3.14159  3.14159  -0.0186276  -0.14332
-4.39823  3.14159  3.14159  -0.0259147  -0.168599
-3.14159  3.14159  3.14159  -0.0365776  -0.197224
-1.88496  3.14159  3.14159  -0.0516669  -0.214932
-0.628319  3.14159  3.14159  -0.0703521  -0.152472
0.628319  3.14159  3.14159  -0.0703522  0.152472
1.88496  3.14159  3.14159  -0.0516669  0.214932
3.14159  3.14159  3.14159  -0.0365776  0.197224
4.39823  3.14159  3.14159  -0.0259147  0.168599
5.65487  3.14159  3.14159  -0.0186276  0.14332
6.9115  3.14159  3.14159  -0.0136601  0.123079
8.16814  3.14159  3.14159  -0.0102403  0.107118
10.6814  3.14159  3.14159  -0.00614389  0.0842449
15.708  3.14159  3.14159  -0.00275764  0.0582908
33.3009  3.14159  3.14159  -0.000558354  0.0276666
