-54.6637  0  0  2.02913e-05  -0.00842284
-27.0177  0  0  6.43875e-05  -0.0162096
-13.1947  0  0  0.000131833  -0.0280308
-10.6814  0  0  0.000174393  -0.0315986
-8.16814  0  0  0.000340375  -0.0355155
-6.9115  0  0  0.000579112  -0.0374142
-5.65487  0  0  0.00108525  -0.0390323
-4.39823  0  0  0.00213469  -0.0400301
-3.14159  0  0  0.00420393  -0.0398059
-1.88496  0  0  0.00785359  -0.0366551
-0.628319  0  0  0.0126393  -0.0225757
0.628319  0  0  0.0126393  0.0225757
1.88496  0  0  0.0078536  0.0366551
3.14159  0  0  0.00420394  0.0398059
4.39823  0  0  0.00213469  0.0400301
5.65487  0  0  0.00108525  0.0390323
6.9115  0  0  0.000579113  0.0374142
8.16814  0  0  0.000340374  0.0355155
10.6814  0  0  0.000174389  0.0315986
15.708  0  0  0.00011376  0.0249754
33.3009  0  0  4.73765e-05  0.0134435
-54.6637  0  3.14159  2.19669e-08  -0.00842805
-27.0177  0  3.14159  3.94202e-08  -0.0162552
-13.1947  0  3.14159  2.31785e-08  -0.0284798
-10.6814  0  3.14159  5.13824e-09  -0.032477
-8.16814  0  3.14159  -1.40259e-08  -0.0374842
-6.9115  0  3.14159  -1.50243e-08  -0.0405289
-5.65487  0  3.14159  -4.3665e-09  -0.0441266
-4.39823  0  3.14159  -3.17536e-09  -0.0485588
-3.14159  0  3.14159  -3.24907e-09  -0.0542159
-1.88496  0  3.14159  -3.90355e-09  -0.0613377
-0.628319  0  3.14159  -4.8235e-09  -0.0692069
0.628319  0  3.14159  5.80816e-09  0.0692069
1.88496  0  3.14159  4.55333e-09  0.0613377
3.14159  0  3.14159  3.3792e-09  0.0542159
4.39823  0  3.14159  2.17829e-09  0.0485588
5.65487  0  3.14159  4.64075e-10  0.0441266
6.9115  0  3.14159  -6.23884e-09  0.0405289
8.16814  0  3.14159  -5.9194e-09  0.0374842
10.6814  0  3.14159  1.29936e-09  0.032477
15.708  0  3.14159  5.93395e-09  0.0252315
33.3009  0  3.14159  -4.8283e-09  0.0134673
-54.6637  3.14159  0  2.19669e-08  -0.00842805
-27.0177  3.14159  0  3.94202e-08  -0.0162552
-13.1947  3.14159  0  2.31785e-08  -0.0284798
-10.6814  3.14159  0  5.13824e-09  -0.032477
-8.16814  3.14159  0  -1.40259e-08  -0.0374842
-6.9115  3.14159  0  -1.50243e-08  -0.0405289
-5.65487  3.14159  0  -4.3665e-09  -0.0441266
-4.39823  3.14159  0  -3.17536e-09  -0.0485588
-3.14159  3.14159  0  -3.24907e-09  -0.0542159
-1.88496  3.14159  0  -3.90355e-09  -0.0613377
-0.628319  3.14159  0  -4.8235e-09  -0.0692069
0.628319  3.14159  0  5.80816e-09  0.0692069
1.88496  3.14159  0  4.55333e-09  0.0613377
3.14159  3.14159  0  3.3792e-09  0.0542159
4.39823  3.14159  0  2.17829e-09  0.0485588
5.65487  3.14159  0  4.64075e-10  0.0441266
6.9115  3.14159  0  -6.23884e-09  0.0405289
8.16814  3.14159  0  -5.9194e-09  0.0374842
10.6814  3.14159  0  1.29936e-09  0.032477
15.708  3.14159  0  5.93395e-09  0.0252315
33.3009  3.14159  0  -4.8283e-09  0.0134673
-54.6637  3.14159  3.14159  -2.02625e-05  -0.00842284
-27.0177  3.14159  3.14159  -6.43399e-05  -0.0162096
-13.1947  3.14159  3.14159  -0.000131807  -0.0280308
-10.6814  3.14159  3.14159  -0.000174382  -0.0315986
-8.16814  3.14159  3.14159  -0.000340379  -0.0355155
-6.9115  3.14159  3.14159  -0.000579118  -0.0374142
-5.65487  3.14159  3.14159  -0.00108525  -0.0390323
-4.39823  3.14159  3.14159  -0.00213469  -0.0400301
-3.14159  3.14159  3.14159  -0.00420394  -0.0398059
-1.88496  3.14159  3.14159  -0.00785359  -0.0366551
-0.628319  3.14159  3.14159  -0.0126393  -0.0225757
0.628319  3.14159  3.14159  -0.0126393  0.0225757
1.88496  3.14159  3.14159  -0.00785359  0.0366551
3.14159  3.14159  3.14159  -0.00420393  0.0398059
4.39823  3.14159  3.14159  -0.00213469  0.0400301
5.65487  3.14159  3.14159  -0.00108524  0.0390323
6.9115  3.14159  3.14159  -0.000579112  0.0374142
8.16814  3.14159  3.14159  -0.000340373  0.0355155
10.6814  3.14159  3.14159  -0.000174385  0.0315986
15.708  3.14159  3.14159  -0.000113754  0.0249754
33.3009  3.14159  3.14159  -4.73817e-05  0.0134435
