-54.6637  0  0  -0.00138392  0.040795
-27.0177  0  0  -0.00531682  0.0803886
-13.1947  0  0  -0.017794  0.149496
-10.6814  0  0  -0.0239033  0.174536
-8.16814  0  0  -0.0329085  0.20656
-6.9115  0  0  -0.0388378  0.225087
-5.65487  0  0  -0.0458102  0.244087
-4.39823  0  0  -0.053668  0.260211
-3.14159  0  0  -0.061834  0.264405
-1.88496  0  0  -0.0690696  0.233825
-0.628319  0  0  -0.073496  0.119605
0.628319  0  0  -0.073496  -0.119605
1.88496  0  0  -0.0690696  -0.233825
3.14159  0  0  -0.061834  -0.264405
4.39823  0  0  -0.053668  -0.260211
5.65487  0  0  -0.0458102  -0.244087
6.9115  0  0  -0.0388378  -0.225087
8.16814  0  0  -0.0329085  -0.20656
10.6814  0  0  -0.0239033  -0.174536
15.708  0  0  -0.013605  -0.130022
33.3009  0  0  -0.00359959  -0.0659899
-54.6637  0  3.14159  1.33737e-08  0.0407941
-27.0177  0  3.14159  8.37732e-10  0.080361
-13.1947  0  3.14159  -5.94716e-09  0.14894
-10.6814  0  3.14159  3.06309e-09  0.173403
-8.16814  0  3.14159  -2.74657e-09  0.204221
-6.9115  0  3.14159  -1.26263e-08  0.221872
-5.65487  0  3.14159  -3.81115e-09  0.240192
-4.39823  0  3.14159  -2.94035e-09  0.257415
-3.14159  0  3.14159  -3.23111e-09  0.269922
-1.88496  0  3.14159  -3.77555e-09  0.269883
-0.628319  0  3.14159  -4.15205e-09  0.22522
0.628319  0  3.14159  -4.35261e-09  -0.22522
1.88496  0  3.14159  -4.4224e-09  -0.269883
3.14159  0  3.14159  -4.48383e-09  -0.269922
4.39823  0  3.14159  -5.16885e-09  -0.257415
5.65487  0  3.14159  -7.91226e-09  -0.240192
6.9115  0  3.14159  -2.19772e-08  -0.221872
8.16814  0  3.14159  8.62531e-10  -0.204221
10.6814  0  3.14159  2.69146e-08  -0.173403
15.708  0  3.14159  -1.42151e-08  -0.129735
33.3009  0  3.14159  -4.74536e-08  -0.0659795
-54.6637  3.14159  0  1.33737e-08  0.0407941
-27.0177  3.14159  0  8.37732e-10  0.080361
-13.1947  3.14159  0  -5.94716e-09  0.14894
-10.6814  3.14159  0  3.06309e-09  0.173403
-8.16814  3.14159  0  -2.74657e-09  0.204221
-6.9115  3.14159  0  -1.26263e-08  0.221872
-5.65487  3.14159  0  -3.81115e-09  0.240192
-4.39823  3.14159  0  -2.94035e-09  0.257415
-3.14159  3.14159  0  -3.23111e-09  0.269922
-1.88496  3.14159  0  -3.77555e-09  0.269883
-0.628319  3.14159  0  -4.15205e-09  0.22522
0.628319  3.14159  0  -4.35261e-09  -0.22522
1.88496  3.14159  0  -4.4224e-09  -0.269883
3.14159  3.14159  0  -4.48383e-09  -0.269922
4.39823  3.14159  0  -5.16885e-09  -0.257415
5.65487  3.14159  0  -7.91226e-09  -0.240192
6.9115  3.14159  0  -2.19772e-08  -0.221872
8.16814  3.14159  0  8.62531e-10  -0.204221
10.6814  3.14159  0  2.69146e-08  -0.173403
15.708  3.14159  0  -1.42151e-08  -0.129735
33.3009  3.14159  0  -4.74536e-08  -0.0659795
-54.6637  3.14159  3.14159  0.00138394  0.040795
-27.0177  3.14159  3.14159  0.00531682  0.0803886
-13.1947  3.14159  3.14159  0.017794  0.149496
-10.6814  3.14159  3.14159  0.0239033  0.174536
-8.16814  3.14159  3.14159  0.0329085  0.20656
-6.9115  3.14159  3.14159  0.0388378  0.225087
-5.65487  3.14159  3.14159  0.0458102  0.244087
-4.39823  3.14159  3.14159  0.053668  0.260211
-3.14159  3.14159  3.14159  0.061834  0.264405
-1.88496  3.14159  3.14159  0.0690695  0.233825
-0.628319  3.14159  3.14159  0.073496  0.119605
0.628319  3.14159  3.14159  0.073496  -0.119605
1.88496  3.14159  3.14159  0.0690696  -0.233825
3.14159  3.14159  3.14159  0.061834  -0.264405
4.39823  3.14159  3.14159  0.053668  -0.260211
5.65487  3.14159  3.14159  0.0458102  -0.244088
6.9115  3.14159  3.14159  0.0388378  -0.225087
8.16814  3.14159  3.14159  0.0329085  -0.20656
10.6814  3.14159  3.14159  0.0239033  -0.174536
15.708  3.14159  3.14159  0.013605  -0.130022
33.3009  3.14159  3.14159  0.00359949  -0.0659899
