-29.531  0  0  0.000446784  -0.246326
-14.4513  0  0  0.000715979  -0.458843
-8.16814  0  0  0.0011044  -0.672556
-5.65487  0  0  0.00523192  -0.786565
-4.39823  0  0  0.0124264  -0.830895
-3.14159  0  0  0.028543  -0.83223
-1.88496  0  0  0.0610142  -0.725388
-0.628319  0  0  0.110973  -0.38459
0.628319  0  0  0.110973  0.38459
1.88496  0  0  0.0610139  0.725388
3.14159  0  0  0.0285427  0.83223
4.39823  0  0  0.0124262  0.830895
5.65487  0  0  0.00523189  0.786565
8.16814  0  0  0.00110499  0.672556
10.6814  0  0  0.000648119  0.571868
14.4513  0  0  0.000715379  0.458843
33.3009  0  0  0.000375239  0.220007
-29.531  0  3.14159  -1.22092e-05  -0.247272
-14.4513  0  3.14159  -0.000103683  -0.467592
-8.16814  0  3.14159  -0.000455274  -0.72379
-5.65487  0  3.14159  -0.000958963  -0.929924
-4.39823  0  3.14159  -0.00146946  -1.09385
-3.14159  0  3.14159  -0.00246186  -1.34407
-1.88496  0  3.14159  -0.0052147  -1.76831
-0.628319  0  3.14159  -0.0459291  -1.84631
0.628319  0  3.14159  -0.04593  1.84631
1.88496  0  3.14159  -0.00521518  1.76831
3.14159  0  3.14159  -0.00246222  1.34407
4.39823  0  3.14159  -0.00146975  1.09385
5.65487  0  3.14159  -0.000959236  0.929924
8.16814  0  3.14159  -0.000455669  0.723791
10.6814  0  3.14159  -0.00023796  0.594458
14.4513  0  3.14159  -0.000104275  0.467592
33.3009  0  3.14159  -9.18749e-06  0.220662
-29.531  3.14159  0  -1.22092e-05  -0.247272
-14.4513  3.14159  0  -0.000103683  -0.467592
-8.16814  3.14159  0  -0.000455274  -0.72379
-5.65487  3.14159  0  -0.000958963  -0.929924
-4.39823  3.14159  0  -0.00146946  -1.09385
-3.14159  3.14159  0  -0.00246186  -1.34407
-1.88496  3.14159  0  -0.0052147  -1.76831
-0.628319  3.14159  0  -0.0459291  -1.84631
0.628319  3.14159  0  -0.04593  1.84631
1.88496  3.14159  0  -0.00521518  1.76831
3.14159  3.14159  0  -0.00246222  1.34407
4.39823  3.14159  0  -0.00146975  1.09385
5.65487  3.14159  0  -0.000959236  0.929924
8.16814  3.14159  0  -0.000455669  0.723791
10.6814  3.14159  0  -0.00023796  0.594458
14.4513  3.14159  0  -0.000104275  0.467592
33.3009  3.14159  0  -9.18749e-06  0.220662
-29.531  3.14159  3.14159  -0.000470568  -0.246309
-14.4513  3.14159  3.14159  -0.000932986  -0.458713
-8.16814  3.14159  3.14159  -0.00214323  -0.672034
-5.65487  3.14159  3.14159  -0.0076143  -0.785549
-4.39823  3.14159  3.14159  -0.0162311  -0.829483
-3.14159  3.14159  3.14159  -0.034713  -0.830358
-1.88496  3.14159  3.14159  -0.0704654  -0.723274
-0.628319  3.14159  3.14159  -0.123202  -0.383487
0.628319  3.14159  3.14159  -0.123202  0.383487
1.88496  3.14159  3.14159  -0.0704657  0.723274
3.14159  3.14159  3.14159  -0.0347133  0.830358
4.39823  3.14159  3.14159  -0.0162313  0.829482
5.65487  3.14159  3.14159  -0.0076143  0.785549
8.16814  3.14159  3.14159  -0.00214263  0.672034
10.6814  3.14159  3.14159  -0.0011636  0.571584
14.4513  3.14159  3.14159  -0.000933692  0.458713
33.3009  3.14159  3.14159  -0.000394469  0.219996
