-29.531  0  0  0.00316357  -0.156967
-14.4513  0  0  0.0146144  -0.317779
-8.16814  0  0  0.0458842  -0.538595
-5.65487  0  0  0.0840563  -0.722697
-4.39823  0  0  0.11766  -0.853279
-3.14159  0  0  0.167792  -1.00315
-1.88496  0  0  0.240645  -1.08944
-0.628319  0  0  0.328909  -0.722296
0.628319  0  0  0.328909  0.722296
1.88496  0  0  0.240645  1.08944
3.14159  0  0  0.167792  1.00315
4.39823  0  0  0.11766  0.853279
5.65487  0  0  0.084056  0.722697
8.16814  0  0  0.0458837  0.538595
10.6814  0  0  0.0274057  0.423382
14.4513  0  0  0.0146147  0.317779
33.3009  0  0  0.00245635  0.139241
-29.531  0  3.14159  -0.000160221  -0.157411
-14.4513  0  3.14159  -0.000566475  -0.321505
-8.16814  0  3.14159  -0.00126071  -0.555273
-5.65487  0  3.14159  -0.00185303  -0.761039
-4.39823  0  3.14159  -0.00230096  -0.920939
-3.14159  0  3.14159  -0.00297598  -1.15489
-1.88496  0  3.14159  -0.00425664  -1.57384
-0.628319  0  3.14159  -0.0084569  -3.24341
0.628319  0  3.14159  -0.00845737  3.24341
1.88496  0  3.14159  -0.00425696  1.57384
3.14159  0  3.14159  -0.00297628  1.15489
4.39823  0  3.14159  -0.00230125  0.920939
5.65487  0  3.14159  -0.00185333  0.761039
8.16814  0  3.14159  -0.00126099  0.555274
10.6814  0  3.14159  -0.00089227  0.431924
14.4513  0  3.14159  -0.000566561  0.321505
33.3009  0  3.14159  -0.000127725  0.139549
-29.531  3.14159  0  -0.000160221  -0.157411
-14.4513  3.14159  0  -0.000566475  -0.321505
-8.16814  3.14159  0  -0.00126071  -0.555273
-5.65487  3.14159  0  -0.00185303  -0.761039
-4.39823  3.14159  0  -0.00230096  -0.920939
-3.14159  3.14159  0  -0.00297598  -1.15489
-1.88496  3.14159  0  -0.00425664  -1.57384
-0.628319  3.14159  0  -0.0084569  -3.24341
0.628319  3.14159  0  -0.00845737  3.24341
1.88496  3.14159  0  -0.00425696  1.57384
3.14159  3.14159  0  -0.00297628  1.15489
4.39823  3.14159  0  -0.00230125  0.920939
5.65487  3.14159  0  -0.00185333  0.761039
8.16814  3.14159  0  -0.00126099  0.555274
10.6814  3.14159  0  -0.00089227  0.431924
14.4513  3.14159  0  -0.000566561  0.321505
33.3009  3.14159  0  -0.000127725  0.139549
-29.531  3.14159  3.14159  -0.00348157  -0.156924
-14.4513  3.14159  3.14159  -0.0157193  -0.317496
-8.16814  3.14159  3.14159  -0.0481962  -0.537644
-5.65487  3.14159  3.14159  -0.0870284  -0.72102
-4.39823  3.14159  3.14159  -0.120668  -0.851057
-3.14159  3.14159  3.14159  -0.169975  -1.00033
-1.88496  3.14159  3.14159  -0.239986  -1.08637
-0.628319  3.14159  3.14159  -0.323743  -0.720719
0.628319  3.14159  3.14159  -0.323743  0.720719
1.88496  3.14159  3.14159  -0.239986  1.08637
3.14159  3.14159  3.14159  -0.169975  1.00033
4.39823  3.14159  3.14159  -0.120669  0.851057
5.65487  3.14159  3.14159  -0.0870286  0.72102
8.16814  3.14159  3.14159  -0.0481967  0.537645
10.6814  3.14159  3.14159  -0.0291083  0.422819
14.4513  3.14159  3.14159  -0.0157192  0.317496
33.3009  3.14159  3.14159  -0.00271066  0.139211
