-29.531  0  0  0.0031609  -0.15217
-14.4513  0  0  0.0146155  -0.308226
-8.16814  0  0  0.0459239  -0.522627
-5.65487  0  0  0.0841381  -0.701117
-4.39823  0  0  0.117734  -0.827253
-3.14159  0  0  0.167695  -0.970875
-1.88496  0  0  0.239768  -1.05036
-0.628319  0  0  0.325937  -0.692792
0.628319  0  0  0.325937  0.692792
1.88496  0  0  0.239768  1.05036
3.14159  0  0  0.167695  0.970875
4.39823  0  0  0.117734  0.827253
5.65487  0  0  0.0841378  0.701117
8.16814  0  0  0.0459233  0.522627
10.6814  0  0  0.0274203  0.410767
14.4513  0  0  0.0146157  0.308226
33.3009  0  0  0.00245407  0.134979
-29.531  0  3.14159  -0.000153742  -0.152584
-14.4513  0  3.14159  -0.000542927  -0.311703
-8.16814  0  3.14159  -0.00120697  -0.538104
-5.65487  0  3.14159  -0.00177287  -0.736509
-4.39823  0  3.14159  -0.00220057  -0.889782
-3.14159  0  3.14159  -0.00284144  -1.11234
-1.88496  0  3.14159  -0.00402278  -1.50641
-0.628319  0  3.14159  -0.00683339  -2.97
0.628319  0  3.14159  -0.00683397  2.97
1.88496  0  3.14159  -0.00402321  1.50641
3.14159  0  3.14159  -0.00284183  1.11234
4.39823  0  3.14159  -0.00220095  0.889782
5.65487  0  3.14159  -0.00177324  0.736509
8.16814  0  3.14159  -0.00120723  0.538105
10.6814  0  3.14159  -0.000854684  0.418724
14.4513  0  3.14159  -0.000543064  0.311703
33.3009  0  3.14159  -0.000122578  0.135266
-29.531  3.14159  0  -0.000153742  -0.152584
-14.4513  3.14159  0  -0.000542927  -0.311703
-8.16814  3.14159  0  -0.00120697  -0.538104
-5.65487  3.14159  0  -0.00177287  -0.736509
-4.39823  3.14159  0  -0.00220057  -0.889782
-3.14159  3.14159  0  -0.00284144  -1.11234
-1.88496  3.14159  0  -0.00402278  -1.50641
-0.628319  3.14159  0  -0.00683339  -2.97
0.628319  3.14159  0  -0.00683397  2.97
1.88496  3.14159  0  -0.00402321  1.50641
3.14159  3.14159  0  -0.00284183  1.11234
4.39823  3.14159  0  -0.00220095  0.889782
5.65487  3.14159  0  -0.00177324  0.736509
8.16814  3.14159  0  -0.00120723  0.538105
10.6814  3.14159  0  -0.000854684  0.418724
14.4513  3.14159  0  -0.000543064  0.311703
33.3009  3.14159  0  -0.000122578  0.135266
-29.531  3.14159  3.14159  -0.00346602  -0.152129
-14.4513  3.14159  3.14159  -0.0156741  -0.307956
-8.16814  3.14159  3.14159  -0.0481319  -0.521723
-5.65487  3.14159  3.14159  -0.0869618  -0.699525
-4.39823  3.14159  3.14159  -0.120574  -0.825148
-3.14159  3.14159  3.14159  -0.169722  -0.968208
-1.88496  3.14159  3.14159  -0.239089  -1.04746
-0.628319  3.14159  3.14159  -0.321049  -0.691296
0.628319  3.14159  3.14159  -0.32105  0.691296
1.88496  3.14159  3.14159  -0.239089  1.04746
3.14159  3.14159  3.14159  -0.169722  0.968208
4.39823  3.14159  3.14159  -0.120575  0.825147
5.65487  3.14159  3.14159  -0.0869621  0.699525
8.16814  3.14159  3.14159  -0.0481324  0.521723
10.6814  3.14159  3.14159  -0.0290496  0.410231
14.4513  3.14159  3.14159  -0.015674  0.307956
33.3009  3.14159  3.14159  -0.00269811  0.13495
