-29.531  0  0  -0.00580756  0.204448
-14.4513  0  0  -0.023619  0.408837
-8.16814  0  0  -0.0702473  0.687424
-5.65487  0  0  -0.132872  0.920782
-4.39823  0  0  -0.195096  1.08874
-3.14159  0  0  -0.299427  1.29174
-1.88496  0  0  -0.472637  1.43236
-0.628319  0  0  -0.719806  1.00729
0.628319  0  0  -0.717371  -1.00764
1.88496  0  0  -0.4732  -1.43256
3.14159  0  0  -0.299008  -1.29124
4.39823  0  0  -0.195337  -1.0885
5.65487  0  0  -0.133377  -0.920702
8.16814  0  0  -0.0705621  -0.687485
10.6814  0  0  -0.0427246  -0.541599
14.4513  0  0  -0.0238676  -0.408879
33.3009  0  0  -0.00453291  -0.181065
-29.531  0  3.14159  4.41033e-05  0.204778
-14.4513  0  3.14159  -0.000446667  0.419831
-8.16814  0  3.14159  -0.000699107  0.733068
-5.65487  0  3.14159  -0.00389593  1.03481
-4.39823  0  3.14159  -0.00481935  1.28788
-3.14159  0  3.14159  -0.00625715  1.70759
-1.88496  0  3.14159  -0.00403255  2.55059
-0.628319  0  3.14159  -0.0569704  5.42752
0.628319  0  3.14159  -0.0675281  -5.42391
1.88496  0  3.14159  -0.00327411  -2.54649
3.14159  0  3.14159  -0.00852316  -1.7082
4.39823  0  3.14159  -0.00637678  -1.28874
5.65487  0  3.14159  -0.00281855  -1.03528
8.16814  0  3.14159  0.000265283  -0.732712
10.6814  0  3.14159  -0.000836913  -0.563615
14.4513  0  3.14159  0.000364409  -0.419701
33.3009  0  3.14159  -0.000537616  -0.180542
-29.531  3.14159  0  4.41033e-05  0.204778
-14.4513  3.14159  0  -0.000446667  0.419831
-8.16814  3.14159  0  -0.000699107  0.733068
-5.65487  3.14159  0  -0.00389593  1.03481
-4.39823  3.14159  0  -0.00481935  1.28788
-3.14159  3.14159  0  -0.00625715  1.70759
-1.88496  3.14159  0  -0.00403255  2.55059
-0.628319  3.14159  0  -0.0569704  5.42752
0.628319  3.14159  0  -0.0675281  -5.42391
1.88496  3.14159  0  -0.00327411  -2.54649
3.14159  3.14159  0  -0.00852316  -1.7082
4.39823  3.14159  0  -0.00637678  -1.28874
5.65487  3.14159  0  -0.00281855  -1.03528
8.16814  3.14159  0  0.000265283  -0.732712
10.6814  3.14159  0  -0.000836913  -0.563615
14.4513  3.14159  0  0.000364409  -0.419701
33.3009  3.14159  0  -0.000537616  -0.180542
-29.531  3.14159  3.14159  0.00555074  0.204457
-14.4513  3.14159  3.14159  0.0230978  0.408915
-8.16814  3.14159  3.14159  0.0686775  0.687822
-5.65487  3.14159  3.14159  0.130215  0.921826
-4.39823  3.14159  3.14159  0.191391  1.09057
-3.14159  3.14159  3.14159  0.295983  1.29504
-1.88496  3.14159  3.14159  0.474556  1.43741
-0.628319  3.14159  3.14159  0.723263  1.00558
0.628319  3.14159  3.14159  0.725696  -1.00592
1.88496  3.14159  3.14159  0.473995  -1.43763
3.14159  3.14159  3.14159  0.296413  -1.29455
4.39823  3.14159  3.14159  0.191157  -1.09033
5.65487  3.14159  3.14159  0.129704  -0.921749
8.16814  3.14159  3.14159  0.0683695  -0.687882
10.6814  3.14159  3.14159  0.0412477  -0.541791
14.4513  3.14159  3.14159  0.022847  -0.408957
33.3009  3.14159  3.14159  0.00441099  -0.181073
