-29.531  0  0  -1.37975e-05  -0.00388571
-14.4513  0  0  0.000903508  -0.0274498
-8.16814  0  0  0.00679798  -0.105466
-5.65487  0  0  0.0180615  -0.216307
-4.39823  0  0  0.031617  -0.325975
-3.14159  0  0  0.060067  -0.501384
-1.88496  0  0  0.126778  -0.723398
-0.628319  0  0  0.268786  -0.61654
0.628319  0  0  0.268785  0.616541
1.88496  0  0  0.126778  0.723398
3.14159  0  0  0.0600661  0.501385
4.39823  0  0  0.0316164  0.325975
5.65487  0  0  0.018061  0.216307
8.16814  0  0  0.00679759  0.105466
10.6814  0  0  0.00287279  0.0577847
14.4513  0  0  0.000903209  0.0274498
33.3009  0  0  -2.61366e-05  0.00275029
-29.531  0  3.14159  -0.00010533  -0.0038782
-14.4513  0  3.14159  -0.000404681  -0.0273145
-8.16814  0  3.14159  -0.00106644  -0.104177
-5.65487  0  3.14159  -0.00185256  -0.212081
-4.39823  0  3.14159  -0.00262831  -0.320828
-3.14159  0  3.14159  -0.00410426  -0.518267
-1.88496  0  3.14159  -0.0077049  -0.976735
-0.628319  0  3.14159  -0.0170316  -3.74987
0.628319  0  3.14159  -0.017032  3.74987
1.88496  0  3.14159  -0.00770597  0.976735
3.14159  0  3.14159  -0.00410507  0.518267
4.39823  0  3.14159  -0.00262895  0.320828
5.65487  0  3.14159  -0.00185311  0.212081
8.16814  0  3.14159  -0.00106692  0.104177
10.6814  0  3.14159  -0.000687402  0.0573355
14.4513  0  3.14159  -0.000404963  0.0273145
33.3009  0  3.14159  -8.34441e-05  0.00274571
-29.531  3.14159  0  -0.00010533  -0.0038782
-14.4513  3.14159  0  -0.000404681  -0.0273145
-8.16814  3.14159  0  -0.00106644  -0.104177
-5.65487  3.14159  0  -0.00185256  -0.212081
-4.39823  3.14159  0  -0.00262831  -0.320828
-3.14159  3.14159  0  -0.00410426  -0.518267
-1.88496  3.14159  0  -0.0077049  -0.976735
-0.628319  3.14159  0  -0.0170316  -3.74987
0.628319  3.14159  0  -0.017032  3.74987
1.88496  3.14159  0  -0.00770597  0.976735
3.14159  3.14159  0  -0.00410507  0.518267
4.39823  3.14159  0  -0.00262895  0.320828
5.65487  3.14159  0  -0.00185311  0.212081
8.16814  3.14159  0  -0.00106692  0.104177
10.6814  3.14159  0  -0.000687402  0.0573355
14.4513  3.14159  0  -0.000404963  0.0273145
33.3009  3.14159  0  -8.34441e-05  0.00274571
-29.531  3.14159  3.14159  -0.000195586  -0.00388079
-14.4513  3.14159  3.14159  -0.00169072  -0.0274002
-8.16814  3.14159  3.14159  -0.00873118  -0.105186
-5.65487  3.14159  3.14159  -0.0210181  -0.215603
-4.39823  3.14159  3.14159  -0.0351713  -0.324806
-3.14159  3.14159  3.14159  -0.063897  -0.499458
-1.88496  3.14159  3.14159  -0.129614  -0.720589
-0.628319  3.14159  3.14159  -0.269273  -0.614549
0.628319  3.14159  3.14159  -0.269274  0.614549
1.88496  3.14159  3.14159  -0.129614  0.720589
3.14159  3.14159  3.14159  -0.0638979  0.499458
4.39823  3.14159  3.14159  -0.035172  0.324806
5.65487  3.14159  3.14159  -0.0210186  0.215603
8.16814  3.14159  3.14159  -0.00873155  0.105187
10.6814  3.14159  3.14159  -0.00417551  0.0576567
14.4513  3.14159  3.14159  -0.00169103  0.0274003
33.3009  3.14159  3.14159  -0.000139958  0.00274693
