-29.531  0  0  -0.000406517  -0.00370105
-14.4513  0  0  -0.000564609  -0.0259429
-8.16814  0  0  0.00328758  -0.0981918
-5.65487  0  0  0.0130069  -0.198251
-4.39823  0  0  0.0259667  -0.294819
-3.14159  0  0  0.0546286  -0.444618
-1.88496  0  0  0.121323  -0.623262
-0.628319  0  0  0.248938  -0.511268
0.628319  0  0  0.248983  0.511265
1.88496  0  0  0.121314  0.623263
3.14159  0  0  0.054627  0.444622
4.39823  0  0  0.0259626  0.294819
5.65487  0  0  0.0130031  0.198251
8.16814  0  0  0.00328559  0.0981934
10.6814  0  0  0.000462178  0.0542508
14.4513  0  0  -0.000566524  0.0259436
33.3009  0  0  -0.000337911  0.00262121
-29.531  0  3.14159  -0.00049725  -0.00368483
-14.4513  0  3.14159  -0.00188955  -0.0257597
-8.16814  0  3.14159  -0.00486601  -0.0969365
-5.65487  0  3.14159  -0.00831128  -0.194935
-4.39823  0  3.14159  -0.0116593  -0.291887
-3.14159  0  3.14159  -0.0178435  -0.464338
-1.88496  0  3.14159  -0.0317996  -0.861544
-0.628319  0  3.14159  -0.0530816  -2.72402
0.628319  0  3.14159  -0.0527233  2.72395
1.88496  0  3.14159  -0.0318466  0.861548
3.14159  0  3.14159  -0.0178274  0.464359
4.39823  0  3.14159  -0.0116649  0.291882
5.65487  0  3.14159  -0.00832156  0.194937
8.16814  0  3.14159  -0.00486556  0.0969438
10.6814  0  3.14159  -0.00317796  0.0537395
14.4513  0  3.14159  -0.00189214  0.0257607
33.3009  0  3.14159  -0.000395759  0.00261061
-29.531  3.14159  0  -0.00049725  -0.00368483
-14.4513  3.14159  0  -0.00188955  -0.0257597
-8.16814  3.14159  0  -0.00486601  -0.0969365
-5.65487  3.14159  0  -0.00831128  -0.194935
-4.39823  3.14159  0  -0.0116593  -0.291887
-3.14159  3.14159  0  -0.0178435  -0.464338
-1.88496  3.14159  0  -0.0317996  -0.861544
-0.628319  3.14159  0  -0.0530816  -2.72402
0.628319  3.14159  0  -0.0527233  2.72395
1.88496  3.14159  0  -0.0318466  0.861548
3.14159  3.14159  0  -0.0178274  0.464359
4.39823  3.14159  0  -0.0116649  0.291882
5.65487  3.14159  0  -0.00832156  0.194937
8.16814  3.14159  0  -0.00486556  0.0969438
10.6814  3.14159  0  -0.00317796  0.0537395
14.4513  3.14159  0  -0.00189214  0.0257607
33.3009  3.14159  0  -0.000395759  0.00261061
-29.531  3.14159  3.14159  -0.000584867  -0.00367585
-14.4513  3.14159  3.14159  -0.00311757  -0.0256886
-8.16814  3.14159  3.14159  -0.0121285  -0.0967503
-5.65487  3.14159  3.14159  -0.0261521  -0.194623
-4.39823  3.14159  3.14159  -0.041281  -0.288835
-3.14159  3.14159  3.14159  -0.0700991  -0.434914
-1.88496  3.14159  3.14159  -0.131607  -0.609753
-0.628319  3.14159  3.14159  -0.250377  -0.502725
0.628319  3.14159  3.14159  -0.250334  0.502719
1.88496  3.14159  3.14159  -0.131616  0.609752
3.14159  3.14159  3.14159  -0.0701008  0.434916
4.39823  3.14159  3.14159  -0.0412851  0.288833
5.65487  3.14159  3.14159  -0.0261558  0.194622
8.16814  3.14159  3.14159  -0.0121306  0.0967515
10.6814  3.14159  3.14159  -0.00649869  0.0535923
14.4513  3.14159  3.14159  -0.00311953  0.0256891
33.3009  3.14159  3.14159  -0.000449543  0.00260398
