-29.531  0  0  -0.00585296  0.210802
-14.4513  0  0  -0.0239816  0.422001
-8.16814  0  0  -0.0712179  0.709115
-5.65487  0  0  -0.134821  0.949807
-4.39823  0  0  -0.198036  1.12294
-3.14159  0  0  -0.304386  1.33124
-1.88496  0  0  -0.482963  1.47802
-0.628319  0  0  -0.73861  1.03874
0.628319  0  0  -0.737837  -1.03888
1.88496  0  0  -0.48311  -1.47813
3.14159  0  0  -0.304235  -1.33108
4.39823  0  0  -0.19807  -1.12286
5.65487  0  0  -0.134969  -0.949776
8.16814  0  0  -0.071314  -0.709137
10.6814  0  0  -0.0431666  -0.559049
14.4513  0  0  -0.0240576  -0.422016
33.3009  0  0  -0.00459939  -0.186852
-29.531  0  3.14159  -7.17696e-06  0.211456
-14.4513  0  3.14159  -0.000146055  0.431466
-8.16814  0  3.14159  -0.000361  0.75427
-5.65487  0  3.14159  -0.00130883  1.06572
-4.39823  0  3.14159  -0.00194385  1.33322
-3.14159  0  3.14159  -0.00277687  1.77
-1.88496  0  3.14159  -0.00391212  2.63771
-0.628319  0  3.14159  -0.0300214  5.7308
0.628319  0  3.14159  -0.0318028  -5.73023
1.88496  0  3.14159  -0.00366421  -2.63708
3.14159  0  3.14159  -0.00314888  -1.77009
4.39823  0  3.14159  -0.00221954  -1.33335
5.65487  0  3.14159  -0.00120228  -1.06579
8.16814  0  3.14159  -0.000205116  -0.754216
10.6814  0  3.14159  -0.000360569  -0.58063
14.4513  0  3.14159  -2.81019e-05  -0.431446
33.3009  0  3.14159  -0.000118362  -0.187427
-29.531  3.14159  0  -7.17696e-06  0.211456
-14.4513  3.14159  0  -0.000146055  0.431466
-8.16814  3.14159  0  -0.000361  0.75427
-5.65487  3.14159  0  -0.00130883  1.06572
-4.39823  3.14159  0  -0.00194385  1.33322
-3.14159  3.14159  0  -0.00277687  1.77
-1.88496  3.14159  0  -0.00391212  2.63771
-0.628319  3.14159  0  -0.0300214  5.7308
0.628319  3.14159  0  -0.0318028  -5.73023
1.88496  3.14159  0  -0.00366421  -2.63708
3.14159  3.14159  0  -0.00314888  -1.77009
4.39823  3.14159  0  -0.00221954  -1.33335
5.65487  3.14159  0  -0.00120228  -1.06579
8.16814  3.14159  0  -0.000205116  -0.754216
10.6814  3.14159  0  -0.000360569  -0.58063
14.4513  3.14159  0  -2.81019e-05  -0.431446
33.3009  3.14159  0  -0.000118362  -0.187427
-29.531  3.14159  3.14159  0.00574931  0.210806
-14.4513  3.14159  3.14159  0.0237136  0.422037
-8.16814  3.14159  3.14159  0.0705177  0.709293
-5.65487  3.14159  3.14159  0.133488  0.950276
-4.39823  3.14159  3.14159  0.196128  1.12376
-3.14159  3.14159  3.14159  0.303062  1.33272
-1.88496  3.14159  3.14159  0.484517  1.4803
-0.628319  3.14159  3.14159  0.740502  1.03824
0.628319  3.14159  3.14159  0.741283  -1.03838
1.88496  3.14159  3.14159  0.48437  -1.48042
3.14159  3.14159  3.14159  0.303217  -1.33256
4.39823  3.14159  3.14159  0.196096  -1.12368
5.65487  3.14159  3.14159  0.133337  -0.950245
8.16814  3.14159  3.14159  0.0704215  -0.709316
10.6814  3.14159  3.14159  0.0425364  -0.559135
14.4513  3.14159  3.14159  0.0236361  -0.422051
33.3009  3.14159  3.14159  0.00453627  -0.186855
