-29.531  0  0  -0.00335216  0.157306
-14.4513  0  0  -0.0152935  0.318344
-8.16814  0  0  -0.0474366  0.539261
-5.65487  0  0  -0.0863379  0.723353
-4.39823  0  0  -0.120393  0.853931
-3.14159  0  0  -0.170892  1.00387
-1.88496  0  0  -0.243573  1.09044
-0.628319  0  0  -0.330625  0.723444
0.628319  0  0  -0.330625  -0.723444
1.88496  0  0  -0.243573  -1.09044
3.14159  0  0  -0.170891  -1.00387
4.39823  0  0  -0.120393  -0.853931
5.65487  0  0  -0.0863376  -0.723353
8.16814  0  0  -0.0474364  -0.539261
10.6814  0  0  -0.0284897  -0.42402
14.4513  0  0  -0.0152933  -0.318344
33.3009  0  0  -0.00260679  -0.139546
-29.531  0  3.14159  -3.01069e-05  0.157775
-14.4513  0  3.14159  -0.00013675  0.322242
-8.16814  0  3.14159  -0.000447995  0.556564
-5.65487  0  3.14159  -0.000883261  0.762879
-4.39823  0  3.14159  -0.00133042  0.923275
-3.14159  0  3.14159  -0.00218585  1.15807
-1.88496  0  3.14159  -0.00442599  1.57885
-0.628319  0  3.14159  -0.0216718  3.26381
0.628319  0  3.14159  -0.0216712  -3.26381
1.88496  0  3.14159  -0.00442556  -1.57885
3.14159  0  3.14159  -0.00218546  -1.15807
4.39823  0  3.14159  -0.00133006  -0.923275
5.65487  0  3.14159  -0.000882925  -0.762879
8.16814  0  3.14159  -0.000447727  -0.556563
10.6814  0  3.14159  -0.000259317  -0.432917
14.4513  0  3.14159  -0.000136512  -0.322243
33.3009  0  3.14159  -2.34149e-05  -0.139872
-29.531  3.14159  0  -3.01069e-05  0.157775
-14.4513  3.14159  0  -0.00013675  0.322242
-8.16814  3.14159  0  -0.000447995  0.556564
-5.65487  3.14159  0  -0.000883261  0.762879
-4.39823  3.14159  0  -0.00133042  0.923275
-3.14159  3.14159  0  -0.00218585  1.15807
-1.88496  3.14159  0  -0.00442599  1.57885
-0.628319  3.14159  0  -0.0216718  3.26381
0.628319  3.14159  0  -0.0216712  -3.26381
1.88496  3.14159  0  -0.00442556  -1.57885
3.14159  3.14159  0  -0.00218546  -1.15807
4.39823  3.14159  0  -0.00133006  -0.923275
5.65487  3.14159  0  -0.000882925  -0.762879
8.16814  3.14159  0  -0.000447727  -0.556563
10.6814  3.14159  0  -0.000259317  -0.432917
14.4513  3.14159  0  -0.000136512  -0.322243
33.3009  3.14159  0  -2.34149e-05  -0.139872
-29.531  3.14159  3.14159  0.00329334  0.157308
-14.4513  3.14159  3.14159  0.0150407  0.318368
-8.16814  3.14159  3.14159  0.0466365  0.539375
-5.65487  3.14159  3.14159  0.0847288  0.723594
-4.39823  3.14159  3.14159  0.117912  0.854291
-3.14159  3.14159  3.14159  0.166864  1.00441
-1.88496  3.14159  3.14159  0.237133  1.09117
-0.628319  3.14159  3.14159  0.322367  0.723912
0.628319  3.14159  3.14159  0.322367  -0.723912
1.88496  3.14159  3.14159  0.237133  -1.09117
3.14159  3.14159  3.14159  0.166865  -1.00441
4.39823  3.14159  3.14159  0.117913  -0.854291
5.65487  3.14159  3.14159  0.0847291  -0.723594
8.16814  3.14159  3.14159  0.0466368  -0.539374
10.6814  3.14159  3.14159  0.0280219  -0.424077
14.4513  3.14159  3.14159  0.0150407  -0.318368
33.3009  3.14159  3.14159  0.00256104  -0.139548
