-29.531  0  0  -0.00334831  0.155397
-14.4513  0  0  -0.0152835  0.314545
-8.16814  0  0  -0.0474274  0.532918
-5.65487  0  0  -0.0863312  0.71479
-4.39823  0  0  -0.120373  0.843616
-3.14159  0  0  -0.170793  0.991104
-1.88496  0  0  -0.243166  1.07502
-0.628319  0  0  -0.329427  0.711865
0.628319  0  0  -0.329427  -0.711865
1.88496  0  0  -0.243165  -1.07502
3.14159  0  0  -0.170792  -0.991104
4.39823  0  0  -0.120372  -0.843616
5.65487  0  0  -0.0863308  -0.71479
8.16814  0  0  -0.0474272  -0.532918
10.6814  0  0  -0.0284786  -0.419006
14.4513  0  0  -0.0152833  -0.314546
33.3009  0  0  -0.00260363  -0.13785
-29.531  0  3.14159  -2.97539e-05  0.155854
-14.4513  0  3.14159  -0.000135048  0.318342
-8.16814  0  3.14159  -0.000442103  0.54973
-5.65487  0  3.14159  -0.00087066  0.753117
-4.39823  0  3.14159  -0.00131038  0.910875
-3.14159  0  3.14159  -0.00215123  1.14115
-1.88496  0  3.14159  -0.00435567  1.55211
-0.628319  0  3.14159  -0.0207507  3.15451
0.628319  0  3.14159  -0.0207501  -3.15451
1.88496  0  3.14159  -0.00435522  -1.55211
3.14159  0  3.14159  -0.00215081  -1.14115
4.39823  0  3.14159  -0.00130999  -0.910875
5.65487  0  3.14159  -0.0008703  -0.753117
8.16814  0  3.14159  -0.000441804  -0.54973
10.6814  0  3.14159  -0.00025605  -0.427663
14.4513  0  3.14159  -0.00013484  -0.318342
33.3009  0  3.14159  -2.31057e-05  -0.138168
-29.531  3.14159  0  -2.97539e-05  0.155854
-14.4513  3.14159  0  -0.000135048  0.318342
-8.16814  3.14159  0  -0.000442103  0.54973
-5.65487  3.14159  0  -0.00087066  0.753117
-4.39823  3.14159  0  -0.00131038  0.910875
-3.14159  3.14159  0  -0.00215123  1.14115
-1.88496  3.14159  0  -0.00435567  1.55211
-0.628319  3.14159  0  -0.0207507  3.15451
0.628319  3.14159  0  -0.0207501  -3.15451
1.88496  3.14159  0  -0.00435522  -1.55211
3.14159  3.14159  0  -0.00215081  -1.14115
4.39823  3.14159  0  -0.00130999  -0.910875
5.65487  3.14159  0  -0.0008703  -0.753117
8.16814  3.14159  0  -0.000441804  -0.54973
10.6814  3.14159  0  -0.00025605  -0.427663
14.4513  3.14159  0  -0.00013484  -0.318342
33.3009  3.14159  0  -2.31057e-05  -0.138168
-29.531  3.14159  3.14159  0.00329017  0.1554
-14.4513  3.14159  3.14159  0.0150337  0.314569
-8.16814  3.14159  3.14159  0.0466369  0.533031
-5.65487  3.14159  3.14159  0.084743  0.715031
-4.39823  3.14159  3.14159  0.117927  0.843976
-3.14159  3.14159  3.14159  0.166832  0.991637
-1.88496  3.14159  3.14159  0.236855  1.07574
-0.628319  3.14159  3.14159  0.321367  0.712334
0.628319  3.14159  3.14159  0.321367  -0.712334
1.88496  3.14159  3.14159  0.236856  -1.07574
3.14159  3.14159  3.14159  0.166832  -0.991637
4.39823  3.14159  3.14159  0.117928  -0.843976
5.65487  3.14159  3.14159  0.0847434  -0.715031
8.16814  3.14159  3.14159  0.0466372  -0.533031
10.6814  3.14159  3.14159  0.0280163  -0.419063
14.4513  3.14159  3.14159  0.0150337  -0.314569
33.3009  3.14159  3.14159  0.00255845  -0.137852
