-29.531  0  0  -0.00613209  0.227491
-14.4513  0  0  -0.0251498  0.455321
-8.16814  0  0  -0.0745303  0.764379
-5.65487  0  0  -0.141002  1.02294
-4.39823  0  0  -0.207176  1.20855
-3.14159  0  0  -0.318828  1.43144
-1.88496  0  0  -0.507972  1.58899
-0.628319  0  0  -0.780037  1.11631
0.628319  0  0  -0.779431  -1.11647
1.88496  0  0  -0.508015  -1.5892
3.14159  0  0  -0.318686  -1.43137
4.39823  0  0  -0.207114  -1.2085
5.65487  0  0  -0.141096  -1.02291
8.16814  0  0  -0.0746006  -0.764399
10.6814  0  0  -0.0451899  -0.60296
14.4513  0  0  -0.025199  -0.455331
33.3009  0  0  -0.00482201  -0.201667
-29.531  0  3.14159  -3.9078e-05  0.228275
-14.4513  0  3.14159  -0.000186318  0.465158
-8.16814  0  3.14159  -0.000545588  0.813723
-5.65487  0  3.14159  -0.0010485  1.15038
-4.39823  0  3.14159  -0.00167582  1.44283
-3.14159  0  3.14159  -0.00283409  1.92006
-1.88496  0  3.14159  -0.00699842  2.87168
-0.628319  0  3.14159  -0.0389312  6.49254
0.628319  0  3.14159  -0.0392225  -6.49245
1.88496  0  3.14159  -0.00695761  -2.87157
3.14159  0  3.14159  -0.00289498  -1.92007
4.39823  0  3.14159  -0.00171511  -1.44285
5.65487  0  3.14159  -0.00103973  -1.15039
8.16814  0  3.14159  -0.000525134  -0.813714
10.6814  0  3.14159  -0.000306927  -0.626446
14.4513  0  3.14159  -0.000167973  -0.465155
33.3009  0  3.14159  -4.1839e-05  -0.202697
-29.531  3.14159  0  -3.9078e-05  0.228275
-14.4513  3.14159  0  -0.000186318  0.465158
-8.16814  3.14159  0  -0.000545588  0.813723
-5.65487  3.14159  0  -0.0010485  1.15038
-4.39823  3.14159  0  -0.00167582  1.44283
-3.14159  3.14159  0  -0.00283409  1.92006
-1.88496  3.14159  0  -0.00699842  2.87168
-0.628319  3.14159  0  -0.0389312  6.49254
0.628319  3.14159  0  -0.0392225  -6.49245
1.88496  3.14159  0  -0.00695761  -2.87157
3.14159  3.14159  0  -0.00289498  -1.92007
4.39823  3.14159  0  -0.00171511  -1.44285
5.65487  3.14159  0  -0.00103973  -1.15039
8.16814  3.14159  0  -0.000525134  -0.813714
10.6814  3.14159  0  -0.000306927  -0.626446
14.4513  3.14159  0  -0.000167973  -0.465155
33.3009  3.14159  0  -4.1839e-05  -0.202697
-29.531  3.14159  3.14159  0.00604183  0.227495
-14.4513  3.14159  3.14159  0.0248455  0.455358
-8.16814  3.14159  3.14159  0.0737798  0.764558
-5.65487  3.14159  3.14159  0.139513  1.02339
-4.39823  3.14159  3.14159  0.204938  1.20931
-3.14159  3.14159  3.14159  0.316911  1.43275
-1.88496  3.14159  3.14159  0.507359  1.59112
-0.628319  3.14159  3.14159  0.779507  1.11788
0.628319  3.14159  3.14159  0.780121  -1.11804
1.88496  3.14159  3.14159  0.507316  -1.59133
3.14159  3.14159  3.14159  0.317054  -1.43268
4.39823  3.14159  3.14159  0.205001  -1.20925
5.65487  3.14159  3.14159  0.139418  -1.02336
8.16814  3.14159  3.14159  0.073709  -0.764578
10.6814  3.14159  3.14159  0.044569  -0.603049
14.4513  3.14159  3.14159  0.0247951  -0.455368
33.3009  3.14159  3.14159  0.00476414  -0.201671
