-29.531  0  0  0.000443559  -0.228323
-14.4513  0  0  0.000722121  -0.423644
-8.16814  0  0  0.00119743  -0.617004
-5.65487  0  0  0.00545548  -0.718046
-4.39823  0  0  0.0127416  -0.756419
-3.14159  0  0  0.0288933  -0.756502
-1.88496  0  0  0.0610556  -0.661905
-0.628319  0  0  0.109768  -0.356017
0.628319  0  0  0.109768  0.356017
1.88496  0  0  0.0610552  0.661905
3.14159  0  0  0.0288929  0.756502
4.39823  0  0  0.0127414  0.756419
5.65487  0  0  0.00545538  0.718046
8.16814  0  0  0.00119793  0.617004
10.6814  0  0  0.000683463  0.526396
14.4513  0  0  0.000721471  0.423644
33.3009  0  0  0.000372383  0.203994
-29.531  0  3.14159  -1.31958e-05  -0.22917
-14.4513  0  3.14159  -0.000106418  -0.431504
-8.16814  0  3.14159  -0.000457681  -0.663133
-5.65487  0  3.14159  -0.000960278  -0.846676
-4.39823  0  3.14159  -0.00147328  -0.991066
-3.14159  0  3.14159  -0.00248227  -1.2084
-1.88496  0  3.14159  -0.00538645  -1.56223
-0.628319  0  3.14159  -0.0385761  -1.66178
0.628319  0  3.14159  -0.0385772  1.66178
1.88496  0  3.14159  -0.00538705  1.56223
3.14159  0  3.14159  -0.00248271  1.2084
4.39823  0  3.14159  -0.00147363  0.991066
5.65487  0  3.14159  -0.000960577  0.846676
8.16814  0  3.14159  -0.00045794  0.663133
10.6814  0  3.14159  -0.0002409  0.546727
14.4513  0  3.14159  -0.000107049  0.431504
33.3009  0  3.14159  -1.01591e-05  0.20458
-29.531  3.14159  0  -1.31958e-05  -0.22917
-14.4513  3.14159  0  -0.000106418  -0.431504
-8.16814  3.14159  0  -0.000457681  -0.663133
-5.65487  3.14159  0  -0.000960278  -0.846676
-4.39823  3.14159  0  -0.00147328  -0.991066
-3.14159  3.14159  0  -0.00248227  -1.2084
-1.88496  3.14159  0  -0.00538645  -1.56223
-0.628319  3.14159  0  -0.0385761  -1.66178
0.628319  3.14159  0  -0.0385772  1.66178
1.88496  3.14159  0  -0.00538705  1.56223
3.14159  3.14159  0  -0.00248271  1.2084
4.39823  3.14159  0  -0.00147363  0.991066
5.65487  3.14159  0  -0.000960577  0.846676
8.16814  3.14159  0  -0.00045794  0.663133
10.6814  3.14159  0  -0.0002409  0.546727
14.4513  3.14159  0  -0.000107049  0.431504
33.3009  3.14159  0  -1.01591e-05  0.20458
-29.531  3.14159  3.14159  -0.000469422  -0.228307
-14.4513  3.14159  3.14159  -0.000942367  -0.42352
-8.16814  3.14159  3.14159  -0.00221667  -0.616507
-5.65487  3.14159  3.14159  -0.00774635  -0.717081
-4.39823  3.14159  3.14159  -0.0163466  -0.75508
-3.14159  3.14159  3.14159  -0.0346191  -0.754733
-1.88496  3.14159  3.14159  -0.069585  -0.659917
-0.628319  3.14159  3.14159  -0.12051  -0.354972
0.628319  3.14159  3.14159  -0.120511  0.354972
1.88496  3.14159  3.14159  -0.0695854  0.659917
3.14159  3.14159  3.14159  -0.0346194  0.754732
4.39823  3.14159  3.14159  -0.0163469  0.75508
5.65487  3.14159  3.14159  -0.00774644  0.717081
8.16814  3.14159  3.14159  -0.00221621  0.616507
10.6814  3.14159  3.14159  -0.00119693  0.526125
14.4513  3.14159  3.14159  -0.000943092  0.42352
33.3009  3.14159  3.14159  -0.000393323  0.203983
