-29.531  0  0  0.00316273  -0.15542
-14.4513  0  0  0.0146147  -0.314698
-8.16814  0  0  0.0458969  -0.533446
-5.65487  0  0  0.0840826  -0.715742
-4.39823  0  0  0.117684  -0.844897
-3.14159  0  0  0.167763  -0.992769
-1.88496  0  0  0.24037  -1.0769
-0.628319  0  0  0.327972  -0.712887
0.628319  0  0  0.327971  0.712887
1.88496  0  0  0.24037  1.0769
3.14159  0  0  0.167763  0.992769
4.39823  0  0  0.117684  0.844897
5.65487  0  0  0.0840823  0.715742
8.16814  0  0  0.0458964  0.533446
10.6814  0  0  0.0274104  0.419313
14.4513  0  0  0.0146151  0.314698
33.3009  0  0  0.00245564  0.137866
-29.531  0  3.14159  -0.000158181  -0.155854
-14.4513  0  3.14159  -0.000559038  -0.318343
-8.16814  0  3.14159  -0.00124379  -0.549735
-5.65487  0  3.14159  -0.00182783  -0.753126
-4.39823  0  3.14159  -0.00226948  -0.910889
-3.14159  0  3.14159  -0.00293401  -1.14117
-1.88496  0  3.14159  -0.00418475  -1.55215
-0.628319  0  3.14159  -0.0079161  -3.15484
0.628319  0  3.14159  -0.00791661  3.15484
1.88496  0  3.14159  -0.00418512  1.55215
3.14159  0  3.14159  -0.00293435  1.14117
4.39823  0  3.14159  -0.00226981  0.910889
5.65487  0  3.14159  -0.00182816  0.753126
8.16814  0  3.14159  -0.00124406  0.549735
10.6814  0  3.14159  -0.000880416  0.427666
14.4513  0  3.14159  -0.00055915  0.318343
33.3009  0  3.14159  -0.000126102  0.138168
-29.531  3.14159  0  -0.000158181  -0.155854
-14.4513  3.14159  0  -0.000559038  -0.318343
-8.16814  3.14159  0  -0.00124379  -0.549735
-5.65487  3.14159  0  -0.00182783  -0.753126
-4.39823  3.14159  0  -0.00226948  -0.910889
-3.14159  3.14159  0  -0.00293401  -1.14117
-1.88496  3.14159  0  -0.00418475  -1.55215
-0.628319  3.14159  0  -0.0079161  -3.15484
0.628319  3.14159  0  -0.00791661  3.15484
1.88496  3.14159  0  -0.00418512  1.55215
3.14159  3.14159  0  -0.00293435  1.14117
4.39823  3.14159  0  -0.00226981  0.910889
5.65487  3.14159  0  -0.00182816  0.753126
8.16814  3.14159  0  -0.00124406  0.549735
10.6814  3.14159  0  -0.000880416  0.427666
14.4513  3.14159  0  -0.00055915  0.318343
33.3009  3.14159  0  -0.000126102  0.138168
-29.531  3.14159  3.14159  -0.00347668  -0.155378
-14.4513  3.14159  3.14159  -0.015705  -0.314419
-8.16814  3.14159  3.14159  -0.0481761  -0.53251
-5.65487  3.14159  3.14159  -0.0870077  -0.714092
-4.39823  3.14159  3.14159  -0.120639  -0.842713
-3.14159  3.14159  3.14159  -0.169896  -0.989998
-1.88496  3.14159  3.14159  -0.239703  -1.07388
-0.628319  3.14159  3.14159  -0.322893  -0.711335
0.628319  3.14159  3.14159  -0.322893  0.711334
1.88496  3.14159  3.14159  -0.239704  1.07388
3.14159  3.14159  3.14159  -0.169896  0.989998
4.39823  3.14159  3.14159  -0.12064  0.842713
5.65487  3.14159  3.14159  -0.087008  0.714092
8.16814  3.14159  3.14159  -0.0481765  0.53251
10.6814  3.14159  3.14159  -0.0290898  0.418759
14.4513  3.14159  3.14159  -0.015705  0.314419
33.3009  3.14159  3.14159  -0.00270671  0.137836
