-29.531  0  0  0.00315965  -0.150027
-14.4513  0  0  0.0146159  -0.303959
-8.16814  0  0  0.0459418  -0.515491
-5.65487  0  0  0.0841744  -0.69146
-4.39823  0  0  0.117765  -0.815587
-3.14159  0  0  0.167644  -0.956365
-1.88496  0  0  0.239352  -1.0327
-0.628319  0  0  0.324538  -0.679264
0.628319  0  0  0.324538  0.679264
1.88496  0  0  0.239352  1.0327
3.14159  0  0  0.167644  0.956365
4.39823  0  0  0.117765  0.815587
5.65487  0  0  0.084174  0.691461
8.16814  0  0  0.0459413  0.515492
10.6814  0  0  0.0274269  0.405132
14.4513  0  0  0.0146161  0.303959
33.3009  0  0  0.002453  0.133075
-29.531  0  3.14159  -0.000150656  -0.150427
-14.4513  0  3.14159  -0.000531743  -0.307325
-8.16814  0  3.14159  -0.0011814  -0.530438
-5.65487  0  3.14159  -0.00173469  -0.725555
-4.39823  0  3.14159  -0.00215266  -0.875865
-3.14159  0  3.14159  -0.00277688  -1.09332
-1.88496  0  3.14159  -0.0039086  -1.47612
-0.628319  0  3.14159  -0.0061599  -2.84904
0.628319  0  3.14159  -0.00616051  2.84904
1.88496  0  3.14159  -0.00390906  1.47612
3.14159  0  3.14159  -0.0027773  1.09332
4.39823  0  3.14159  -0.00215306  0.875865
5.65487  0  3.14159  -0.00173509  0.725555
8.16814  0  3.14159  -0.00118166  0.530438
10.6814  0  3.14159  -0.000836816  0.41283
14.4513  0  3.14159  -0.000531893  0.307325
33.3009  0  3.14159  -0.000120129  0.133353
-29.531  3.14159  0  -0.000150656  -0.150427
-14.4513  3.14159  0  -0.000531743  -0.307325
-8.16814  3.14159  0  -0.0011814  -0.530438
-5.65487  3.14159  0  -0.00173469  -0.725555
-4.39823  3.14159  0  -0.00215266  -0.875865
-3.14159  3.14159  0  -0.00277688  -1.09332
-1.88496  3.14159  0  -0.0039086  -1.47612
-0.628319  3.14159  0  -0.0061599  -2.84904
0.628319  3.14159  0  -0.00616051  2.84904
1.88496  3.14159  0  -0.00390906  1.47612
3.14159  3.14159  0  -0.0027773  1.09332
4.39823  3.14159  0  -0.00215306  0.875865
5.65487  3.14159  0  -0.00173509  0.725555
8.16814  3.14159  0  -0.00118166  0.530438
10.6814  3.14159  0  -0.000836816  0.41283
14.4513  3.14159  0  -0.000531893  0.307325
33.3009  3.14159  0  -0.000120129  0.133353
-29.531  3.14159  3.14159  -0.00345864  -0.149987
-14.4513  3.14159  3.14159  -0.0156525  -0.303695
-8.16814  3.14159  3.14159  -0.0481006  -0.514609
-5.65487  3.14159  3.14159  -0.0869281  -0.689907
-4.39823  3.14159  3.14159  -0.120526  -0.813535
-3.14159  3.14159  3.14159  -0.169598  -0.953768
-1.88496  3.14159  3.14159  -0.238663  -1.02988
-0.628319  3.14159  3.14159  -0.319783  -0.677814
0.628319  3.14159  3.14159  -0.319783  0.677814
1.88496  3.14159  3.14159  -0.238663  1.02988
3.14159  3.14159  3.14159  -0.169598  0.953768
4.39823  3.14159  3.14159  -0.120527  0.813535
5.65487  3.14159  3.14159  -0.0869285  0.689907
8.16814  3.14159  3.14159  -0.048101  0.514609
10.6814  3.14159  3.14159  -0.0290214  0.404608
14.4513  3.14159  3.14159  -0.0156525  0.303694
33.3009  3.14159  3.14159  -0.00269214  0.133047
