-29.531  0  0  0.000446916  -0.247064
-14.4513  0  0  0.000715763  -0.460287
-8.16814  0  0  0.00110079  -0.674837
-5.65487  0  0  0.00522314  -0.789382
-4.39823  0  0  0.0124139  -0.833959
-3.14159  0  0  0.0285288  -0.835349
-1.88496  0  0  0.0610116  -0.727999
-0.628319  0  0  0.111019  -0.385755
0.628319  0  0  0.111019  0.385756
1.88496  0  0  0.0610113  0.727999
3.14159  0  0  0.0285286  0.835349
4.39823  0  0  0.0124137  0.833959
5.65487  0  0  0.00522312  0.789382
8.16814  0  0  0.00110139  0.674837
10.6814  0  0  0.000646771  0.573734
14.4513  0  0  0.000715167  0.460287
33.3009  0  0  0.000375358  0.220664
-29.531  0  3.14159  -1.21678e-05  -0.248014
-14.4513  0  3.14159  -0.000103547  -0.469072
-8.16814  0  3.14159  -0.000455081  -0.726282
-5.65487  0  3.14159  -0.000958718  -0.933347
-4.39823  0  3.14159  -0.001469  -1.09809
-3.14159  0  3.14159  -0.00246041  -1.34967
-1.88496  0  3.14159  -0.00520472  -1.77691
-0.628319  0  3.14159  -0.0462409  -1.85389
0.628319  0  3.14159  -0.0462418  1.85389
1.88496  0  3.14159  -0.00520519  1.77691
3.14159  0  3.14159  -0.00246076  1.34967
4.39823  0  3.14159  -0.00146928  1.09809
5.65487  0  3.14159  -0.00095899  0.933347
8.16814  0  3.14159  -0.000455484  0.726282
10.6814  0  3.14159  -0.000237788  0.596418
14.4513  0  3.14159  -0.000104134  0.469072
33.3009  0  3.14159  -9.14083e-06  0.221322
-29.531  3.14159  0  -1.21678e-05  -0.248014
-14.4513  3.14159  0  -0.000103547  -0.469072
-8.16814  3.14159  0  -0.000455081  -0.726282
-5.65487  3.14159  0  -0.000958718  -0.933347
-4.39823  3.14159  0  -0.001469  -1.09809
-3.14159  3.14159  0  -0.00246041  -1.34967
-1.88496  3.14159  0  -0.00520472  -1.77691
-0.628319  3.14159  0  -0.0462409  -1.85389
0.628319  3.14159  0  -0.0462418  1.85389
1.88496  3.14159  0  -0.00520519  1.77691
3.14159  3.14159  0  -0.00246076  1.34967
4.39823  3.14159  0  -0.00146928  1.09809
5.65487  3.14159  0  -0.00095899  0.933347
8.16814  3.14159  0  -0.000455484  0.726282
10.6814  3.14159  0  -0.000237788  0.596418
14.4513  3.14159  0  -0.000104134  0.469072
33.3009  3.14159  0  -9.14083e-06  0.221322
-29.531  3.14159  3.14159  -0.000470606  -0.247047
-14.4513  3.14159  3.14159  -0.000932588  -0.460157
-8.16814  3.14159  3.14159  -0.00214028  -0.674314
-5.65487  3.14159  3.14159  -0.00760903  -0.788363
-4.39823  3.14159  3.14159  -0.0162266  -0.832544
-3.14159  3.14159  3.14159  -0.0347168  -0.833473
-1.88496  3.14159  3.14159  -0.0705008  -0.725881
-0.628319  3.14159  3.14159  -0.123309  -0.384649
0.628319  3.14159  3.14159  -0.123309  0.384649
1.88496  3.14159  3.14159  -0.0705011  0.725881
3.14159  3.14159  3.14159  -0.0347171  0.833473
4.39823  3.14159  3.14159  -0.0162267  0.832544
5.65487  3.14159  3.14159  -0.00760903  0.788363
8.16814  3.14159  3.14159  -0.00213967  0.674314
10.6814  3.14159  3.14159  -0.00116224  0.57345
14.4513  3.14159  3.14159  -0.000933291  0.460157
33.3009  3.14159  3.14159  -0.000394506  0.220652
