-29.531  0  0  -0.0033415  0.152148
-14.4513  0  0  -0.015266  0.308078
-8.16814  0  0  -0.0474108  0.522115
-5.65487  0  0  -0.0863183  0.700194
-4.39823  0  0  -0.120335  0.826012
-3.14159  0  0  -0.170615  0.969265
-1.88496  0  0  -0.242444  1.04854
-0.628319  0  0  -0.327317  0.6918
0.628319  0  0  -0.327317  -0.6918
1.88496  0  0  -0.242444  -1.04854
3.14159  0  0  -0.170614  -0.969265
4.39823  0  0  -0.120335  -0.826012
5.65487  0  0  -0.0863179  -0.700194
8.16814  0  0  -0.0474105  -0.522115
10.6814  0  0  -0.0284589  -0.410469
14.4513  0  0  -0.0152658  -0.308078
33.3009  0  0  -0.00259807  -0.134963
-29.531  0  3.14159  -2.91461e-05  0.152583
-14.4513  0  3.14159  -0.000132149  0.311701
-8.16814  0  3.14159  -0.000431992  0.5381
-5.65487  0  3.14159  -0.000848979  0.7365
-4.39823  0  3.14159  -0.00127584  0.889769
-3.14159  0  3.14159  -0.00209145  1.11232
-1.88496  0  3.14159  -0.00423244  1.50636
-0.628319  0  3.14159  -0.0192093  2.96971
0.628319  0  3.14159  -0.0192087  -2.96971
1.88496  0  3.14159  -0.00423196  -1.50636
3.14159  0  3.14159  -0.00209101  -1.11232
4.39823  0  3.14159  -0.00127542  -0.889769
5.65487  0  3.14159  -0.00084859  -0.7365
8.16814  0  3.14159  -0.000431656  -0.5381
10.6814  0  3.14159  -0.00025045  -0.418722
14.4513  0  3.14159  -0.000131978  -0.311702
33.3009  0  3.14159  -2.25916e-05  -0.135266
-29.531  3.14159  0  -2.91461e-05  0.152583
-14.4513  3.14159  0  -0.000132149  0.311701
-8.16814  3.14159  0  -0.000431992  0.5381
-5.65487  3.14159  0  -0.000848979  0.7365
-4.39823  3.14159  0  -0.00127584  0.889769
-3.14159  3.14159  0  -0.00209145  1.11232
-1.88496  3.14159  0  -0.00423244  1.50636
-0.628319  3.14159  0  -0.0192093  2.96971
0.628319  3.14159  0  -0.0192087  -2.96971
1.88496  3.14159  0  -0.00423196  -1.50636
3.14159  3.14159  0  -0.00209101  -1.11232
4.39823  3.14159  0  -0.00127542  -0.889769
5.65487  3.14159  0  -0.00084859  -0.7365
8.16814  3.14159  0  -0.000431656  -0.5381
10.6814  3.14159  0  -0.00025045  -0.418722
14.4513  3.14159  0  -0.000131978  -0.311702
33.3009  3.14159  0  -2.25916e-05  -0.135266
-29.531  3.14159  3.14159  0.00328455  0.152151
-14.4513  3.14159  3.14159  0.0150212  0.308102
-8.16814  3.14159  3.14159  0.0466368  0.522229
-5.65487  3.14159  3.14159  0.0847663  0.700435
-4.39823  3.14159  3.14159  0.117951  0.826371
-3.14159  3.14159  3.14159  0.16677  0.969795
-1.88496  3.14159  3.14159  0.236363  1.04925
-0.628319  3.14159  3.14159  0.319602  0.692268
0.628319  3.14159  3.14159  0.319603  -0.692268
1.88496  3.14159  3.14159  0.236364  -1.04925
3.14159  3.14159  3.14159  0.16677  -0.969795
4.39823  3.14159  3.14159  0.117951  -0.826371
5.65487  3.14159  3.14159  0.0847668  -0.700435
8.16814  3.14159  3.14159  0.0466371  -0.522229
10.6814  3.14159  3.14159  0.028006  -0.410526
14.4513  3.14159  3.14159  0.0150211  -0.308102
33.3009  3.14159  3.14159  0.00255386  -0.134965
