-29.531  0  0  -0.00660173  0.25618
-14.4513  0  0  -0.0270305  0.511839
-8.16814  0  0  -0.0798502  0.858536
-5.65487  0  0  -0.150971  1.14707
-4.39823  0  0  -0.221983  1.35285
-3.14159  0  0  -0.341434  1.60117
-1.88496  0  0  -0.545562  1.77451
-0.628319  0  0  -0.844032  1.24402
0.628319  0  0  -0.842496  -1.24442
1.88496  0  0  -0.545661  -1.77508
3.14159  0  0  -0.34106  -1.60102
4.39823  0  0  -0.221769  -1.3527
5.65487  0  0  -0.15121  -1.14701
8.16814  0  0  -0.0800437  -0.858585
10.6814  0  0  -0.0485503  -0.67718
14.4513  0  0  -0.027146  -0.511861
33.3009  0  0  -0.00517923  -0.226687
-29.531  0  3.14159  -5.04065e-05  0.256546
-14.4513  0  3.14159  -0.000288575  0.523028
-8.16814  0  3.14159  -0.000737064  0.916164
-5.65487  0  3.14159  -0.00092922  1.29427
-4.39823  0  3.14159  -0.0015432  1.62802
-3.14159  0  3.14159  -0.00258682  2.1734
-1.88496  0  3.14159  -0.00937925  3.27572
-0.628319  0  3.14159  -0.050433  7.81326
0.628319  0  3.14159  -0.0509394  -7.81301
1.88496  0  3.14159  -0.009476  -3.27544
3.14159  0  3.14159  -0.00268638  -2.17342
4.39823  0  3.14159  -0.00156892  -1.62802
5.65487  0  3.14159  -0.000907308  -1.29431
8.16814  0  3.14159  -0.000759719  -0.916138
10.6814  0  3.14159  -0.000269246  -0.704489
14.4513  0  3.14159  -0.000236102  -0.523018
33.3009  0  3.14159  -3.06498e-05  -0.228327
-29.531  3.14159  0  -5.04065e-05  0.256546
-14.4513  3.14159  0  -0.000288575  0.523028
-8.16814  3.14159  0  -0.000737064  0.916164
-5.65487  3.14159  0  -0.00092922  1.29427
-4.39823  3.14159  0  -0.0015432  1.62802
-3.14159  3.14159  0  -0.00258682  2.1734
-1.88496  3.14159  0  -0.00937925  3.27572
-0.628319  3.14159  0  -0.050433  7.81326
0.628319  3.14159  0  -0.0509394  -7.81301
1.88496  3.14159  0  -0.009476  -3.27544
3.14159  3.14159  0  -0.00268638  -2.17342
4.39823  3.14159  0  -0.00156892  -1.62802
5.65487  3.14159  0  -0.000907308  -1.29431
8.16814  3.14159  0  -0.000759719  -0.916138
10.6814  3.14159  0  -0.000269246  -0.704489
14.4513  3.14159  0  -0.000236102  -0.523018
33.3009  3.14159  0  -3.06498e-05  -0.228327
-29.531  3.14159  3.14159  0.00650077  0.256184
-14.4513  3.14159  3.14159  0.0267044  0.511879
-8.16814  3.14159  3.14159  0.0791536  0.858725
-5.65487  3.14159  3.14159  0.149411  1.14756
-4.39823  3.14159  3.14159  0.219353  1.35365
-3.14159  3.14159  3.14159  0.340437  1.60258
-1.88496  3.14159  3.14159  0.547777  1.77682
-0.628319  3.14159  3.14159  0.843836  1.24568
0.628319  3.14159  3.14159  0.845392  -1.24609
1.88496  3.14159  3.14159  0.547677  -1.7774
3.14159  3.14159  3.14159  0.340815  -1.60243
4.39823  3.14159  3.14159  0.21957  -1.3535
5.65487  3.14159  3.14159  0.14917  -1.14749
8.16814  3.14159  3.14159  0.0789582  -0.858775
10.6814  3.14159  3.14159  0.0478018  -0.677278
14.4513  3.14159  3.14159  0.0265867  -0.511901
33.3009  3.14159  3.14159  0.00513944  -0.22669
