-29.531  0  0  -1.68781e-05  -0.00391547
-14.4513  0  0  0.000893123  -0.0276945
-8.16814  0  0  0.00676815  -0.106661
-5.65487  0  0  0.0179864  -0.21928
-4.39823  0  0  0.0314821  -0.331102
-3.14159  0  0  0.0598537  -0.510691
-1.88496  0  0  0.126789  -0.739477
-0.628319  0  0  0.27092  -0.631528
0.628319  0  0  0.270919  0.631528
1.88496  0  0  0.126789  0.739477
3.14159  0  0  0.0598528  0.510691
4.39823  0  0  0.0314815  0.331102
5.65487  0  0  0.0179859  0.21928
8.16814  0  0  0.00676781  0.106661
10.6814  0  0  0.00285559  0.0583623
14.4513  0  0  0.000892857  0.0276946
33.3009  0  0  -2.85946e-05  0.00277108
-29.531  0  3.14159  -0.00010867  -0.00390762
-14.4513  0  3.14159  -0.000418059  -0.0275499
-8.16814  0  3.14159  -0.00110452  -0.105265
-5.65487  0  3.14159  -0.00192384  -0.21465
-4.39823  0  3.14159  -0.00273597  -0.325115
-3.14159  0  3.14159  -0.00429024  -0.52602
-1.88496  0  3.14159  -0.00813738  -0.992782
-0.628319  0  3.14159  -0.0186443  -3.91782
0.628319  0  3.14159  -0.0186445  3.91782
1.88496  0  3.14159  -0.0081383  0.992782
3.14159  0  3.14159  -0.00429097  0.52602
4.39823  0  3.14159  -0.00273654  0.325115
5.65487  0  3.14159  -0.00192434  0.21465
8.16814  0  3.14159  -0.00110498  0.105265
10.6814  0  3.14159  -0.000710844  0.0578779
14.4513  0  3.14159  -0.0004183  0.0275498
33.3009  0  3.14159  -8.60656e-05  0.00276629
-29.531  3.14159  0  -0.00010867  -0.00390762
-14.4513  3.14159  0  -0.000418059  -0.0275499
-8.16814  3.14159  0  -0.00110452  -0.105265
-5.65487  3.14159  0  -0.00192384  -0.21465
-4.39823  3.14159  0  -0.00273597  -0.325115
-3.14159  3.14159  0  -0.00429024  -0.52602
-1.88496  3.14159  0  -0.00813738  -0.992782
-0.628319  3.14159  0  -0.0186443  -3.91782
0.628319  3.14159  0  -0.0186445  3.91782
1.88496  3.14159  0  -0.0081383  0.992782
3.14159  3.14159  0  -0.00429097  0.52602
4.39823  3.14159  0  -0.00273654  0.325115
5.65487  3.14159  0  -0.00192434  0.21465
8.16814  3.14159  0  -0.00110498  0.105265
10.6814  3.14159  0  -0.000710844  0.0578779
14.4513  3.14159  0  -0.0004183  0.0275498
33.3009  3.14159  0  -8.60656e-05  0.00276629
-29.531  3.14159  3.14159  -0.000199123  -0.00391046
-14.4513  3.14159  3.14159  -0.00170605  -0.0276441
-8.16814  3.14159  3.14159  -0.00876811  -0.106375
-5.65487  3.14159  3.14159  -0.0210511  -0.21856
-4.39823  3.14159  3.14159  -0.0351733  -0.329907
-3.14159  3.14159  3.14159  -0.0638453  -0.508716
-1.88496  3.14159  3.14159  -0.129773  -0.736585
-0.628319  3.14159  3.14159  -0.27149  -0.629469
0.628319  3.14159  3.14159  -0.27149  0.629469
1.88496  3.14159  3.14159  -0.129773  0.736585
3.14159  3.14159  3.14159  -0.0638462  0.508716
4.39823  3.14159  3.14159  -0.0351739  0.329907
5.65487  3.14159  3.14159  -0.0210516  0.21856
8.16814  3.14159  3.14159  -0.00876844  0.106375
10.6814  3.14159  3.14159  -0.00420185  0.0582318
14.4513  3.14159  3.14159  -0.00170632  0.0276441
33.3009  3.14159  3.14159  -0.000142705  0.00276765
