-29.531  0  0  -5.77318e-06  -0.00380756
-14.4513  0  0  0.000930306  -0.0268059
-8.16814  0  0  0.00687533  -0.10232
-5.65487  0  0  0.0182595  -0.208473
-4.39823  0  0  0.0319746  -0.312465
-3.14159  0  0  0.0606262  -0.476875
-1.88496  0  0  0.126696  -0.681059
-0.628319  0  0  0.262935  -0.576632
0.628319  0  0  0.262934  0.576633
1.88496  0  0  0.126695  0.68106
3.14159  0  0  0.0606253  0.476875
4.39823  0  0  0.0319738  0.312465
5.65487  0  0  0.0182589  0.208473
8.16814  0  0  0.00687486  0.10232
10.6814  0  0  0.00291711  0.0562642
14.4513  0  0  0.000929949  0.0268059
33.3009  0  0  -1.97201e-05  0.00269572
-29.531  0  3.14159  -9.6595e-05  -0.00380096
-14.4513  0  3.14159  -0.000369709  -0.0266948
-8.16814  0  3.14159  -0.000967239  -0.101303
-5.65487  0  3.14159  -0.00166758  -0.20528
-4.39823  0  3.14159  -0.00235006  -0.309453
-3.14159  0  3.14159  -0.00362693  -0.497566
-1.88496  0  3.14159  -0.00661546  -0.932355
-0.628319  0  3.14159  -0.0131628  -3.31814
0.628319  0  3.14159  -0.0131643  3.31814
1.88496  0  3.14159  -0.00661679  0.932355
3.14159  0  3.14159  -0.00362788  0.497566
4.39823  0  3.14159  -0.00235084  0.309453
5.65487  0  3.14159  -0.00166824  0.20528
8.16814  0  3.14159  -0.000967768  0.101303
10.6814  0  3.14159  -0.000626136  0.0559056
14.4513  0  3.14159  -0.000370062  0.0266948
33.3009  0  3.14159  -7.6577e-05  0.00269165
-29.531  3.14159  0  -9.6595e-05  -0.00380096
-14.4513  3.14159  0  -0.000369709  -0.0266948
-8.16814  3.14159  0  -0.000967239  -0.101303
-5.65487  3.14159  0  -0.00166758  -0.20528
-4.39823  3.14159  0  -0.00235006  -0.309453
-3.14159  3.14159  0  -0.00362693  -0.497566
-1.88496  3.14159  0  -0.00661546  -0.932355
-0.628319  3.14159  0  -0.0131628  -3.31814
0.628319  3.14159  0  -0.0131643  3.31814
1.88496  3.14159  0  -0.00661679  0.932355
3.14159  3.14159  0  -0.00362788  0.497566
4.39823  3.14159  0  -0.00235084  0.309453
5.65487  3.14159  0  -0.00166824  0.20528
8.16814  3.14159  0  -0.000967768  0.101303
10.6814  3.14159  0  -0.000626136  0.0559056
14.4513  3.14159  0  -0.000370062  0.0266948
33.3009  3.14159  0  -7.6577e-05  0.00269165
-29.531  3.14159  3.14159  -0.000186304  -0.0038029
-14.4513  3.14159  3.14159  -0.00165027  -0.026759
-8.16814  3.14159  3.14159  -0.00863406  -0.102055
-5.65487  3.14159  3.14159  -0.0209339  -0.207808
-4.39823  3.14159  3.14159  -0.0351719  -0.311367
-3.14159  3.14159  3.14159  -0.0640362  -0.475078
-1.88496  3.14159  3.14159  -0.129155  -0.678474
-0.628319  3.14159  3.14159  -0.263228  -0.574822
0.628319  3.14159  3.14159  -0.263229  0.574823
1.88496  3.14159  3.14159  -0.129156  0.678473
3.14159  3.14159  3.14159  -0.0640371  0.475078
4.39823  3.14159  3.14159  -0.0351726  0.311366
5.65487  3.14159  3.14159  -0.0209345  0.207808
8.16814  3.14159  3.14159  -0.0086345  0.102055
10.6814  3.14159  3.14159  -0.00410593  0.0561429
14.4513  3.14159  3.14159  -0.00165065  0.026759
33.3009  3.14159  3.14159  -0.000132742  0.00269253
