-29.531  0  0  0.00316368  -0.157161
-14.4513  0  0  0.0146143  -0.318166
-8.16814  0  0  0.0458826  -0.539241
-5.65487  0  0  0.084053  -0.72357
-4.39823  0  0  0.117657  -0.85433
-3.14159  0  0  0.167796  -1.00445
-1.88496  0  0  0.240679  -1.09101
-0.628319  0  0  0.329025  -0.72347
0.628319  0  0  0.329025  0.72347
1.88496  0  0  0.240679  1.09101
3.14159  0  0  0.167796  1.00445
4.39823  0  0  0.117657  0.85433
5.65487  0  0  0.0840527  0.72357
8.16814  0  0  0.0458821  0.539241
10.6814  0  0  0.0274051  0.423892
14.4513  0  0  0.0146147  0.318166
33.3009  0  0  0.00245644  0.139413
-29.531  0  3.14159  -0.000160473  -0.157607
-14.4513  0  3.14159  -0.000567398  -0.321902
-8.16814  0  3.14159  -0.0012628  -0.555969
-5.65487  0  3.14159  -0.00185615  -0.762032
-4.39823  0  3.14159  -0.00230485  -0.922201
-3.14159  0  3.14159  -0.00298115  -1.15661
-1.88496  0  3.14159  -0.00426541  -1.57656
-0.628319  0  3.14159  -0.00852592  -3.25455
0.628319  0  3.14159  -0.00852637  3.25455
1.88496  0  3.14159  -0.00426573  1.57656
3.14159  0  3.14159  -0.00298145  1.15661
4.39823  0  3.14159  -0.00230514  0.922201
5.65487  0  3.14159  -0.00185645  0.762032
8.16814  0  3.14159  -0.00126309  0.555969
10.6814  0  3.14159  -0.000893739  0.432458
14.4513  0  3.14159  -0.00056748  0.321901
33.3009  0  3.14159  -0.000127926  0.139723
-29.531  3.14159  0  -0.000160473  -0.157607
-14.4513  3.14159  0  -0.000567398  -0.321902
-8.16814  3.14159  0  -0.0012628  -0.555969
-5.65487  3.14159  0  -0.00185615  -0.762032
-4.39823  3.14159  0  -0.00230485  -0.922201
-3.14159  3.14159  0  -0.00298115  -1.15661
-1.88496  3.14159  0  -0.00426541  -1.57656
-0.628319  3.14159  0  -0.00852592  -3.25455
0.628319  3.14159  0  -0.00852637  3.25455
1.88496  3.14159  0  -0.00426573  1.57656
3.14159  3.14159  0  -0.00298145  1.15661
4.39823  3.14159  0  -0.00230514  0.922201
5.65487  3.14159  0  -0.00185645  0.762032
8.16814  3.14159  0  -0.00126309  0.555969
10.6814  3.14159  0  -0.000893739  0.432458
14.4513  3.14159  0  -0.00056748  0.321901
33.3009  3.14159  0  -0.000127926  0.139723
-29.531  3.14159  3.14159  -0.00348218  -0.157119
-14.4513  3.14159  3.14159  -0.015721  -0.317882
-8.16814  3.14159  3.14159  -0.0481987  -0.538289
-5.65487  3.14159  3.14159  -0.0870309  -0.721889
-4.39823  3.14159  3.14159  -0.120672  -0.852103
-3.14159  3.14159  3.14159  -0.169985  -1.00162
-1.88496  3.14159  3.14159  -0.240021  -1.08793
-0.628319  3.14159  3.14159  -0.323849  -0.721889
0.628319  3.14159  3.14159  -0.323849  0.721889
1.88496  3.14159  3.14159  -0.240022  1.08793
3.14159  3.14159  3.14159  -0.169985  1.00162
4.39823  3.14159  3.14159  -0.120672  0.852103
5.65487  3.14159  3.14159  -0.0870312  0.721889
8.16814  3.14159  3.14159  -0.0481991  0.538289
10.6814  3.14159  3.14159  -0.0291106  0.423329
14.4513  3.14159  3.14159  -0.0157209  0.317882
33.3009  3.14159  3.14159  -0.00271115  0.139383
