-29.531  0  0  -1.4407e-05  -0.00389161
-14.4513  0  0  0.000901457  -0.0274983
-8.16814  0  0  0.00679208  -0.105703
-5.65487  0  0  0.0180466  -0.216897
-4.39823  0  0  0.0315902  -0.326993
-3.14159  0  0  0.0600247  -0.503231
-1.88496  0  0  0.126781  -0.726589
-0.628319  0  0  0.269213  -0.619521
0.628319  0  0  0.269212  0.619522
1.88496  0  0  0.126781  0.726589
3.14159  0  0  0.0600238  0.503231
4.39823  0  0  0.0315896  0.326993
5.65487  0  0  0.0180461  0.216897
8.16814  0  0  0.0067917  0.105703
10.6814  0  0  0.0028694  0.0578993
14.4513  0  0  0.000901164  0.0274984
33.3009  0  0  -2.66232e-05  0.00275442
-29.531  0  3.14159  -0.000105991  -0.00388404
-14.4513  0  3.14159  -0.000407331  -0.0273612
-8.16814  0  3.14159  -0.00107397  -0.104393
-5.65487  0  3.14159  -0.00186665  -0.212591
-4.39823  0  3.14159  -0.00264958  -0.32168
-3.14159  0  3.14159  -0.00414096  -0.51981
-1.88496  0  3.14159  -0.0077899  -0.979956
-0.628319  0  3.14159  -0.0173453  -3.78303
0.628319  0  3.14159  -0.0173457  3.78303
1.88496  0  3.14159  -0.00779094  0.979956
3.14159  0  3.14159  -0.00414175  0.51981
4.39823  0  3.14159  -0.00265021  0.32168
5.65487  0  3.14159  -0.0018672  0.212591
8.16814  0  3.14159  -0.00107445  0.104393
10.6814  0  3.14159  -0.000692044  0.0574432
14.4513  0  3.14159  -0.000407605  0.0273612
33.3009  0  3.14159  -8.39635e-05  0.00274979
-29.531  3.14159  0  -0.000105991  -0.00388404
-14.4513  3.14159  0  -0.000407331  -0.0273612
-8.16814  3.14159  0  -0.00107397  -0.104393
-5.65487  3.14159  0  -0.00186665  -0.212591
-4.39823  3.14159  0  -0.00264958  -0.32168
-3.14159  3.14159  0  -0.00414096  -0.51981
-1.88496  3.14159  0  -0.0077899  -0.979956
-0.628319  3.14159  0  -0.0173453  -3.78303
0.628319  3.14159  0  -0.0173457  3.78303
1.88496  3.14159  0  -0.00779094  0.979956
3.14159  3.14159  0  -0.00414175  0.51981
4.39823  3.14159  0  -0.00265021  0.32168
5.65487  3.14159  0  -0.0018672  0.212591
8.16814  3.14159  0  -0.00107445  0.104393
10.6814  3.14159  0  -0.000692044  0.0574432
14.4513  3.14159  0  -0.000407605  0.0273612
33.3009  3.14159  0  -8.39635e-05  0.00274979
-29.531  3.14159  3.14159  -0.000196287  -0.00388668
-14.4513  3.14159  3.14159  -0.00169376  -0.0274486
-8.16814  3.14159  3.14159  -0.0087385  -0.105422
-5.65487  3.14159  3.14159  -0.0210246  -0.21619
-4.39823  3.14159  3.14159  -0.0351716  -0.325819
-3.14159  3.14159  3.14159  -0.0638867  -0.501295
-1.88496  3.14159  3.14159  -0.129646  -0.723763
-0.628319  3.14159  3.14159  -0.269716  -0.617516
0.628319  3.14159  3.14159  -0.269717  0.617516
1.88496  3.14159  3.14159  -0.129646  0.723763
3.14159  3.14159  3.14159  -0.0638875  0.501295
4.39823  3.14159  3.14159  -0.0351722  0.325819
5.65487  3.14159  3.14159  -0.0210251  0.21619
8.16814  3.14159  3.14159  -0.00873886  0.105422
10.6814  3.14159  3.14159  -0.00418074  0.0577708
14.4513  3.14159  3.14159  -0.00169406  0.0274486
33.3009  3.14159  3.14159  -0.000140502  0.00275104
