-29.531  0  0  -0.0035819  0.176927
-14.4513  0  0  -0.0162202  0.357345
-8.16814  0  0  -0.0501687  0.60411
-5.65487  0  0  -0.0917746  0.810384
-4.39823  0  0  -0.128959  0.958176
-3.14159  0  0  -0.18572  1.13183
-1.88496  0  0  -0.270582  1.24255
-0.628319  0  0  -0.373043  0.831292
0.628319  0  0  -0.373043  -0.831292
1.88496  0  0  -0.270582  -1.24255
3.14159  0  0  -0.18572  -1.13183
4.39823  0  0  -0.128959  -0.958176
5.65487  0  0  -0.0917744  -0.810384
8.16814  0  0  -0.050169  -0.604109
10.6814  0  0  -0.0301374  -0.475409
14.4513  0  0  -0.0162199  -0.357346
33.3009  0  0  -0.002788  -0.156982
-29.531  0  3.14159  -0.000242184  0.177535
-14.4513  0  3.14159  -0.00110047  0.36238
-8.16814  0  3.14159  -0.00363363  0.626898
-5.65487  0  3.14159  -0.00723673  0.863373
-4.39823  0  3.14159  -0.0109751  1.05065
-3.14159  0  3.14159  -0.0181235  1.33101
-1.88496  0  3.14159  -0.0363783  1.84771
-0.628319  0  3.14159  -0.229409  4.43165
0.628319  0  3.14159  -0.229409  -4.43165
1.88496  0  3.14159  -0.036378  -1.84771
3.14159  0  3.14159  -0.0181232  -1.33101
4.39823  0  3.14159  -0.0109748  -1.05065
5.65487  0  3.14159  -0.0072365  -0.863373
8.16814  0  3.14159  -0.00363342  -0.626895
10.6814  0  3.14159  -0.00209498  -0.486976
14.4513  0  3.14159  -0.00110041  -0.362383
33.3009  0  3.14159  -0.00018865  -0.157406
-29.531  3.14159  0  -0.000242184  0.177535
-14.4513  3.14159  0  -0.00110047  0.36238
-8.16814  3.14159  0  -0.00363363  0.626898
-5.65487  3.14159  0  -0.00723673  0.863373
-4.39823  3.14159  0  -0.0109751  1.05065
-3.14159  3.14159  0  -0.0181235  1.33101
-1.88496  3.14159  0  -0.0363783  1.84771
-0.628319  3.14159  0  -0.229409  4.43165
0.628319  3.14159  0  -0.229409  -4.43165
1.88496  3.14159  0  -0.036378  -1.84771
3.14159  3.14159  0  -0.0181232  -1.33101
4.39823  3.14159  0  -0.0109748  -1.05065
5.65487  3.14159  0  -0.0072365  -0.863373
8.16814  3.14159  0  -0.00363342  -0.626895
10.6814  3.14159  0  -0.00209498  -0.486976
14.4513  3.14159  0  -0.00110041  -0.362383
33.3009  3.14159  0  -0.00018865  -0.157406
-29.531  3.14159  3.14159  0.0031103  0.176945
-14.4513  3.14159  3.14159  0.0141941  0.357516
-8.16814  3.14159  3.14159  0.043755  0.604913
-5.65487  3.14159  3.14159  0.0787721  0.812094
-4.39823  3.14159  3.14159  0.108705  0.960736
-3.14159  3.14159  3.14159  0.152181  1.13569
-1.88496  3.14159  3.14159  0.215023  1.248
-0.628319  3.14159  3.14159  0.298466  0.834938
0.628319  3.14159  3.14159  0.298466  -0.834937
1.88496  3.14159  3.14159  0.215023  -1.248
3.14159  3.14159  3.14159  0.152181  -1.13569
4.39823  3.14159  3.14159  0.108705  -0.960735
5.65487  3.14159  3.14159  0.0787724  -0.812094
8.16814  3.14159  3.14159  0.0437552  -0.604912
10.6814  3.14159  3.14159  0.02639  -0.475816
14.4513  3.14159  3.14159  0.0141941  -0.357518
33.3009  3.14159  3.14159  0.00241874  -0.156994
