-29.531  0  0  -0.00334985  0.156155
-14.4513  0  0  -0.0152875  0.316054
-8.16814  0  0  -0.0474311  0.535438
-5.65487  0  0  -0.0863339  0.718192
-4.39823  0  0  -0.120381  0.847716
-3.14159  0  0  -0.170833  0.996182
-1.88496  0  0  -0.243329  1.08116
-0.628319  0  0  -0.329907  0.716482
0.628319  0  0  -0.329906  -0.716483
1.88496  0  0  -0.243329  -1.08116
3.14159  0  0  -0.170832  -0.996182
4.39823  0  0  -0.120381  -0.847716
5.65487  0  0  -0.0863336  -0.718192
8.16814  0  0  -0.0474309  -0.535438
10.6814  0  0  -0.028483  -0.420998
14.4513  0  0  -0.0152873  -0.316055
33.3009  0  0  -0.0026049  -0.138524
-29.531  0  3.14159  -2.98945e-05  0.156617
-14.4513  0  3.14159  -0.000135724  0.319891
-8.16814  0  3.14159  -0.000444449  0.552445
-5.65487  0  3.14159  -0.000875678  0.756995
-4.39823  0  3.14159  -0.00131836  0.915801
-3.14159  0  3.14159  -0.00216503  1.14787
-1.88496  0  3.14159  -0.0043838  1.56274
-0.628319  0  3.14159  -0.0211153  3.19787
0.628319  0  3.14159  -0.0211147  -3.19787
1.88496  0  3.14159  -0.00438335  -1.56274
3.14159  0  3.14159  -0.00216462  -1.14787
4.39823  0  3.14159  -0.00131798  -0.915801
5.65487  0  3.14159  -0.000875327  -0.756995
8.16814  0  3.14159  -0.00044416  -0.552445
10.6814  0  3.14159  -0.00025735  -0.42975
14.4513  0  3.14159  -0.000135505  -0.319892
33.3009  0  3.14159  -2.32278e-05  -0.138845
-29.531  3.14159  0  -2.98945e-05  0.156617
-14.4513  3.14159  0  -0.000135724  0.319891
-8.16814  3.14159  0  -0.000444449  0.552445
-5.65487  3.14159  0  -0.000875678  0.756995
-4.39823  3.14159  0  -0.00131836  0.915801
-3.14159  3.14159  0  -0.00216503  1.14787
-1.88496  3.14159  0  -0.0043838  1.56274
-0.628319  3.14159  0  -0.0211153  3.19787
0.628319  3.14159  0  -0.0211147  -3.19787
1.88496  3.14159  0  -0.00438335  -1.56274
3.14159  3.14159  0  -0.00216462  -1.14787
4.39823  3.14159  0  -0.00131798  -0.915801
5.65487  3.14159  0  -0.000875327  -0.756995
8.16814  3.14159  0  -0.00044416  -0.552445
10.6814  3.14159  0  -0.00025735  -0.42975
14.4513  3.14159  0  -0.000135505  -0.319892
33.3009  3.14159  0  -2.32278e-05  -0.138845
-29.531  3.14159  3.14159  0.00329144  0.156158
-14.4513  3.14159  3.14159  0.0150365  0.316078
-8.16814  3.14159  3.14159  0.0466368  0.535551
-5.65487  3.14159  3.14159  0.0847374  0.718434
-4.39823  3.14159  3.14159  0.117922  0.848076
-3.14159  3.14159  3.14159  0.166845  0.996715
-1.88496  3.14159  3.14159  0.236967  1.08188
-0.628319  3.14159  3.14159  0.321767  0.716951
0.628319  3.14159  3.14159  0.321767  -0.716951
1.88496  3.14159  3.14159  0.236967  -1.08188
3.14159  3.14159  3.14159  0.166845  -0.996715
4.39823  3.14159  3.14159  0.117922  -0.848076
5.65487  3.14159  3.14159  0.0847378  -0.718434
8.16814  3.14159  3.14159  0.0466371  -0.535551
10.6814  3.14159  3.14159  0.0280186  -0.421055
14.4513  3.14159  3.14159  0.0150365  -0.316079
33.3009  3.14159  3.14159  0.00255949  -0.138526
