-29.531  0  0  0.00316247  -0.154948
-14.4513  0  0  0.0146149  -0.313757
-8.16814  0  0  0.0459008  -0.531873
-5.65487  0  0  0.0840907  -0.713618
-4.39823  0  0  0.117692  -0.842336
-3.14159  0  0  0.167754  -0.989595
-1.88496  0  0  0.240285  -1.07306
-0.628319  0  0  0.327682  -0.709994
0.628319  0  0  0.327681  0.709994
1.88496  0  0  0.240284  1.07306
3.14159  0  0  0.167754  0.989595
4.39823  0  0  0.117691  0.842336
5.65487  0  0  0.0840904  0.713618
8.16814  0  0  0.0459003  0.531874
10.6814  0  0  0.0274119  0.418071
14.4513  0  0  0.0146152  0.313757
33.3009  0  0  0.00245542  0.137447
-29.531  0  3.14159  -0.000157549  -0.155379
-14.4513  0  3.14159  -0.000556737  -0.317378
-8.16814  0  3.14159  -0.00123854  -0.548044
-5.65487  0  3.14159  -0.00182001  -0.75071
-4.39823  0  3.14159  -0.0022597  -0.907821
-3.14159  0  3.14159  -0.00292093  -1.13698
-1.88496  0  3.14159  -0.00416212  -1.54552
-0.628319  0  3.14159  -0.00775423  -3.12787
0.628319  0  3.14159  -0.00775475  3.12787
1.88496  0  3.14159  -0.0041625  1.54552
3.14159  0  3.14159  -0.00292128  1.13698
4.39823  0  3.14159  -0.00226003  0.907821
5.65487  0  3.14159  -0.00182035  0.75071
8.16814  0  3.14159  -0.00123881  0.548044
10.6814  0  3.14159  -0.000876746  0.426366
14.4513  0  3.14159  -0.000556855  0.317378
33.3009  0  3.14159  -0.000125599  0.137746
-29.531  3.14159  0  -0.000157549  -0.155379
-14.4513  3.14159  0  -0.000556737  -0.317378
-8.16814  3.14159  0  -0.00123854  -0.548044
-5.65487  3.14159  0  -0.00182001  -0.75071
-4.39823  3.14159  0  -0.0022597  -0.907821
-3.14159  3.14159  0  -0.00292093  -1.13698
-1.88496  3.14159  0  -0.00416212  -1.54552
-0.628319  3.14159  0  -0.00775423  -3.12787
0.628319  3.14159  0  -0.00775475  3.12787
1.88496  3.14159  0  -0.0041625  1.54552
3.14159  3.14159  0  -0.00292128  1.13698
4.39823  3.14159  0  -0.00226003  0.907821
5.65487  3.14159  0  -0.00182035  0.75071
8.16814  3.14159  0  -0.00123881  0.548044
10.6814  3.14159  0  -0.000876746  0.426366
14.4513  3.14159  0  -0.000556855  0.317378
33.3009  3.14159  0  -0.000125599  0.137746
-29.531  3.14159  3.14159  -0.00347516  -0.154906
-14.4513  3.14159  3.14159  -0.0157006  -0.313479
-8.16814  3.14159  3.14159  -0.0481698  -0.530942
-5.65487  3.14159  3.14159  -0.0870013  -0.711976
-4.39823  3.14159  3.14159  -0.12063  -0.840163
-3.14159  3.14159  3.14159  -0.169871  -0.986838
-1.88496  3.14159  3.14159  -0.239616  -1.07006
-0.628319  3.14159  3.14159  -0.32263  -0.70845
0.628319  3.14159  3.14159  -0.32263  0.70845
1.88496  3.14159  3.14159  -0.239616  1.07006
3.14159  3.14159  3.14159  -0.169872  0.986838
4.39823  3.14159  3.14159  -0.12063  0.840163
5.65487  3.14159  3.14159  -0.0870015  0.711976
8.16814  3.14159  3.14159  -0.0481703  0.530942
10.6814  3.14159  3.14159  -0.0290841  0.417519
14.4513  3.14159  3.14159  -0.0157006  0.313479
33.3009  3.14159  3.14159  -0.00270548  0.137417
