-29.531  0  0  0.000447351  -0.249491
-14.4513  0  0  0.000715073  -0.465033
-8.16814  0  0  0.00108904  -0.682336
-5.65487  0  0  0.00519452  -0.798642
-4.39823  0  0  0.0123732  -0.844035
-3.14159  0  0  0.0284825  -0.845606
-1.88496  0  0  0.0610027  -0.736587
-0.628319  0  0  0.111167  -0.389581
0.628319  0  0  0.111166  0.389581
1.88496  0  0  0.0610024  0.736587
3.14159  0  0  0.0284823  0.845606
4.39823  0  0  0.012373  0.844035
5.65487  0  0  0.00519452  0.798642
8.16814  0  0  0.00108966  0.682335
10.6814  0  0  0.000642396  0.579868
14.4513  0  0  0.00071449  0.465033
33.3009  0  0  0.000375749  0.222822
-29.531  0  3.14159  -1.20322e-05  -0.250454
-14.4513  0  3.14159  -0.000103087  -0.473939
-8.16814  0  3.14159  -0.000454396  -0.734471
-5.65487  0  3.14159  -0.000957809  -0.944601
-4.39823  0  3.14159  -0.0014673  -1.112
-3.14159  0  3.14159  -0.00245529  -1.36809
-1.88496  0  3.14159  -0.00517029  -1.80525
-0.628319  0  3.14159  -0.0472712  -1.87878
0.628319  0  3.14159  -0.047272  1.87878
1.88496  0  3.14159  -0.00517073  1.80525
3.14159  0  3.14159  -0.00245561  1.36809
4.39823  0  3.14159  -0.00146756  1.112
5.65487  0  3.14159  -0.000958074  0.944601
8.16814  0  3.14159  -0.000454828  0.734471
10.6814  0  3.14159  -0.000237194  0.602857
14.4513  0  3.14159  -0.000103655  0.473939
33.3009  0  3.14159  -8.98368e-06  0.22349
-29.531  3.14159  0  -1.20322e-05  -0.250454
-14.4513  3.14159  0  -0.000103087  -0.473939
-8.16814  3.14159  0  -0.000454396  -0.734471
-5.65487  3.14159  0  -0.000957809  -0.944601
-4.39823  3.14159  0  -0.0014673  -1.112
-3.14159  3.14159  0  -0.00245529  -1.36809
-1.88496  3.14159  0  -0.00517029  -1.80525
-0.628319  3.14159  0  -0.0472712  -1.87878
0.628319  3.14159  0  -0.047272  1.87878
1.88496  3.14159  0  -0.00517073  1.80525
3.14159  3.14159  0  -0.00245561  1.36809
4.39823  3.14159  0  -0.00146756  1.112
5.65487  3.14159  0  -0.000958074  0.944601
8.16814  3.14159  0  -0.000454828  0.734471
10.6814  3.14159  0  -0.000237194  0.602857
14.4513  3.14159  0  -0.000103655  0.473939
33.3009  3.14159  0  -8.98368e-06  0.22349
-29.531  3.14159  3.14159  -0.000470727  -0.249474
-14.4513  3.14159  3.14159  -0.00093127  -0.464902
-8.16814  3.14159  3.14159  -0.00213061  -0.681809
-5.65487  3.14159  3.14159  -0.00759179  -0.797617
-4.39823  3.14159  3.14159  -0.0162116  -0.842611
-3.14159  3.14159  3.14159  -0.0347294  -0.843716
-1.88496  3.14159  3.14159  -0.0706167  -0.734453
-0.628319  3.14159  3.14159  -0.123661  -0.388468
0.628319  3.14159  3.14159  -0.123661  0.388467
1.88496  3.14159  3.14159  -0.070617  0.734453
3.14159  3.14159  3.14159  -0.0347296  0.843716
4.39823  3.14159  3.14159  -0.0162117  0.842611
5.65487  3.14159  3.14159  -0.00759178  0.797617
8.16814  3.14159  3.14159  -0.00212997  0.681809
10.6814  3.14159  3.14159  -0.00115777  0.579582
14.4513  3.14159  3.14159  -0.000931965  0.464902
33.3009  3.14159  3.14159  -0.000394624  0.222811
