-29.531  0  0  -0.00657495  0.254494
-14.4513  0  0  -0.0269217  0.508521
-8.16814  0  0  -0.0795426  0.853006
-5.65487  0  0  -0.150396  1.13979
-4.39823  0  0  -0.221128  1.34437
-3.14159  0  0  -0.340127  1.59121
-1.88496  0  0  -0.543382  1.76367
-0.628319  0  0  -0.840342  1.23662
0.628319  0  0  -0.838865  -1.237
1.88496  0  0  -0.543479  -1.76421
3.14159  0  0  -0.33977  -1.59106
4.39823  0  0  -0.220926  -1.34423
5.65487  0  0  -0.150626  -1.13972
8.16814  0  0  -0.0797276  -0.853054
10.6814  0  0  -0.0483571  -0.672822
14.4513  0  0  -0.0270335  -0.508543
33.3009  0  0  -0.00515916  -0.225215
-29.531  0  3.14159  -4.91266e-05  0.254886
-14.4513  0  3.14159  -0.000278929  0.51965
-8.16814  0  3.14159  -0.000719502  0.910157
-5.65487  0  3.14159  -0.000948349  1.28587
-4.39823  0  3.14159  -0.00157108  1.6171
-3.14159  0  3.14159  -0.00261887  2.15846
-1.88496  0  3.14159  -0.0091459  3.25195
-0.628319  0  3.14159  -0.04963  7.73446
0.628319  0  3.14159  -0.0501427  -7.73422
1.88496  0  3.14159  -0.00921984  -3.25168
3.14159  0  3.14159  -0.00272059  -2.15849
4.39823  0  3.14159  -0.00160221  -1.61711
5.65487  0  3.14159  -0.000928016  -1.2859
8.16814  0  3.14159  -0.000734436  -0.910132
10.6814  0  3.14159  -0.000275517  -0.699916
14.4513  0  3.14159  -0.000229046  -0.519641
33.3009  0  3.14159  -3.30653e-05  -0.226806
-29.531  3.14159  0  -4.91266e-05  0.254886
-14.4513  3.14159  0  -0.000278929  0.51965
-8.16814  3.14159  0  -0.000719502  0.910157
-5.65487  3.14159  0  -0.000948349  1.28587
-4.39823  3.14159  0  -0.00157108  1.6171
-3.14159  3.14159  0  -0.00261887  2.15846
-1.88496  3.14159  0  -0.0091459  3.25195
-0.628319  3.14159  0  -0.04963  7.73446
0.628319  3.14159  0  -0.0501427  -7.73422
1.88496  3.14159  0  -0.00921984  -3.25168
3.14159  3.14159  0  -0.00272059  -2.15849
4.39823  3.14159  0  -0.00160221  -1.61711
5.65487  3.14159  0  -0.000928016  -1.2859
8.16814  3.14159  0  -0.000734436  -0.910132
10.6814  3.14159  0  -0.000275517  -0.699916
14.4513  3.14159  0  -0.000229046  -0.519641
33.3009  3.14159  0  -3.30653e-05  -0.226806
-29.531  3.14159  3.14159  0.00647397  0.254498
-14.4513  3.14159  3.14159  0.0265975  0.508561
-8.16814  3.14159  3.14159  0.0788436  0.853195
-5.65487  3.14159  3.14159  0.148838  1.14027
-4.39823  3.14159  3.14159  0.218519  1.34517
-3.14159  3.14159  3.14159  0.339076  1.59261
-1.88496  3.14159  3.14159  0.545449  1.76597
-0.628319  3.14159  3.14159  0.840149  1.23827
0.628319  3.14159  3.14159  0.841646  -1.23866
1.88496  3.14159  3.14159  0.545352  -1.76652
3.14159  3.14159  3.14159  0.339438  -1.59247
4.39823  3.14159  3.14159  0.218722  -1.34503
5.65487  3.14159  3.14159  0.148606  -1.1402
8.16814  3.14159  3.14159  0.0786568  -0.853243
10.6814  3.14159  3.14159  0.0476144  -0.672919
14.4513  3.14159  3.14159  0.0264835  -0.508583
33.3009  3.14159  3.14159  0.00511724  -0.225219
