-29.531  0  0  0.000444619  -0.234252
-14.4513  0  0  0.000719907  -0.435234
-8.16814  0  0  0.00116569  -0.635285
-5.65487  0  0  0.00537978  -0.740578
-4.39823  0  0  0.0126355  -0.780894
-3.14159  0  0  0.0287768  -0.781373
-1.88496  0  0  0.0610469  -0.682769
-0.628319  0  0  0.110186  -0.365465
0.628319  0  0  0.110186  0.365465
1.88496  0  0  0.0610465  0.682769
3.14159  0  0  0.0287764  0.781373
4.39823  0  0  0.0126352  0.780894
5.65487  0  0  0.00537969  0.740578
8.16814  0  0  0.00116622  0.635285
10.6814  0  0  0.000671285  0.541365
14.4513  0  0  0.000719267  0.435234
33.3009  0  0  0.000373317  0.209268
-29.531  0  3.14159  -1.28816e-05  -0.235131
-14.4513  0  3.14159  -0.000105648  -0.443385
-8.16814  0  3.14159  -0.000457378  -0.683091
-5.65487  0  3.14159  -0.000960841  -0.874045
-4.39823  0  3.14159  -0.00147364  -1.02483
-3.14159  0  3.14159  -0.00247883  -1.25289
-1.88496  0  3.14159  -0.00534505  -1.62932
-0.628319  0  3.14159  -0.040944  -1.72253
0.628319  0  3.14159  -0.0409451  1.72253
1.88496  0  3.14159  -0.00534563  1.62932
3.14159  0  3.14159  -0.00247925  1.25289
4.39823  0  3.14159  -0.00147399  1.02483
5.65487  0  3.14159  -0.000961135  0.874045
8.16814  0  3.14159  -0.000457671  0.683091
10.6814  0  3.14159  -0.000240204  0.562438
14.4513  0  3.14159  -0.000106282  0.443385
33.3009  0  3.14159  -9.87357e-06  0.209876
-29.531  3.14159  0  -1.28816e-05  -0.235131
-14.4513  3.14159  0  -0.000105648  -0.443385
-8.16814  3.14159  0  -0.000457378  -0.683091
-5.65487  3.14159  0  -0.000960841  -0.874045
-4.39823  3.14159  0  -0.00147364  -1.02483
-3.14159  3.14159  0  -0.00247883  -1.25289
-1.88496  3.14159  0  -0.00534505  -1.62932
-0.628319  3.14159  0  -0.040944  -1.72253
0.628319  3.14159  0  -0.0409451  1.72253
1.88496  3.14159  0  -0.00534563  1.62932
3.14159  3.14159  0  -0.00247925  1.25289
4.39823  3.14159  0  -0.00147399  1.02483
5.65487  3.14159  0  -0.000961135  0.874045
8.16814  3.14159  0  -0.000457671  0.683091
10.6814  3.14159  0  -0.000240204  0.562438
14.4513  3.14159  0  -0.000106282  0.443385
33.3009  3.14159  0  -9.87357e-06  0.209876
-29.531  3.14159  3.14159  -0.000469851  -0.234236
-14.4513  3.14159  3.14159  -0.000939353  -0.435108
-8.16814  3.14159  3.14159  -0.00219215  -0.634779
-5.65487  3.14159  3.14159  -0.00770204  -0.739595
-4.39823  3.14159  3.14159  -0.0163077  -0.779531
-3.14159  3.14159  3.14159  -0.0346501  -0.779569
-1.88496  3.14159  3.14159  -0.0698786  -0.680739
-0.628319  3.14159  3.14159  -0.121412  -0.3644
0.628319  3.14159  3.14159  -0.121412  0.364399
1.88496  3.14159  3.14159  -0.069879  0.680739
3.14159  3.14159  3.14159  -0.0346504  0.779569
4.39823  3.14159  3.14159  -0.016308  0.779531
5.65487  3.14159  3.14159  -0.0077021  0.739595
8.16814  3.14159  3.14159  -0.00219164  0.634779
10.6814  3.14159  3.14159  -0.0011859  0.541089
14.4513  3.14159  3.14159  -0.000940078  0.435108
33.3009  3.14159  3.14159  -0.000393751  0.209257
