-29.531  0  0  -0.0117977  0.606407
-14.4513  0  0  -0.0477588  1.17546
-8.16814  0  0  -0.127218  1.81357
-5.65487  0  0  -0.209481  2.19187
-4.39823  0  0  -0.288463  2.34222
-3.14159  0  0  -0.386897  2.33074
-1.88496  0  0  -0.528709  1.88095
-0.628319  0  0  -0.611833  0.78439
0.628319  0  0  -0.621307  -0.781643
1.88496  0  0  -0.52842  -1.87718
3.14159  0  0  -0.389169  -2.33164
4.39823  0  0  -0.289721  -2.34305
5.65487  0  0  -0.20813  -2.19231
8.16814  0  0  -0.126214  -1.81324
10.6814  0  0  -0.0802787  -1.50447
14.4513  0  0  -0.0470218  -1.17532
33.3009  0  0  -0.00928147  -0.541761
-29.531  0  3.14159  3.15166e-06  0.614246
-14.4513  0  3.14159  -3.26023e-07  1.26211
-8.16814  0  3.14159  -5.2116e-06  2.23395
-5.65487  0  3.14159  1.34604e-05  3.18699
-4.39823  0  3.14159  1.53086e-05  4.09204
-3.14159  0  3.14159  1.97293e-05  5.70385
-1.88496  0  3.14159  -2.05624e-05  9.50913
-0.628319  0  3.14159  9.33643e-05  28.2633
0.628319  0  3.14159  -1.39566e-05  -28.2633
1.88496  0  3.14159  3.75813e-05  -9.50912
3.14159  0  3.14159  -5.82782e-06  -5.70386
4.39823  0  3.14159  -5.71345e-06  -4.09204
5.65487  0  3.14159  -7.66749e-06  -3.18699
8.16814  0  3.14159  6.94757e-06  -2.23395
10.6814  0  3.14159  -1.55114e-06  -1.70372
14.4513  0  3.14159  -5.21907e-07  -1.26211
33.3009  0  3.14159  -8.70913e-07  -0.549394
-29.531  3.14159  0  3.15166e-06  0.614246
-14.4513  3.14159  0  -3.26023e-07  1.26211
-8.16814  3.14159  0  -5.2116e-06  2.23395
-5.65487  3.14159  0  1.34604e-05  3.18699
-4.39823  3.14159  0  1.53086e-05  4.09204
-3.14159  3.14159  0  1.97293e-05  5.70385
-1.88496  3.14159  0  -2.05624e-05  9.50913
-0.628319  3.14159  0  9.33643e-05  28.2633
0.628319  3.14159  0  -1.39566e-05  -28.2633
1.88496  3.14159  0  3.75813e-05  -9.50912
3.14159  3.14159  0  -5.82782e-06  -5.70386
4.39823  3.14159  0  -5.71345e-06  -4.09204
5.65487  3.14159  0  -7.66749e-06  -3.18699
8.16814  3.14159  0  6.94757e-06  -2.23395
10.6814  3.14159  0  -1.55114e-06  -1.70372
14.4513  3.14159  0  -5.21907e-07  -1.26211
33.3009  3.14159  0  -8.70913e-07  -0.549394
-29.531  3.14159  3.14159  0.0114536  0.60641
-14.4513  3.14159  3.14159  0.0445614  1.17544
-8.16814  3.14159  3.14159  0.124025  1.81363
-5.65487  3.14159  3.14159  0.22186  2.19201
-4.39823  3.14159  3.14159  0.295192  2.34211
-3.14159  3.14159  3.14159  0.407705  2.33065
-1.88496  3.14159  3.14159  0.519142  1.8811
-0.628319  3.14159  3.14159  0.635631  0.78432
0.628319  3.14159  3.14159  0.625581  -0.781405
1.88496  3.14159  3.14159  0.519452  -1.8771
3.14159  3.14159  3.14159  0.405295  -2.3316
4.39823  3.14159  3.14159  0.293856  -2.343
5.65487  3.14159  3.14159  0.2233  -2.19248
8.16814  3.14159  3.14159  0.12509  -1.81328
10.6814  3.14159  3.14159  0.079601  -1.50457
14.4513  3.14159  3.14159  0.0453453  -1.17529
33.3009  3.14159  3.14159  0.00903932  -0.541751
