-29.531  0  0  0.00316377  -0.157329
-14.4513  0  0  0.0146143  -0.3185
-8.16814  0  0  0.0458813  -0.539798
-5.65487  0  0  0.0840502  -0.724322
-4.39823  0  0  0.117654  -0.855236
-3.14159  0  0  0.167799  -1.00557
-1.88496  0  0  0.240709  -1.09236
-0.628319  0  0  0.329125  -0.724482
0.628319  0  0  0.329125  0.724482
1.88496  0  0  0.240708  1.09236
3.14159  0  0  0.167799  1.00557
4.39823  0  0  0.117654  0.855236
5.65487  0  0  0.0840499  0.724322
8.16814  0  0  0.0458807  0.539798
10.6814  0  0  0.0274046  0.424333
14.4513  0  0  0.0146146  0.318499
33.3009  0  0  0.00245652  0.139562
-29.531  0  3.14159  -0.00016069  -0.157775
-14.4513  0  3.14159  -0.000568192  -0.322244
-8.16814  0  3.14159  -0.00126461  -0.556568
-5.65487  0  3.14159  -0.00185883  -0.762889
-4.39823  0  3.14159  -0.0023082  -0.923289
-3.14159  0  3.14159  -0.00298559  -1.1581
-1.88496  0  3.14159  -0.00427294  -1.5789
-0.628319  0  3.14159  -0.00858564  -3.26416
0.628319  0  3.14159  -0.00858609  3.26416
1.88496  0  3.14159  -0.00427325  1.5789
3.14159  0  3.14159  -0.00298589  1.1581
4.39823  0  3.14159  -0.00230848  0.923289
5.65487  0  3.14159  -0.00185913  0.762889
8.16814  0  3.14159  -0.00126489  0.556568
10.6814  0  3.14159  -0.000895003  0.432919
14.4513  0  3.14159  -0.00056827  0.322244
33.3009  0  3.14159  -0.000128099  0.139872
-29.531  3.14159  0  -0.00016069  -0.157775
-14.4513  3.14159  0  -0.000568192  -0.322244
-8.16814  3.14159  0  -0.00126461  -0.556568
-5.65487  3.14159  0  -0.00185883  -0.762889
-4.39823  3.14159  0  -0.0023082  -0.923289
-3.14159  3.14159  0  -0.00298559  -1.1581
-1.88496  3.14159  0  -0.00427294  -1.5789
-0.628319  3.14159  0  -0.00858564  -3.26416
0.628319  3.14159  0  -0.00858609  3.26416
1.88496  3.14159  0  -0.00427325  1.5789
3.14159  3.14159  0  -0.00298589  1.1581
4.39823  3.14159  0  -0.00230848  0.923289
5.65487  3.14159  0  -0.00185913  0.762889
8.16814  3.14159  0  -0.00126489  0.556568
10.6814  3.14159  0  -0.000895003  0.432919
14.4513  3.14159  0  -0.00056827  0.322244
33.3009  3.14159  0  -0.000128099  0.139872
-29.531  3.14159  3.14159  -0.0034827  -0.157286
-14.4513  3.14159  3.14159  -0.0157225  -0.318215
-8.16814  3.14159  3.14159  -0.0482009  -0.538844
-5.65487  3.14159  3.14159  -0.0870331  -0.722638
-4.39823  3.14159  3.14159  -0.120675  -0.853006
-3.14159  3.14159  3.14159  -0.169993  -1.00274
-1.88496  3.14159  3.14159  -0.240051  -1.08927
-0.628319  3.14159  3.14159  -0.323939  -0.722898
0.628319  3.14159  3.14159  -0.32394  0.722898
1.88496  3.14159  3.14159  -0.240052  1.08927
3.14159  3.14159  3.14159  -0.169993  1.00274
4.39823  3.14159  3.14159  -0.120675  0.853006
5.65487  3.14159  3.14159  -0.0870333  0.722638
8.16814  3.14159  3.14159  -0.0482013  0.538844
10.6814  3.14159  3.14159  -0.0291125  0.423768
14.4513  3.14159  3.14159  -0.0157224  0.318215
33.3009  3.14159  3.14159  -0.00271158  0.139532
