-29.531  0  0  -0.00333681  0.150006
-14.4513  0  0  -0.0152538  0.303814
-8.16814  0  0  -0.0473988  0.51499
-5.65487  0  0  -0.0863078  0.690557
-4.39823  0  0  -0.120306  0.814373
-3.14159  0  0  -0.170488  0.95479
-1.88496  0  0  -0.241941  1.03092
-0.628319  0  0  -0.325867  0.6783
0.628319  0  0  -0.325866  -0.6783
1.88496  0  0  -0.241941  -1.03092
3.14159  0  0  -0.170487  -0.95479
4.39823  0  0  -0.120306  -0.814373
5.65487  0  0  -0.0863074  -0.690557
8.16814  0  0  -0.0473985  -0.51499
10.6814  0  0  -0.0284451  -0.40484
14.4513  0  0  -0.0152536  -0.303814
33.3009  0  0  -0.00259424  -0.13306
-29.531  0  3.14159  -2.87435e-05  0.150427
-14.4513  0  3.14159  -0.000130232  0.307324
-8.16814  0  3.14159  -0.000425267  0.530434
-5.65487  0  3.14159  -0.000834419  0.725546
-4.39823  0  3.14159  -0.00125243  0.875852
-3.14159  0  3.14159  -0.00205054  1.0933
-1.88496  0  3.14159  -0.00414732  1.47608
-0.628319  0  3.14159  -0.0182107  2.84878
0.628319  0  3.14159  -0.01821  -2.84878
1.88496  0  3.14159  -0.00414681  -1.47608
3.14159  0  3.14159  -0.00205008  -1.0933
4.39823  0  3.14159  -0.00125199  -0.875852
5.65487  0  3.14159  -0.000834013  -0.725546
8.16814  0  3.14159  -0.000424913  -0.530434
10.6814  0  3.14159  -0.000246735  -0.412828
14.4513  0  3.14159  -0.00013008  -0.307324
33.3009  0  3.14159  -2.22553e-05  -0.133353
-29.531  3.14159  0  -2.87435e-05  0.150427
-14.4513  3.14159  0  -0.000130232  0.307324
-8.16814  3.14159  0  -0.000425267  0.530434
-5.65487  3.14159  0  -0.000834419  0.725546
-4.39823  3.14159  0  -0.00125243  0.875852
-3.14159  3.14159  0  -0.00205054  1.0933
-1.88496  3.14159  0  -0.00414732  1.47608
-0.628319  3.14159  0  -0.0182107  2.84878
0.628319  3.14159  0  -0.01821  -2.84878
1.88496  3.14159  0  -0.00414681  -1.47608
3.14159  3.14159  0  -0.00205008  -1.0933
4.39823  3.14159  0  -0.00125199  -0.875852
5.65487  3.14159  0  -0.000834013  -0.725546
8.16814  3.14159  0  -0.000424913  -0.530434
10.6814  3.14159  0  -0.000246735  -0.412828
14.4513  3.14159  0  -0.00013008  -0.307324
33.3009  3.14159  0  -2.22553e-05  -0.133353
-29.531  3.14159  3.14159  0.00328064  0.150008
-14.4513  3.14159  3.14159  0.0150123  0.303838
-8.16814  3.14159  3.14159  0.0466356  0.515104
-5.65487  3.14159  3.14159  0.08478  0.690799
-4.39823  3.14159  3.14159  0.117964  0.814733
-3.14159  3.14159  3.14159  0.166723  0.95532
-1.88496  3.14159  3.14159  0.236027  1.03163
-0.628319  3.14159  3.14159  0.318391  0.67876
0.628319  3.14159  3.14159  0.318391  -0.678759
1.88496  3.14159  3.14159  0.236027  -1.03163
3.14159  3.14159  3.14159  0.166723  -0.95532
4.39823  3.14159  3.14159  0.117964  -0.814732
5.65487  3.14159  3.14159  0.0847805  -0.690799
8.16814  3.14159  3.14159  0.046636  -0.515104
10.6814  3.14159  3.14159  0.0279983  -0.404897
14.4513  3.14159  3.14159  0.0150123  -0.303838
33.3009  3.14159  3.14159  0.00255066  -0.133062
