-29.531  0  0  -0.00654917  0.252878
-14.4513  0  0  -0.0268172  0.505341
-8.16814  0  0  -0.0792473  0.847707
-5.65487  0  0  -0.149844  1.13281
-4.39823  0  0  -0.220307  1.33625
-3.14159  0  0  -0.338873  1.58166
-1.88496  0  0  -0.541292  1.75328
-0.628319  0  0  -0.836798  1.22951
0.628319  0  0  -0.835378  -1.22988
1.88496  0  0  -0.541386  -1.7538
3.14159  0  0  -0.338531  -1.58152
4.39823  0  0  -0.220117  -1.33611
5.65487  0  0  -0.150065  -1.13274
8.16814  0  0  -0.0794242  -0.847752
10.6814  0  0  -0.0481714  -0.668645
14.4513  0  0  -0.0269254  -0.505362
33.3009  0  0  -0.00513982  -0.223806
-29.531  0  3.14159  -4.80141e-05  0.253295
-14.4513  0  3.14159  -0.000270244  0.51641
-8.16814  0  3.14159  -0.000703713  0.904397
-5.65487  0  3.14159  -0.000964927  1.2778
-4.39823  0  3.14159  -0.00159457  1.60664
-3.14159  0  3.14159  -0.00264732  2.14416
-1.88496  0  3.14159  -0.00893733  3.22916
-0.628319  0  3.14159  -0.0488796  7.65909
0.628319  0  3.14159  -0.0493951  -7.65886
1.88496  0  3.14159  -0.00899178  -3.2289
3.14159  0  3.14159  -0.00275037  -2.14418
4.39823  0  3.14159  -0.0016302  -1.60665
5.65487  0  3.14159  -0.000945817  -1.27783
8.16814  0  3.14159  -0.000711987  -0.904373
10.6814  0  3.14159  -0.000280881  -0.695532
14.4513  0  3.14159  -0.00022275  -0.516401
33.3009  0  3.14159  -3.5099e-05  -0.225351
-29.531  3.14159  0  -4.80141e-05  0.253295
-14.4513  3.14159  0  -0.000270244  0.51641
-8.16814  3.14159  0  -0.000703713  0.904397
-5.65487  3.14159  0  -0.000964927  1.2778
-4.39823  3.14159  0  -0.00159457  1.60664
-3.14159  3.14159  0  -0.00264732  2.14416
-1.88496  3.14159  0  -0.00893733  3.22916
-0.628319  3.14159  0  -0.0488796  7.65909
0.628319  3.14159  0  -0.0493951  -7.65886
1.88496  3.14159  0  -0.00899178  -3.2289
3.14159  3.14159  0  -0.00275037  -2.14418
4.39823  3.14159  0  -0.0016302  -1.60665
5.65487  3.14159  0  -0.000945817  -1.27783
8.16814  3.14159  0  -0.000711987  -0.904373
10.6814  3.14159  0  -0.000280881  -0.695532
14.4513  3.14159  0  -0.00022275  -0.516401
33.3009  3.14159  0  -3.5099e-05  -0.225351
-29.531  3.14159  3.14159  0.00644829  0.252882
-14.4513  3.14159  3.14159  0.0264947  0.505381
-8.16814  3.14159  3.14159  0.0785458  0.847895
-5.65487  3.14159  3.14159  0.148287  1.13329
-4.39823  3.14159  3.14159  0.217718  1.33705
-3.14159  3.14159  3.14159  0.337769  1.58306
-1.88496  3.14159  3.14159  0.543211  1.75557
-0.628319  3.14159  3.14159  0.836606  1.23116
0.628319  3.14159  3.14159  0.838044  -1.23154
1.88496  3.14159  3.14159  0.543116  -1.7561
3.14159  3.14159  3.14159  0.338116  -1.58292
4.39823  3.14159  3.14159  0.21791  -1.33691
5.65487  3.14159  3.14159  0.148064  -1.13322
8.16814  3.14159  3.14159  0.0783672  -0.847941
10.6814  3.14159  3.14159  0.0474345  -0.668742
14.4513  3.14159  3.14159  0.0263844  -0.505402
33.3009  3.14159  3.14159  0.00509598  -0.223809
