-29.531  0  0  -0.00588032  0.198913
-14.4513  0  0  -0.0233108  0.396663
-8.16814  0  0  -0.0699178  0.667271
-5.65487  0  0  -0.131406  0.8938
-4.39823  0  0  -0.193751  1.05977
-3.14159  0  0  -0.297927  1.25823
-1.88496  0  0  -0.467281  1.38767
-0.628319  0  0  -0.704837  0.980419
0.628319  0  0  -0.69172  -0.983267
1.88496  0  0  -0.469306  -1.39026
3.14159  0  0  -0.295504  -1.25659
4.39823  0  0  -0.193724  -1.0585
5.65487  0  0  -0.133867  -0.893373
8.16814  0  0  -0.0715908  -0.667618
10.6814  0  0  -0.0431192  -0.525865
14.4513  0  0  -0.0244805  -0.396827
33.3009  0  0  -0.00429662  -0.176565
-29.531  0  3.14159  0.000156547  0.199128
-14.4513  0  3.14159  -0.00205319  0.411946
-8.16814  0  3.14159  -0.00279109  0.717834
-5.65487  0  3.14159  -0.0122041  1.01128
-4.39823  0  3.14159  -0.0114729  1.24374
-3.14159  0  3.14159  -0.0154547  1.64614
-1.88496  0  3.14159  -0.0112253  2.48297
-0.628319  0  3.14159  -0.140895  5.16177
0.628319  0  3.14159  -0.187308  -5.14481
1.88496  0  3.14159  -0.0102524  -2.46307
3.14159  0  3.14159  -0.0258467  -1.64951
4.39823  0  3.14159  -0.0184027  -1.24777
5.65487  0  3.14159  -0.00612167  -1.01372
8.16814  0  3.14159  0.00158074  -0.716077
10.6814  0  3.14159  -0.0017367  -0.55042
14.4513  0  3.14159  0.00189443  -0.411292
33.3009  0  3.14159  -0.00208774  -0.173232
-29.531  3.14159  0  0.000156547  0.199128
-14.4513  3.14159  0  -0.00205319  0.411946
-8.16814  3.14159  0  -0.00279109  0.717834
-5.65487  3.14159  0  -0.0122041  1.01128
-4.39823  3.14159  0  -0.0114729  1.24374
-3.14159  3.14159  0  -0.0154547  1.64614
-1.88496  3.14159  0  -0.0112253  2.48297
-0.628319  3.14159  0  -0.140895  5.16177
0.628319  3.14159  0  -0.187308  -5.14481
1.88496  3.14159  0  -0.0102524  -2.46307
3.14159  3.14159  0  -0.0258467  -1.64951
4.39823  3.14159  0  -0.0184027  -1.24777
5.65487  3.14159  0  -0.00612167  -1.01372
8.16814  3.14159  0  0.00158074  -0.716077
10.6814  3.14159  0  -0.0017367  -0.55042
14.4513  3.14159  0  0.00189443  -0.411292
33.3009  3.14159  0  -0.00208774  -0.173232
-29.531  3.14159  3.14159  0.00521622  0.198936
-14.4513  3.14159  3.14159  0.0223639  0.396867
-8.16814  3.14159  3.14159  0.0659871  0.668328
-5.65487  3.14159  3.14159  0.126092  0.896511
-4.39823  3.14159  3.14159  0.184536  1.06448
-3.14159  3.14159  3.14159  0.284784  1.26661
-1.88496  3.14159  3.14159  0.458841  1.40061
-0.628319  3.14159  3.14159  0.697464  0.979205
0.628319  3.14159  3.14159  0.71024  -0.981832
1.88496  3.14159  3.14159  0.456791  -1.40326
3.14159  3.14159  3.14159  0.287235  -1.26509
4.39823  3.14159  3.14159  0.184594  -1.06326
5.65487  3.14159  3.14159  0.123661  -0.896111
8.16814  3.14159  3.14159  0.0644055  -0.66866
10.6814  3.14159  3.14159  0.039022  -0.526375
14.4513  3.14159  3.14159  0.021221  -0.397028
33.3009  3.14159  3.14159  0.00443684  -0.176591
