-29.531  0  0  -0.000211073  -0.00440733
-14.4513  0  0  0.000170163  -0.0317218
-8.16814  0  0  0.00489059  -0.126234
-5.65487  0  0  0.014624  -0.267946
-4.39823  0  0  0.0266938  -0.415092
-3.14159  0  0  0.0533547  -0.663573
-1.88496  0  0  0.123294  -1.00231
-0.628319  0  0  0.297848  -0.856574
0.628319  0  0  0.297858  0.856574
1.88496  0  0  0.123296  1.0023
3.14159  0  0  0.0533546  0.663575
4.39823  0  0  0.0266941  0.415092
5.65487  0  0  0.014625  0.267946
8.16814  0  0  0.00489129  0.126236
10.6814  0  0  0.00164719  0.0678441
14.4513  0  0  0.000170779  0.031722
33.3009  0  0  -0.000182317  0.00311468
-29.531  0  3.14159  -0.000304903  -0.00439049
-14.4513  0  3.14159  -0.00119763  -0.0313848
-8.16814  0  3.14159  -0.0032728  -0.122778
-5.65487  0  3.14159  -0.0058903  -0.255673
-4.39823  0  3.14159  -0.00864733  -0.39293
-3.14159  0  3.14159  -0.0142284  -0.646136
-1.88496  0  3.14159  -0.0308436  -1.18587
-0.628319  0  3.14159  -0.105773  -6.92205
0.628319  0  3.14159  -0.1057  6.92205
1.88496  0  3.14159  -0.0308476  1.18586
3.14159  0  3.14159  -0.0142225  0.646141
4.39823  0  3.14159  -0.00864775  0.392928
5.65487  0  3.14159  -0.00589094  0.255667
8.16814  0  3.14159  -0.00327255  0.12278
10.6814  0  3.14159  -0.00205784  0.0666577
14.4513  0  3.14159  -0.00119685  0.0313841
33.3009  0  3.14159  -0.000243001  0.00310446
-29.531  3.14159  0  -0.000304903  -0.00439049
-14.4513  3.14159  0  -0.00119763  -0.0313848
-8.16814  3.14159  0  -0.0032728  -0.122778
-5.65487  3.14159  0  -0.0058903  -0.255673
-4.39823  3.14159  0  -0.00864733  -0.39293
-3.14159  3.14159  0  -0.0142284  -0.646136
-1.88496  3.14159  0  -0.0308436  -1.18587
-0.628319  3.14159  0  -0.105773  -6.92205
0.628319  3.14159  0  -0.1057  6.92205
1.88496  3.14159  0  -0.0308476  1.18586
3.14159  3.14159  0  -0.0142225  0.646141
4.39823  3.14159  0  -0.00864775  0.392928
5.65487  3.14159  0  -0.00589094  0.255667
8.16814  3.14159  0  -0.00327255  0.12278
10.6814  3.14159  0  -0.00205784  0.0666577
14.4513  3.14159  0  -0.00119685  0.0313841
33.3009  3.14159  0  -0.000243001  0.00310446
-29.531  3.14159  3.14159  -0.000399306  -0.00439556
-14.4513  3.14159  3.14159  -0.00249299  -0.0316031
-8.16814  3.14159  3.14159  -0.0107223  -0.125559
-5.65487  3.14159  3.14159  -0.0237624  -0.26622
-4.39823  3.14159  3.14159  -0.0379272  -0.412179
-3.14159  3.14159  3.14159  -0.0659887  -0.658609
-1.88496  3.14159  3.14159  -0.133918  -0.994608
-0.628319  3.14159  3.14159  -0.302416  -0.850913
0.628319  3.14159  3.14159  -0.302406  0.850914
1.88496  3.14159  3.14159  -0.133916  0.994605
3.14159  3.14159  3.14159  -0.065989  0.65861
4.39823  3.14159  3.14159  -0.0379271  0.41218
5.65487  3.14159  3.14159  -0.0237616  0.26622
8.16814  3.14159  3.14159  -0.0107216  0.12556
10.6814  3.14159  3.14159  -0.00552592  0.0675368
14.4513  3.14159  3.14159  -0.00249229  0.0316034
33.3009  3.14159  3.14159  -0.000300229  0.00310665
