-29.531  0  0  -0.0034325  0.191179
-14.4513  0  0  -0.0155425  0.385777
-8.16814  0  0  -0.0478986  0.651655
-5.65487  0  0  -0.0870923  0.874304
-4.39823  0  0  -0.121697  1.03455
-3.14159  0  0  -0.173993  1.2245
-1.88496  0  0  -0.252368  1.34931
-0.628319  0  0  -0.351428  0.899401
0.628319  0  0  -0.351428  -0.899401
1.88496  0  0  -0.252368  -1.34931
3.14159  0  0  -0.173994  -1.2245
4.39823  0  0  -0.121698  -1.03455
5.65487  0  0  -0.0870929  -0.874304
8.16814  0  0  -0.0478994  -0.651654
10.6814  0  0  -0.0288438  -0.512984
14.4513  0  0  -0.0155423  -0.385778
33.3009  0  0  -0.002672  -0.169643
-29.531  0  3.14159  -6.76846e-05  0.191878
-14.4513  0  3.14159  -0.000309755  0.39155
-8.16814  0  3.14159  -0.00102071  0.678062
-5.65487  0  3.14159  -0.0020367  0.936473
-4.39823  0  3.14159  -0.00309487  1.1438
-3.14159  0  3.14159  -0.0051294  1.4589
-1.88496  0  3.14159  -0.0101775  2.03958
-0.628319  0  3.14159  -0.0741189  5.2851
0.628319  0  3.14159  -0.07412  -5.2851
1.88496  0  3.14159  -0.010178  -2.03958
3.14159  0  3.14159  -0.00512991  -1.4589
4.39823  0  3.14159  -0.00309534  -1.1438
5.65487  0  3.14159  -0.00203713  -0.936473
8.16814  0  3.14159  -0.00102141  -0.67806
10.6814  0  3.14159  -0.000587837  -0.526297
14.4513  0  3.14159  -0.000308651  -0.391554
33.3009  0  3.14159  -5.37661e-05  -0.170132
-29.531  3.14159  0  -6.76846e-05  0.191878
-14.4513  3.14159  0  -0.000309755  0.39155
-8.16814  3.14159  0  -0.00102071  0.678062
-5.65487  3.14159  0  -0.0020367  0.936473
-4.39823  3.14159  0  -0.00309487  1.1438
-3.14159  3.14159  0  -0.0051294  1.4589
-1.88496  3.14159  0  -0.0101775  2.03958
-0.628319  3.14159  0  -0.0741189  5.2851
0.628319  3.14159  0  -0.07412  -5.2851
1.88496  3.14159  0  -0.010178  -2.03958
3.14159  3.14159  0  -0.00512991  -1.4589
4.39823  3.14159  0  -0.00309534  -1.1438
5.65487  3.14159  0  -0.00203713  -0.936473
8.16814  3.14159  0  -0.00102141  -0.67806
10.6814  3.14159  0  -0.000587837  -0.526297
14.4513  3.14159  0  -0.000308651  -0.391554
33.3009  3.14159  0  -5.37661e-05  -0.170132
-29.531  3.14159  3.14159  0.00330034  0.191184
-14.4513  3.14159  3.14159  0.0149756  0.385822
-8.16814  3.14159  3.14159  0.0461081  0.651866
-5.65487  3.14159  3.14159  0.0834618  0.874756
-4.39823  3.14159  3.14159  0.116046  1.03524
-3.14159  3.14159  3.14159  0.164673  1.22555
-1.88496  3.14159  3.14159  0.237105  1.35081
-0.628319  3.14159  3.14159  0.330802  0.900081
0.628319  3.14159  3.14159  0.330802  -0.900081
1.88496  3.14159  3.14159  0.237105  -1.35081
3.14159  3.14159  3.14159  0.164672  -1.22555
4.39823  3.14159  3.14159  0.116046  -1.03524
5.65487  3.14159  3.14159  0.0834613  -0.874756
8.16814  3.14159  3.14159  0.0461079  -0.651865
10.6814  3.14159  3.14159  0.0277969  -0.513091
14.4513  3.14159  3.14159  0.0149755  -0.385823
33.3009  3.14159  3.14159  0.00256767  -0.169646
