-29.531  0  0  0.000477249  -0.387089
-14.4513  0  0  0.00065997  -0.734652
-8.16814  0  0  0.000201464  -1.1104
-5.65487  0  0  0.00278373  -1.33063
-4.39823  0  0  0.00841222  -1.42596
-3.14159  0  0  0.0221896  -1.44076
-1.88496  0  0  0.0525456  -1.23037
-0.628319  0  0  0.104718  -0.596402
0.628319  0  0  0.104719  0.596402
1.88496  0  0  0.0525469  1.23037
3.14159  0  0  0.0221907  1.44076
4.39823  0  0  0.00841317  1.42596
5.65487  0  0  0.00278479  1.33063
8.16814  0  0  0.0002028  1.1104
10.6814  0  0  0.000318099  0.929019
14.4513  0  0  0.00065985  0.734652
33.3009  0  0  0.000402714  0.345195
-29.531  0  3.14159  7.85136e-06  -0.388832
-14.4513  0  3.14159  -8.17785e-05  -0.750512
-8.16814  0  3.14159  -0.000583421  -1.20228
-5.65487  0  3.14159  -0.00128964  -1.59162
-4.39823  0  3.14159  -0.00190654  -1.91695
-3.14159  0  3.14159  -0.00280969  -2.44547
-1.88496  0  3.14159  0.00128597  -3.5857
-0.628319  0  3.14159  -0.219998  -3.29239
0.628319  0  3.14159  -0.219991  3.29239
1.88496  0  3.14159  0.00128751  3.5857
3.14159  0  3.14159  -0.00280845  2.44547
4.39823  0  3.14159  -0.0019052  1.91695
5.65487  0  3.14159  -0.00128965  1.59162
8.16814  0  3.14159  -0.000586663  1.20228
10.6814  0  3.14159  -0.000267588  0.969625
14.4513  0  3.14159  -8.23064e-05  0.750513
33.3009  0  3.14159  1.02074e-05  0.346403
-29.531  3.14159  0  7.85136e-06  -0.388832
-14.4513  3.14159  0  -8.17785e-05  -0.750512
-8.16814  3.14159  0  -0.000583421  -1.20228
-5.65487  3.14159  0  -0.00128964  -1.59162
-4.39823  3.14159  0  -0.00190654  -1.91695
-3.14159  3.14159  0  -0.00280969  -2.44547
-1.88496  3.14159  0  0.00128597  -3.5857
-0.628319  3.14159  0  -0.219998  -3.29239
0.628319  3.14159  0  -0.219991  3.29239
1.88496  3.14159  0  0.00128751  3.5857
3.14159  3.14159  0  -0.00280845  2.44547
4.39823  3.14159  0  -0.0019052  1.91695
5.65487  3.14159  0  -0.00128965  1.59162
8.16814  3.14159  0  -0.000586663  1.20228
10.6814  3.14159  0  -0.000267588  0.969625
14.4513  3.14159  0  -8.23064e-05  0.750513
33.3009  3.14159  0  1.02074e-05  0.346403
-29.531  3.14159  3.14159  -0.000461525  -0.387049
-14.4513  3.14159  3.14159  -0.000886331  -0.734342
-8.16814  3.14159  3.14159  -0.00204834  -1.10914
-5.65487  3.14159  3.14159  -0.00792196  -1.32815
-4.39823  3.14159  3.14159  -0.0176058  -1.42248
-3.14159  3.14159  3.14159  -0.0393443  -1.43606
-1.88496  3.14159  3.14159  -0.0836757  -1.22498
-0.628319  3.14159  3.14159  -0.150916  -0.593811
0.628319  3.14159  3.14159  -0.150915  0.593811
1.88496  3.14159  3.14159  -0.0836745  1.22498
3.14159  3.14159  3.14159  -0.0393432  1.43606
4.39823  3.14159  3.14159  -0.0176048  1.42248
5.65487  3.14159  3.14159  -0.00792093  1.32815
8.16814  3.14159  3.14159  -0.00204648  1.10914
10.6814  3.14159  3.14159  -0.00107538  0.928339
14.4513  3.14159  3.14159  -0.000886727  0.734342
33.3009  3.14159  3.14159  -0.000387122  0.345168
