-29.531  0  0  0.000445046  -0.236632
-14.4513  0  0  0.000719072  -0.439887
-8.16814  0  0  0.00115326  -0.642628
-5.65487  0  0  0.00534996  -0.749632
-4.39823  0  0  0.0125935  -0.790734
-3.14159  0  0  0.0287303  -0.791377
-1.88496  0  0  0.0610419  -0.691157
-0.628319  0  0  0.110348  -0.369247
0.628319  0  0  0.110348  0.369247
1.88496  0  0  0.0610416  0.691157
3.14159  0  0  0.02873  0.791377
4.39823  0  0  0.0125932  0.790734
5.65487  0  0  0.00534989  0.749632
8.16814  0  0  0.0011538  0.642628
10.6814  0  0  0.000666546  0.547376
14.4513  0  0  0.000718437  0.439887
33.3009  0  0  0.000373693  0.211385
-29.531  0  3.14159  -1.27508e-05  -0.237524
-14.4513  0  3.14159  -0.000105301  -0.448156
-8.16814  0  3.14159  -0.00045712  -0.691109
-5.65487  0  3.14159  -0.00096079  -0.885046
-4.39823  0  3.14159  -0.00147334  -1.03841
-3.14159  0  3.14159  -0.00247652  -1.27081
-1.88496  0  3.14159  -0.00532425  -1.65647
-0.628319  0  3.14159  -0.0419096  -1.74692
0.628319  0  3.14159  -0.0419107  1.74692
1.88496  0  3.14159  -0.00532481  1.65647
3.14159  0  3.14159  -0.00247694  1.27081
4.39823  0  3.14159  -0.00147367  1.03841
5.65487  0  3.14159  -0.000961081  0.885046
8.16814  0  3.14159  -0.000457429  0.691109
10.6814  0  3.14159  -0.000239849  0.568748
14.4513  0  3.14159  -0.000105932  0.448156
33.3009  0  3.14159  -9.74969e-06  0.212003
-29.531  3.14159  0  -1.27508e-05  -0.237524
-14.4513  3.14159  0  -0.000105301  -0.448156
-8.16814  3.14159  0  -0.00045712  -0.691109
-5.65487  3.14159  0  -0.00096079  -0.885046
-4.39823  3.14159  0  -0.00147334  -1.03841
-3.14159  3.14159  0  -0.00247652  -1.27081
-1.88496  3.14159  0  -0.00532425  -1.65647
-0.628319  3.14159  0  -0.0419096  -1.74692
0.628319  3.14159  0  -0.0419107  1.74692
1.88496  3.14159  0  -0.00532481  1.65647
3.14159  3.14159  0  -0.00247694  1.27081
4.39823  3.14159  0  -0.00147367  1.03841
5.65487  3.14159  0  -0.000961081  0.885046
8.16814  3.14159  0  -0.000457429  0.691109
10.6814  3.14159  0  -0.000239849  0.568748
14.4513  3.14159  0  -0.000105932  0.448156
33.3009  3.14159  0  -9.74969e-06  0.212003
-29.531  3.14159  3.14159  -0.000470008  -0.236616
-14.4513  3.14159  3.14159  -0.000938121  -0.43976
-8.16814  3.14159  3.14159  -0.0021824  -0.642119
-5.65487  3.14159  3.14159  -0.00768449  -0.748643
-4.39823  3.14159  3.14159  -0.0162924  -0.789361
-3.14159  3.14159  3.14159  -0.0346625  -0.789559
-1.88496  3.14159  3.14159  -0.0699955  -0.68911
-0.628319  3.14159  3.14159  -0.12177  -0.368174
0.628319  3.14159  3.14159  -0.12177  0.368173
1.88496  3.14159  3.14159  -0.0699959  0.68911
3.14159  3.14159  3.14159  -0.0346629  0.789559
4.39823  3.14159  3.14159  -0.0162926  0.789361
5.65487  3.14159  3.14159  -0.00768455  0.748643
8.16814  3.14159  3.14159  -0.00218188  0.642119
10.6814  3.14159  3.14159  -0.00118149  0.547099
14.4513  3.14159  3.14159  -0.000938845  0.43976
33.3009  3.14159  3.14159  -0.000393908  0.211373
