-29.531  0  0  -0.0183974  0.208826
-14.4513  0  0  -0.0672321  0.409223
-8.16814  0  0  -0.159222  0.654426
-5.65487  0  0  -0.24602  0.830406
-4.39823  0  0  -0.312551  0.936367
-3.14159  0  0  -0.400745  1.03014
-1.88496  0  0  -0.508622  1.01157
-0.628319  0  0  -0.603292  0.594932
0.628319  0  0  -0.603292  -0.594932
1.88496  0  0  -0.508622  -1.01157
3.14159  0  0  -0.400745  -1.03014
4.39823  0  0  -0.312551  -0.936367
5.65487  0  0  -0.24602  -0.830406
8.16814  0  0  -0.159222  -0.654426
10.6814  0  0  -0.108972  -0.530557
14.4513  0  0  -0.0672321  -0.409223
33.3009  0  0  -0.0146145  -0.185663
-29.531  0  3.14159  0  0.208996
-14.4513  0  3.14159  0  0.410718
-8.16814  0  3.14159  0  0.652092
-5.65487  0  3.14159  0  0.82023
-4.39823  0  3.14159  0  0.929172
-3.14159  0  3.14159  0  1.07047
-1.88496  0  3.14159  0  1.32884
-0.628319  0  3.14159  0  2.61805
0.628319  0  3.14159  0  -2.61805
1.88496  0  3.14159  0  -1.32884
3.14159  0  3.14159  0  -1.07047
4.39823  0  3.14159  0  -0.929172
5.65487  0  3.14159  0  -0.82023
8.16814  0  3.14159  0  -0.652092
10.6814  0  3.14159  0  -0.531385
14.4513  0  3.14159  0  -0.410718
33.3009  0  3.14159  0  -0.185696
-29.531  3.14159  0  0  0.208996
-14.4513  3.14159  0  0  0.410718
-8.16814  3.14159  0  0  0.652092
-5.65487  3.14159  0  0  0.82023
-4.39823  3.14159  0  0  0.929172
-3.14159  3.14159  0  0  1.07047
-1.88496  3.14159  0  0  1.32884
-0.628319  3.14159  0  0  2.61805
0.628319  3.14159  0  0  -2.61805
1.88496  3.14159  0  0  -1.32884
3.14159  3.14159  0  0  -1.07047
4.39823  3.14159  0  0  -0.929172
5.65487  3.14159  0  0  -0.82023
8.16814  3.14159  0  0  -0.652092
10.6814  3.14159  0  0  -0.531385
14.4513  3.14159  0  0  -0.410718
33.3009  3.14159  0  0  -0.185696
-29.531  3.14159  3.14159  0.0174317  0.208908
-14.4513  3.14159  3.14159  0.0635029  0.409808
-8.16814  3.14159  3.14159  0.149724  0.656645
-5.65487  3.14159  3.14159  0.230358  0.834755
-4.39823  3.14159  3.14159  0.292123  0.942591
-3.14159  3.14159  3.14159  0.375669  1.03896
-1.88496  3.14159  3.14159  0.481043  1.02269
-0.628319  3.14159  3.14159  0.577649  0.600975
0.628319  3.14159  3.14159  0.577649  -0.600975
1.88496  3.14159  3.14159  0.481043  -1.02269
3.14159  3.14159  3.14159  0.375669  -1.03896
4.39823  3.14159  3.14159  0.292123  -0.942591
5.65487  3.14159  3.14159  0.230358  -0.834755
8.16814  3.14159  3.14159  0.149724  -0.656645
10.6814  3.14159  3.14159  0.102661  -0.53179
14.4513  3.14159  3.14159  0.0635029  -0.409808
33.3009  3.14159  3.14159  0.0138468  -0.185721
