-29.531  0  0  -0.0184599  0.208847
-14.4513  0  0  -0.0674905  0.409447
-8.16814  0  0  -0.160008  0.655348
-5.65487  0  0  -0.247601  0.832527
-4.39823  0  0  -0.314978  0.939681
-3.14159  0  0  -0.404671  1.03571
-1.88496  0  0  -0.515186  1.0203
-0.628319  0  0  -0.612836  0.602452
0.628319  0  0  -0.612836  -0.602452
1.88496  0  0  -0.515186  -1.0203
3.14159  0  0  -0.404671  -1.03571
4.39823  0  0  -0.314978  -0.939681
5.65487  0  0  -0.247601  -0.832527
8.16814  0  0  -0.160008  -0.655348
10.6814  0  0  -0.109439  -0.531013
14.4513  0  0  -0.0674905  -0.409447
33.3009  0  0  -0.0146638  -0.185669
-29.531  0  3.14159  0  0.209076
-14.4513  0  3.14159  0  0.410743
-8.16814  0  3.14159  0  0.652706
-5.65487  0  3.14159  0  0.821502
-4.39823  0  3.14159  0  0.931861
-3.14159  0  3.14159  0  1.07476
-1.88496  0  3.14159  0  1.3358
-0.628319  0  3.14159  0  2.71435
0.628319  0  3.14159  0  -2.71435
1.88496  0  3.14159  0  -1.3358
3.14159  0  3.14159  0  -1.07476
4.39823  0  3.14159  0  -0.931861
5.65487  0  3.14159  0  -0.821502
8.16814  0  3.14159  0  -0.652706
10.6814  0  3.14159  0  -0.531725
14.4513  0  3.14159  0  -0.410743
33.3009  0  3.14159  0  -0.185805
-29.531  3.14159  0  0  0.209076
-14.4513  3.14159  0  0  0.410743
-8.16814  3.14159  0  0  0.652706
-5.65487  3.14159  0  0  0.821502
-4.39823  3.14159  0  0  0.931861
-3.14159  3.14159  0  0  1.07476
-1.88496  3.14159  0  0  1.3358
-0.628319  3.14159  0  0  2.71435
0.628319  3.14159  0  0  -2.71435
1.88496  3.14159  0  0  -1.3358
3.14159  3.14159  0  0  -1.07476
4.39823  3.14159  0  0  -0.931861
5.65487  3.14159  0  0  -0.821502
8.16814  3.14159  0  0  -0.652706
10.6814  3.14159  0  0  -0.531725
14.4513  3.14159  0  0  -0.410743
33.3009  3.14159  0  0  -0.185805
-29.531  3.14159  3.14159  0.0175391  0.208924
-14.4513  3.14159  3.14159  0.0639395  0.410003
-8.16814  3.14159  3.14159  0.150969  0.657454
-5.65487  3.14159  3.14159  0.232599  0.836652
-4.39823  3.14159  3.14159  0.295333  0.945581
-3.14159  3.14159  3.14159  0.380512  1.04405
-1.88496  3.14159  3.14159  0.488425  1.03085
-0.628319  3.14159  3.14159  0.587564  0.608709
0.628319  3.14159  3.14159  0.587564  -0.608709
1.88496  3.14159  3.14159  0.488425  -1.03085
3.14159  3.14159  3.14159  0.380512  -1.04405
4.39823  3.14159  3.14159  0.295333  -0.945581
5.65487  3.14159  3.14159  0.232599  -0.836652
8.16814  3.14159  3.14159  0.150969  -0.657454
10.6814  3.14159  3.14159  0.103433  -0.532184
14.4513  3.14159  3.14159  0.0639395  -0.410003
33.3009  3.14159  3.14159  0.0139313  -0.185724
