-29.531  0  0  -0.0187892  0.208928
-14.4513  0  0  -0.0688389  0.409992
-8.16814  0  0  -0.163896  0.6584
-5.65487  0  0  -0.254998  0.839494
-4.39823  0  0  -0.32591  0.95058
-3.14159  0  0  -0.42131  1.05539
-1.88496  0  0  -0.541468  1.05138
-0.628319  0  0  -0.650153  0.631452
0.628319  0  0  -0.650153  -0.631452
1.88496  0  0  -0.541468  -1.05138
3.14159  0  0  -0.42131  -1.05539
4.39823  0  0  -0.32591  -0.95058
5.65487  0  0  -0.254998  -0.839494
8.16814  0  0  -0.163896  -0.6584
10.6814  0  0  -0.111848  -0.532112
14.4513  0  0  -0.0688389  -0.409992
33.3009  0  0  -0.0149249  -0.185674
-29.531  0  3.14159  0  0.209146
-14.4513  0  3.14159  0  0.411238
-8.16814  0  3.14159  0  0.655769
-5.65487  0  3.14159  0  0.826191
-4.39823  0  3.14159  0  0.940308
-3.14159  0  3.14159  0  1.08776
-1.88496  0  3.14159  0  1.36028
-0.628319  0  3.14159  0  3.08452
0.628319  0  3.14159  0  -3.08452
1.88496  0  3.14159  0  -1.36028
3.14159  0  3.14159  0  -1.08776
4.39823  0  3.14159  0  -0.940308
5.65487  0  3.14159  0  -0.826191
8.16814  0  3.14159  0  -0.655769
10.6814  0  3.14159  0  -0.533128
14.4513  0  3.14159  0  -0.411238
33.3009  0  3.14159  0  -0.185838
-29.531  3.14159  0  0  0.209146
-14.4513  3.14159  0  0  0.411238
-8.16814  3.14159  0  0  0.655769
-5.65487  3.14159  0  0  0.826191
-4.39823  3.14159  0  0  0.940308
-3.14159  3.14159  0  0  1.08776
-1.88496  3.14159  0  0  1.36028
-0.628319  3.14159  0  0  3.08452
0.628319  3.14159  0  0  -3.08452
1.88496  3.14159  0  0  -1.36028
3.14159  3.14159  0  0  -1.08776
4.39823  3.14159  0  0  -0.940308
5.65487  3.14159  0  0  -0.826191
8.16814  3.14159  0  0  -0.655769
10.6814  3.14159  0  0  -0.533128
14.4513  3.14159  0  0  -0.411238
33.3009  3.14159  0  0  -0.185838
-29.531  3.14159  3.14159  0.0178438  0.209006
-14.4513  3.14159  3.14159  0.0651759  0.410559
-8.16814  3.14159  3.14159  0.154641  0.660547
-5.65487  3.14159  3.14159  0.239452  0.843712
-4.39823  3.14159  3.14159  0.305446  0.956621
-3.14159  3.14159  3.14159  0.396746  1.06397
-1.88496  3.14159  3.14159  0.514642  1.0623
-0.628319  3.14159  3.14159  0.62331  0.6382
0.628319  3.14159  3.14159  0.62331  -0.6382
1.88496  3.14159  3.14159  0.514642  -1.0623
3.14159  3.14159  3.14159  0.396746  -1.06397
4.39823  3.14159  3.14159  0.305446  -0.956621
5.65487  3.14159  3.14159  0.239452  -0.843712
8.16814  3.14159  3.14159  0.154641  -0.660547
10.6814  3.14159  3.14159  0.105631  -0.533306
14.4513  3.14159  3.14159  0.0651759  -0.410559
33.3009  3.14159  3.14159  0.0141696  -0.185729
