-29.531  0  0  0.00288387  0.033586
-14.4513  0  0  0.0116853  0.0669197
-8.16814  0  0  0.0338677  0.110903
-5.65487  0  0  0.0635288  0.146112
-4.39823  0  0  0.0936858  0.169938
-3.14159  0  0  0.146916  0.195026
-1.88496  0  0  0.24274  0.203332
-0.628319  0  0  0.390284  0.127315
0.628319  0  0  0.390284  -0.127315
1.88496  0  0  0.24274  -0.203332
3.14159  0  0  0.146916  -0.195026
4.39823  0  0  0.0936858  -0.169938
5.65487  0  0  0.0635288  -0.146112
8.16814  0  0  0.0338677  -0.110903
10.6814  0  0  0.0207327  -0.0881832
14.4513  0  0  0.0116853  -0.0669197
33.3009  0  0  0.00227261  -0.0298358
-29.531  0  3.14159  -6.15753e-06  0.0338335
-14.4513  0  3.14159  -2.55116e-05  0.0689547
-8.16814  0  3.14159  -7.82989e-05  0.121165
-5.65487  0  3.14159  -0.000159036  0.173331
-4.39823  0  3.14159  -0.000255468  0.220482
-3.14159  0  3.14159  -0.000473424  0.301994
-1.88496  0  3.14159  -0.00115591  0.476586
-0.628319  0  3.14159  -0.00774187  1.22586
0.628319  0  3.14159  -0.00774187  -1.22586
1.88496  0  3.14159  -0.00115591  -0.476586
3.14159  0  3.14159  -0.000473424  -0.301994
4.39823  0  3.14159  -0.000255468  -0.220482
5.65487  0  3.14159  -0.000159036  -0.173331
8.16814  0  3.14159  -7.82989e-05  -0.121165
10.6814  0  3.14159  -4.63242e-05  -0.0930346
14.4513  0  3.14159  -2.55116e-05  -0.0689547
33.3009  0  3.14159  -4.84494e-06  -0.0300088
-29.531  3.14159  0  -6.15753e-06  0.0338335
-14.4513  3.14159  0  -2.55116e-05  0.0689547
-8.16814  3.14159  0  -7.82989e-05  0.121165
-5.65487  3.14159  0  -0.000159036  0.173331
-4.39823  3.14159  0  -0.000255468  0.220482
-3.14159  3.14159  0  -0.000473424  0.301994
-1.88496  3.14159  0  -0.00115591  0.476586
-0.628319  3.14159  0  -0.00774187  1.22586
0.628319  3.14159  0  -0.00774187  -1.22586
1.88496  3.14159  0  -0.00115591  -0.476586
3.14159  3.14159  0  -0.000473424  -0.301994
4.39823  3.14159  0  -0.000255468  -0.220482
5.65487  3.14159  0  -0.000159036  -0.173331
8.16814  3.14159  0  -7.82989e-05  -0.121165
10.6814  3.14159  0  -4.63242e-05  -0.0930346
14.4513  3.14159  0  -2.55116e-05  -0.0689547
33.3009  3.14159  0  -4.84494e-06  -0.0300088
-29.531  3.14159  3.14159  -0.00289592  0.0335839
-14.4513  3.14159  3.14159  -0.011732  0.0669029
-8.16814  3.14159  3.14159  -0.0339878  0.110822
-5.65487  3.14159  3.14159  -0.0637165  0.14591
-4.39823  3.14159  3.14159  -0.0939039  0.169587
-3.14159  3.14159  3.14159  -0.147087  0.194382
-1.88496  3.14159  3.14159  -0.242481  0.202218
-0.628319  3.14159  3.14159  -0.388664  0.126476
0.628319  3.14159  3.14159  -0.388664  -0.126476
1.88496  3.14159  3.14159  -0.242481  -0.202218
3.14159  3.14159  3.14159  -0.147087  -0.194382
4.39823  3.14159  3.14159  -0.0939039  -0.169587
5.65487  3.14159  3.14159  -0.0637165  -0.14591
8.16814  3.14159  3.14159  -0.0339878  -0.110822
10.6814  3.14159  3.14159  -0.0208117  -0.088144
14.4513  3.14159  3.14159  -0.011732  -0.0669029
33.3009  3.14159  3.14159  -0.00228213  -0.0298343
