-29.531  0  0  0.00288387  0.033586
-14.4513  0  0  0.0116853  0.0669197
-8.16814  0  0  0.0338677  0.110903
-5.65487  0  0  0.0635292  0.146113
-4.39823  0  0  0.0936876  0.169939
-3.14159  0  0  0.146925  0.195026
-1.88496  0  0  0.242764  0.203308
-0.628319  0  0  0.390225  0.12719
0.628319  0  0  0.390225  -0.12719
1.88496  0  0  0.242764  -0.203308
3.14159  0  0  0.146925  -0.195026
4.39823  0  0  0.0936876  -0.169939
5.65487  0  0  0.0635292  -0.146113
8.16814  0  0  0.0338677  -0.110903
10.6814  0  0  0.0207327  -0.0881832
14.4513  0  0  0.0116853  -0.0669197
33.3009  0  0  0.00227261  -0.0298358
-29.531  0  3.14159  -6.15753e-06  0.0338335
-14.4513  0  3.14159  -2.55116e-05  0.0689547
-8.16814  0  3.14159  -7.82991e-05  0.121166
-5.65487  0  3.14159  -0.000159037  0.173332
-4.39823  0  3.14159  -0.000255475  0.220484
-3.14159  0  3.14159  -0.000473463  0.302001
-1.88496  0  3.14159  -0.00115627  0.476635
-0.628319  0  3.14159  -0.00781143  1.23051
0.628319  0  3.14159  -0.00781143  -1.23051
1.88496  0  3.14159  -0.00115627  -0.476635
3.14159  0  3.14159  -0.000473463  -0.302001
4.39823  0  3.14159  -0.000255475  -0.220484
5.65487  0  3.14159  -0.000159037  -0.173332
8.16814  0  3.14159  -7.82991e-05  -0.121166
10.6814  0  3.14159  -4.63242e-05  -0.0930347
14.4513  0  3.14159  -2.55116e-05  -0.0689547
33.3009  0  3.14159  -4.84494e-06  -0.0300088
-29.531  3.14159  0  -6.15753e-06  0.0338335
-14.4513  3.14159  0  -2.55116e-05  0.0689547
-8.16814  3.14159  0  -7.82991e-05  0.121166
-5.65487  3.14159  0  -0.000159037  0.173332
-4.39823  3.14159  0  -0.000255475  0.220484
-3.14159  3.14159  0  -0.000473463  0.302001
-1.88496  3.14159  0  -0.00115627  0.476635
-0.628319  3.14159  0  -0.00781143  1.23051
0.628319  3.14159  0  -0.00781143  -1.23051
1.88496  3.14159  0  -0.00115627  -0.476635
3.14159  3.14159  0  -0.000473463  -0.302001
4.39823  3.14159  0  -0.000255475  -0.220484
5.65487  3.14159  0  -0.000159037  -0.173332
8.16814  3.14159  0  -7.82991e-05  -0.121166
10.6814  3.14159  0  -4.63242e-05  -0.0930347
14.4513  3.14159  0  -2.55116e-05  -0.0689547
33.3009  3.14159  0  -4.84494e-06  -0.0300088
-29.531  3.14159  3.14159  -0.00289592  0.0335839
-14.4513  3.14159  3.14159  -0.011732  0.0669029
-8.16814  3.14159  3.14159  -0.0339878  0.110822
-5.65487  3.14159  3.14159  -0.0637169  0.145911
-4.39823  3.14159  3.14159  -0.0939057  0.169587
-3.14159  3.14159  3.14159  -0.147095  0.194381
-1.88496  3.14159  3.14159  -0.242505  0.202194
-0.628319  3.14159  3.14159  -0.388605  0.126357
0.628319  3.14159  3.14159  -0.388605  -0.126357
1.88496  3.14159  3.14159  -0.242505  -0.202194
3.14159  3.14159  3.14159  -0.147095  -0.194381
4.39823  3.14159  3.14159  -0.0939057  -0.169587
5.65487  3.14159  3.14159  -0.0637169  -0.145911
8.16814  3.14159  3.14159  -0.0339878  -0.110822
10.6814  3.14159  3.14159  -0.0208117  -0.088144
14.4513  3.14159  3.14159  -0.011732  -0.0669029
33.3009  3.14159  3.14159  -0.00228213  -0.0298343
