-29.531  0  0  0.00288387  0.033586
-14.4513  0  0  0.0116853  0.0669197
-8.16814  0  0  0.0338677  0.110903
-5.65487  0  0  0.0635293  0.146113
-4.39823  0  0  0.0936881  0.169939
-3.14159  0  0  0.146927  0.195026
-1.88496  0  0  0.24277  0.203302
-0.628319  0  0  0.39021  0.12716
0.628319  0  0  0.39021  -0.12716
1.88496  0  0  0.24277  -0.203302
3.14159  0  0  0.146927  -0.195026
4.39823  0  0  0.0936881  -0.169939
5.65487  0  0  0.0635293  -0.146113
8.16814  0  0  0.0338677  -0.110903
10.6814  0  0  0.0207327  -0.0881832
14.4513  0  0  0.0116853  -0.0669197
33.3009  0  0  0.00227261  -0.0298358
-29.531  0  3.14159  -6.15753e-06  0.0338335
-14.4513  0  3.14159  -2.55116e-05  0.0689547
-8.16814  0  3.14159  -7.82991e-05  0.121166
-5.65487  0  3.14159  -0.000159037  0.173332
-4.39823  0  3.14159  -0.000255477  0.220484
-3.14159  0  3.14159  -0.000473472  0.302003
-1.88496  0  3.14159  -0.00115636  0.476646
-0.628319  0  3.14159  -0.00782848  1.23165
0.628319  0  3.14159  -0.00782848  -1.23165
1.88496  0  3.14159  -0.00115636  -0.476646
3.14159  0  3.14159  -0.000473472  -0.302003
4.39823  0  3.14159  -0.000255477  -0.220484
5.65487  0  3.14159  -0.000159037  -0.173332
8.16814  0  3.14159  -7.82991e-05  -0.121166
10.6814  0  3.14159  -4.63243e-05  -0.0930347
14.4513  0  3.14159  -2.55116e-05  -0.0689547
33.3009  0  3.14159  -4.84494e-06  -0.0300088
-29.531  3.14159  0  -6.15753e-06  0.0338335
-14.4513  3.14159  0  -2.55116e-05  0.0689547
-8.16814  3.14159  0  -7.82991e-05  0.121166
-5.65487  3.14159  0  -0.000159037  0.173332
-4.39823  3.14159  0  -0.000255477  0.220484
-3.14159  3.14159  0  -0.000473472  0.302003
-1.88496  3.14159  0  -0.00115636  0.476646
-0.628319  3.14159  0  -0.00782848  1.23165
0.628319  3.14159  0  -0.00782848  -1.23165
1.88496  3.14159  0  -0.00115636  -0.476646
3.14159  3.14159  0  -0.000473472  -0.302003
4.39823  3.14159  0  -0.000255477  -0.220484
5.65487  3.14159  0  -0.000159037  -0.173332
8.16814  3.14159  0  -7.82991e-05  -0.121166
10.6814  3.14159  0  -4.63243e-05  -0.0930347
14.4513  3.14159  0  -2.55116e-05  -0.0689547
33.3009  3.14159  0  -4.84494e-06  -0.0300088
-29.531  3.14159  3.14159  -0.00289592  0.0335839
-14.4513  3.14159  3.14159  -0.011732  0.0669029
-8.16814  3.14159  3.14159  -0.0339878  0.110822
-5.65487  3.14159  3.14159  -0.063717  0.145911
-4.39823  3.14159  3.14159  -0.0939062  0.169588
-3.14159  3.14159  3.14159  -0.147097  0.194381
-1.88496  3.14159  3.14159  -0.24251  0.202188
-0.628319  3.14159  3.14159  -0.38859  0.126328
0.628319  3.14159  3.14159  -0.38859  -0.126328
1.88496  3.14159  3.14159  -0.24251  -0.202188
3.14159  3.14159  3.14159  -0.147097  -0.194381
4.39823  3.14159  3.14159  -0.0939062  -0.169588
5.65487  3.14159  3.14159  -0.063717  -0.145911
8.16814  3.14159  3.14159  -0.0339878  -0.110822
10.6814  3.14159  3.14159  -0.0208117  -0.088144
14.4513  3.14159  3.14159  -0.011732  -0.0669029
33.3009  3.14159  3.14159  -0.00228213  -0.0298343
