-29.531  0  0  -0.0189419  0.208968
-14.4513  0  0  -0.0694699  0.410189
-8.16814  0  0  -0.165707  0.659703
-5.65487  0  0  -0.258412  0.842451
-4.39823  0  0  -0.330931  0.955246
-3.14159  0  0  -0.428907  1.06405
-1.88496  0  0  -0.553462  1.06512
-0.628319  0  0  -0.667185  0.644653
0.628319  0  0  -0.667185  -0.644653
1.88496  0  0  -0.553462  -1.06512
3.14159  0  0  -0.428907  -1.06405
4.39823  0  0  -0.330931  -0.955246
5.65487  0  0  -0.258412  -0.842451
8.16814  0  0  -0.165707  -0.659703
10.6814  0  0  -0.112977  -0.53252
14.4513  0  0  -0.0694699  -0.410189
33.3009  0  0  -0.015046  -0.185678
-29.531  0  3.14159  0  0.209179
-14.4513  0  3.14159  0  0.411374
-8.16814  0  3.14159  0  0.657123
-5.65487  0  3.14159  0  0.827962
-4.39823  0  3.14159  0  0.943981
-3.14159  0  3.14159  0  1.09324
-1.88496  0  3.14159  0  1.36988
-0.628319  0  3.14159  0  3.25967
0.628319  0  3.14159  0  -3.25967
1.88496  0  3.14159  0  -1.36988
3.14159  0  3.14159  0  -1.09324
4.39823  0  3.14159  0  -0.943981
5.65487  0  3.14159  0  -0.827962
8.16814  0  3.14159  0  -0.657123
10.6814  0  3.14159  0  -0.533697
14.4513  0  3.14159  0  -0.411374
33.3009  0  3.14159  0  -0.185861
-29.531  3.14159  0  0  0.209179
-14.4513  3.14159  0  0  0.411374
-8.16814  3.14159  0  0  0.657123
-5.65487  3.14159  0  0  0.827962
-4.39823  3.14159  0  0  0.943981
-3.14159  3.14159  0  0  1.09324
-1.88496  3.14159  0  0  1.36988
-0.628319  3.14159  0  0  3.25967
0.628319  3.14159  0  0  -3.25967
1.88496  3.14159  0  0  -1.36988
3.14159  3.14159  0  0  -1.09324
4.39823  3.14159  0  0  -0.943981
5.65487  3.14159  0  0  -0.827962
8.16814  3.14159  0  0  -0.657123
10.6814  3.14159  0  0  -0.533697
14.4513  3.14159  0  0  -0.411374
33.3009  3.14159  0  0  -0.185861
-29.531  3.14159  3.14159  0.017977  0.209047
-14.4513  3.14159  3.14159  0.06571  0.410767
-8.16814  3.14159  3.14159  0.156237  0.661895
-5.65487  3.14159  3.14159  0.242464  0.846765
-4.39823  3.14159  3.14159  0.309921  0.961428
-3.14159  3.14159  3.14159  0.404007  1.07284
-1.88496  3.14159  3.14159  0.526441  1.07636
-0.628319  3.14159  3.14159  0.63938  0.651564
0.628319  3.14159  3.14159  0.63938  -0.651564
1.88496  3.14159  3.14159  0.526441  -1.07636
3.14159  3.14159  3.14159  0.404007  -1.07284
4.39823  3.14159  3.14159  0.309921  -0.961428
5.65487  3.14159  3.14159  0.242464  -0.846765
8.16814  3.14159  3.14159  0.156237  -0.661895
10.6814  3.14159  3.14159  0.106579  -0.53374
14.4513  3.14159  3.14159  0.06571  -0.410767
33.3009  3.14159  3.14159  0.0142737  -0.185735
