-29.531  0  0  -0.0189534  0.208971
-14.4513  0  0  -0.0695177  0.410204
-8.16814  0  0  -0.165844  0.6598
-5.65487  0  0  -0.25867  0.842672
-4.39823  0  0  -0.331311  0.955597
-3.14159  0  0  -0.429482  1.0647
-1.88496  0  0  -0.554373  1.06616
-0.628319  0  0  -0.668478  0.645654
0.628319  0  0  -0.668478  -0.645654
1.88496  0  0  -0.554373  -1.06616
3.14159  0  0  -0.429482  -1.0647
4.39823  0  0  -0.331311  -0.955597
5.65487  0  0  -0.25867  -0.842672
8.16814  0  0  -0.165844  -0.6598
10.6814  0  0  -0.113063  -0.53255
14.4513  0  0  -0.0695177  -0.410204
33.3009  0  0  -0.0150551  -0.185679
-29.531  0  3.14159  0  0.209183
-14.4513  0  3.14159  0  0.411379
-8.16814  0  3.14159  0  0.657221
-5.65487  0  3.14159  0  0.828086
-4.39823  0  3.14159  0  0.944261
-3.14159  0  3.14159  0  1.09365
-1.88496  0  3.14159  0  1.37056
-0.628319  0  3.14159  0  3.27316
0.628319  0  3.14159  0  -3.27316
1.88496  0  3.14159  0  -1.37056
3.14159  0  3.14159  0  -1.09365
4.39823  0  3.14159  0  -0.944261
5.65487  0  3.14159  0  -0.828086
8.16814  0  3.14159  0  -0.657221
10.6814  0  3.14159  0  -0.533738
14.4513  0  3.14159  0  -0.411379
33.3009  0  3.14159  0  -0.185865
-29.531  3.14159  0  0  0.209183
-14.4513  3.14159  0  0  0.411379
-8.16814  3.14159  0  0  0.657221
-5.65487  3.14159  0  0  0.828086
-4.39823  3.14159  0  0  0.944261
-3.14159  3.14159  0  0  1.09365
-1.88496  3.14159  0  0  1.37056
-0.628319  3.14159  0  0  3.27316
0.628319  3.14159  0  0  -3.27316
1.88496  3.14159  0  0  -1.37056
3.14159  3.14159  0  0  -1.09365
4.39823  3.14159  0  0  -0.944261
5.65487  3.14159  0  0  -0.828086
8.16814  3.14159  0  0  -0.657221
10.6814  3.14159  0  0  -0.533738
14.4513  3.14159  0  0  -0.411379
33.3009  3.14159  0  0  -0.185865
-29.531  3.14159  3.14159  0.0179872  0.20905
-14.4513  3.14159  3.14159  0.0657505  0.410783
-8.16814  3.14159  3.14159  0.156358  0.661995
-5.65487  3.14159  3.14159  0.242692  0.846993
-4.39823  3.14159  3.14159  0.31026  0.961789
-3.14159  3.14159  3.14159  0.404557  1.0735
-1.88496  3.14159  3.14159  0.527332  1.07742
-0.628319  3.14159  3.14159  0.640596  0.652576
0.628319  3.14159  3.14159  0.640596  -0.652576
1.88496  3.14159  3.14159  0.527332  -1.07742
3.14159  3.14159  3.14159  0.404557  -1.0735
4.39823  3.14159  3.14159  0.31026  -0.961789
5.65487  3.14159  3.14159  0.242692  -0.846993
8.16814  3.14159  3.14159  0.156358  -0.661995
10.6814  3.14159  3.14159  0.106651  -0.533772
14.4513  3.14159  3.14159  0.0657505  -0.410783
33.3009  3.14159  3.14159  0.0142817  -0.185736
