-29.531  0  0  -0.0189719  0.208976
-14.4513  0  0  -0.0695943  0.410227
-8.16814  0  0  -0.166064  0.659955
-5.65487  0  0  -0.259084  0.843026
-4.39823  0  0  -0.33192  0.95616
-3.14159  0  0  -0.430407  1.06574
-1.88496  0  0  -0.555838  1.06782
-0.628319  0  0  -0.670556  0.647263
0.628319  0  0  -0.670556  -0.647263
1.88496  0  0  -0.555838  -1.06782
3.14159  0  0  -0.430407  -1.06574
4.39823  0  0  -0.33192  -0.95616
5.65487  0  0  -0.259084  -0.843026
8.16814  0  0  -0.166064  -0.659955
10.6814  0  0  -0.1132  -0.532599
14.4513  0  0  -0.0695943  -0.410227
33.3009  0  0  -0.0150697  -0.18568
-29.531  0  3.14159  0  0.209189
-14.4513  0  3.14159  0  0.411387
-8.16814  0  3.14159  0  0.657378
-5.65487  0  3.14159  0  0.828282
-4.39823  0  3.14159  0  0.944712
-3.14159  0  3.14159  0  1.09432
-1.88496  0  3.14159  0  1.37164
-0.628319  0  3.14159  0  3.29491
0.628319  0  3.14159  0  -3.29491
1.88496  0  3.14159  0  -1.37164
3.14159  0  3.14159  0  -1.09432
4.39823  0  3.14159  0  -0.944712
5.65487  0  3.14159  0  -0.828282
8.16814  0  3.14159  0  -0.657378
10.6814  0  3.14159  0  -0.533803
14.4513  0  3.14159  0  -0.411387
33.3009  0  3.14159  0  -0.185871
-29.531  3.14159  0  0  0.209189
-14.4513  3.14159  0  0  0.411387
-8.16814  3.14159  0  0  0.657378
-5.65487  3.14159  0  0  0.828282
-4.39823  3.14159  0  0  0.944712
-3.14159  3.14159  0  0  1.09432
-1.88496  3.14159  0  0  1.37164
-0.628319  3.14159  0  0  3.29491
0.628319  3.14159  0  0  -3.29491
1.88496  3.14159  0  0  -1.37164
3.14159  3.14159  0  0  -1.09432
4.39823  3.14159  0  0  -0.944712
5.65487  3.14159  0  0  -0.828282
8.16814  3.14159  0  0  -0.657378
10.6814  3.14159  0  0  -0.533803
14.4513  3.14159  0  0  -0.411387
33.3009  3.14159  0  0  -0.185871
-29.531  3.14159  3.14159  0.0180035  0.209056
-14.4513  3.14159  3.14159  0.0658154  0.410807
-8.16814  3.14159  3.14159  0.156552  0.662156
-5.65487  3.14159  3.14159  0.243059  0.847358
-4.39823  3.14159  3.14159  0.310805  0.962369
-3.14159  3.14159  3.14159  0.405439  1.07457
-1.88496  3.14159  3.14159  0.528764  1.07912
-0.628319  3.14159  3.14159  0.642548  0.654204
0.628319  3.14159  3.14159  0.642548  -0.654204
1.88496  3.14159  3.14159  0.528764  -1.07912
3.14159  3.14159  3.14159  0.405439  -1.07457
4.39823  3.14159  3.14159  0.310805  -0.962369
5.65487  3.14159  3.14159  0.243059  -0.847358
8.16814  3.14159  3.14159  0.156552  -0.662156
10.6814  3.14159  3.14159  0.106766  -0.533824
14.4513  3.14159  3.14159  0.0658154  -0.410807
33.3009  3.14159  3.14159  0.0142945  -0.185737
