-29.531  0  0  -0.0189792  0.208978
-14.4513  0  0  -0.0696249  0.410236
-8.16814  0  0  -0.166152  0.660017
-5.65487  0  0  -0.25925  0.843167
-4.39823  0  0  -0.332163  0.956385
-3.14159  0  0  -0.430776  1.06616
-1.88496  0  0  -0.556424  1.06848
-0.628319  0  0  -0.671387  0.647906
0.628319  0  0  -0.671387  -0.647906
1.88496  0  0  -0.556424  -1.06848
3.14159  0  0  -0.430776  -1.06616
4.39823  0  0  -0.332163  -0.956385
5.65487  0  0  -0.25925  -0.843167
8.16814  0  0  -0.166152  -0.660017
10.6814  0  0  -0.113255  -0.532619
14.4513  0  0  -0.0696249  -0.410236
33.3009  0  0  -0.0150755  -0.18568
-29.531  0  3.14159  0  0.209192
-14.4513  0  3.14159  0  0.41139
-8.16814  0  3.14159  0  0.65744
-5.65487  0  3.14159  0  0.828359
-4.39823  0  3.14159  0  0.944893
-3.14159  0  3.14159  0  1.09458
-1.88496  0  3.14159  0  1.37207
-0.628319  0  3.14159  0  3.30363
0.628319  0  3.14159  0  -3.30363
1.88496  0  3.14159  0  -1.37207
3.14159  0  3.14159  0  -1.09458
4.39823  0  3.14159  0  -0.944893
5.65487  0  3.14159  0  -0.828359
8.16814  0  3.14159  0  -0.65744
10.6814  0  3.14159  0  -0.533828
14.4513  0  3.14159  0  -0.41139
33.3009  0  3.14159  0  -0.185874
-29.531  3.14159  0  0  0.209192
-14.4513  3.14159  0  0  0.41139
-8.16814  3.14159  0  0  0.65744
-5.65487  3.14159  0  0  0.828359
-4.39823  3.14159  0  0  0.944893
-3.14159  3.14159  0  0  1.09458
-1.88496  3.14159  0  0  1.37207
-0.628319  3.14159  0  0  3.30363
0.628319  3.14159  0  0  -3.30363
1.88496  3.14159  0  0  -1.37207
3.14159  3.14159  0  0  -1.09458
4.39823  3.14159  0  0  -0.944893
5.65487  3.14159  0  0  -0.828359
8.16814  3.14159  0  0  -0.65744
10.6814  3.14159  0  0  -0.533828
14.4513  3.14159  0  0  -0.41139
33.3009  3.14159  0  0  -0.185874
-29.531  3.14159  3.14159  0.01801  0.209058
-14.4513  3.14159  3.14159  0.0658414  0.410817
-8.16814  3.14159  3.14159  0.156629  0.66222
-5.65487  3.14159  3.14159  0.243206  0.847504
-4.39823  3.14159  3.14159  0.311023  0.962601
-3.14159  3.14159  3.14159  0.405792  1.075
-1.88496  3.14159  3.14159  0.529335  1.0798
-0.628319  3.14159  3.14159  0.643329  0.654854
0.628319  3.14159  3.14159  0.643329  -0.654854
1.88496  3.14159  3.14159  0.529335  -1.0798
3.14159  3.14159  3.14159  0.405792  -1.075
4.39823  3.14159  3.14159  0.311023  -0.962601
5.65487  3.14159  3.14159  0.243206  -0.847504
8.16814  3.14159  3.14159  0.156629  -0.66222
10.6814  3.14159  3.14159  0.106812  -0.533845
14.4513  3.14159  3.14159  0.0658414  -0.410817
33.3009  3.14159  3.14159  0.0142996  -0.185737
