-29.531  0  0  0.00288387  0.033586
-14.4513  0  0  0.0116853  0.0669197
-8.16814  0  0  0.0338677  0.110903
-5.65487  0  0  0.0635297  0.146113
-4.39823  0  0  0.0936897  0.16994
-3.14159  0  0  0.146934  0.195026
-1.88496  0  0  0.242792  0.203281
-0.628319  0  0  0.390157  0.127047
0.628319  0  0  0.390157  -0.127047
1.88496  0  0  0.242792  -0.203281
3.14159  0  0  0.146934  -0.195026
4.39823  0  0  0.0936897  -0.16994
5.65487  0  0  0.0635297  -0.146113
8.16814  0  0  0.0338677  -0.110903
10.6814  0  0  0.0207327  -0.0881833
14.4513  0  0  0.0116853  -0.0669197
33.3009  0  0  0.00227261  -0.0298358
-29.531  0  3.14159  -6.15753e-06  0.0338335
-14.4513  0  3.14159  -2.55116e-05  0.0689547
-8.16814  0  3.14159  -7.82993e-05  0.121166
-5.65487  0  3.14159  -0.000159038  0.173332
-4.39823  0  3.14159  -0.000255483  0.220486
-3.14159  0  3.14159  -0.000473508  0.30201
-1.88496  0  3.14159  -0.00115666  0.476688
-0.628319  0  3.14159  -0.00789114  1.23583
0.628319  0  3.14159  -0.00789114  -1.23583
1.88496  0  3.14159  -0.00115666  -0.476688
3.14159  0  3.14159  -0.000473508  -0.30201
4.39823  0  3.14159  -0.000255483  -0.220486
5.65487  0  3.14159  -0.000159038  -0.173332
8.16814  0  3.14159  -7.82993e-05  -0.121166
10.6814  0  3.14159  -4.63243e-05  -0.0930347
14.4513  0  3.14159  -2.55116e-05  -0.0689547
33.3009  0  3.14159  -4.84494e-06  -0.0300088
-29.531  3.14159  0  -6.15753e-06  0.0338335
-14.4513  3.14159  0  -2.55116e-05  0.0689547
-8.16814  3.14159  0  -7.82993e-05  0.121166
-5.65487  3.14159  0  -0.000159038  0.173332
-4.39823  3.14159  0  -0.000255483  0.220486
-3.14159  3.14159  0  -0.000473508  0.30201
-1.88496  3.14159  0  -0.00115666  0.476688
-0.628319  3.14159  0  -0.00789114  1.23583
0.628319  3.14159  0  -0.00789114  -1.23583
1.88496  3.14159  0  -0.00115666  -0.476688
3.14159  3.14159  0  -0.000473508  -0.30201
4.39823  3.14159  0  -0.000255483  -0.220486
5.65487  3.14159  0  -0.000159038  -0.173332
8.16814  3.14159  0  -7.82993e-05  -0.121166
10.6814  3.14159  0  -4.63243e-05  -0.0930347
14.4513  3.14159  0  -2.55116e-05  -0.0689547
33.3009  3.14159  0  -4.84494e-06  -0.0300088
-29.531  3.14159  3.14159  -0.00289592  0.0335839
-14.4513  3.14159  3.14159  -0.011732  0.0669029
-8.16814  3.14159  3.14159  -0.0339879  0.110822
-5.65487  3.14159  3.14159  -0.0637174  0.145911
-4.39823  3.14159  3.14159  -0.0939078  0.169589
-3.14159  3.14159  3.14159  -0.147104  0.194381
-1.88496  3.14159  3.14159  -0.242532  0.202166
-0.628319  3.14159  3.14159  -0.388536  0.12622
0.628319  3.14159  3.14159  -0.388536  -0.12622
1.88496  3.14159  3.14159  -0.242532  -0.202166
3.14159  3.14159  3.14159  -0.147104  -0.194381
4.39823  3.14159  3.14159  -0.0939078  -0.169589
5.65487  3.14159  3.14159  -0.0637174  -0.145911
8.16814  3.14159  3.14159  -0.0339879  -0.110822
10.6814  3.14159  3.14159  -0.0208117  -0.088144
14.4513  3.14159  3.14159  -0.011732  -0.0669029
33.3009  3.14159  3.14159  -0.00228213  -0.0298343
