-29.531  0  0  -0.0229126  0.208775
-14.4513  0  0  -0.0854921  0.412677
-8.16814  0  0  -0.210082  0.672326
-5.65487  0  0  -0.339957  0.870758
-4.39823  0  0  -0.447313  0.996331
-3.14159  0  0  -0.598577  1.14615
-1.88496  0  0  -0.795231  1.21928
-0.628319  0  0  -0.979334  0.776702
0.628319  0  0  -0.979334  -0.776702
1.88496  0  0  -0.795231  -1.21928
3.14159  0  0  -0.598577  -1.14615
4.39823  0  0  -0.447313  -0.996331
5.65487  0  0  -0.339957  -0.870758
8.16814  0  0  -0.210082  -0.672326
10.6814  0  0  -0.141045  -0.53469
14.4513  0  0  -0.0854921  -0.412677
33.3009  0  0  -0.0181932  -0.184637
-29.531  0  3.14159  0  0.204601
-14.4513  0  3.14159  0  0.434864
-8.16814  0  3.14159  0  0.705077
-5.65487  0  3.14159  0  0.888477
-4.39823  0  3.14159  0  0.959723
-3.14159  0  3.14159  0  1.08636
-1.88496  0  3.14159  0  1.40218
-0.628319  0  3.14159  0  5.69941
0.628319  0  3.14159  0  -5.69941
1.88496  0  3.14159  0  -1.40218
3.14159  0  3.14159  0  -1.08636
4.39823  0  3.14159  0  -0.959723
5.65487  0  3.14159  0  -0.888477
8.16814  0  3.14159  0  -0.705077
10.6814  0  3.14159  0  -0.536462
14.4513  0  3.14159  0  -0.434864
33.3009  0  3.14159  0  -0.173104
-29.531  3.14159  0  0  0.204601
-14.4513  3.14159  0  0  0.434864
-8.16814  3.14159  0  0  0.705077
-5.65487  3.14159  0  0  0.888477
-4.39823  3.14159  0  0  0.959723
-3.14159  3.14159  0  0  1.08636
-1.88496  3.14159  0  0  1.40218
-0.628319  3.14159  0  0  5.69941
0.628319  3.14159  0  0  -5.69941
1.88496  3.14159  0  0  -1.40218
3.14159  3.14159  0  0  -1.08636
4.39823  3.14159  0  0  -0.959723
5.65487  3.14159  0  0  -0.888477
8.16814  3.14159  0  0  -0.705077
10.6814  3.14159  0  0  -0.536462
14.4513  3.14159  0  0  -0.434864
33.3009  3.14159  0  0  -0.173104
-29.531  3.14159  3.14159  0.0178021  0.209211
-14.4513  3.14159  3.14159  0.0651051  0.415865
-8.16814  3.14159  3.14159  0.156865  0.68461
-5.65487  3.14159  3.14159  0.24573  0.894954
-4.39823  3.14159  3.14159  0.318927  1.03119
-3.14159  3.14159  3.14159  0.431191  1.19641
-1.88496  3.14159  3.14159  0.602496  1.28587
-0.628319  3.14159  3.14159  0.770012  0.820864
0.628319  3.14159  3.14159  0.770012  -0.820864
1.88496  3.14159  3.14159  0.602496  -1.28587
3.14159  3.14159  3.14159  0.431191  -1.19641
4.39823  3.14159  3.14159  0.318927  -1.03119
5.65487  3.14159  3.14159  0.24573  -0.894954
8.16814  3.14159  3.14159  0.156865  -0.68461
10.6814  3.14159  3.14159  0.105954  -0.541438
14.4513  3.14159  3.14159  0.0651051  -0.415865
33.3009  3.14159  3.14159  0.0141175  -0.184939
