-29.531  0  0  -0.0249638  0.210611
-14.4513  0  0  -0.0892199  0.387547
-8.16814  0  0  -0.215602  0.665821
-5.65487  0  0  -0.343361  0.814899
-4.39823  0  0  -0.444588  0.884896
-3.14159  0  0  -0.557263  1.09445
-1.88496  0  0  -0.72822  1.12719
-0.628319  0  0  -0.958972  0.798175
0.628319  0  0  -0.958972  -0.798175
1.88496  0  0  -0.72822  -1.12719
3.14159  0  0  -0.557263  -1.09445
4.39823  0  0  -0.444588  -0.884896
5.65487  0  0  -0.343361  -0.814899
8.16814  0  0  -0.215602  -0.665821
10.6814  0  0  -0.148512  -0.483658
14.4513  0  0  -0.0892199  -0.387547
33.3009  0  0  -0.0201818  -0.183067
-29.531  0  3.14159  0  0.163192
-14.4513  0  3.14159  0  0.541751
-8.16814  0  3.14159  0  0.89883
-5.65487  0  3.14159  0  0.978095
-4.39823  0  3.14159  0  0.758922
-3.14159  0  3.14159  0  0.685496
-1.88496  0  3.14159  0  1.7231
-0.628319  0  3.14159  0  2.91231
0.628319  0  3.14159  0  -2.91231
1.88496  0  3.14159  0  -1.7231
3.14159  0  3.14159  0  -0.685496
4.39823  0  3.14159  0  -0.758922
5.65487  0  3.14159  0  -0.978095
8.16814  0  3.14159  0  -0.89883
10.6814  0  3.14159  0  -0.606923
14.4513  0  3.14159  0  -0.541751
33.3009  0  3.14159  0  -0.103835
-29.531  3.14159  0  0  0.163192
-14.4513  3.14159  0  0  0.541751
-8.16814  3.14159  0  0  0.89883
-5.65487  3.14159  0  0  0.978095
-4.39823  3.14159  0  0  0.758922
-3.14159  3.14159  0  0  0.685496
-1.88496  3.14159  0  0  1.7231
-0.628319  3.14159  0  0  2.91231
0.628319  3.14159  0  0  -2.91231
1.88496  3.14159  0  0  -1.7231
3.14159  3.14159  0  0  -0.685496
4.39823  3.14159  0  0  -0.758922
5.65487  3.14159  0  0  -0.978095
8.16814  3.14159  0  0  -0.89883
10.6814  3.14159  0  0  -0.606923
14.4513  3.14159  0  0  -0.541751
33.3009  3.14159  0  0  -0.103835
-29.531  3.14159  3.14159  0.0147435  0.211195
-14.4513  3.14159  3.14159  0.0572652  0.391849
-8.16814  3.14159  3.14159  0.139316  0.682359
-5.65487  3.14159  3.14159  0.219687  0.847627
-4.39823  3.14159  3.14159  0.288148  0.931817
-3.14159  3.14159  3.14159  0.420088  1.16207
-1.88496  3.14159  3.14159  0.584796  1.21623
-0.628319  3.14159  3.14159  0.670861  0.85443
0.628319  3.14159  3.14159  0.670861  -0.85443
1.88496  3.14159  3.14159  0.584796  -1.21623
3.14159  3.14159  3.14159  0.420088  -1.16207
4.39823  3.14159  3.14159  0.288148  -0.931817
5.65487  3.14159  3.14159  0.219687  -0.847627
8.16814  3.14159  3.14159  0.139316  -0.682359
10.6814  3.14159  3.14159  0.0911581  -0.492844
14.4513  3.14159  3.14159  0.0572652  -0.391849
33.3009  3.14159  3.14159  0.011336  -0.183491
