-29.531  0  0  -0.0273817  0.208773
-14.4513  0  0  -0.105054  0.386014
-8.16814  0  0  -0.255861  0.618819
-5.65487  0  0  -0.395355  0.760039
-4.39823  0  0  -0.50627  0.862235
-3.14159  0  0  -0.649591  0.973125
-1.88496  0  0  -0.854254  0.92715
-0.628319  0  0  -0.940642  0.652775
0.628319  0  0  -0.940642  -0.652775
1.88496  0  0  -0.854254  -0.92715
3.14159  0  0  -0.649591  -0.973125
4.39823  0  0  -0.50627  -0.862235
5.65487  0  0  -0.395355  -0.760039
8.16814  0  0  -0.255861  -0.618819
10.6814  0  0  -0.174572  -0.492274
14.4513  0  0  -0.105054  -0.386014
33.3009  0  0  -0.0217082  -0.185821
-29.531  0  3.14159  0  0.190987
-14.4513  0  3.14159  0  0.452646
-8.16814  0  3.14159  0  0.724707
-5.65487  0  3.14159  0  0.861333
-4.39823  0  3.14159  0  0.832568
-3.14159  0  3.14159  0  0.876939
-1.88496  0  3.14159  0  1.35036
-0.628319  0  3.14159  0  2.01839
0.628319  0  3.14159  0  -2.01839
1.88496  0  3.14159  0  -1.35036
3.14159  0  3.14159  0  -0.876939
4.39823  0  3.14159  0  -0.832568
5.65487  0  3.14159  0  -0.861333
8.16814  0  3.14159  0  -0.724707
10.6814  0  3.14159  0  -0.554453
14.4513  0  3.14159  0  -0.452646
33.3009  0  3.14159  0  -0.156183
-29.531  3.14159  0  0  0.190987
-14.4513  3.14159  0  0  0.452646
-8.16814  3.14159  0  0  0.724707
-5.65487  3.14159  0  0  0.861333
-4.39823  3.14159  0  0  0.832568
-3.14159  3.14159  0  0  0.876939
-1.88496  3.14159  0  0  1.35036
-0.628319  3.14159  0  0  2.01839
0.628319  3.14159  0  0  -2.01839
1.88496  3.14159  0  0  -1.35036
3.14159  3.14159  0  0  -0.876939
4.39823  3.14159  0  0  -0.832568
5.65487  3.14159  0  0  -0.861333
8.16814  3.14159  0  0  -0.724707
10.6814  3.14159  0  0  -0.554453
14.4513  3.14159  0  0  -0.452646
33.3009  3.14159  0  0  -0.156183
-29.531  3.14159  3.14159  0.00904173  0.21049
-14.4513  3.14159  3.14159  0.0264973  0.397622
-8.16814  3.14159  3.14159  0.0549962  0.66518
-5.65487  3.14159  3.14159  0.0847176  0.848452
-4.39823  3.14159  3.14159  0.103448  0.98568
-3.14159  3.14159  3.14159  0.137191  1.1477
-1.88496  3.14159  3.14159  0.154826  1.15255
-0.628319  3.14159  3.14159  0.260021  0.798681
0.628319  3.14159  3.14159  0.260021  -0.798681
1.88496  3.14159  3.14159  0.154826  -1.15255
3.14159  3.14159  3.14159  0.137191  -1.1477
4.39823  3.14159  3.14159  0.103448  -0.98568
5.65487  3.14159  3.14159  0.0847176  -0.848452
8.16814  3.14159  3.14159  0.0549962  -0.66518
10.6814  3.14159  3.14159  0.0381064  -0.517655
14.4513  3.14159  3.14159  0.0264973  -0.397622
33.3009  3.14159  3.14159  0.00726793  -0.187109
