-29.531  0  0  0.00288387  0.033586
-14.4513  0  0  0.0116853  0.0669196
-8.16814  0  0  0.0338671  0.110902
-5.65487  0  0  0.0635222  0.146109
-4.39823  0  0  0.0936629  0.169933
-3.14159  0  0  0.146831  0.195047
-1.88496  0  0  0.242522  0.203633
-0.628319  0  0  0.390937  0.128577
0.628319  0  0  0.390937  -0.128577
1.88496  0  0  0.242522  -0.203633
3.14159  0  0  0.146831  -0.195047
4.39823  0  0  0.0936629  -0.169933
5.65487  0  0  0.0635222  -0.146109
8.16814  0  0  0.0338671  -0.110902
10.6814  0  0  0.0207327  -0.088183
14.4513  0  0  0.0116853  -0.0669196
33.3009  0  0  0.00227261  -0.0298358
-29.531  0  3.14159  -6.15753e-06  0.0338335
-14.4513  0  3.14159  -2.55116e-05  0.0689547
-8.16814  0  3.14159  -7.82978e-05  0.121165
-5.65487  0  3.14159  -0.000159022  0.173327
-4.39823  0  3.14159  -0.00025536  0.220456
-3.14159  0  3.14159  -0.000472794  0.301875
-1.88496  0  3.14159  -0.00115118  0.475945
-0.628319  0  3.14159  -0.00690916  1.16919
0.628319  0  3.14159  -0.00690916  -1.16919
1.88496  0  3.14159  -0.00115118  -0.475945
3.14159  0  3.14159  -0.000472794  -0.301875
4.39823  0  3.14159  -0.00025536  -0.220456
5.65487  0  3.14159  -0.000159022  -0.173327
8.16814  0  3.14159  -7.82978e-05  -0.121165
10.6814  0  3.14159  -4.6324e-05  -0.0930345
14.4513  0  3.14159  -2.55116e-05  -0.0689547
33.3009  0  3.14159  -4.84494e-06  -0.0300088
-29.531  3.14159  0  -6.15753e-06  0.0338335
-14.4513  3.14159  0  -2.55116e-05  0.0689547
-8.16814  3.14159  0  -7.82978e-05  0.121165
-5.65487  3.14159  0  -0.000159022  0.173327
-4.39823  3.14159  0  -0.00025536  0.220456
-3.14159  3.14159  0  -0.000472794  0.301875
-1.88496  3.14159  0  -0.00115118  0.475945
-0.628319  3.14159  0  -0.00690916  1.16919
0.628319  3.14159  0  -0.00690916  -1.16919
1.88496  3.14159  0  -0.00115118  -0.475945
3.14159  3.14159  0  -0.000472794  -0.301875
4.39823  3.14159  0  -0.00025536  -0.220456
5.65487  3.14159  0  -0.000159022  -0.173327
8.16814  3.14159  0  -7.82978e-05  -0.121165
10.6814  3.14159  0  -4.6324e-05  -0.0930345
14.4513  3.14159  0  -2.55116e-05  -0.0689547
33.3009  3.14159  0  -4.84494e-06  -0.0300088
-29.531  3.14159  3.14159  -0.00289592  0.0335839
-14.4513  3.14159  3.14159  -0.011732  0.0669028
-8.16814  3.14159  3.14159  -0.0339878  0.110821
-5.65487  3.14159  3.14159  -0.0637117  0.145902
-4.39823  3.14159  3.14159  -0.0938822  0.169569
-3.14159  3.14159  3.14159  -0.146989  0.194368
-1.88496  3.14159  3.14159  -0.242168  0.202462
-0.628319  3.14159  3.14159  -0.389227  0.127989
0.628319  3.14159  3.14159  -0.389227  -0.127989
1.88496  3.14159  3.14159  -0.242168  -0.202462
3.14159  3.14159  3.14159  -0.146989  -0.194368
4.39823  3.14159  3.14159  -0.0938822  -0.169569
5.65487  3.14159  3.14159  -0.0637117  -0.145902
8.16814  3.14159  3.14159  -0.0339878  -0.110821
10.6814  3.14159  3.14159  -0.0208118  -0.0881436
14.4513  3.14159  3.14159  -0.011732  -0.0669028
33.3009  3.14159  3.14159  -0.00228213  -0.0298343
