-29.531  0  0  0.00288387  0.033586
-14.4513  0  0  0.0116854  0.0669196
-8.16814  0  0  0.0338674  0.110902
-5.65487  0  0  0.063524  0.146108
-4.39823  0  0  0.0936672  0.16993
-3.14159  0  0  0.14684  0.195034
-1.88496  0  0  0.242525  0.20357
-0.628319  0  0  0.390838  0.128478
0.628319  0  0  0.390838  -0.128478
1.88496  0  0  0.242525  -0.20357
3.14159  0  0  0.14684  -0.195034
4.39823  0  0  0.0936672  -0.16993
5.65487  0  0  0.063524  -0.146108
8.16814  0  0  0.0338674  -0.110902
10.6814  0  0  0.0207328  -0.088183
14.4513  0  0  0.0116854  -0.0669196
33.3009  0  0  0.00227261  -0.0298358
-29.531  0  3.14159  -6.15753e-06  0.0338335
-14.4513  0  3.14159  -2.55116e-05  0.0689547
-8.16814  0  3.14159  -7.82974e-05  0.121165
-5.65487  0  3.14159  -0.000159022  0.173327
-4.39823  0  3.14159  -0.000255389  0.220463
-3.14159  0  3.14159  -0.000472979  0.30191
-1.88496  0  3.14159  -0.00115192  0.476045
-0.628319  0  3.14159  -0.00705581  1.17932
0.628319  0  3.14159  -0.00705581  -1.17932
1.88496  0  3.14159  -0.00115192  -0.476045
3.14159  0  3.14159  -0.000472979  -0.30191
4.39823  0  3.14159  -0.000255389  -0.220463
5.65487  0  3.14159  -0.000159022  -0.173327
8.16814  0  3.14159  -7.82974e-05  -0.121165
10.6814  0  3.14159  -4.6324e-05  -0.0930345
14.4513  0  3.14159  -2.55116e-05  -0.0689547
33.3009  0  3.14159  -4.84494e-06  -0.0300088
-29.531  3.14159  0  -6.15753e-06  0.0338335
-14.4513  3.14159  0  -2.55116e-05  0.0689547
-8.16814  3.14159  0  -7.82974e-05  0.121165
-5.65487  3.14159  0  -0.000159022  0.173327
-4.39823  3.14159  0  -0.000255389  0.220463
-3.14159  3.14159  0  -0.000472979  0.30191
-1.88496  3.14159  0  -0.00115192  0.476045
-0.628319  3.14159  0  -0.00705581  1.17932
0.628319  3.14159  0  -0.00705581  -1.17932
1.88496  3.14159  0  -0.00115192  -0.476045
3.14159  3.14159  0  -0.000472979  -0.30191
4.39823  3.14159  0  -0.000255389  -0.220463
5.65487  3.14159  0  -0.000159022  -0.173327
8.16814  3.14159  0  -7.82974e-05  -0.121165
10.6814  3.14159  0  -4.6324e-05  -0.0930345
14.4513  3.14159  0  -2.55116e-05  -0.0689547
33.3009  3.14159  0  -4.84494e-06  -0.0300088
-29.531  3.14159  3.14159  -0.00289592  0.0335839
-14.4513  3.14159  3.14159  -0.011732  0.0669028
-8.16814  3.14159  3.14159  -0.0339877  0.110821
-5.65487  3.14159  3.14159  -0.0637122  0.145905
-4.39823  3.14159  3.14159  -0.0938857  0.169575
-3.14159  3.14159  3.14159  -0.147008  0.194381
-1.88496  3.14159  3.14159  -0.242246  0.202442
-0.628319  3.14159  3.14159  -0.389212  0.127666
0.628319  3.14159  3.14159  -0.389212  -0.127666
1.88496  3.14159  3.14159  -0.242246  -0.202442
3.14159  3.14159  3.14159  -0.147008  -0.194381
4.39823  3.14159  3.14159  -0.0938857  -0.169575
5.65487  3.14159  3.14159  -0.0637122  -0.145905
8.16814  3.14159  3.14159  -0.0339877  -0.110821
10.6814  3.14159  3.14159  -0.0208118  -0.0881437
14.4513  3.14159  3.14159  -0.011732  -0.0669028
33.3009  3.14159  3.14159  -0.00228213  -0.0298343
