-29.531  0  0  -0.0111129  -0.106161
-14.4513  0  0  -0.0272458  -0.235311
-8.16814  0  0  -0.0228295  -0.474698
-5.65487  0  0  0.0407677  -0.666333
-4.39823  0  0  0.147462  -0.821252
-3.14159  0  0  0.348704  -1.02195
-1.88496  0  0  0.768465  -1.12455
-0.628319  0  0  1.36055  -0.674862
0.628319  0  0  1.3718  0.657768
1.88496  0  0  0.767362  1.12751
3.14159  0  0  0.347647  1.027
4.39823  0  0  0.147411  0.830564
5.65487  0  0  0.0460837  0.666399
8.16814  0  0  -0.0305466  0.470212
10.6814  0  0  -0.0283303  0.337044
14.4513  0  0  -0.0251893  0.237496
33.3009  0  0  -0.00786944  0.0913137
-29.531  0  3.14159  0  -0.100199
-14.4513  0  3.14159  0  -0.197684
-8.16814  0  3.14159  0  -0.51073
-5.65487  0  3.14159  0  -0.512285
-4.39823  0  3.14159  0  -0.580097
-3.14159  0  3.14159  0  -0.732194
-1.88496  0  3.14159  0  -0.778875
-0.628319  0  3.14159  0  -1.22257
0.628319  0  3.14159  0  1.09604
1.88496  0  3.14159  0  0.800069
3.14159  0  3.14159  0  0.771314
4.39823  0  3.14159  0  0.651396
5.65487  0  3.14159  0  0.512754
8.16814  0  3.14159  0  0.477124
10.6814  0  3.14159  0  0.289619
14.4513  0  3.14159  0  0.214039
33.3009  0  3.14159  0  0.0732528
-29.531  3.14159  0  0  -0.100199
-14.4513  3.14159  0  0  -0.197684
-8.16814  3.14159  0  0  -0.51073
-5.65487  3.14159  0  0  -0.512285
-4.39823  3.14159  0  0  -0.580097
-3.14159  3.14159  0  0  -0.732194
-1.88496  3.14159  0  0  -0.778875
-0.628319  3.14159  0  0  -1.22257
0.628319  3.14159  0  0  1.09604
1.88496  3.14159  0  0  0.800069
3.14159  3.14159  0  0  0.771314
4.39823  3.14159  0  0  0.651396
5.65487  3.14159  0  0  0.512754
8.16814  3.14159  0  0  0.477124
10.6814  3.14159  0  0  0.289619
14.4513  3.14159  0  0  0.214039
33.3009  3.14159  0  0  0.0732528
-29.531  3.14159  3.14159  -0.0243681  -0.100849
-14.4513  3.14159  3.14159  -0.0875572  -0.20049
-8.16814  3.14159  3.14159  -0.210414  -0.360425
-5.65487  3.14159  3.14159  -0.302176  -0.468367
-4.39823  3.14159  3.14159  -0.332264  -0.563383
-3.14159  3.14159  3.14159  -0.33393  -0.702367
-1.88496  3.14159  3.14159  -0.197667  -0.794026
-0.628319  3.14159  3.14159  0.104389  -0.507154
0.628319  3.14159  3.14159  0.115574  0.490094
1.88496  3.14159  3.14159  -0.198747  0.796953
3.14159  3.14159  3.14159  -0.334994  0.707395
4.39823  3.14159  3.14159  -0.332311  0.572649
5.65487  3.14159  3.14159  -0.296886  0.468422
8.16814  3.14159  3.14159  -0.218125  0.355943
10.6814  3.14159  3.14159  -0.140769  0.268701
14.4513  3.14159  3.14159  -0.0855157  0.202659
33.3009  3.14159  3.14159  -0.0181688  0.0875428
