-29.531  0  0  6.61667e-06  3.51713e-05
-14.4513  0  0  2.50301e-05  6.4618e-05
-8.16814  0  0  6.1535e-05  8.97885e-05
-5.65487  0  0  9.45538e-05  9.65137e-05
-4.39823  0  0  0.000118626  9.39291e-05
-3.14159  0  0  0.000144119  8.20388e-05
-1.88496  0  0  0.000170745  5.71085e-05
-0.628319  0  0  0.000191025  1.71186e-05
0.628319  0  0  0.00018531  -1.93305e-05
1.88496  0  0  0.000171334  -5.95525e-05
3.14159  0  0  0.00014597  -8.38078e-05
4.39823  0  0  0.000119277  -9.35237e-05
5.65487  0  0  9.52759e-05  -9.66331e-05
8.16814  0  0  6.13769e-05  -8.93092e-05
10.6814  0  0  4.13426e-05  -7.90394e-05
14.4513  0  0  2.49404e-05  -6.4537e-05
33.3009  0  0  5.2364e-06  -3.13492e-05
-29.531  0  3.14159  0  3.58758e-05
-14.4513  0  3.14159  0  7.00195e-05
-8.16814  0  3.14159  0  0.000110134
-5.65487  0  3.14159  0  0.000135758
-4.39823  0  3.14159  0  0.000147977
-3.14159  0  3.14159  0  0.00015193
-1.88496  0  3.14159  0  0.000129428
-0.628319  0  3.14159  0  5.50844e-05
0.628319  0  3.14159  0  -5.47076e-05
1.88496  0  3.14159  0  -0.000129068
3.14159  0  3.14159  0  -0.000151666
4.39823  0  3.14159  0  -0.000147808
5.65487  0  3.14159  0  -0.00013562
8.16814  0  3.14159  0  -0.000110063
10.6814  0  3.14159  0  -9.02493e-05
14.4513  0  3.14159  0  -6.99793e-05
33.3009  0  3.14159  0  -3.18949e-05
-29.531  3.14159  0  0  3.58758e-05
-14.4513  3.14159  0  0  7.00195e-05
-8.16814  3.14159  0  0  0.000110134
-5.65487  3.14159  0  0  0.000135758
-4.39823  3.14159  0  0  0.000147977
-3.14159  3.14159  0  0  0.00015193
-1.88496  3.14159  0  0  0.000129428
-0.628319  3.14159  0  0  5.50844e-05
0.628319  3.14159  0  0  -5.47076e-05
1.88496  3.14159  0  0  -0.000129068
3.14159  3.14159  0  0  -0.000151666
4.39823  3.14159  0  0  -0.000147808
5.65487  3.14159  0  0  -0.00013562
8.16814  3.14159  0  0  -0.000110063
10.6814  3.14159  0  0  -9.02493e-05
14.4513  3.14159  0  0  -6.99793e-05
33.3009  3.14159  0  0  -3.18949e-05
-29.531  3.14159  3.14159  1.86508e-06  3.62877e-05
-14.4513  3.14159  3.14159  7.83053e-06  7.29703e-05
-8.16814  3.14159  3.14159  2.27652e-05  0.000124873
-5.65487  3.14159  3.14159  4.16538e-05  0.000172772
-4.39823  3.14159  3.14159  6.30321e-05  0.000213443
-3.14159  3.14159  3.14159  0.000104125  0.000277277
-1.88496  3.14159  3.14159  0.000222452  0.000387977
-0.628319  3.14159  3.14159  0.000691569  0.000429069
0.628319  3.14159  3.14159  0.000684803  -0.000431824
1.88496  3.14159  3.14159  0.000223316  -0.000390955
3.14159  3.14159  3.14159  0.000106379  -0.00027944
4.39823  3.14159  3.14159  6.3798e-05  -0.000213028
5.65487  3.14159  3.14159  4.24816e-05  -0.000172989
8.16814  3.14159  3.14159  2.25674e-05  -0.000124354
10.6814  3.14159  3.14159  1.38706e-05  -9.74242e-05
14.4513  3.14159  3.14159  7.69823e-06  -7.2883e-05
33.3009  3.14159  3.14159  1.46287e-06  -3.21324e-05
