-29.531  0  0  0.000845775  -0.7391
-14.4513  0  0  0.00124845  -1.41426
-8.16814  0  0  -0.000269078  -2.16708
-5.65487  0  0  0.00116997  -2.62675
-4.39823  0  0  0.00628826  -2.83621
-3.14159  0  0  0.0200811  -2.88773
-1.88496  0  0  0.0530382  -2.46585
-0.628319  0  0  0.126576  -1.16824
0.628319  0  0  0.126577  1.16824
1.88496  0  0  0.053039  2.46585
3.14159  0  0  0.0200819  2.88773
4.39823  0  0  0.00628909  2.83621
5.65487  0  0  0.00117154  2.62675
8.16814  0  0  -0.000265144  2.16708
10.6814  0  0  0.000550116  1.79996
14.4513  0  0  0.00124279  1.41426
33.3009  0  0  0.00070398  0.658664
-29.531  0  3.14159  0  -0.742627
-14.4513  0  3.14159  0  -1.44611
-8.16814  0  3.14159  0  -2.35062
-5.65487  0  3.14159  0  -3.15124
-4.39823  0  3.14159  0  -3.83473
-3.14159  0  3.14159  0  -4.99418
-1.88496  0  3.14159  0  -7.72357
-0.628319  0  3.14159  0  -6.59408
0.628319  0  3.14159  0  6.59408
1.88496  0  3.14159  0  7.72357
3.14159  0  3.14159  0  4.99418
4.39823  0  3.14159  0  3.83473
5.65487  0  3.14159  0  3.15124
8.16814  0  3.14159  0  2.35062
10.6814  0  3.14159  0  1.88118
14.4513  0  3.14159  0  1.44611
33.3009  0  3.14159  0  0.66111
-29.531  3.14159  0  0  -0.742627
-14.4513  3.14159  0  0  -1.44611
-8.16814  3.14159  0  0  -2.35062
-5.65487  3.14159  0  0  -3.15124
-4.39823  3.14159  0  0  -3.83473
-3.14159  3.14159  0  0  -4.99418
-1.88496  3.14159  0  0  -7.72357
-0.628319  3.14159  0  0  -6.59408
0.628319  3.14159  0  0  6.59408
1.88496  3.14159  0  0  7.72357
3.14159  3.14159  0  0  4.99418
4.39823  3.14159  0  0  3.83473
5.65487  3.14159  0  0  3.15124
8.16814  3.14159  0  0  2.35062
10.6814  3.14159  0  0  1.88118
14.4513  3.14159  0  0  1.44611
33.3009  3.14159  0  0  0.66111
-29.531  3.14159  3.14159  -0.000629059  -0.738994
-14.4513  3.14159  3.14159  -0.00118658  -1.41344
-8.16814  3.14159  3.14159  -0.00310073  -2.16373
-5.65487  3.14159  3.14159  -0.0131116  -2.62012
-4.39823  3.14159  3.14159  -0.0302022  -2.82682
-3.14159  3.14159  3.14159  -0.070105  -2.87497
-1.88496  3.14159  3.14159  -0.155878  -2.45081
-0.628319  3.14159  3.14159  -0.293956  -1.15902
0.628319  3.14159  3.14159  -0.293955  1.15902
1.88496  3.14159  3.14159  -0.155877  2.45081
3.14159  3.14159  3.14159  -0.0701042  2.87497
4.39823  3.14159  3.14159  -0.0302013  2.82682
5.65487  3.14159  3.14159  -0.01311  2.62012
8.16814  3.14159  3.14159  -0.00309726  2.16373
10.6814  3.14159  3.14159  -0.00148082  1.79816
14.4513  3.14159  3.14159  -0.00119178  1.41344
33.3009  3.14159  3.14159  -0.000534  0.65859
