-29.531  0  0  2.23413e-05  -3.57175e-05
-14.4513  0  0  2.33729e-05  1.3894e-05
-8.16814  0  0  7.70205e-05  -8.10453e-05
-5.65487  0  0  1.01675e-05  -9.43356e-05
-4.39823  0  0  3.2247e-05  9.43225e-06
-3.14159  0  0  -0.000113672  -0.000151937
-1.88496  0  0  0.000326365  -3.47189e-05
-0.628319  0  0  0.00034067  -0.000264241
0.628319  0  0  0.000202096  0.000230385
1.88496  0  0  0.000270515  0.000117897
3.14159  0  0  -0.000199202  7.83813e-05
4.39823  0  0  1.56134e-05  1.27022e-05
5.65487  0  0  -8.2916e-05  4.97511e-05
8.16814  0  0  -1.63627e-05  0.000104461
10.6814  0  0  -1.18611e-05  1.73059e-05
14.4513  0  0  1.66867e-05  1.69483e-06
33.3009  0  0  -1.56799e-05  3.49969e-05
-29.531  0  3.14159  0  6.27073e-07
-14.4513  0  3.14159  0  5.98902e-06
-8.16814  0  3.14159  0  5.29119e-06
-5.65487  0  3.14159  0  -2.41171e-05
-4.39823  0  3.14159  0  1.77812e-05
-3.14159  0  3.14159  0  1.04308e-06
-1.88496  0  3.14159  0  8.78391e-06
-0.628319  0  3.14159  0  -1.06085e-05
0.628319  0  3.14159  0  -2.92522e-05
1.88496  0  3.14159  0  -5.54042e-05
3.14159  0  3.14159  0  -2.31253e-05
4.39823  0  3.14159  0  -9.37665e-06
5.65487  0  3.14159  0  2.22226e-05
8.16814  0  3.14159  0  -7.63855e-06
10.6814  0  3.14159  0  1.33632e-06
14.4513  0  3.14159  0  -4.09202e-06
33.3009  0  3.14159  0  -4.12676e-06
-29.531  3.14159  0  0  6.27073e-07
-14.4513  3.14159  0  0  5.98902e-06
-8.16814  3.14159  0  0  5.29119e-06
-5.65487  3.14159  0  0  -2.41171e-05
-4.39823  3.14159  0  0  1.77812e-05
-3.14159  3.14159  0  0  1.04308e-06
-1.88496  3.14159  0  0  8.78391e-06
-0.628319  3.14159  0  0  -1.06085e-05
0.628319  3.14159  0  0  -2.92522e-05
1.88496  3.14159  0  0  -5.54042e-05
3.14159  3.14159  0  0  -2.31253e-05
4.39823  3.14159  0  0  -9.37665e-06
5.65487  3.14159  0  0  2.22226e-05
8.16814  3.14159  0  0  -7.63855e-06
10.6814  3.14159  0  0  1.33632e-06
14.4513  3.14159  0  0  -4.09202e-06
33.3009  3.14159  0  0  -4.12676e-06
-29.531  3.14159  3.14159  -1.06199e-06  5.17839e-06
-14.4513  3.14159  3.14159  7.72548e-06  -1.17691e-05
-8.16814  3.14159  3.14159  -1.30802e-05  3.36319e-05
-5.65487  3.14159  3.14159  3.91949e-06  -1.41806e-06
-4.39823  3.14159  3.14159  8.48436e-06  1.47041e-05
-3.14159  3.14159  3.14159  -3.47942e-06  -1.01874e-05
-1.88496  3.14159  3.14159  -5.4066e-05  9.29535e-05
-0.628319  3.14159  3.14159  6.03469e-05  -2.53952e-05
0.628319  3.14159  3.14159  -2.14338e-05  3.76432e-06
1.88496  3.14159  3.14159  4.73225e-06  -0.000114068
3.14159  3.14159  3.14159  -2.2625e-05  -9.65572e-06
4.39823  3.14159  3.14159  4.7862e-06  -1.33119e-05
5.65487  3.14159  3.14159  -4.43461e-06  -3.52029e-06
8.16814  3.14159  3.14159  9.02945e-06  -3.45569e-05
10.6814  3.14159  3.14159  8.27645e-07  -5.7724e-06
14.4513  3.14159  3.14159  -6.59455e-06  1.21345e-05
33.3009  3.14159  3.14159  4.72047e-07  -3.05438e-06
