-29.531  0  0  0.0177406  -0.0422588
-14.4513  0  0  0.0601771  -0.100305
-8.16814  0  0  0.112679  -0.20577
-5.65487  0  0  0.118432  -0.294697
-4.39823  0  0  0.0936545  -0.341716
-3.14159  0  0  0.031199  -0.360996
-1.88496  0  0  -0.0685703  -0.301308
-0.628319  0  0  -0.156562  -0.122156
0.628319  0  0  -0.156562  0.122156
1.88496  0  0  -0.0685704  0.301308
3.14159  0  0  0.0311988  0.360996
4.39823  0  0  0.0936541  0.341716
5.65487  0  0  0.118432  0.294697
8.16814  0  0  0.112677  0.205771
10.6814  0  0  0.0892114  0.148149
14.4513  0  0  0.0601789  0.100305
33.3009  0  0  0.0141558  0.0369563
-29.531  0  3.14159  0  -0.043426
-14.4513  0  3.14159  0  -0.106289
-8.16814  0  3.14159  0  -0.220062
-5.65487  0  3.14159  0  -0.326184
-4.39823  0  3.14159  0  -0.403878
-3.14159  0  3.14159  0  -0.493355
-1.88496  0  3.14159  0  -0.533277
-0.628319  0  3.14159  0  -0.285316
0.628319  0  3.14159  0  0.285315
1.88496  0  3.14159  0  0.533277
3.14159  0  3.14159  0  0.493354
4.39823  0  3.14159  0  0.403878
5.65487  0  3.14159  0  0.326184
8.16814  0  3.14159  0  0.220063
10.6814  0  3.14159  0  0.157846
14.4513  0  3.14159  0  0.106289
33.3009  0  3.14159  0  0.0378022
-29.531  3.14159  0  0  -0.043426
-14.4513  3.14159  0  0  -0.106289
-8.16814  3.14159  0  0  -0.220062
-5.65487  3.14159  0  0  -0.326184
-4.39823  3.14159  0  0  -0.403878
-3.14159  3.14159  0  0  -0.493355
-1.88496  3.14159  0  0  -0.533277
-0.628319  3.14159  0  0  -0.285316
0.628319  3.14159  0  0  0.285315
1.88496  3.14159  0  0  0.533277
3.14159  3.14159  0  0  0.493354
4.39823  3.14159  0  0  0.403878
5.65487  3.14159  0  0  0.326184
8.16814  3.14159  0  0  0.220063
10.6814  3.14159  0  0  0.157846
14.4513  3.14159  0  0  0.106289
33.3009  3.14159  0  0  0.0378022
-29.531  3.14159  3.14159  0.010469  -0.0440748
-14.4513  3.14159  3.14159  0.0285194  -0.109597
-8.16814  3.14159  3.14159  0.0328696  -0.230034
-5.65487  3.14159  3.14159  0.00906634  -0.346557
-4.39823  3.14159  3.14159  -0.0226261  -0.438317
-3.14159  3.14159  3.14159  -0.0749992  -0.573981
-1.88496  3.14159  3.14159  -0.141937  -0.84361
-0.628319  3.14159  3.14159  -0.175667  -2.26169
0.628319  3.14159  3.14159  -0.175667  2.26169
1.88496  3.14159  3.14159  -0.141937  0.84361
3.14159  3.14159  3.14159  -0.0749996  0.573981
4.39823  3.14159  3.14159  -0.0226267  0.438317
5.65487  3.14159  3.14159  0.00906547  0.346557
8.16814  3.14159  3.14159  0.0328686  0.230035
10.6814  3.14159  3.14159  0.034779  0.163792
14.4513  3.14159  3.14159  0.0285204  0.109598
33.3009  3.14159  3.14159  0.0085002  0.0382762
