-29.531  0  0  -0.00421757  0.0219376
-14.4513  0  0  0.0301026  0.0199159
-8.16814  0  0  -0.070448  0.142546
-5.65487  0  0  0.264105  0.145832
-4.39823  0  0  0.0285171  -0.261253
-3.14159  0  0  -0.185234  0.465022
-1.88496  0  0  0.627023  0.995266
-0.628319  0  0  -17.5211  3.84795
0.628319  0  0  12.2204  12.4822
1.88496  0  0  -0.76739  0.618595
3.14159  0  0  -0.0995444  0.422646
4.39823  0  0  0.109841  -0.263399
5.65487  0  0  -0.146194  0.0284349
8.16814  0  0  -0.0084849  0.14452
10.6814  0  0  0.0123864  -0.0103714
14.4513  0  0  -0.012153  0.0126316
33.3009  0  0  0.00394325  -0.0014821
-29.531  0  3.14159  0  -2.47423e-06
-14.4513  0  3.14159  0  -1.10859e-05
-8.16814  0  3.14159  0  -0.000189081
-5.65487  0  3.14159  0  -5.31834e-07
-4.39823  0  3.14159  0  -0.000233336
-3.14159  0  3.14159  0  0.000776555
-1.88496  0  3.14159  0  0.00188705
-0.628319  0  3.14159  0  -0.0181885
0.628319  0  3.14159  0  0.0191576
1.88496  0  3.14159  0  -0.00113909
3.14159  0  3.14159  0  0.000912319
4.39823  0  3.14159  0  -0.000445165
5.65487  0  3.14159  0  -0.000289387
8.16814  0  3.14159  0  6.69348e-07
10.6814  0  3.14159  0  0.000133452
14.4513  0  3.14159  0  -5.28137e-05
33.3009  0  3.14159  0  -2.87248e-06
-29.531  3.14159  0  0  -2.47423e-06
-14.4513  3.14159  0  0  -1.10859e-05
-8.16814  3.14159  0  0  -0.000189081
-5.65487  3.14159  0  0  -5.31834e-07
-4.39823  3.14159  0  0  -0.000233336
-3.14159  3.14159  0  0  0.000776555
-1.88496  3.14159  0  0  0.00188705
-0.628319  3.14159  0  0  -0.0181885
0.628319  3.14159  0  0  0.0191576
1.88496  3.14159  0  0  -0.00113909
3.14159  3.14159  0  0  0.000912319
4.39823  3.14159  0  0  -0.000445165
5.65487  3.14159  0  0  -0.000289387
8.16814  3.14159  0  0  6.69348e-07
10.6814  3.14159  0  0  0.000133452
14.4513  3.14159  0  0  -5.28137e-05
33.3009  3.14159  0  0  -2.87248e-06
-29.531  3.14159  3.14159  -0.00754524  0.0243256
-14.4513  3.14159  3.14159  0.0243271  0.021476
-8.16814  3.14159  3.14159  -0.0637045  0.140698
-5.65487  3.14159  3.14159  0.183902  0.148595
-4.39823  3.14159  3.14159  0.0295166  -0.297521
-3.14159  3.14159  3.14159  -0.274479  0.515106
-1.88496  3.14159  3.14159  0.511361  1.20356
-0.628319  3.14159  3.14159  -21.8969  4.9097
0.628319  3.14159  3.14159  15.2597  15.9628
1.88496  3.14159  3.14159  -1.15677  0.727154
3.14159  3.14159  3.14159  -0.218977  0.542144
4.39823  3.14159  3.14159  0.110023  -0.323028
5.65487  3.14159  3.14159  -0.284908  -0.000616337
8.16814  3.14159  3.14159  -0.0111978  0.189266
10.6814  3.14159  3.14159  0.0222307  -0.0103974
14.4513  3.14159  3.14159  -0.0274397  0.00452701
33.3009  3.14159  3.14159  0.000425937  -0.00197928
