-29.531  0  0  0.0122577  0.0897686
-14.4513  0  0  0.046735  0.167707
-8.16814  0  0  0.117637  0.239242
-5.65487  0  0  0.18697  0.263958
-4.39823  0  0  0.237966  0.261827
-3.14159  0  0  0.299156  0.235695
-1.88496  0  0  0.361038  0.171112
-0.628319  0  0  0.402681  0.0637485
0.628319  0  0  0.402681  -0.0637488
1.88496  0  0  0.361038  -0.171112
3.14159  0  0  0.299156  -0.235695
4.39823  0  0  0.237966  -0.261828
5.65487  0  0  0.18697  -0.263958
8.16814  0  0  0.117638  -0.239242
10.6814  0  0  0.0781286  -0.207468
14.4513  0  0  0.0467351  -0.167708
33.3009  0  0  0.009701  -0.0801128
-29.531  0  3.14159  0  0.0889038
-14.4513  0  3.14159  0  0.163118
-8.16814  0  3.14159  0  0.233261
-5.65487  0  3.14159  0  0.271317
-4.39823  0  3.14159  0  0.289731
-3.14159  0  3.14159  0  0.299098
-1.88496  0  3.14159  0  0.269025
-0.628319  0  3.14159  0  0.123873
0.628319  0  3.14159  0  -0.123873
1.88496  0  3.14159  0  -0.269025
3.14159  0  3.14159  0  -0.299098
4.39823  0  3.14159  0  -0.289731
5.65487  0  3.14159  0  -0.271317
8.16814  0  3.14159  0  -0.233261
10.6814  0  3.14159  0  -0.200721
14.4513  0  3.14159  0  -0.163119
33.3009  0  3.14159  0  -0.0794898
-29.531  3.14159  0  0  0.0889038
-14.4513  3.14159  0  0  0.163118
-8.16814  3.14159  0  0  0.233261
-5.65487  3.14159  0  0  0.271317
-4.39823  3.14159  0  0  0.289731
-3.14159  3.14159  0  0  0.299098
-1.88496  3.14159  0  0  0.269025
-0.628319  3.14159  0  0  0.123873
0.628319  3.14159  0  0  -0.123873
1.88496  3.14159  0  0  -0.269025
3.14159  3.14159  0  0  -0.299098
4.39823  3.14159  0  0  -0.289731
5.65487  3.14159  0  0  -0.271317
8.16814  3.14159  0  0  -0.233261
10.6814  3.14159  0  0  -0.200721
14.4513  3.14159  0  0  -0.163119
33.3009  3.14159  0  0  -0.0794898
-29.531  3.14159  3.14159  0.0167442  0.0882034
-14.4513  3.14159  3.14159  0.0582905  0.159499
-8.16814  3.14159  3.14159  0.129826  0.224373
-5.65487  3.14159  3.14159  0.191586  0.257842
-4.39823  3.14159  3.14159  0.234739  0.274985
-3.14159  3.14159  3.14159  0.285782  0.295556
-1.88496  3.14159  3.14159  0.340959  0.348248
-0.628319  3.14159  3.14159  0.4535  0.751291
0.628319  3.14159  3.14159  0.4535  -0.751291
1.88496  3.14159  3.14159  0.340959  -0.348248
3.14159  3.14159  3.14159  0.285783  -0.295556
4.39823  3.14159  3.14159  0.234739  -0.274985
5.65487  3.14159  3.14159  0.191586  -0.257843
8.16814  3.14159  3.14159  0.129827  -0.224373
10.6814  3.14159  3.14159  0.091564  -0.194653
14.4513  3.14159  3.14159  0.0582907  -0.159499
33.3009  3.14159  3.14159  0.0133585  -0.0789811
