-29.531  0  0  0.0563854  -0.166451
-14.4513  0  0  0.0844082  0.16235
-8.16814  0  0  0.182876  -0.148842
-5.65487  0  0  -0.283598  -0.187167
-4.39823  0  0  0.0328975  -0.427256
-3.14159  0  0  -0.501774  -1.23032
-1.88496  0  0  1.57803  0.430913
-0.628319  0  0  2.1091  -2.74534
0.628319  0  0  0.027975  3.37344
1.88496  0  0  1.78132  0.497267
3.14159  0  0  -1.18159  0.610751
4.39823  0  0  -0.265588  0.31911
5.65487  0  0  -0.32671  -0.0112557
8.16814  0  0  0.162564  0.247184
10.6814  0  0  -0.0362257  -0.0221727
14.4513  0  0  0.131482  -0.0913338
33.3009  0  0  -0.12338  0.260036
-29.531  0  3.14159  0  -0.00797809
-14.4513  0  3.14159  0  0.000550292
-8.16814  0  3.14159  0  -0.0108033
-5.65487  0  3.14159  0  -0.140625
-4.39823  0  3.14159  0  0.0451414
-3.14159  0  3.14159  0  -0.050964
-1.88496  0  3.14159  0  -0.0273411
-0.628319  0  3.14159  0  0.0212269
0.628319  0  3.14159  0  -0.185672
1.88496  0  3.14159  0  -0.188454
3.14159  0  3.14159  0  -0.0610617
4.39823  0  3.14159  0  0.00324847
5.65487  0  3.14159  0  0.13092
8.16814  0  3.14159  0  0.00118761
10.6814  0  3.14159  0  0.0348385
14.4513  0  3.14159  0  0.00870927
33.3009  0  3.14159  0  -0.0084857
-29.531  3.14159  0  0  -0.00797809
-14.4513  3.14159  0  0  0.000550292
-8.16814  3.14159  0  0  -0.0108033
-5.65487  3.14159  0  0  -0.140625
-4.39823  3.14159  0  0  0.0451414
-3.14159  3.14159  0  0  -0.050964
-1.88496  3.14159  0  0  -0.0273411
-0.628319  3.14159  0  0  0.0212269
0.628319  3.14159  0  0  -0.185672
1.88496  3.14159  0  0  -0.188454
3.14159  3.14159  0  0  -0.0610617
4.39823  3.14159  0  0  0.00324847
5.65487  3.14159  0  0  0.13092
8.16814  3.14159  0  0  0.00118761
10.6814  3.14159  0  0  0.0348385
14.4513  3.14159  0  0  0.00870927
33.3009  3.14159  0  0  -0.0084857
-29.531  3.14159  3.14159  0.0162474  0.022234
-14.4513  3.14159  3.14159  -0.0864487  0.169258
-8.16814  3.14159  3.14159  -0.161301  0.460312
-5.65487  3.14159  3.14159  -0.363596  0.221344
-4.39823  3.14159  3.14159  0.0636756  -0.492891
-3.14159  3.14159  3.14159  0.329701  -1.02759
-1.88496  3.14159  3.14159  0.584762  1.20251
-0.628319  3.14159  3.14159  2.71071  -2.28831
0.628319  3.14159  3.14159  -1.83236  3.34366
1.88496  3.14159  3.14159  1.05441  0.414108
3.14159  3.14159  3.14159  -0.870133  0.39589
4.39823  3.14159  3.14159  -0.52338  0.109584
5.65487  3.14159  3.14159  0.1351  -0.460811
8.16814  3.14159  3.14159  0.313713  -0.307518
10.6814  3.14159  3.14159  0.0565353  -0.168107
14.4513  3.14159  3.14159  0.157052  -0.0899489
33.3009  3.14159  3.14159  -0.160408  0.138983
