-29.531  0  0  0.00256975  -0.0022802
-14.4513  0  0  0.0264013  -0.0160457
-8.16814  0  0  0.0288619  -0.0372083
-5.65487  0  0  -0.030339  0.0808693
-4.39823  0  0  -0.0221259  -0.100872
-3.14159  0  0  0.120883  0.0779343
-1.88496  0  0  -0.0899796  -0.0996992
-0.628319  0  0  0.0148294  -0.842418
0.628319  0  0  0.576848  0.344127
1.88496  0  0  0.0310384  0.0833352
3.14159  0  0  0.0535977  -0.0995549
4.39823  0  0  0.0781398  0.087647
5.65487  0  0  -0.05996  0.0183703
8.16814  0  0  0.0441481  0.00449526
10.6814  0  0  -0.0152203  -0.0225049
14.4513  0  0  0.0293554  -0.00809831
33.3009  0  0  0.00156588  -0.00396344
-29.531  0  3.14159  0  -6.16749e-05
-14.4513  0  3.14159  0  -0.000182691
-8.16814  0  3.14159  0  -0.00112603
-5.65487  0  3.14159  0  0.000832365
-4.39823  0  3.14159  0  -0.00450289
-3.14159  0  3.14159  0  0.00189974
-1.88496  0  3.14159  0  -0.00467016
-0.628319  0  3.14159  0  -0.0251708
0.628319  0  3.14159  0  0.0197503
1.88496  0  3.14159  0  0.00340834
3.14159  0  3.14159  0  -0.00265276
4.39823  0  3.14159  0  0.00440763
5.65487  0  3.14159  0  -0.000216107
8.16814  0  3.14159  0  0.00110597
10.6814  0  3.14159  0  -0.000627084
14.4513  0  3.14159  0  -3.5615e-05
33.3009  0  3.14159  0  -7.79143e-06
-29.531  3.14159  0  0  -6.16749e-05
-14.4513  3.14159  0  0  -0.000182691
-8.16814  3.14159  0  0  -0.00112603
-5.65487  3.14159  0  0  0.000832365
-4.39823  3.14159  0  0  -0.00450289
-3.14159  3.14159  0  0  0.00189974
-1.88496  3.14159  0  0  -0.00467016
-0.628319  3.14159  0  0  -0.0251708
0.628319  3.14159  0  0  0.0197503
1.88496  3.14159  0  0  0.00340834
3.14159  3.14159  0  0  -0.00265276
4.39823  3.14159  0  0  0.00440763
5.65487  3.14159  0  0  -0.000216107
8.16814  3.14159  0  0  0.00110597
10.6814  3.14159  0  0  -0.000627084
14.4513  3.14159  0  0  -3.5615e-05
33.3009  3.14159  0  0  -7.79143e-06
-29.531  3.14159  3.14159  0.00109221  0.00199385
-14.4513  3.14159  3.14159  0.0108348  0.0163902
-8.16814  3.14159  3.14159  0.0193966  0.0206267
-5.65487  3.14159  3.14159  -0.021062  -0.061655
-4.39823  3.14159  3.14159  0.0628269  -0.00936081
-3.14159  3.14159  3.14159  -0.0182193  0.0442222
-1.88496  3.14159  3.14159  0.0351524  -0.0971654
-0.628319  3.14159  3.14159  0.338758  0.11418
0.628319  3.14159  3.14159  -0.429945  0.30278
1.88496  3.14159  3.14159  -0.0495445  0.0428328
3.14159  3.14159  3.14159  0.0450706  0.00495947
4.39823  3.14159  3.14159  -0.0699801  0.0235602
5.65487  3.14159  3.14159  0.0103789  -0.0391972
8.16814  3.14159  3.14159  -0.00523757  0.0290674
10.6814  3.14159  3.14159  0.00324169  -0.0215603
14.4513  3.14159  3.14159  0.00721212  0.0173709
33.3009  3.14159  3.14159  0.00221003  0.00115656
