-29.531  0  0  0.0003715  -0.000149844
-14.4513  0  0  0.00108598  -0.000942276
-8.16814  0  0  0.00087593  -0.00400544
-5.65487  0  0  -0.000710519  -0.00519984
-4.39823  0  0  -0.000822194  -0.00523306
-3.14159  0  0  -0.0037729  -0.0063797
-1.88496  0  0  -0.00591977  -0.00448492
-0.628319  0  0  -0.00993121  -0.00369092
0.628319  0  0  -0.00823017  0.0012357
1.88496  0  0  -0.00671866  0.00473423
3.14159  0  0  -0.00347416  0.0064915
4.39823  0  0  -0.00115404  0.00594887
5.65487  0  0  1.28483e-05  0.00508504
8.16814  0  0  0.000620882  0.00373064
10.6814  0  0  0.00138471  0.00197017
14.4513  0  0  0.00134871  0.00112115
33.3009  0  0  0.000329723  -5.03065e-05
-29.531  0  3.14159  0  -0.000132919
-14.4513  0  3.14159  0  -0.000988065
-8.16814  0  3.14159  0  -0.00324995
-5.65487  0  3.14159  0  -0.00511845
-4.39823  0  3.14159  0  -0.00671184
-3.14159  0  3.14159  0  -0.00860562
-1.88496  0  3.14159  0  -0.00865718
-0.628319  0  3.14159  0  -0.00413356
0.628319  0  3.14159  0  0.00409973
1.88496  0  3.14159  0  0.00863667
3.14159  0  3.14159  0  0.00858102
4.39823  0  3.14159  0  0.0066938
5.65487  0  3.14159  0  0.00513327
8.16814  0  3.14159  0  0.0032562
10.6814  0  3.14159  0  0.00188525
14.4513  0  3.14159  0  0.000999388
33.3009  0  3.14159  0  5.65842e-05
-29.531  3.14159  0  0  -0.000132919
-14.4513  3.14159  0  0  -0.000988065
-8.16814  3.14159  0  0  -0.00324995
-5.65487  3.14159  0  0  -0.00511845
-4.39823  3.14159  0  0  -0.00671184
-3.14159  3.14159  0  0  -0.00860562
-1.88496  3.14159  0  0  -0.00865718
-0.628319  3.14159  0  0  -0.00413356
0.628319  3.14159  0  0  0.00409973
1.88496  3.14159  0  0  0.00863667
3.14159  3.14159  0  0  0.00858102
4.39823  3.14159  0  0  0.0066938
5.65487  3.14159  0  0  0.00513327
8.16814  3.14159  0  0  0.0032562
10.6814  3.14159  0  0  0.00188525
14.4513  3.14159  0  0  0.000999388
33.3009  3.14159  0  0  5.65842e-05
-29.531  3.14159  3.14159  0.000311604  -0.00045417
-14.4513  3.14159  3.14159  0.000152048  -0.00213593
-8.16814  3.14159  3.14159  0.00274001  0.00226007
-5.65487  3.14159  3.14159  0.00165439  -0.00463822
-4.39823  3.14159  3.14159  -0.00380808  -0.00974875
-3.14159  3.14159  3.14159  -0.00375673  -0.00666658
-1.88496  3.14159  3.14159  -0.00464316  -0.0174981
-0.628319  3.14159  3.14159  -0.0212272  -0.0254572
0.628319  3.14159  3.14159  -0.0233141  0.0279446
1.88496  3.14159  3.14159  -0.00466896  0.0171767
3.14159  3.14159  3.14159  -0.00358071  0.00625087
4.39823  3.14159  3.14159  -0.00351588  0.00848389
5.65487  3.14159  3.14159  0.000584362  0.00454648
8.16814  3.14159  3.14159  0.00437652  -0.00156463
10.6814  3.14159  3.14159  1.00567e-05  0.00315475
14.4513  3.14159  3.14159  -7.3096e-05  0.00179884
33.3009  3.14159  3.14159  2.69892e-05  0.00117245
