-29.531  0  0  -14.5288  -23.5734
-14.4513  0  0  -31.7897  5.07601
-8.16814  0  0  -69.3997  -199.212
-5.65487  0  0  -123.762  -69.6887
-4.39823  0  0  275.63  373.976
-3.14159  0  0  -139.998  -196.58
-1.88496  0  0  -730.53  -505.173
-0.628319  0  0  13386.6  -17433.3
0.628319  0  0  -21654.9  155.627
1.88496  0  0  296.217  -1079.88
3.14159  0  0  -59.1586  -363.863
4.39823  0  0  155.903  391.373
5.65487  0  0  44.8662  -68.8776
8.16814  0  0  -156.852  -164.1
10.6814  0  0  22.0875  25.3604
14.4513  0  0  21.5475  -21.5531
33.3009  0  0  5.13069  9.38184
-29.531  0  3.14159  0  -681.313
-14.4513  0  3.14159  0  264.908
-8.16814  0  3.14159  0  -6130.84
-5.65487  0  3.14159  0  -1518.86
-4.39823  0  3.14159  0  10212
-3.14159  0  3.14159  0  -3515.27
-1.88496  0  3.14159  0  -15960.3
-0.628319  0  3.14159  0  -643501
0.628319  0  3.14159  0  86998.8
1.88496  0  3.14159  0  -33872.9
3.14159  0  3.14159  0  -12353.4
4.39823  0  3.14159  0  12469.4
5.65487  0  3.14159  0  -1949.6
8.16814  0  3.14159  0  -4442.43
10.6814  0  3.14159  0  535.342
14.4513  0  3.14159  0  -759.692
33.3009  0  3.14159  0  259.68
-29.531  3.14159  0  0  -681.313
-14.4513  3.14159  0  0  264.908
-8.16814  3.14159  0  0  -6130.84
-5.65487  3.14159  0  0  -1518.86
-4.39823  3.14159  0  0  10212
-3.14159  3.14159  0  0  -3515.27
-1.88496  3.14159  0  0  -15960.3
-0.628319  3.14159  0  0  -643501
0.628319  3.14159  0  0  86998.8
1.88496  3.14159  0  0  -33872.9
3.14159  3.14159  0  0  -12353.4
4.39823  3.14159  0  0  12469.4
5.65487  3.14159  0  0  -1949.6
8.16814  3.14159  0  0  -4442.43
10.6814  3.14159  0  0  535.342
14.4513  3.14159  0  0  -759.692
33.3009  3.14159  0  0  259.68
-29.531  3.14159  3.14159  -13.3396  -23.4385
-14.4513  3.14159  3.14159  -31.9059  0.971965
-8.16814  3.14159  3.14159  -58.0534  -207.327
-5.65487  3.14159  3.14159  -125.05  -82.8363
-4.39823  3.14159  3.14159  287.314  362.05
-3.14159  3.14159  3.14159  -92.599  -117.621
-1.88496  3.14159  3.14159  -609.079  -498.834
-0.628319  3.14159  3.14159  13934.4  -15041.3
0.628319  3.14159  3.14159  -19697.3  -1235.7
1.88496  3.14159  3.14159  363.908  -932.034
3.14159  3.14159  3.14159  20.8352  -381.886
4.39823  3.14159  3.14159  149.892  416.203
5.65487  3.14159  3.14159  38.5031  -41.0154
8.16814  3.14159  3.14159  -151.527  -164.304
10.6814  3.14159  3.14159  23.9228  24.2388
14.4513  3.14159  3.14159  20.0194  -21.4568
33.3009  3.14159  3.14159  6.46641  10.237
