-29.531  0  0  0.00737472  -0.0436031
-14.4513  0  0  0.030707  -0.0771978
-8.16814  0  0  0.0835887  -0.104405
-5.65487  0  0  0.134051  -0.115943
-4.39823  0  0  0.16676  -0.119137
-3.14159  0  0  0.197765  -0.115031
-1.88496  0  0  0.216646  -0.0918199
-0.628319  0  0  0.220609  -0.0368625
0.628319  0  0  0.220609  0.0368621
1.88496  0  0  0.216646  0.0918194
3.14159  0  0  0.197765  0.115031
4.39823  0  0  0.16676  0.119136
5.65487  0  0  0.134048  0.115944
8.16814  0  0  0.0835774  0.104406
10.6814  0  0  0.0537757  0.0924895
14.4513  0  0  0.030728  0.0771953
33.3009  0  0  0.00581386  0.0391035
-29.531  0  3.14159  0  -0.0448693
-14.4513  0  3.14159  0  -0.0863782
-8.16814  0  3.14159  0  -0.136994
-5.65487  0  3.14159  0  -0.171549
-4.39823  0  3.14159  0  -0.188485
-3.14159  0  3.14159  0  -0.194994
-1.88496  0  3.14159  0  -0.172719
-0.628319  0  3.14159  0  -0.083977
0.628319  0  3.14159  0  0.0839767
1.88496  0  3.14159  0  0.172718
3.14159  0  3.14159  0  0.194994
4.39823  0  3.14159  0  0.188485
5.65487  0  3.14159  0  0.171548
8.16814  0  3.14159  0  0.136993
10.6814  0  3.14159  0  0.111471
14.4513  0  3.14159  0  0.0863765
33.3009  0  3.14159  0  0.0399972
-29.531  3.14159  0  0  -0.0448693
-14.4513  3.14159  0  0  -0.0863782
-8.16814  3.14159  0  0  -0.136994
-5.65487  3.14159  0  0  -0.171549
-4.39823  3.14159  0  0  -0.188485
-3.14159  3.14159  0  0  -0.194994
-1.88496  3.14159  0  0  -0.172719
-0.628319  3.14159  0  0  -0.083977
0.628319  3.14159  0  0  0.0839767
1.88496  3.14159  0  0  0.172718
3.14159  3.14159  0  0  0.194994
4.39823  3.14159  0  0  0.188485
5.65487  3.14159  0  0  0.171548
8.16814  3.14159  0  0  0.136993
10.6814  3.14159  0  0  0.111471
14.4513  3.14159  0  0  0.0863765
33.3009  3.14159  0  0  0.0399972
-29.531  3.14159  3.14159  -9.30817e-05  -0.0455446
-14.4513  3.14159  3.14159  0.00131856  -0.0918584
-8.16814  3.14159  3.14159  0.00579402  -0.163087
-5.65487  3.14159  3.14159  0.00873334  -0.237588
-4.39823  3.14159  3.14159  0.00886855  -0.306072
-3.14159  3.14159  3.14159  0.00492659  -0.424163
-1.88496  3.14159  3.14159  -0.00988935  -0.665532
-0.628319  3.14159  3.14159  0.340296  -0.623696
0.628319  3.14159  3.14159  0.340297  0.623695
1.88496  3.14159  3.14159  -0.00988892  0.665531
3.14159  3.14159  3.14159  0.00492685  0.424162
4.39823  3.14159  3.14159  0.00886878  0.306071
5.65487  3.14159  3.14159  0.00873317  0.237587
8.16814  3.14159  3.14159  0.00579328  0.163086
10.6814  3.14159  3.14159  0.00331751  0.124196
14.4513  3.14159  3.14159  0.00131847  0.0918575
33.3009  3.14159  3.14159  -0.000114521  0.0404686
