-29.531  0  0  9.48371e-07  3.6456e-06
-14.4513  0  0  1.24435e-05  1.32958e-05
-8.16814  0  0  4.26474e-05  -1.06811e-05
-5.65487  0  0  3.32131e-05  -3.50536e-05
-4.39823  0  0  5.94765e-05  -5.19317e-05
-3.14159  0  0  2.72802e-05  -3.99354e-05
-1.88496  0  0  -8.16327e-05  1.86019e-05
-0.628319  0  0  0.000182268  -0.000131195
0.628319  0  0  -0.000158211  0.000492167
1.88496  0  0  3.65222e-05  -6.7126e-05
3.14159  0  0  5.51929e-05  8.57238e-05
4.39823  0  0  -3.90938e-05  5.09073e-05
5.65487  0  0  -2.76484e-05  -3.87494e-06
8.16814  0  0  2.23071e-05  4.24184e-05
10.6814  0  0  8.41346e-06  -1.51187e-05
14.4513  0  0  2.86753e-05  2.24113e-05
33.3009  0  0  1.13213e-06  7.82227e-06
-29.531  0  3.14159  0  -1.59179e-06
-14.4513  0  3.14159  0  -2.90164e-06
-8.16814  0  3.14159  0  -8.43647e-06
-5.65487  0  3.14159  0  -1.6564e-05
-4.39823  0  3.14159  0  -2.48482e-05
-3.14159  0  3.14159  0  -3.71043e-05
-1.88496  0  3.14159  0  -5.17558e-05
-0.628319  0  3.14159  0  -3.82254e-05
0.628319  0  3.14159  0  3.93543e-05
1.88496  0  3.14159  0  5.16281e-05
3.14159  0  3.14159  0  3.65022e-05
4.39823  0  3.14159  0  2.56308e-05
5.65487  0  3.14159  0  1.6666e-05
8.16814  0  3.14159  0  8.47217e-06
10.6814  0  3.14159  0  4.26143e-06
14.4513  0  3.14159  0  2.92615e-06
33.3009  0  3.14159  0  1.44102e-06
-29.531  3.14159  0  0  -1.59179e-06
-14.4513  3.14159  0  0  -2.90164e-06
-8.16814  3.14159  0  0  -8.43647e-06
-5.65487  3.14159  0  0  -1.6564e-05
-4.39823  3.14159  0  0  -2.48482e-05
-3.14159  3.14159  0  0  -3.71043e-05
-1.88496  3.14159  0  0  -5.17558e-05
-0.628319  3.14159  0  0  -3.82254e-05
0.628319  3.14159  0  0  3.93543e-05
1.88496  3.14159  0  0  5.16281e-05
3.14159  3.14159  0  0  3.65022e-05
4.39823  3.14159  0  0  2.56308e-05
5.65487  3.14159  0  0  1.6666e-05
8.16814  3.14159  0  0  8.47217e-06
10.6814  3.14159  0  0  4.26143e-06
14.4513  3.14159  0  0  2.92615e-06
33.3009  3.14159  0  0  1.44102e-06
-29.531  3.14159  3.14159  1.84879e-06  -1.08182e-06
-14.4513  3.14159  3.14159  2.89255e-05  1.50029e-06
-8.16814  3.14159  3.14159  3.47474e-05  -6.78504e-06
-5.65487  3.14159  3.14159  -3.23011e-05  -4.89142e-05
-4.39823  3.14159  3.14159  3.24477e-05  -7.86797e-05
-3.14159  3.14159  3.14159  6.53692e-05  4.38947e-05
-1.88496  3.14159  3.14159  -2.10197e-05  -0.000162826
-0.628319  3.14159  3.14159  0.000257269  -0.000612036
0.628319  3.14159  3.14159  -7.33772e-05  0.000834353
1.88496  3.14159  3.14159  3.48044e-05  0.000148048
3.14159  3.14159  3.14159  7.88883e-05  -3.17091e-05
4.39823  3.14159  3.14159  -1.20757e-05  8.69579e-05
5.65487  3.14159  3.14159  -1.8238e-05  1.48925e-05
8.16814  3.14159  3.14159  2.89996e-05  3.03682e-05
10.6814  3.14159  3.14159  -1.435e-05  -2.87644e-05
14.4513  3.14159  3.14159  2.78003e-05  1.0192e-05
33.3009  3.14159  3.14159  3.71373e-06  1.03187e-06
