-29.531  0  0  -0.00686481  -0.0587315
-14.4513  0  0  -0.00238601  -0.0593236
-8.16814  0  0  -0.224689  -0.428083
-5.65487  0  0  -0.408605  0.286735
-4.39823  0  0  0.597821  0.746526
-3.14159  0  0  -0.379515  0.801407
-1.88496  0  0  -0.328637  -0.363073
-0.628319  0  0  18.0911  -9.27363
0.628319  0  0  -18.9267  2.21358
1.88496  0  0  -0.474191  -0.383607
3.14159  0  0  0.580164  0.770596
4.39823  0  0  -0.240834  0.800357
5.65487  0  0  0.330523  0.318789
8.16814  0  0  0.0199941  -0.479652
10.6814  0  0  -0.0239961  0.061192
14.4513  0  0  -0.0116458  -0.0719303
33.3009  0  0  0.00458409  0.0392122
-29.531  0  3.14159  0  -0.22312
-14.4513  0  3.14159  0  -0.327738
-8.16814  0  3.14159  0  -1.34456
-5.65487  0  3.14159  0  -2.48787
-4.39823  0  3.14159  0  1.89218
-3.14159  0  3.14159  0  -4.15159
-1.88496  0  3.14159  0  -13.1154
-0.628319  0  3.14159  0  2.32009
0.628319  0  3.14159  0  -164.135
1.88496  0  3.14159  0  -5.34422
3.14159  0  3.14159  0  -4.33032
4.39823  0  3.14159  0  2.15408
5.65487  0  3.14159  0  -0.0975726
8.16814  0  3.14159  0  -1.41792
10.6814  0  3.14159  0  0.0518323
14.4513  0  3.14159  0  -0.107396
33.3009  0  3.14159  0  -0.015852
-29.531  3.14159  0  0  -0.22312
-14.4513  3.14159  0  0  -0.327738
-8.16814  3.14159  0  0  -1.34456
-5.65487  3.14159  0  0  -2.48787
-4.39823  3.14159  0  0  1.89218
-3.14159  3.14159  0  0  -4.15159
-1.88496  3.14159  0  0  -13.1154
-0.628319  3.14159  0  0  2.32009
0.628319  3.14159  0  0  -164.135
1.88496  3.14159  0  0  -5.34422
3.14159  3.14159  0  0  -4.33032
4.39823  3.14159  0  0  2.15408
5.65487  3.14159  0  0  -0.0975726
8.16814  3.14159  0  0  -1.41792
10.6814  3.14159  0  0  0.0518323
14.4513  3.14159  0  0  -0.107396
33.3009  3.14159  0  0  -0.015852
-29.531  3.14159  3.14159  -0.00585302  -0.0590413
-14.4513  3.14159  3.14159  0.000574587  -0.0586123
-8.16814  3.14159  3.14159  -0.218002  -0.426977
-5.65487  3.14159  3.14159  -0.411606  0.279597
-4.39823  3.14159  3.14159  0.592028  0.77202
-3.14159  3.14159  3.14159  -0.384098  0.823004
-1.88496  3.14159  3.14159  -0.317973  -0.278354
-0.628319  3.14159  3.14159  17.8661  -8.71191
0.628319  3.14159  3.14159  -19.2618  1.98505
1.88496  3.14159  3.14159  -0.529798  -0.438244
3.14159  3.14159  3.14159  0.580105  0.755026
4.39823  3.14159  3.14159  -0.260742  0.778303
5.65487  3.14159  3.14159  0.32843  0.333437
8.16814  3.14159  3.14159  0.0255098  -0.483627
10.6814  3.14159  3.14159  -0.0253824  0.0575894
14.4513  3.14159  3.14159  -0.00968052  -0.0725826
33.3009  3.14159  3.14159  0.00481654  0.0394987
