-29.531  0  0  -8.04715  -1.61866
-14.4513  0  0  -15.8195  -9.76089
-8.16814  0  0  2.73214  -6.1762
-5.65487  0  0  106.027  31.6683
-4.39823  0  0  -85.6241  95.0404
-3.14159  0  0  -23.0238  3.29048
-1.88496  0  0  132.428  -81.2346
-0.628319  0  0  -677.409  -295.005
0.628319  0  0  -513.888  -426.547
1.88496  0  0  60.7043  173.918
3.14159  0  0  -49.6895  -43.3266
4.39823  0  0  50.5157  -125.047
5.65487  0  0  73.295  71.8477
8.16814  0  0  6.82654  5.42422
10.6814  0  0  -7.49602  5.82999
14.4513  0  0  -12.8374  -10.0977
33.3009  0  0  -3.15851  -2.34206
-29.531  0  3.14159  0  -313.136
-14.4513  0  3.14159  0  -709.712
-8.16814  0  3.14159  0  -360.201
-5.65487  0  3.14159  0  3973.59
-4.39823  0  3.14159  0  2977.2
-3.14159  0  3.14159  0  -965.333
-1.88496  0  3.14159  0  -1045.98
-0.628319  0  3.14159  0  -29369.5
0.628319  0  3.14159  0  -32279.1
1.88496  0  3.14159  0  10809.3
3.14159  0  3.14159  0  -2799.69
4.39823  0  3.14159  0  -5805.87
5.65487  0  3.14159  0  4661.14
8.16814  0  3.14159  0  170.328
10.6814  0  3.14159  0  47.8517
14.4513  0  3.14159  0  -862.426
33.3009  0  3.14159  0  -125.904
-29.531  3.14159  0  0  -313.136
-14.4513  3.14159  0  0  -709.712
-8.16814  3.14159  0  0  -360.201
-5.65487  3.14159  0  0  3973.59
-4.39823  3.14159  0  0  2977.2
-3.14159  3.14159  0  0  -965.333
-1.88496  3.14159  0  0  -1045.98
-0.628319  3.14159  0  0  -29369.5
0.628319  3.14159  0  0  -32279.1
1.88496  3.14159  0  0  10809.3
3.14159  3.14159  0  0  -2799.69
4.39823  3.14159  0  0  -5805.87
5.65487  3.14159  0  0  4661.14
8.16814  3.14159  0  0  170.328
10.6814  3.14159  0  0  47.8517
14.4513  3.14159  0  0  -862.426
33.3009  3.14159  0  0  -125.904
-29.531  3.14159  3.14159  -8.04876  -1.62188
-14.4513  3.14159  3.14159  -15.823  -9.76372
-8.16814  3.14159  3.14159  2.73287  -6.19419
-5.65487  3.14159  3.14159  106.005  31.6344
-4.39823  3.14159  3.14159  -85.6703  94.9905
-3.14159  3.14159  3.14159  -23.1364  3.22373
-1.88496  3.14159  3.14159  132.179  -81.3122
-0.628319  3.14159  3.14159  -677.83  -295.039
0.628319  3.14159  3.14159  -514.307  -426.516
1.88496  3.14159  3.14159  60.4564  173.99
3.14159  3.14159  3.14159  -49.8018  -43.2599
4.39823  3.14159  3.14159  50.4667  -124.999
5.65487  3.14159  3.14159  73.2771  71.8763
8.16814  3.14159  3.14159  6.82508  5.44036
10.6814  3.14159  3.14159  -7.49309  5.83838
14.4513  3.14159  3.14159  -12.8394  -10.0951
33.3009  3.14159  3.14159  -3.16007  -2.33935
