-29.531  0  0  -0.0134218  0.251762
-14.4513  0  0  -0.0448433  0.480068
-8.16814  0  0  -0.0900162  0.751358
-5.65487  0  0  -0.113715  0.945021
-4.39823  0  0  -0.119782  1.06334
-3.14159  0  0  -0.1139  1.16475
-1.88496  0  0  -0.0918316  1.11
-0.628319  0  0  -0.0702696  0.531642
0.628319  0  0  -0.0702654  -0.531824
1.88496  0  0  -0.0918176  -1.11018
3.14159  0  0  -0.113872  -1.16493
4.39823  0  0  -0.119728  -1.06352
5.65487  0  0  -0.11362  -0.945212
8.16814  0  0  -0.089925  -0.751562
10.6814  0  0  -0.067877  -0.615539
14.4513  0  0  -0.045078  -0.48024
33.3009  0  0  -0.0104676  -0.22471
-29.531  0  3.14159  0  0.25159
-14.4513  0  3.14159  0  0.47653
-8.16814  0  3.14159  0  0.725465
-5.65487  0  3.14159  0  0.879446
-4.39823  0  3.14159  0  0.968235
-3.14159  0  3.14159  0  1.07842
-1.88496  0  3.14159  0  1.34006
-0.628319  0  3.14159  0  3.01989
0.628319  0  3.14159  0  -3.02007
1.88496  0  3.14159  0  -1.34024
3.14159  0  3.14159  0  -1.07861
4.39823  0  3.14159  0  -0.968422
5.65487  0  3.14159  0  -0.879639
8.16814  0  3.14159  0  -0.725656
10.6814  0  3.14159  0  -0.604456
14.4513  0  3.14159  0  -0.47674
33.3009  0  3.14159  0  -0.2246
-29.531  3.14159  0  0  0.25159
-14.4513  3.14159  0  0  0.47653
-8.16814  3.14159  0  0  0.725465
-5.65487  3.14159  0  0  0.879446
-4.39823  3.14159  0  0  0.968235
-3.14159  3.14159  0  0  1.07842
-1.88496  3.14159  0  0  1.34006
-0.628319  3.14159  0  0  3.01989
0.628319  3.14159  0  0  -3.02007
1.88496  3.14159  0  0  -1.34024
3.14159  3.14159  0  0  -1.07861
4.39823  3.14159  0  0  -0.968422
5.65487  3.14159  0  0  -0.879639
8.16814  3.14159  0  0  -0.725656
10.6814  3.14159  0  0  -0.604456
14.4513  3.14159  0  0  -0.47674
33.3009  3.14159  0  0  -0.2246
-29.531  3.14159  3.14159  0.0176091  0.251635
-14.4513  3.14159  3.14159  0.0632303  0.479308
-8.16814  3.14159  3.14159  0.140915  0.749399
-5.65487  3.14159  3.14159  0.206089  0.942421
-4.39823  3.14159  3.14159  0.25206  1.0606
-3.14159  3.14159  3.14159  0.30963  1.16221
-1.88496  3.14159  3.14159  0.374958  1.10815
-0.628319  3.14159  3.14159  0.421641  0.530959
0.628319  3.14159  3.14159  0.421645  -0.53114
1.88496  3.14159  3.14159  0.374972  -1.10833
3.14159  3.14159  3.14159  0.309659  -1.1624
4.39823  3.14159  3.14159  0.252114  -1.06079
5.65487  3.14159  3.14159  0.206184  -0.942612
8.16814  3.14159  3.14159  0.141006  -0.749603
10.6814  3.14159  3.14159  0.0995937  -0.614192
14.4513  3.14159  3.14159  0.0629949  -0.47948
33.3009  3.14159  3.14159  0.0142627  -0.224621
