-29.531  0  0  0.000703169  -1.00633
-14.4513  0  0  0.000694675  -1.94503
-8.16814  0  0  -0.000808853  -3.01725
-5.65487  0  0  0.00476748  -3.66153
-4.39823  0  0  0.0178827  -3.91868
-3.14159  0  0  0.0505622  -3.87768
-1.88496  0  0  0.118864  -3.11188
-0.628319  0  0  0.207705  -1.29161
0.628319  0  0  0.207705  1.29161
1.88496  0  0  0.118863  3.11188
3.14159  0  0  0.0505605  3.87768
4.39823  0  0  0.0178811  3.91868
5.65487  0  0  0.00476604  3.66153
8.16814  0  0  -0.000810605  3.01725
10.6814  0  0  -0.000282374  2.49213
14.4513  0  0  0.0006958  1.94503
33.3009  0  0  0.000600153  0.896017
-29.531  0  3.14159  0  -1.01165
-14.4513  0  3.14159  0  -1.994
-8.16814  0  3.14159  0  -3.31507
-5.65487  0  3.14159  0  -4.55834
-4.39823  0  3.14159  0  -5.67903
-3.14159  0  3.14159  0  -7.65065
-1.88496  0  3.14159  0  -11.8432
-0.628319  0  3.14159  0  -9.57175
0.628319  0  3.14159  0  9.57175
1.88496  0  3.14159  0  11.8432
3.14159  0  3.14159  0  7.65065
4.39823  0  3.14159  0  5.67903
5.65487  0  3.14159  0  4.55834
8.16814  0  3.14159  0  3.31507
10.6814  0  3.14159  0  2.61989
14.4513  0  3.14159  0  1.994
33.3009  0  3.14159  0  0.899706
-29.531  3.14159  0  0  -1.01165
-14.4513  3.14159  0  0  -1.994
-8.16814  3.14159  0  0  -3.31507
-5.65487  3.14159  0  0  -4.55834
-4.39823  3.14159  0  0  -5.67903
-3.14159  3.14159  0  0  -7.65065
-1.88496  3.14159  0  0  -11.8432
-0.628319  3.14159  0  0  -9.57175
0.628319  3.14159  0  0  9.57175
1.88496  3.14159  0  0  11.8432
3.14159  3.14159  0  0  7.65065
4.39823  3.14159  0  0  5.67903
5.65487  3.14159  0  0  4.55834
8.16814  3.14159  0  0  3.31507
10.6814  3.14159  0  0  2.61989
14.4513  3.14159  0  0  1.994
33.3009  3.14159  0  0  0.899706
-29.531  3.14159  3.14159  -0.00070894  -1.00633
-14.4513  3.14159  3.14159  -0.000698355  -1.94503
-8.16814  3.14159  3.14159  0.000817579  -3.01725
-5.65487  3.14159  3.14159  -0.00476251  -3.66153
-4.39823  3.14159  3.14159  -0.0178766  -3.91868
-3.14159  3.14159  3.14159  -0.0505571  -3.87768
-1.88496  3.14159  3.14159  -0.118861  -3.11188
-0.628319  3.14159  3.14159  -0.207703  -1.29161
0.628319  3.14159  3.14159  -0.207704  1.29161
1.88496  3.14159  3.14159  -0.118862  3.11187
3.14159  3.14159  3.14159  -0.0505588  3.87768
4.39823  3.14159  3.14159  -0.0178781  3.91868
5.65487  3.14159  3.14159  -0.00476388  3.66153
8.16814  3.14159  3.14159  0.000815051  3.01725
10.6814  3.14159  3.14159  0.000284216  2.49213
14.4513  3.14159  3.14159  -0.000696636  1.94503
33.3009  3.14159  3.14159  -0.000599932  0.896017
