-29.531  0  0  0.000290126  0.00197033
-14.4513  0  0  0.001401  0.00369133
-8.16814  0  0  0.00352942  0.00497572
-5.65487  0  0  0.00539287  0.00520812
-4.39823  0  0  0.0066501  0.00497406
-3.14159  0  0  0.00804278  0.00428228
-1.88496  0  0  0.00933522  0.00297405
-0.628319  0  0  0.0101454  0.00107123
0.628319  0  0  0.0101438  -0.00108815
1.88496  0  0  0.00933046  -0.00299056
3.14159  0  0  0.00803484  -0.00429796
4.39823  0  0  0.006639  -0.00498841
5.65487  0  0  0.00537871  -0.0052205
8.16814  0  0  0.00351043  -0.0049819
10.6814  0  0  0.00235748  -0.004452
14.4513  0  0  0.00138439  -0.00368044
33.3009  0  0  0.000219451  -0.00173475
-29.531  0  3.14159  0  0.00195789
-14.4513  0  3.14159  0  0.00364994
-8.16814  0  3.14159  0  0.00507573
-5.65487  0  3.14159  0  0.00571894
-4.39823  0  3.14159  0  0.00589196
-3.14159  0  3.14159  0  0.00568366
-1.88496  0  3.14159  0  0.00455678
-0.628319  0  3.14159  0  0.0018511
0.628319  0  3.14159  0  -0.00186796
1.88496  0  3.14159  0  -0.00457324
3.14159  0  3.14159  0  -0.0056993
4.39823  0  3.14159  0  -0.00590632
5.65487  0  3.14159  0  -0.00573149
8.16814  0  3.14159  0  -0.00508242
10.6814  0  3.14159  0  -0.00443647
14.4513  0  3.14159  0  -0.0036388
33.3009  0  3.14159  0  -0.00172559
-29.531  3.14159  0  0  0.00195789
-14.4513  3.14159  0  0  0.00364994
-8.16814  3.14159  0  0  0.00507573
-5.65487  3.14159  0  0  0.00571894
-4.39823  3.14159  0  0  0.00589196
-3.14159  3.14159  0  0  0.00568366
-1.88496  3.14159  0  0  0.00455678
-0.628319  3.14159  0  0  0.0018511
0.628319  3.14159  0  0  -0.00186796
1.88496  3.14159  0  0  -0.00457324
3.14159  3.14159  0  0  -0.0056993
4.39823  3.14159  0  0  -0.00590632
5.65487  3.14159  0  0  -0.00573149
8.16814  3.14159  0  0  -0.00508242
10.6814  3.14159  0  0  -0.00443647
14.4513  3.14159  0  0  -0.0036388
33.3009  3.14159  0  0  -0.00172559
-29.531  3.14159  3.14159  0.000275957  0.00194588
-14.4513  3.14159  3.14159  0.00123108  0.00360277
-8.16814  3.14159  3.14159  0.0028434  0.00505311
-5.65487  3.14159  3.14159  0.00421904  0.00587531
-4.39823  3.14159  3.14159  0.00523783  0.00638278
-3.14159  3.14159  3.14159  0.00668002  0.00708965
-1.88496  3.14159  3.14159  0.00936749  0.00835145
-0.628319  3.14159  3.14159  0.0179345  0.00816802
0.628319  3.14159  3.14159  0.0179329  -0.00818495
1.88496  3.14159  3.14159  0.00936275  -0.00836799
3.14159  3.14159  3.14159  0.00667211  -0.00710535
4.39823  3.14159  3.14159  0.00522679  -0.00639716
5.65487  3.14159  3.14159  0.00420497  -0.00588777
8.16814  3.14159  3.14159  0.00282441  -0.00505956
10.6814  3.14159  3.14159  0.00197206  -0.00438316
14.4513  3.14159  3.14159  0.00121425  -0.00359173
33.3009  3.14159  3.14159  0.000210747  -0.00171669
