-29.531  0  0  0.000363321  -9.93271e-05
-14.4513  0  0  0.00114244  -0.00104028
-8.16814  0  0  0.00113099  -0.00334692
-5.65487  0  0  -0.000135156  -0.00523775
-4.39823  0  0  -0.00166209  -0.00612934
-3.14159  0  0  -0.0040752  -0.00635204
-1.88496  0  0  -0.00686917  -0.00507597
-0.628319  0  0  -0.00897741  -0.00200411
0.628319  0  0  -0.00897521  0.00198147
1.88496  0  0  -0.00687706  0.00500029
3.14159  0  0  -0.00406749  0.00627255
4.39823  0  0  -0.00167934  0.00602571
5.65487  0  0  -0.000160072  0.00516207
8.16814  0  0  0.00107845  0.00327365
10.6814  0  0  0.001211  0.0020049
14.4513  0  0  0.0010341  0.00108529
33.3009  0  0  0.000308389  7.77239e-05
-29.531  0  3.14159  0  -0.000102098
-14.4513  0  3.14159  0  -0.00101294
-8.16814  0  3.14159  0  -0.00296954
-5.65487  0  3.14159  0  -0.00553538
-4.39823  0  3.14159  0  -0.0066278
-3.14159  0  3.14159  0  -0.00839995
-1.88496  0  3.14159  0  -0.00838981
-0.628319  0  3.14159  0  -0.00488392
0.628319  0  3.14159  0  0.00442305
1.88496  0  3.14159  0  0.00845634
3.14159  0  3.14159  0  0.00856565
4.39823  0  3.14159  0  0.00690177
5.65487  0  3.14159  0  0.00546723
8.16814  0  3.14159  0  0.00272357
10.6814  0  3.14159  0  0.00195797
14.4513  0  3.14159  0  0.00113949
33.3009  0  3.14159  0  0.000125443
-29.531  3.14159  0  0  -0.000102098
-14.4513  3.14159  0  0  -0.00101294
-8.16814  3.14159  0  0  -0.00296954
-5.65487  3.14159  0  0  -0.00553538
-4.39823  3.14159  0  0  -0.0066278
-3.14159  3.14159  0  0  -0.00839995
-1.88496  3.14159  0  0  -0.00838981
-0.628319  3.14159  0  0  -0.00488392
0.628319  3.14159  0  0  0.00442305
1.88496  3.14159  0  0  0.00845634
3.14159  3.14159  0  0  0.00856565
4.39823  3.14159  0  0  0.00690177
5.65487  3.14159  0  0  0.00546723
8.16814  3.14159  0  0  0.00272357
10.6814  3.14159  0  0  0.00195797
14.4513  3.14159  0  0  0.00113949
33.3009  3.14159  0  0  0.000125443
-29.531  3.14159  3.14159  0.00034954  -9.29901e-05
-14.4513  3.14159  3.14159  0.00110515  -0.000913471
-8.16814  3.14159  3.14159  0.00153237  -0.00281024
-5.65487  3.14159  3.14159  0.00140843  -0.00473123
-4.39823  3.14159  3.14159  0.00106457  -0.00631426
-3.14159  3.14159  3.14159  0.000235513  -0.00881949
-1.88496  3.14159  3.14159  -0.00203587  -0.0142428
-0.628319  3.14159  3.14159  -0.0232737  -0.0260015
0.628319  3.14159  3.14159  -0.0232718  0.0259782
1.88496  3.14159  3.14159  -0.00204384  0.0141674
3.14159  3.14159  3.14159  0.000242985  0.00874032
4.39823  3.14159  3.14159  0.00104747  0.00621119
5.65487  3.14159  3.14159  0.00138349  0.00465558
8.16814  3.14159  3.14159  0.0014795  0.00273704
10.6814  3.14159  3.14159  0.00127232  0.00168918
14.4513  3.14159  3.14159  0.000996893  0.000958423
33.3009  3.14159  3.14159  0.000298344  7.43275e-05
