-29.531  0  0  9.81905e-05  -0.00677032
-14.4513  0  0  0.00181206  -0.0490456
-8.16814  0  0  0.0110706  -0.197608
-5.65487  0  0  0.0272755  -0.424735
-4.39823  0  0  0.045971  -0.664649
-3.14159  0  0  0.085562  -1.07636
-1.88496  0  0  0.189535  -1.63821
-0.628319  0  0  0.455115  -1.35392
0.628319  0  0  0.455125  1.35391
1.88496  0  0  0.189546  1.63819
3.14159  0  0  0.0855509  1.07636
4.39823  0  0  0.045967  0.66465
5.65487  0  0  0.0272785  0.424731
8.16814  0  0  0.0110689  0.197608
10.6814  0  0  0.00503719  0.105478
14.4513  0  0  0.00181146  0.0490471
33.3009  0  0  5.53511e-05  0.00478232
-29.531  0  3.14159  0  -0.00674807
-14.4513  0  3.14159  0  -0.0485023
-8.16814  0  3.14159  0  -0.191364
-5.65487  0  3.14159  0  -0.401005
-4.39823  0  3.14159  0  -0.618616
-3.14159  0  3.14159  0  -1.02041
-1.88496  0  3.14159  0  -1.84147
-0.628319  0  3.14159  0  -12.3896
0.628319  0  3.14159  0  12.3898
1.88496  0  3.14159  0  1.84157
3.14159  0  3.14159  0  1.02047
4.39823  0  3.14159  0  0.618574
5.65487  0  3.14159  0  0.40097
8.16814  0  3.14159  0  0.191411
10.6814  0  3.14159  0  0.103435
14.4513  0  3.14159  0  0.0484986
33.3009  0  3.14159  0  0.0047695
-29.531  3.14159  0  0  -0.00674807
-14.4513  3.14159  0  0  -0.0485023
-8.16814  3.14159  0  0  -0.191364
-5.65487  3.14159  0  0  -0.401005
-4.39823  3.14159  0  0  -0.618616
-3.14159  3.14159  0  0  -1.02041
-1.88496  3.14159  0  0  -1.84147
-0.628319  3.14159  0  0  -12.3896
0.628319  3.14159  0  0  12.3898
1.88496  3.14159  0  0  1.84157
3.14159  3.14159  0  0  1.02047
4.39823  3.14159  0  0  0.618574
5.65487  3.14159  0  0  0.40097
8.16814  3.14159  0  0  0.191411
10.6814  3.14159  0  0  0.103435
14.4513  3.14159  0  0  0.0484986
33.3009  3.14159  0  0  0.0047695
-29.531  3.14159  3.14159  -0.000181083  -0.00676881
-14.4513  3.14159  3.14159  -0.00212813  -0.0490301
-8.16814  3.14159  3.14159  -0.0118232  -0.197515
-5.65487  3.14159  3.14159  -0.0283994  -0.42448
-4.39823  3.14159  3.14159  -0.0471502  -0.664201
-3.14159  3.14159  3.14159  -0.0865544  -1.07558
-1.88496  3.14159  3.14159  -0.190637  -1.63701
-0.628319  3.14159  3.14159  -0.456109  -1.35373
0.628319  3.14159  3.14159  -0.4561  1.35372
1.88496  3.14159  3.14159  -0.190627  1.63699
3.14159  3.14159  3.14159  -0.0865655  1.07558
4.39823  3.14159  3.14159  -0.0471542  0.664201
5.65487  3.14159  3.14159  -0.0283963  0.424476
8.16814  3.14159  3.14159  -0.0118248  0.197514
10.6814  3.14159  3.14159  -0.00553888  0.105436
14.4513  3.14159  3.14159  -0.00212887  0.0490316
33.3009  3.14159  3.14159  -0.000119672  0.00478128
