-29.531  0  0  0.000102237  2.86252e-05
-14.4513  0  0  0.000190498  -3.80248e-05
-8.16814  0  0  0.00045452  0.000258455
-5.65487  0  0  0.00124858  -0.000508614
-4.39823  0  0  -0.00116896  -0.000172245
-3.14159  0  0  0.00095637  0.000677631
-1.88496  0  0  0.00324264  -0.000613125
-0.628319  0  0  0.0083909  0.0501291
0.628319  0  0  0.0325582  -0.0380958
1.88496  0  0  0.00224127  0.00153809
3.14159  0  0  0.00126134  0.000262108
4.39823  0  0  -0.00100082  -0.000504108
5.65487  0  0  0.000744858  0.000847035
8.16814  0  0  0.000575538  5.70621e-05
10.6814  0  0  -0.000102954  -4.36083e-05
14.4513  0  0  0.000166861  0.000120903
33.3009  0  0  1.3798e-05  -3.68727e-06
-29.531  0  3.14159  0  -2.12825e-06
-14.4513  0  3.14159  0  -1.46028e-05
-8.16814  0  3.14159  0  -5.38979e-05
-5.65487  0  3.14159  0  -0.000101582
-4.39823  0  3.14159  0  -0.000144997
-3.14159  0  3.14159  0  -0.00017498
-1.88496  0  3.14159  0  -0.000211891
-0.628319  0  3.14159  0  -0.000165507
0.628319  0  3.14159  0  0.000191083
1.88496  0  3.14159  0  0.000202659
3.14159  0  3.14159  0  0.000215812
4.39823  0  3.14159  0  0.000129366
5.65487  0  3.14159  0  9.82089e-05
8.16814  0  3.14159  0  5.16504e-05
10.6814  0  3.14159  0  3.06681e-05
14.4513  0  3.14159  0  1.42509e-05
33.3009  0  3.14159  0  1.42863e-06
-29.531  3.14159  0  0  -2.12825e-06
-14.4513  3.14159  0  0  -1.46028e-05
-8.16814  3.14159  0  0  -5.38979e-05
-5.65487  3.14159  0  0  -0.000101582
-4.39823  3.14159  0  0  -0.000144997
-3.14159  3.14159  0  0  -0.00017498
-1.88496  3.14159  0  0  -0.000211891
-0.628319  3.14159  0  0  -0.000165507
0.628319  3.14159  0  0  0.000191083
1.88496  3.14159  0  0  0.000202659
3.14159  3.14159  0  0  0.000215812
4.39823  3.14159  0  0  0.000129366
5.65487  3.14159  0  0  9.82089e-05
8.16814  3.14159  0  0  5.16504e-05
10.6814  3.14159  0  0  3.06681e-05
14.4513  3.14159  0  0  1.42509e-05
33.3009  3.14159  0  0  1.42863e-06
-29.531  3.14159  3.14159  6.5069e-05  4.50705e-05
-14.4513  3.14159  3.14159  9.07541e-05  -3.66657e-07
-8.16814  3.14159  3.14159  0.000473347  0.000199902
-5.65487  3.14159  3.14159  0.000265132  -0.000373202
-4.39823  3.14159  3.14159  -0.000852504  -0.000395802
-3.14159  3.14159  3.14159  0.000599452  0.000311607
-1.88496  3.14159  3.14159  0.0015151  -0.000252387
-0.628319  3.14159  3.14159  -0.0117774  0.0461044
0.628319  3.14159  3.14159  0.0434356  -0.0175322
1.88496  3.14159  3.14159  0.000278969  0.00263344
3.14159  3.14159  3.14159  0.000531942  0.00112698
4.39823  3.14159  3.14159  -0.000605271  -0.000737106
5.65487  3.14159  3.14159  -0.000462685  0.000730664
8.16814  3.14159  3.14159  0.000569912  0.000322528
10.6814  3.14159  3.14159  4.93782e-06  -8.07945e-05
14.4513  3.14159  3.14159  3.29351e-05  7.82229e-05
33.3009  3.14159  3.14159  -1.71477e-05  -6.214e-06
