-29.531  0  0  0.00470649  -0.340031
-14.4513  0  0  0.0211847  -0.685771
-8.16814  0  0  0.0653044  -1.16166
-5.65487  0  0  0.119184  -1.56703
-4.39823  0  0  0.167684  -1.86136
-3.14159  0  0  0.243301  -2.19934
-1.88496  0  0  0.359378  -2.32801
-0.628319  0  0  0.488347  -1.23907
0.628319  0  0  0.488347  1.23907
1.88496  0  0  0.359377  2.32801
3.14159  0  0  0.2433  2.19934
4.39823  0  0  0.167683  1.86136
5.65487  0  0  0.119183  1.56703
8.16814  0  0  0.0653014  1.16166
10.6814  0  0  0.0392979  0.912582
14.4513  0  0  0.0211858  0.685771
33.3009  0  0  0.00366616  0.301761
-29.531  0  3.14159  0  -0.341548
-14.4513  0  3.14159  0  -0.698421
-8.16814  0  3.14159  0  -1.22147
-5.65487  0  3.14159  0  -1.71334
-4.39823  0  3.14159  0  -2.12857
-3.14159  0  3.14159  0  -2.81289
-1.88496  0  3.14159  0  -4.32552
-0.628319  0  3.14159  0  -12.1024
0.628319  0  3.14159  0  12.1024
1.88496  0  3.14159  0  4.32552
3.14159  0  3.14159  0  2.81289
4.39823  0  3.14159  0  2.12857
5.65487  0  3.14159  0  1.71334
8.16814  0  3.14159  0  1.22147
10.6814  0  3.14159  0  0.942162
14.4513  0  3.14159  0  0.698421
33.3009  0  3.14159  0  0.302819
-29.531  3.14159  0  0  -0.341548
-14.4513  3.14159  0  0  -0.698421
-8.16814  3.14159  0  0  -1.22147
-5.65487  3.14159  0  0  -1.71334
-4.39823  3.14159  0  0  -2.12857
-3.14159  3.14159  0  0  -2.81289
-1.88496  3.14159  0  0  -4.32552
-0.628319  3.14159  0  0  -12.1024
0.628319  3.14159  0  0  12.1024
1.88496  3.14159  0  0  4.32552
3.14159  3.14159  0  0  2.81289
4.39823  3.14159  0  0  2.12857
5.65487  3.14159  0  0  1.71334
8.16814  3.14159  0  0  1.22147
10.6814  3.14159  0  0  0.942162
14.4513  3.14159  0  0  0.698421
33.3009  3.14159  0  0  0.302819
-29.531  3.14159  3.14159  -0.00470519  -0.340031
-14.4513  3.14159  3.14159  -0.0211859  -0.685771
-8.16814  3.14159  3.14159  -0.0653011  -1.16166
-5.65487  3.14159  3.14159  -0.119183  -1.56703
-4.39823  3.14159  3.14159  -0.167681  -1.86136
-3.14159  3.14159  3.14159  -0.243299  -2.19934
-1.88496  3.14159  3.14159  -0.359376  -2.32801
-0.628319  3.14159  3.14159  -0.488346  -1.23907
0.628319  3.14159  3.14159  -0.488346  1.23907
1.88496  3.14159  3.14159  -0.359377  2.32801
3.14159  3.14159  3.14159  -0.2433  2.19934
4.39823  3.14159  3.14159  -0.167682  1.86136
5.65487  3.14159  3.14159  -0.119184  1.56703
8.16814  3.14159  3.14159  -0.0653038  1.16166
10.6814  3.14159  3.14159  -0.0392983  0.912582
14.4513  3.14159  3.14159  -0.0211849  0.685771
33.3009  3.14159  3.14159  -0.00366666  0.301761
