-29.531  0  0  5.00651e-05  -2.04766e-05
-14.4513  0  0  0.000146926  -0.000139503
-8.16814  0  0  0.000168618  -0.000463442
-5.65487  0  0  -3.36439e-06  -0.00075921
-4.39823  0  0  -0.000231678  -0.000914393
-3.14159  0  0  -0.00060001  -0.000979746
-1.88496  0  0  -0.00106343  -0.000814224
-0.628319  0  0  -0.00140379  -0.000325311
0.628319  0  0  -0.00140688  0.000334642
1.88496  0  0  -0.00106253  0.000814749
3.14159  0  0  -0.000598818  0.000980919
4.39823  0  0  -0.000230422  0.000914178
5.65487  0  0  -2.2287e-06  0.000758989
8.16814  0  0  0.000169243  0.000463011
10.6814  0  0  0.000184198  0.000277934
14.4513  0  0  0.000147023  0.000139222
33.3009  0  0  4.03596e-05  1.44722e-05
-29.531  0  3.14159  0  -1.7017e-05
-14.4513  0  3.14159  0  -0.000119045
-8.16814  0  3.14159  0  -0.000439146
-5.65487  0  3.14159  0  -0.000849294
-4.39823  0  3.14159  0  -0.00120467
-3.14159  0  3.14159  0  -0.00165495
-1.88496  0  3.14159  0  -0.00189889
-0.628319  0  3.14159  0  -0.00100315
0.628319  0  3.14159  0  0.00100597
1.88496  0  3.14159  0  0.00190015
3.14159  0  3.14159  0  0.00165544
4.39823  0  3.14159  0  0.00120443
5.65487  0  3.14159  0  0.00084893
8.16814  0  3.14159  0  0.000438668
10.6814  0  3.14159  0  0.000246388
14.4513  0  3.14159  0  0.000118816
33.3009  0  3.14159  0  1.20122e-05
-29.531  3.14159  0  0  -1.7017e-05
-14.4513  3.14159  0  0  -0.000119045
-8.16814  3.14159  0  0  -0.000439146
-5.65487  3.14159  0  0  -0.000849294
-4.39823  3.14159  0  0  -0.00120467
-3.14159  3.14159  0  0  -0.00165495
-1.88496  3.14159  0  0  -0.00189889
-0.628319  3.14159  0  0  -0.00100315
0.628319  3.14159  0  0  0.00100597
1.88496  3.14159  0  0  0.00190015
3.14159  3.14159  0  0  0.00165544
4.39823  3.14159  0  0  0.00120443
5.65487  3.14159  0  0  0.00084893
8.16814  3.14159  0  0  0.000438668
10.6814  3.14159  0  0  0.000246388
14.4513  3.14159  0  0  0.000118816
33.3009  3.14159  0  0  1.20122e-05
-29.531  3.14159  3.14159  5.24494e-05  -1.33132e-05
-14.4513  3.14159  3.14159  0.000183477  -9.20224e-05
-8.16814  3.14159  3.14159  0.000410202  -0.000344798
-5.65487  3.14159  3.14159  0.000611268  -0.000704993
-4.39823  3.14159  3.14159  0.000765991  -0.00108746
-3.14159  3.14159  3.14159  0.00099009  -0.00185716
-1.88496  3.14159  3.14159  0.0011783  -0.00402704
-0.628319  3.14159  3.14159  -0.00634341  -0.0118495
0.628319  3.14159  3.14159  -0.00633685  0.0118561
1.88496  3.14159  3.14159  0.00118172  0.00402745
3.14159  3.14159  3.14159  0.000992056  0.00185694
4.39823  3.14159  3.14159  0.000767425  0.00108711
5.65487  3.14159  3.14159  0.000612294  0.000704524
8.16814  3.14159  3.14159  0.000410741  0.000344315
10.6814  3.14159  3.14159  0.000289044  0.000190726
14.4513  3.14159  3.14159  0.000183557  9.18089e-05
33.3009  3.14159  3.14159  4.18581e-05  9.40966e-06
