-29.531  0  0  0.000371305  -0.000181314
-14.4513  0  0  0.00101423  -0.00111214
-8.16814  0  0  0.00100794  -0.00332354
-5.65487  0  0  -0.000277127  -0.00516078
-4.39823  0  0  -0.0017987  -0.00598887
-3.14159  0  0  -0.00411459  -0.0062186
-1.88496  0  0  -0.00689383  -0.00500795
-0.628319  0  0  -0.00894577  -0.00197494
0.628319  0  0  -0.00894115  0.00196719
1.88496  0  0  -0.00689644  0.00500693
3.14159  0  0  -0.00411629  0.00621779
4.39823  0  0  -0.00180321  0.00598969
5.65487  0  0  -0.000283175  0.00516179
8.16814  0  0  0.0010064  0.0033409
10.6814  0  0  0.0012136  0.00209523
14.4513  0  0  0.0010327  0.00110061
33.3009  0  0  0.000290641  0.000126962
-29.531  0  3.14159  0  -0.000178249
-14.4513  0  3.14159  0  -0.00104803
-8.16814  0  3.14159  0  -0.00306915
-5.65487  0  3.14159  0  -0.00517725
-4.39823  0  3.14159  0  -0.00674732
-3.14159  0  3.14159  0  -0.00837282
-1.88496  0  3.14159  0  -0.0085736
-0.628319  0  3.14159  0  -0.00413732
0.628319  0  3.14159  0  0.00413671
1.88496  0  3.14159  0  0.00857265
3.14159  0  3.14159  0  0.00837239
4.39823  0  3.14159  0  0.00674795
5.65487  0  3.14159  0  0.00518076
8.16814  0  3.14159  0  0.00307853
10.6814  0  3.14159  0  0.00193557
14.4513  0  3.14159  0  0.00104
33.3009  0  3.14159  0  0.000125646
-29.531  3.14159  0  0  -0.000178249
-14.4513  3.14159  0  0  -0.00104803
-8.16814  3.14159  0  0  -0.00306915
-5.65487  3.14159  0  0  -0.00517725
-4.39823  3.14159  0  0  -0.00674732
-3.14159  3.14159  0  0  -0.00837282
-1.88496  3.14159  0  0  -0.0085736
-0.628319  3.14159  0  0  -0.00413732
0.628319  3.14159  0  0  0.00413671
1.88496  3.14159  0  0  0.00857265
3.14159  3.14159  0  0  0.00837239
4.39823  3.14159  0  0  0.00674795
5.65487  3.14159  0  0  0.00518076
8.16814  3.14159  0  0  0.00307853
10.6814  3.14159  0  0  0.00193557
14.4513  3.14159  0  0  0.00104
33.3009  3.14159  0  0  0.000125646
-29.531  3.14159  3.14159  0.000356649  -0.000175405
-14.4513  3.14159  3.14159  0.000981547  -0.000989554
-8.16814  3.14159  3.14159  0.0013662  -0.0027537
-5.65487  3.14159  3.14159  0.00133806  -0.00456148
-4.39823  3.14159  3.14159  0.00104776  -0.00623676
-3.14159  3.14159  3.14159  0.000218217  -0.00878787
-1.88496  3.14159  3.14159  -0.00209961  -0.0142753
-0.628319  3.14159  3.14159  -0.0233294  -0.0260318
0.628319  3.14159  3.14159  -0.023329  0.0260309
1.88496  3.14159  3.14159  -0.00209917  0.0142778
3.14159  3.14159  3.14159  0.000215668  0.00879214
4.39823  3.14159  3.14159  0.00104988  0.00624309
5.65487  3.14159  3.14159  0.00134014  0.00456534
8.16814  3.14159  3.14159  0.00136708  0.00275408
10.6814  3.14159  3.14159  0.00124717  0.00179265
14.4513  3.14159  3.14159  0.000994156  0.000985773
33.3009  3.14159  3.14159  0.000280536  0.000125124
