-29.531  0  0  6.71474e-06  3.58109e-05
-14.4513  0  0  2.53576e-05  6.60771e-05
-8.16814  0  0  6.24698e-05  9.17618e-05
-5.65487  0  0  9.7058e-05  9.84768e-05
-4.39823  0  0  0.000121378  9.56594e-05
-3.14159  0  0  0.000149338  8.39785e-05
-1.88496  0  0  0.000176277  5.94258e-05
-0.628319  0  0  0.000193668  2.17575e-05
0.628319  0  0  0.000193669  -2.1753e-05
1.88496  0  0  0.000176278  -5.94217e-05
3.14159  0  0  0.00014934  -8.3975e-05
4.39823  0  0  0.00012138  -9.56565e-05
5.65487  0  0  9.70606e-05  -9.84746e-05
8.16814  0  0  6.24726e-05  -9.17596e-05
10.6814  0  0  4.20024e-05  -8.07917e-05
14.4513  0  0  2.53588e-05  -6.6078e-05
33.3009  0  0  5.31858e-06  -3.19876e-05
-29.531  0  3.14159  0  3.65691e-05
-14.4513  0  3.14159  0  7.15234e-05
-8.16814  0  3.14159  0  0.000112612
-5.65487  0  3.14159  0  0.000138827
-4.39823  0  3.14159  0  0.000151344
-3.14159  0  3.14159  0  0.000155403
-1.88496  0  3.14159  0  0.000132371
-0.628319  0  3.14159  0  5.61893e-05
0.628319  0  3.14159  0  -5.61839e-05
1.88496  0  3.14159  0  -0.000132367
3.14159  0  3.14159  0  -0.000155399
4.39823  0  3.14159  0  -0.000151342
5.65487  0  3.14159  0  -0.000138825
8.16814  0  3.14159  0  -0.000112611
10.6814  0  3.14159  0  -9.231e-05
14.4513  0  3.14159  0  -7.15236e-05
33.3009  0  3.14159  0  -3.25229e-05
-29.531  3.14159  0  0  3.65691e-05
-14.4513  3.14159  0  0  7.15234e-05
-8.16814  3.14159  0  0  0.000112612
-5.65487  3.14159  0  0  0.000138827
-4.39823  3.14159  0  0  0.000151344
-3.14159  3.14159  0  0  0.000155403
-1.88496  3.14159  0  0  0.000132371
-0.628319  3.14159  0  0  5.61893e-05
0.628319  3.14159  0  0  -5.61839e-05
1.88496  3.14159  0  0  -0.000132367
3.14159  3.14159  0  0  -0.000155399
4.39823  3.14159  0  0  -0.000151342
5.65487  3.14159  0  0  -0.000138825
8.16814  3.14159  0  0  -0.000112611
10.6814  3.14159  0  0  -9.231e-05
14.4513  3.14159  0  0  -7.15236e-05
33.3009  3.14159  0  0  -3.25229e-05
-29.531  3.14159  3.14159  1.85684e-06  3.69587e-05
-14.4513  3.14159  3.14159  7.75032e-06  7.46363e-05
-8.16814  3.14159  3.14159  2.27548e-05  0.000127639
-5.65487  3.14159  3.14159  4.29695e-05  0.00017658
-4.39823  3.14159  3.14159  6.45654e-05  0.000217896
-3.14159  3.14159  3.14159  0.000108463  0.00028387
-1.88496  3.14159  3.14159  0.000229024  0.000398525
-0.628319  3.14159  3.14159  0.000705551  0.000444686
0.628319  3.14159  3.14159  0.000705555  -0.000444678
1.88496  3.14159  3.14159  0.000229028  -0.000398521
3.14159  3.14159  3.14159  0.000108467  -0.000283867
4.39823  3.14159  3.14159  6.45683e-05  -0.000217894
5.65487  3.14159  3.14159  4.29722e-05  -0.000176579
8.16814  3.14159  3.14159  2.27577e-05  -0.000127638
10.6814  3.14159  3.14159  1.38787e-05  -9.95932e-05
14.4513  3.14159  3.14159  7.75135e-06  -7.46357e-05
33.3009  3.14159  3.14159  1.45806e-06  -3.27956e-05
