-29.531  0  0  0.000357553  -0.000159288
-14.4513  0  0  0.00104585  -0.00106145
-8.16814  0  0  0.00106876  -0.00331264
-5.65487  0  0  -0.00021208  -0.00518067
-4.39823  0  0  -0.00176009  -0.00604406
-3.14159  0  0  -0.00411106  -0.00624736
-1.88496  0  0  -0.00688874  -0.00501649
-0.628319  0  0  -0.00892519  -0.00197353
0.628319  0  0  -0.00892508  0.00196001
1.88496  0  0  -0.00688855  0.00500169
3.14159  0  0  -0.00411089  0.00623079
4.39823  0  0  -0.0017612  0.00602434
5.65487  0  0  -0.000216446  0.00515737
8.16814  0  0  0.00104836  0.00328658
10.6814  0  0  0.00121511  0.00204306
14.4513  0  0  0.00101425  0.00107671
33.3009  0  0  0.000293824  0.000123395
-29.531  0  3.14159  0  -0.000156248
-14.4513  0  3.14159  0  -0.000995157
-8.16814  0  3.14159  0  -0.00307411
-5.65487  0  3.14159  0  -0.00521899
-4.39823  0  3.14159  0  -0.0067758
-3.14159  0  3.14159  0  -0.00836746
-1.88496  0  3.14159  0  -0.00854899
-0.628319  0  3.14159  0  -0.00413098
0.628319  0  3.14159  0  0.00411588
1.88496  0  3.14159  0  0.00853465
3.14159  0  3.14159  0  0.00835199
4.39823  0  3.14159  0  0.00675822
5.65487  0  3.14159  0  0.00519644
8.16814  0  3.14159  0  0.003046
10.6814  0  3.14159  0  0.00188324
14.4513  0  3.14159  0  0.00101095
33.3009  0  3.14159  0  0.000121952
-29.531  3.14159  0  0  -0.000156248
-14.4513  3.14159  0  0  -0.000995157
-8.16814  3.14159  0  0  -0.00307411
-5.65487  3.14159  0  0  -0.00521899
-4.39823  3.14159  0  0  -0.0067758
-3.14159  3.14159  0  0  -0.00836746
-1.88496  3.14159  0  0  -0.00854899
-0.628319  3.14159  0  0  -0.00413098
0.628319  3.14159  0  0  0.00411588
1.88496  3.14159  0  0  0.00853465
3.14159  3.14159  0  0  0.00835199
4.39823  3.14159  0  0  0.00675822
5.65487  3.14159  0  0  0.00519644
8.16814  3.14159  0  0  0.003046
10.6814  3.14159  0  0  0.00188324
14.4513  3.14159  0  0  0.00101095
33.3009  3.14159  0  0  0.000121952
-29.531  3.14159  3.14159  0.000343775  -0.000152964
-14.4513  3.14159  3.14159  0.00100855  -0.000934535
-8.16814  3.14159  3.14159  0.00147008  -0.00277641
-5.65487  3.14159  3.14159  0.00133095  -0.00467374
-4.39823  3.14159  3.14159  0.000967511  -0.00622767
-3.14159  3.14159  3.14159  0.000202277  -0.00871524
-1.88496  3.14159  3.14159  -0.00205207  -0.0141871
-0.628319  3.14159  3.14159  -0.0232275  -0.0259848
0.628319  3.14159  3.14159  -0.0232275  0.0259711
1.88496  3.14159  3.14159  -0.00205196  0.0141723
3.14159  3.14159  3.14159  0.000202359  0.00869869
4.39823  3.14159  3.14159  0.000966319  0.00620802
5.65487  3.14159  3.14159  0.00132647  0.00465054
8.16814  3.14159  3.14159  0.00144975  0.00275061
10.6814  3.14159  3.14159  0.00127666  0.00172702
14.4513  3.14159  3.14159  0.000976994  0.000949606
33.3009  3.14159  3.14159  0.000283739  0.000119926
