3.141590000000000216e-01 -4.896860000000000213e+00
9.424780000000000380e-01 -5.882319999999999993e+00
1.570799999999999974e+00 -6.669550000000000090e+00
2.199110000000000120e+00 -7.057719999999999771e+00
2.827430000000000110e+00 -7.200059999999999683e+00
3.455750000000000099e+00 -7.187669999999999781e+00
4.084069999999999645e+00 -7.077090000000000103e+00
4.712390000000000079e+00 -6.905230000000000423e+00
5.340709999999999624e+00 -6.696850000000000414e+00
7.225660000000000416e+00 -5.994170000000000442e+00
9.738939999999999486e+00 -5.107949999999999768e+00
1.288049999999999962e+01 -4.223359999999999559e+00
1.916369999999999862e+01 -3.064049999999999940e+00
2.670349999999999824e+01 -2.274859999999999882e+00
4.115489999999999782e+01 -1.508960000000000079e+00
