3.141590000000000216e-01 -9.547609999999999708e-01
9.424780000000000380e-01 -1.434600000000000097e+00
1.570799999999999974e+00 -1.744930000000000092e+00
2.199110000000000120e+00 -1.962469999999999937e+00
2.827430000000000110e+00 -2.120540000000000092e+00
3.455750000000000099e+00 -2.237000000000000099e+00
4.084069999999999645e+00 -2.322830000000000172e+00
4.712390000000000079e+00 -2.385170000000000012e+00
5.340709999999999624e+00 -2.429349999999999898e+00
7.225660000000000416e+00 -2.487169999999999881e+00
9.738939999999999486e+00 -2.457720000000000127e+00
1.288049999999999962e+01 -2.334519999999999929e+00
1.916369999999999862e+01 -2.008729999999999905e+00
2.670349999999999824e+01 -1.655429999999999957e+00
4.115489999999999782e+01 -1.194309999999999983e+00
