6.283189999999999609e-02 -6.628150000000000430e-01
1.884959999999999969e-01 -3.141410000000000036e-01
3.141590000000000216e-01 -2.860639999999999850e-01
4.398230000000000195e-01 -2.946230000000000238e-01
5.654869999999999619e-01 -3.107880000000000087e-01
6.911500000000000421e-01 -3.280060000000000198e-01
8.168140000000000400e-01 -3.439570000000000127e-01
9.424780000000000380e-01 -3.584269999999999956e-01
1.068140000000000089e+00 -3.713480000000000114e-01
1.193810000000000038e+00 -3.827079999999999926e-01
1.570799999999999974e+00 -4.083200000000000163e-01
1.947789999999999910e+00 -4.238540000000000085e-01
2.324780000000000069e+00 -4.321030000000000149e-01
2.953100000000000058e+00 -4.347050000000000081e-01
3.832739999999999814e+00 -4.240439999999999765e-01
5.089380000000000237e+00 -3.953940000000000232e-01
6.974339999999999762e+00 -3.457899999999999863e-01
8.607960000000000278e+00 -3.062570000000000014e-01
1.061860000000000070e+01 -2.653559999999999808e-01
1.715309999999999846e+01 -1.796999999999999986e-01
2.368759999999999977e+01 -1.340000000000000080e-01
3.851590000000000202e+01 -8.415019999999999445e-02
