6.283189999999999609e-02 -2.406439999999999968e-01
1.884959999999999969e-01 -1.980109999999999926e-01
3.141590000000000216e-01 -2.274760000000000115e-01
4.398230000000000195e-01 -2.584620000000000251e-01
5.654869999999999619e-01 -2.857999999999999985e-01
6.911500000000000421e-01 -3.093469999999999831e-01
8.168140000000000400e-01 -3.294750000000000179e-01
9.424780000000000380e-01 -3.468410000000000104e-01
1.068140000000000089e+00 -3.618919999999999915e-01
1.193810000000000038e+00 -3.749390000000000223e-01
1.570799999999999974e+00 -4.042879999999999807e-01
1.947789999999999910e+00 -4.224180000000000157e-01
2.324780000000000069e+00 -4.324890000000000123e-01
2.953100000000000058e+00 -4.369899999999999896e-01
3.832739999999999814e+00 -4.275999999999999801e-01
5.089380000000000237e+00 -3.994619999999999838e-01
6.974339999999999762e+00 -3.496529999999999916e-01
8.607960000000000278e+00 -3.097349999999999826e-01
1.061860000000000070e+01 -2.683780000000000054e-01
1.715309999999999846e+01 -1.817330000000000056e-01
2.368759999999999977e+01 -1.355109999999999926e-01
3.851590000000000202e+01 -8.509849999999999359e-02
