6.283189999999999609e-01 -2.327359999999999984e-01
1.884959999999999969e+00 -3.334889999999999799e-01
3.141589999999999883e+00 -3.639180000000000192e-01
4.398229999999999862e+00 -3.646519999999999762e-01
5.654869999999999841e+00 -3.521509999999999918e-01
6.911500000000000199e+00 -3.341390000000000193e-01
8.168139999999999290e+00 -3.144270000000000120e-01
1.068140000000000001e+01 -2.762580000000000036e-01
1.319469999999999921e+01 -2.431619999999999893e-01
1.822119999999999962e+01 -1.927909999999999902e-01
2.701770000000000138e+01 -1.387279999999999902e-01
5.466369999999999862e+01 -7.184770000000000045e-02
