3.141590000000000216e-01 -1.209719999999999906e+00
9.424780000000000380e-01 -1.657880000000000020e+00
1.570799999999999974e+00 -1.945619999999999905e+00
2.199110000000000120e+00 -2.144839999999999858e+00
2.827430000000000110e+00 -2.287240000000000162e+00
3.455750000000000099e+00 -2.390019999999999811e+00
4.084069999999999645e+00 -2.463740000000000041e+00
4.712390000000000079e+00 -2.515280000000000182e+00
5.340709999999999624e+00 -2.549789999999999779e+00
7.225660000000000416e+00 -2.583880000000000177e+00
9.738939999999999486e+00 -2.531540000000000123e+00
1.288049999999999962e+01 -2.388749999999999929e+00
1.916369999999999862e+01 -2.040739999999999998e+00
2.670349999999999824e+01 -1.674819999999999975e+00
4.115489999999999782e+01 -1.204029999999999934e+00
