-54.6637  0  0  549915  -98248.1
-27.0177  0  0  -281470  -76947.7
-13.1947  0  0  -2.17642e+06  -599868
-10.6814  0  0  3.26336e+06  1.04706e+06
-8.16814  0  0  7.3078e+06  -303764
-6.9115  0  0  6.66317e+06  -1.73351e+06
-5.65487  0  0  7.90429e+06  3.0834e+06
-4.39823  0  0  -7.08871e+06  4.46407e+06
-3.14159  0  0  -1.09622e+07  4.43048e+06
-1.88496  0  0  7.79654e+06  -1.185e+07
-0.628319  0  0  -4.57576e+07  -1.4606e+07
0.628319  0  0  4.60267e+07  -5.1417e+06
1.88496  0  0  -5.85321e+06  -1.42486e+07
3.14159  0  0  1.00624e+07  6.62302e+06
4.39823  0  0  5.74576e+06  6.02936e+06
5.65487  0  0  -8.10543e+06  1.09708e+06
6.9115  0  0  -6.30627e+06  -3.33001e+06
8.16814  0  0  -7.12808e+06  -2.40599e+06
10.6814  0  0  -3.40556e+06  359055
15.708  0  0  994957  761496
33.3009  0  0  2.40625e+06  462140
-54.6637  0  3.14159  2.61429e+07  627397
-27.0177  0  3.14159  -2.80276e+07  -8.38203e+06
-13.1947  0  3.14159  -5.78908e+07  -2.38587e+07
-10.6814  0  3.14159  7.42361e+07  2.8618e+07
-8.16814  0  3.14159  1.43533e+08  -1.97632e+07
-6.9115  0  3.14159  9.99978e+07  -3.93574e+07
-5.65487  0  3.14159  2.02463e+08  8.01762e+07
-4.39823  0  3.14159  -1.45657e+08  8.74479e+07
-3.14159  0  3.14159  -2.95337e+08  1.69875e+07
-1.88496  0  3.14159  9.68436e+07  -4.81808e+08
-0.628319  0  3.14159  -1.34952e+09  -6.02875e+08
0.628319  0  3.14159  1.42022e+09  -2.36703e+08
1.88496  0  3.14159  2.55019e+07  -5.12061e+08
3.14159  0  3.14159  2.70411e+08  9.39549e+07
4.39823  0  3.14159  1.10643e+08  1.27581e+08
5.65487  0  3.14159  -2.14223e+08  1.88276e+07
6.9115  0  3.14159  -8.41933e+07  -7.32409e+07
8.16814  0  3.14159  -1.32513e+08  -6.71638e+07
10.6814  0  3.14159  -7.94029e+07  6.7501e+06
15.708  0  3.14159  3.19983e+07  2.20998e+07
33.3009  0  3.14159  7.44819e+07  1.74041e+07
-54.6637  3.14159  0  2.61429e+07  627397
-27.0177  3.14159  0  -2.80276e+07  -8.38203e+06
-13.1947  3.14159  0  -5.78908e+07  -2.38587e+07
-10.6814  3.14159  0  7.42361e+07  2.8618e+07
-8.16814  3.14159  0  1.43533e+08  -1.97632e+07
-6.9115  3.14159  0  9.99978e+07  -3.93574e+07
-5.65487  3.14159  0  2.02463e+08  8.01762e+07
-4.39823  3.14159  0  -1.45657e+08  8.74479e+07
-3.14159  3.14159  0  -2.95337e+08  1.69875e+07
-1.88496  3.14159  0  9.68436e+07  -4.81808e+08
-0.628319  3.14159  0  -1.34952e+09  -6.02875e+08
0.628319  3.14159  0  1.42022e+09  -2.36703e+08
1.88496  3.14159  0  2.55019e+07  -5.12061e+08
3.14159  3.14159  0  2.70411e+08  9.39549e+07
4.39823  3.14159  0  1.10643e+08  1.27581e+08
5.65487  3.14159  0  -2.14223e+08  1.88276e+07
6.9115  3.14159  0  -8.41933e+07  -7.32409e+07
8.16814  3.14159  0  -1.32513e+08  -6.71638e+07
10.6814  3.14159  0  -7.94029e+07  6.7501e+06
15.708  3.14159  0  3.19983e+07  2.20998e+07
33.3009  3.14159  0  7.44819e+07  1.74041e+07
-54.6637  3.14159  3.14159  550281  -96386.3
-27.0177  3.14159  3.14159  -281244  -79654.1
-13.1947  3.14159  3.14159  -2.1771e+06  -601864
-10.6814  3.14159  3.14159  3.26559e+06  1.0499e+06
-8.16814  3.14159  3.14159  7.31736e+06  -303138
-6.9115  3.14159  3.14159  6.67249e+06  -1.73793e+06
-5.65487  3.14159  3.14159  7.90975e+06  3.09203e+06
-4.39823  3.14159  3.14159  -7.10041e+06  4.46846e+06
-3.14159  3.14159  3.14159  -1.0975e+07  4.42656e+06
-1.88496  3.14159  3.14159  7.82949e+06  -1.18711e+07
-0.628319  3.14159  3.14159  -4.57725e+07  -1.46705e+07
0.628319  3.14159  3.14159  4.60905e+07  -5.09147e+06
1.88496  3.14159  3.14159  -5.83574e+06  -1.42559e+07
3.14159  3.14159  3.14159  1.00732e+07  6.63924e+06
4.39823  3.14159  3.14159  5.75316e+06  6.03593e+06
5.65487  3.14159  3.14159  -8.11502e+06  1.09296e+06
6.9115  3.14159  3.14159  -6.31064e+06  -3.33175e+06
8.16814  3.14159  3.14159  -7.13319e+06  -2.40914e+06
10.6814  3.14159  3.14159  -3.40894e+06  357976
15.708  3.14159  3.14159  994899  764391
33.3009  3.14159  3.14159  2.40854e+06  465812
