-54.6637  0  0  0.588091  -0.121859
-27.0177  0  0  3.25717  -2.28786
-13.1947  0  0  4.88683  16.0895
-10.6814  0  0  1.07293  5.55995
-8.16814  0  0  2.57035  -13.9223
-6.9115  0  0  30.6473  29.0132
-5.65487  0  0  -149.204  -61.7856
-4.39823  0  0  228.382  -95.4696
-3.14159  0  0  87.1503  111.62
-1.88496  0  0  -117.234  -226.064
-0.628319  0  0  380.983  210.664
0.628319  0  0  979.996  761.469
1.88496  0  0  -69.7263  -386.677
3.14159  0  0  38.9248  45.7541
4.39823  0  0  -153.13  174.579
5.65487  0  0  -31.8251  -83.835
6.9115  0  0  56.6123  31.7141
8.16814  0  0  20.7244  -2.43594
10.6814  0  0  6.91563  -13.4342
15.708  0  0  -7.81607  -5.54185
33.3009  0  0  5.53756  2.96464
-54.6637  0  3.14159  25.9586  29.3695
-27.0177  0  3.14159  7.76011  -2.30295
-13.1947  0  3.14159  -557.112  274.483
-10.6814  0  3.14159  -276.827  -104.74
-8.16814  0  3.14159  443.869  -247.982
-6.9115  0  3.14159  -433.736  1093.07
-5.65487  0  3.14159  -226.825  -4231.92
-4.39823  0  3.14159  4090.18  4523.48
-3.14159  0  3.14159  -2438.38  2899.21
-1.88496  0  3.14159  4826.45  -4722.57
-0.628319  0  3.14159  -2147.54  10975.8
0.628319  0  3.14159  -9207.16  31807.4
1.88496  0  3.14159  8884.51  -5085.69
3.14159  0  3.14159  -163.668  1635.79
4.39823  0  3.14159  -5442.82  -2203.77
5.65487  0  3.14159  2026.52  -1697.81
6.9115  0  3.14159  -363.151  1521.86
8.16814  0  3.14159  279.219  206.108
10.6814  0  3.14159  506.515  127.488
15.708  0  3.14159  125.291  -168.244
33.3009  0  3.14159  20.0429  173.986
-54.6637  3.14159  0  25.9586  29.3695
-27.0177  3.14159  0  7.76011  -2.30295
-13.1947  3.14159  0  -557.112  274.483
-10.6814  3.14159  0  -276.827  -104.74
-8.16814  3.14159  0  443.869  -247.982
-6.9115  3.14159  0  -433.736  1093.07
-5.65487  3.14159  0  -226.825  -4231.92
-4.39823  3.14159  0  4090.18  4523.48
-3.14159  3.14159  0  -2438.38  2899.21
-1.88496  3.14159  0  4826.45  -4722.57
-0.628319  3.14159  0  -2147.54  10975.8
0.628319  3.14159  0  -9207.16  31807.4
1.88496  3.14159  0  8884.51  -5085.69
3.14159  3.14159  0  -163.668  1635.79
4.39823  3.14159  0  -5442.82  -2203.77
5.65487  3.14159  0  2026.52  -1697.81
6.9115  3.14159  0  -363.151  1521.86
8.16814  3.14159  0  279.219  206.108
10.6814  3.14159  0  506.515  127.488
15.708  3.14159  0  125.291  -168.244
33.3009  3.14159  0  20.0429  173.986
-54.6637  3.14159  3.14159  0.587214  -0.121165
-27.0177  3.14159  3.14159  3.25352  -2.28804
-13.1947  3.14159  3.14159  4.88612  16.0811
-10.6814  3.14159  3.14159  1.07329  5.54457
-8.16814  3.14159  3.14159  2.56652  -13.9469
-6.9115  3.14159  3.14159  30.6394  28.9824
-5.65487  3.14159  3.14159  -149.231  -61.8247
-4.39823  3.14159  3.14159  228.338  -95.5404
-3.14159  3.14159  3.14159  87.0522  111.541
-1.88496  3.14159  3.14159  -117.474  -226.135
-0.628319  3.14159  3.14159  380.616  210.554
0.628319  3.14159  3.14159  979.651  761.474
1.88496  3.14159  3.14159  -69.9698  -386.597
3.14159  3.14159  3.14159  38.8381  45.8319
4.39823  3.14159  3.14159  -153.164  174.649
5.65487  3.14159  3.14159  -31.8524  -83.7896
6.9115  3.14159  3.14159  56.6095  31.7472
8.16814  3.14159  3.14159  20.7262  -2.41361
10.6814  3.14159  3.14159  6.91093  -13.4193
15.708  3.14159  3.14159  -7.81785  -5.53752
33.3009  3.14159  3.14159  5.53701  2.9664
