-54.6637  0  0  3.63792e-07  4.04181e-06
-27.0177  0  0  1.5287e-06  7.94151e-06
-13.1947  0  0  5.85408e-06  1.44904e-05
-10.6814  0  0  8.2912e-06  1.66157e-05
-8.16814  0  0  1.25321e-05  1.904e-05
-6.9115  0  0  1.55308e-05  1.99677e-05
-5.65487  0  0  1.94596e-05  2.05144e-05
-4.39823  0  0  2.45526e-05  2.00498e-05
-3.14159  0  0  3.01107e-05  1.73773e-05
-1.88496  0  0  3.60502e-05  1.22418e-05
-0.628319  0  0  4.06645e-05  4.61389e-06
0.628319  0  0  3.92427e-05  -4.31925e-06
1.88496  0  0  3.65574e-05  -1.24325e-05
3.14159  0  0  3.10957e-05  -1.74379e-05
4.39823  0  0  2.50822e-05  -1.9535e-05
5.65487  0  0  2.00871e-05  -2.01409e-05
6.9115  0  0  1.60247e-05  -1.96939e-05
8.16814  0  0  1.28346e-05  -1.86683e-05
10.6814  0  0  8.6894e-06  -1.64776e-05
15.708  0  0  4.54238e-06  -1.25955e-05
33.3009  0  0  1.12509e-06  -6.5114e-06
-54.6637  0  3.14159  2.20923e-07  4.06828e-06
-27.0177  0  3.14159  9.76995e-07  8.13656e-06
-13.1947  0  3.14159  4.07079e-06  1.58397e-05
-10.6814  0  3.14159  6.04855e-06  1.89034e-05
-8.16814  0  3.14159  9.71417e-06  2.31005e-05
-6.9115  0  3.14159  1.27922e-05  2.57049e-05
-5.65487  0  3.14159  1.73429e-05  2.85458e-05
-4.39823  0  3.14159  2.4249e-05  3.11669e-05
-3.14159  0  3.14159  3.47184e-05  3.20851e-05
-1.88496  0  3.14159  4.89936e-05  2.74833e-05
-0.628319  0  3.14159  6.18302e-05  1.20371e-05
0.628319  0  3.14159  6.20719e-05  -1.09197e-05
1.88496  0  3.14159  4.94444e-05  -2.65557e-05
3.14159  0  3.14159  3.52535e-05  -3.13942e-05
4.39823  0  3.14159  2.47962e-05  -3.06783e-05
5.65487  0  3.14159  1.78551e-05  -2.81802e-05
6.9115  0  3.14159  1.32667e-05  -2.54293e-05
8.16814  0  3.14159  1.01565e-05  -2.28922e-05
10.6814  0  3.14159  6.41289e-06  -1.87694e-05
15.708  0  3.14159  3.1683e-06  -1.35057e-05
33.3009  0  3.14159  7.62826e-07  -6.62242e-06
-54.6637  3.14159  0  2.20923e-07  4.06828e-06
-27.0177  3.14159  0  9.76995e-07  8.13656e-06
-13.1947  3.14159  0  4.07079e-06  1.58397e-05
-10.6814  3.14159  0  6.04855e-06  1.89034e-05
-8.16814  3.14159  0  9.71417e-06  2.31005e-05
-6.9115  3.14159  0  1.27922e-05  2.57049e-05
-5.65487  3.14159  0  1.73429e-05  2.85458e-05
-4.39823  3.14159  0  2.4249e-05  3.11669e-05
-3.14159  3.14159  0  3.47184e-05  3.20851e-05
-1.88496  3.14159  0  4.89936e-05  2.74833e-05
-0.628319  3.14159  0  6.18302e-05  1.20371e-05
0.628319  3.14159  0  6.20719e-05  -1.09197e-05
1.88496  3.14159  0  4.94444e-05  -2.65557e-05
3.14159  3.14159  0  3.52535e-05  -3.13942e-05
4.39823  3.14159  0  2.47962e-05  -3.06783e-05
5.65487  3.14159  0  1.78551e-05  -2.81802e-05
6.9115  3.14159  0  1.32667e-05  -2.54293e-05
8.16814  3.14159  0  1.01565e-05  -2.28922e-05
10.6814  3.14159  0  6.41289e-06  -1.87694e-05
15.708  3.14159  0  3.1683e-06  -1.35057e-05
33.3009  3.14159  0  7.62826e-07  -6.62242e-06
-54.6637  3.14159  3.14159  7.0391e-08  4.07825e-06
-27.0177  3.14159  3.14159  3.80926e-07  8.24191e-06
-13.1947  3.14159  3.14159  1.78961e-06  1.66475e-05
-10.6814  3.14159  3.14159  2.69447e-06  2.03679e-05
-8.16814  3.14159  3.14159  4.58926e-06  2.61263e-05
-6.9115  3.14159  3.14159  6.14327e-06  3.02979e-05
-5.65487  3.14159  3.14159  8.77913e-06  3.60889e-05
-4.39823  3.14159  3.14159  1.33065e-05  4.45011e-05
-3.14159  3.14159  3.14159  2.2452e-05  5.75097e-05
-1.88496  3.14159  3.14159  4.76519e-05  7.94256e-05
-0.628319  3.14159  3.14159  0.000140328  8.33756e-05
0.628319  3.14159  3.14159  0.000139967  -8.18796e-05
1.88496  3.14159  3.14159  4.87521e-05  -7.91539e-05
3.14159  3.14159  3.14159  2.35312e-05  -5.74368e-05
4.39823  3.14159  3.14159  1.40571e-05  -4.40269e-05
5.65487  3.14159  3.14159  9.48363e-06  -3.58955e-05
6.9115  3.14159  3.14159  6.75556e-06  -3.01195e-05
8.16814  3.14159  3.14159  5.01726e-06  -2.58803e-05
10.6814  3.14159  3.14159  3.12135e-06  -2.02771e-05
15.708  3.14159  3.14159  1.52521e-06  -1.39965e-05
33.3009  3.14159  3.14159  3.66812e-07  -6.67267e-06
