-54.6637  0  0  1.46448e-06  -3.22954e-07
-27.0177  0  0  5.3856e-06  -2.46881e-06
-13.1947  0  0  1.45844e-05  -1.61597e-05
-10.6814  0  0  1.64732e-05  -2.57878e-05
-8.16814  0  0  1.45505e-05  -4.26155e-05
-6.9115  0  0  9.32858e-06  -5.46509e-05
-5.65487  0  0  -2.09952e-06  -6.87451e-05
-4.39823  0  0  -2.32323e-05  -8.20956e-05
-3.14159  0  0  -5.66807e-05  -8.71072e-05
-1.88496  0  0  -9.78793e-05  -7.1827e-05
-0.628319  0  0  -0.000128772  -3.48719e-05
0.628319  0  0  -0.000122354  2.62804e-05
1.88496  0  0  -9.7708e-05  7.18359e-05
3.14159  0  0  -5.58043e-05  8.73484e-05
4.39823  0  0  -2.25639e-05  8.21821e-05
5.65487  0  0  -1.69404e-06  6.87694e-05
6.9115  0  0  9.6387e-06  5.46366e-05
8.16814  0  0  1.47826e-05  4.24806e-05
10.6814  0  0  1.65843e-05  2.56723e-05
15.708  0  0  1.2203e-05  1.05053e-05
33.3009  0  0  3.73023e-06  1.35002e-06
-54.6637  0  3.14159  1.47734e-06  -2.7029e-07
-27.0177  0  3.14159  5.58437e-06  -2.07302e-06
-13.1947  0  3.14159  1.7312e-05  -1.40769e-05
-10.6814  0  3.14159  2.18843e-05  -2.31745e-05
-8.16814  0  3.14159  2.61358e-05  -4.09449e-05
-6.9115  0  3.14159  2.63432e-05  -5.60156e-05
-5.65487  0  3.14159  2.20092e-05  -7.78816e-05
-4.39823  0  3.14159  6.33444e-06  -0.000108567
-3.14159  0  3.14159  -3.58284e-05  -0.000145002
-1.88496  0  3.14159  -0.000124505  -0.000159212
-0.628319  0  3.14159  -0.000230994  -8.05341e-05
0.628319  0  3.14159  -0.000230579  8.12709e-05
1.88496  0  3.14159  -0.00012385  0.000159778
3.14159  0  3.14159  -3.51835e-05  0.000145108
4.39823  0  3.14159  6.81274e-06  0.000108596
5.65487  0  3.14159  2.23746e-05  7.77654e-05
6.9115  0  3.14159  2.66076e-05  5.58852e-05
8.16814  0  3.14159  2.63169e-05  4.08034e-05
10.6814  0  3.14159  2.19627e-05  2.30547e-05
15.708  0  3.14159  1.3677e-05  9.01785e-06
33.3009  0  3.14159  3.81563e-06  1.13109e-06
-54.6637  3.14159  0  1.47734e-06  -2.7029e-07
-27.0177  3.14159  0  5.58437e-06  -2.07302e-06
-13.1947  3.14159  0  1.7312e-05  -1.40769e-05
-10.6814  3.14159  0  2.18843e-05  -2.31745e-05
-8.16814  3.14159  0  2.61358e-05  -4.09449e-05
-6.9115  3.14159  0  2.63432e-05  -5.60156e-05
-5.65487  3.14159  0  2.20092e-05  -7.78816e-05
-4.39823  3.14159  0  6.33444e-06  -0.000108567
-3.14159  3.14159  0  -3.58284e-05  -0.000145002
-1.88496  3.14159  0  -0.000124505  -0.000159212
-0.628319  3.14159  0  -0.000230994  -8.05341e-05
0.628319  3.14159  0  -0.000230579  8.12709e-05
1.88496  3.14159  0  -0.00012385  0.000159778
3.14159  3.14159  0  -3.51835e-05  0.000145108
4.39823  3.14159  0  6.81274e-06  0.000108596
5.65487  3.14159  0  2.23746e-05  7.77654e-05
6.9115  3.14159  0  2.66076e-05  5.58852e-05
8.16814  3.14159  0  2.63169e-05  4.08034e-05
10.6814  3.14159  0  2.19627e-05  2.30547e-05
15.708  3.14159  0  1.3677e-05  9.01785e-06
33.3009  3.14159  0  3.81563e-06  1.13109e-06
-54.6637  3.14159  3.14159  1.48558e-06  -2.16131e-07
-27.0177  3.14159  3.14159  5.71144e-06  -1.64048e-06
-13.1947  3.14159  3.14159  1.93781e-05  -1.10915e-05
-10.6814  3.14159  3.14159  2.62877e-05  -1.83638e-05
-8.16814  3.14159  3.14159  3.69206e-05  -3.31604e-05
-6.9115  3.14159  3.14159  4.42226e-05  -4.65056e-05
-5.65487  3.14159  3.14159  5.32913e-05  -6.77957e-05
-4.39823  3.14159  3.14159  6.44348e-05  -0.000104477
-3.14159  3.14159  3.14159  7.55156e-05  -0.00017792
-1.88496  3.14159  3.14159  5.10152e-05  -0.000368928
-0.628319  3.14159  3.14159  -0.000607107  -0.000753045
0.628319  3.14159  3.14159  -0.000604057  0.000752551
1.88496  3.14159  3.14159  5.18807e-05  0.00036858
3.14159  3.14159  3.14159  7.61944e-05  0.000177694
4.39823  3.14159  3.14159  6.48258e-05  0.000104357
5.65487  3.14159  3.14159  5.36473e-05  6.76542e-05
6.9115  3.14159  3.14159  4.44824e-05  4.63574e-05
8.16814  3.14159  3.14159  3.7067e-05  3.30024e-05
10.6814  3.14159  3.14159  2.6347e-05  1.82558e-05
15.708  3.14159  3.14159  1.47598e-05  7.09476e-06
33.3009  3.14159  3.14159  3.87354e-06  8.96704e-07
