-54.6637  0  0  0.00194265  -0.000463855
-27.0177  0  0  0.00757805  -0.00357538
-13.1947  0  0  0.0275579  -0.0240751
-10.6814  0  0  0.0391694  -0.0397202
-8.16814  0  0  0.0591749  -0.070862
-6.9115  0  0  0.0740637  -0.0978578
-5.65487  0  0  0.0917976  -0.137831
-4.39823  0  0  0.105866  -0.194905
-3.14159  0  0  0.0928605  -0.261842
-1.88496  0  0  0.0106243  -0.282724
-0.628319  0  0  -0.115076  -0.138598
0.628319  0  0  -0.114927  0.138478
1.88496  0  0  0.0105951  0.282755
3.14159  0  0  0.0928806  0.26185
4.39823  0  0  0.10587  0.194912
5.65487  0  0  0.0917986  0.137832
6.9115  0  0  0.074064  0.0978571
8.16814  0  0  0.0591757  0.070861
10.6814  0  0  0.0391688  0.0397183
15.708  0  0  0.0203815  0.0155357
33.3009  0  0  0.00509261  0.00197055
-54.6637  0  3.14159  0.00193007  -0.000483065
-27.0177  0  3.14159  0.0073543  -0.00376425
-13.1947  0  3.14159  0.0234993  -0.025936
-10.6814  0  3.14159  0.030335  -0.042903
-8.16814  0  3.14159  0.0383455  -0.0758825
-6.9115  0  3.14159  0.0421273  -0.103344
-5.65487  0  3.14159  0.0457486  -0.142312
-4.39823  0  3.14159  0.0528746  -0.1963
-3.14159  0  3.14159  0.0816038  -0.263898
-1.88496  0  3.14159  0.182131  -0.307564
-0.628319  0  3.14159  0.355869  -0.17145
0.628319  0  3.14159  0.35567  0.171602
1.88496  0  3.14159  0.182159  0.307534
3.14159  0  3.14159  0.0815849  0.263883
4.39823  0  3.14159  0.0528641  0.19629
5.65487  0  3.14159  0.0457477  0.142311
6.9115  0  3.14159  0.0421265  0.103343
8.16814  0  3.14159  0.0383445  0.0758809
10.6814  0  3.14159  0.0303357  0.0429038
15.708  0  3.14159  0.0183311  0.0166478
33.3009  0  3.14159  0.00499789  0.00206507
-54.6637  3.14159  0  0.00193007  -0.000483065
-27.0177  3.14159  0  0.0073543  -0.00376425
-13.1947  3.14159  0  0.0234993  -0.025936
-10.6814  3.14159  0  0.030335  -0.042903
-8.16814  3.14159  0  0.0383455  -0.0758825
-6.9115  3.14159  0  0.0421273  -0.103344
-5.65487  3.14159  0  0.0457486  -0.142312
-4.39823  3.14159  0  0.0528746  -0.1963
-3.14159  3.14159  0  0.0816038  -0.263898
-1.88496  3.14159  0  0.182131  -0.307564
-0.628319  3.14159  0  0.355869  -0.17145
0.628319  3.14159  0  0.35567  0.171602
1.88496  3.14159  0  0.182159  0.307534
3.14159  3.14159  0  0.0815849  0.263883
4.39823  3.14159  0  0.0528641  0.19629
5.65487  3.14159  0  0.0457477  0.142311
6.9115  3.14159  0  0.0421265  0.103343
8.16814  3.14159  0  0.0383445  0.0758809
10.6814  3.14159  0  0.0303357  0.0429038
15.708  3.14159  0  0.0183311  0.0166478
33.3009  3.14159  0  0.00499789  0.00206507
-54.6637  3.14159  3.14159  0.001924  -0.000501507
-27.0177  3.14159  3.14159  0.00724391  -0.00392845
-13.1947  3.14159  3.14159  0.0216732  -0.027346
-10.6814  3.14159  3.14159  0.026479  -0.0455753
-8.16814  3.14159  3.14159  0.0285772  -0.0822261
-6.9115  3.14159  3.14159  0.0244575  -0.114255
-5.65487  3.14159  3.14159  0.00938506  -0.162006
-4.39823  3.14159  3.14159  -0.0327368  -0.230653
-3.14159  3.14159  3.14159  -0.13641  -0.311715
-1.88496  3.14159  3.14159  -0.340643  -0.339305
-0.628319  3.14159  3.14159  -0.559572  -0.177399
0.628319  3.14159  3.14159  -0.559339  0.177204
1.88496  3.14159  3.14159  -0.340679  0.339345
3.14159  3.14159  3.14159  -0.136381  0.311728
4.39823  3.14159  3.14159  -0.0327301  0.230666
5.65487  3.14159  3.14159  0.00938658  0.162008
6.9115  3.14159  3.14159  0.0244576  0.114256
8.16814  3.14159  3.14159  0.0285788  0.082225
10.6814  3.14159  3.14159  0.026478  0.0455727
15.708  3.14159  3.14159  0.0173739  0.0174909
33.3009  3.14159  3.14159  0.00495126  0.00215097
