-54.6637  0  0  13.6976  -0.138346
-27.0177  0  0  -38.877  2.13119
-13.1947  0  0  -53.3897  -68.5979
-10.6814  0  0  -18.2295  31.5335
-8.16814  0  0  71.4089  -2.77443
-6.9115  0  0  148.485  -167.85
-5.65487  0  0  264.358  374.405
-4.39823  0  0  -1023.35  -282.575
-3.14159  0  0  113.992  -689.424
-1.88496  0  0  -76.6275  1517.85
-0.628319  0  0  1490.62  -3594.79
0.628319  0  0  -1729.97  -3802.92
1.88496  0  0  -49.8129  1519.76
3.14159  0  0  -44.4668  -662.96
4.39823  0  0  1033.96  -241.791
5.65487  0  0  -257.722  378.111
6.9115  0  0  -170.562  -198.947
8.16814  0  0  -68.4286  -44.423
10.6814  0  0  28.1542  13.8644
15.708  0  0  24.9011  0.135554
33.3009  0  0  -14.4906  -10.9543
-54.6637  0  3.14159  -239.608  -131.671
-27.0177  0  3.14159  322.082  440.065
-13.1947  0  3.14159  506.836  -4040
-10.6814  0  3.14159  2844.59  1570.27
-8.16814  0  3.14159  -583.121  3394.94
-6.9115  0  3.14159  1655.2  -7573.86
-5.65487  0  3.14159  10763.6  16681.5
-4.39823  0  3.14159  -37196.2  -14766.7
-3.14159  0  3.14159  19559.4  -27333.2
-1.88496  0  3.14159  -10567  62564.3
-0.628319  0  3.14159  82010.9  -151806
0.628319  0  3.14159  -59707.5  -175837
1.88496  0  3.14159  -6838.14  55141.9
3.14159  0  3.14159  -11993.9  -26772.9
4.39823  0  3.14159  38428.9  -8549.87
5.65487  0  3.14159  -13998  15420.3
6.9115  0  3.14159  -1300.76  -9138.09
8.16814  0  3.14159  -701.303  1959.66
10.6814  0  3.14159  -2866.79  907.067
15.708  0  3.14159  -332.619  676.666
33.3009  0  3.14159  -765.261  -818.778
-54.6637  3.14159  0  -239.608  -131.671
-27.0177  3.14159  0  322.082  440.065
-13.1947  3.14159  0  506.836  -4040
-10.6814  3.14159  0  2844.59  1570.27
-8.16814  3.14159  0  -583.121  3394.94
-6.9115  3.14159  0  1655.2  -7573.86
-5.65487  3.14159  0  10763.6  16681.5
-4.39823  3.14159  0  -37196.2  -14766.7
-3.14159  3.14159  0  19559.4  -27333.2
-1.88496  3.14159  0  -10567  62564.3
-0.628319  3.14159  0  82010.9  -151806
0.628319  3.14159  0  -59707.5  -175837
1.88496  3.14159  0  -6838.14  55141.9
3.14159  3.14159  0  -11993.9  -26772.9
4.39823  3.14159  0  38428.9  -8549.87
5.65487  3.14159  0  -13998  15420.3
6.9115  3.14159  0  -1300.76  -9138.09
8.16814  3.14159  0  -701.303  1959.66
10.6814  3.14159  0  -2866.79  907.067
15.708  3.14159  0  -332.619  676.666
33.3009  3.14159  0  -765.261  -818.778
-54.6637  3.14159  3.14159  13.6927  -0.148545
-27.0177  3.14159  3.14159  -38.8728  2.14292
-13.1947  3.14159  3.14159  -53.3642  -68.6176
-10.6814  3.14159  3.14159  -18.2403  31.5388
-8.16814  3.14159  3.14159  71.3528  -2.81831
-6.9115  3.14159  3.14159  148.443  -167.914
-5.65487  3.14159  3.14159  264.191  374.399
-4.39823  3.14159  3.14159  -1023.4  -282.891
-3.14159  3.14159  3.14159  113.934  -689.536
-1.88496  3.14159  3.14159  -77.1854  1517.66
-0.628319  3.14159  3.14159  1490.87  -3594.72
0.628319  3.14159  3.14159  -1729.83  -3803.16
1.88496  3.14159  3.14159  -50.518  1520.07
3.14159  3.14159  3.14159  -44.5749  -662.856
4.39823  3.14159  3.14159  1033.91  -241.466
5.65487  3.14159  3.14159  -257.837  378.148
6.9115  3.14159  3.14159  -170.518  -198.87
8.16814  3.14159  3.14159  -68.4662  -44.3739
10.6814  3.14159  3.14159  28.1167  13.858
15.708  3.14159  3.14159  24.8655  0.133631
33.3009  3.14159  3.14159  -14.4948  -10.9526
