-54.6637  0  0  4.41329e-06  0.000180085
-27.0177  0  0  -0.000690356  0.00266651
-13.1947  0  0  -0.0393728  -0.0309315
-10.6814  0  0  0.0335195  0.0146121
-8.16814  0  0  -0.0504585  0.0238906
-6.9115  0  0  -0.0119955  -0.0274122
-5.65487  0  0  0.0985391  0.039761
-4.39823  0  0  -0.1648  -0.111635
-3.14159  0  0  -0.0162025  -0.64965
-1.88496  0  0  0.0126035  0.640007
-0.628319  0  0  2.79394  -2.30336
0.628319  0  0  1.85364  3.307
1.88496  0  0  0.241886  -0.442347
3.14159  0  0  -0.412949  0.46925
4.39823  0  0  -0.18567  -0.0386502
5.65487  0  0  0.154239  0.0297815
6.9115  0  0  -0.0149881  -0.0663813
8.16814  0  0  -0.0232849  -0.0255965
10.6814  0  0  0.0314871  0.0191438
15.708  0  0  0.00893651  0.00312219
33.3009  0  0  0.00173487  -2.45538e-05
-54.6637  0  3.14159  -0.000540724  -4.42336e-05
-27.0177  0  3.14159  0.00062863  -0.000117135
-13.1947  0  3.14159  0.00350281  0.00395129
-10.6814  0  3.14159  -4.75152e-05  0.00278194
-8.16814  0  3.14159  -0.00295986  -0.01116
-6.9115  0  3.14159  -0.0187844  0.00554103
-5.65487  0  3.14159  -0.00539706  -0.00360054
-4.39823  0  3.14159  -0.0458175  -0.122901
-3.14159  0  3.14159  -0.0733274  -0.165536
-1.88496  0  3.14159  -0.164586  0.0356649
-0.628319  0  3.14159  2.16806  -0.199302
0.628319  0  3.14159  0.132022  2.28709
1.88496  0  3.14159  -0.070249  -0.251568
3.14159  0  3.14159  -0.120434  0.042925
4.39823  0  3.14159  -0.079446  0.0359454
5.65487  0  3.14159  -0.00496393  -5.57796e-05
6.9115  0  3.14159  -0.0259366  -0.0013792
8.16814  0  3.14159  -0.0109958  -0.00248085
10.6814  0  3.14159  0.0119014  -0.00612919
15.708  0  3.14159  0.0132845  0.00037736
33.3009  0  3.14159  -0.000957692  -0.000130299
-54.6637  3.14159  0  -0.000540724  -4.42336e-05
-27.0177  3.14159  0  0.00062863  -0.000117135
-13.1947  3.14159  0  0.00350281  0.00395129
-10.6814  3.14159  0  -4.75152e-05  0.00278194
-8.16814  3.14159  0  -0.00295986  -0.01116
-6.9115  3.14159  0  -0.0187844  0.00554103
-5.65487  3.14159  0  -0.00539706  -0.00360054
-4.39823  3.14159  0  -0.0458175  -0.122901
-3.14159  3.14159  0  -0.0733274  -0.165536
-1.88496  3.14159  0  -0.164586  0.0356649
-0.628319  3.14159  0  2.16806  -0.199302
0.628319  3.14159  0  0.132022  2.28709
1.88496  3.14159  0  -0.070249  -0.251568
3.14159  3.14159  0  -0.120434  0.042925
4.39823  3.14159  0  -0.079446  0.0359454
5.65487  3.14159  0  -0.00496393  -5.57796e-05
6.9115  3.14159  0  -0.0259366  -0.0013792
8.16814  3.14159  0  -0.0109958  -0.00248085
10.6814  3.14159  0  0.0119014  -0.00612919
15.708  3.14159  0  0.0132845  0.00037736
33.3009  3.14159  0  -0.000957692  -0.000130299
-54.6637  3.14159  3.14159  -0.000159953  -0.000467403
-27.0177  3.14159  3.14159  -0.00171451  -0.00121194
-13.1947  3.14159  3.14159  -0.00308203  -0.0155611
-10.6814  3.14159  3.14159  -0.0177015  -0.0115578
-8.16814  3.14159  3.14159  0.00786432  -0.0115099
-6.9115  3.14159  3.14159  0.0197955  -0.0220439
-5.65487  3.14159  3.14159  0.0354069  0.00782355
-4.39823  3.14159  3.14159  0.137245  -0.0479397
-3.14159  3.14159  3.14159  0.235357  0.0164141
-1.88496  3.14159  3.14159  -0.12472  0.0742855
-0.628319  3.14159  3.14159  -0.527451  1.86359
0.628319  3.14159  3.14159  -0.849295  -0.462861
1.88496  3.14159  3.14159  0.559152  0.0320702
3.14159  3.14159  3.14159  -0.026913  -0.0783814
4.39823  3.14159  3.14159  -0.0292482  -0.0451361
5.65487  3.14159  3.14159  0.00441552  -0.00189206
6.9115  3.14159  3.14159  0.0142812  -0.0163249
8.16814  3.14159  3.14159  -0.0155425  -0.0184018
10.6814  3.14159  3.14159  -0.00782391  -0.00100182
15.708  3.14159  3.14159  -0.00233801  0.022456
33.3009  3.14159  3.14159  0.00326205  -0.00058087
