-54.6637  0  0  1.59324e-05  0.000161843
-27.0177  0  0  6.54121e-05  0.000331515
-13.1947  0  0  0.0002408  0.000605385
-10.6814  0  0  0.000344025  0.00068342
-8.16814  0  0  0.000512288  0.000798663
-6.9115  0  0  0.0006243  0.000826458
-5.65487  0  0  0.000815745  0.000854268
-4.39823  0  0  0.00101457  0.000815607
-3.14159  0  0  0.00129974  0.00074724
-1.88496  0  0  0.00144998  0.00052561
-0.628319  0  0  0.00165955  0.000236373
0.628319  0  0  0.00162259  -0.000231988
1.88496  0  0  0.00145242  -0.000509164
3.14159  0  0  0.00128997  -0.000752667
4.39823  0  0  0.00100996  -0.000818803
5.65487  0  0  0.000820207  -0.000856624
6.9115  0  0  0.000626616  -0.000823594
8.16814  0  0  0.000515015  -0.000797278
10.6814  0  0  0.000345777  -0.00068399
15.708  0  0  0.000183328  -0.000541322
33.3009  0  0  4.36688e-05  -0.000273326
-54.6637  0  3.14159  9.42342e-06  0.000166952
-27.0177  0  3.14159  3.77328e-05  0.000334503
-13.1947  0  3.14159  0.000150042  0.000657897
-10.6814  0  3.14159  0.000226616  0.000796162
-8.16814  0  3.14159  0.000369826  0.000982003
-6.9115  0  3.14159  0.000486979  0.00110913
-5.65487  0  3.14159  0.000679585  0.00127421
-4.39823  0  3.14159  0.000968675  0.0013979
-3.14159  0  3.14159  0.00147568  0.00149404
-1.88496  0  3.14159  0.00221453  0.00132569
-0.628319  0  3.14159  0.00289493  0.000580665
0.628319  0  3.14159  0.00290825  -0.000583462
1.88496  0  3.14159  0.00221431  -0.00133311
3.14159  0  3.14159  0.00147879  -0.00149411
4.39823  0  3.14159  0.000970286  -0.00139685
5.65487  0  3.14159  0.000676652  -0.00127377
6.9115  0  3.14159  0.000485755  -0.00110986
8.16814  0  3.14159  0.000368368  -0.000982534
10.6814  0  3.14159  0.00022563  -0.000795936
15.708  0  3.14159  0.000110461  -0.000565472
33.3009  0  3.14159  2.5267e-05  -0.000270087
-54.6637  3.14159  0  9.42342e-06  0.000166952
-27.0177  3.14159  0  3.77328e-05  0.000334503
-13.1947  3.14159  0  0.000150042  0.000657897
-10.6814  3.14159  0  0.000226616  0.000796162
-8.16814  3.14159  0  0.000369826  0.000982003
-6.9115  3.14159  0  0.000486979  0.00110913
-5.65487  3.14159  0  0.000679585  0.00127421
-4.39823  3.14159  0  0.000968675  0.0013979
-3.14159  3.14159  0  0.00147568  0.00149404
-1.88496  3.14159  0  0.00221453  0.00132569
-0.628319  3.14159  0  0.00289493  0.000580665
0.628319  3.14159  0  0.00290825  -0.000583462
1.88496  3.14159  0  0.00221431  -0.00133311
3.14159  3.14159  0  0.00147879  -0.00149411
4.39823  3.14159  0  0.000970286  -0.00139685
5.65487  3.14159  0  0.000676652  -0.00127377
6.9115  3.14159  0  0.000485755  -0.00110986
8.16814  3.14159  0  0.000368368  -0.000982534
10.6814  3.14159  0  0.00022563  -0.000795936
15.708  3.14159  0  0.000110461  -0.000565472
33.3009  3.14159  0  2.5267e-05  -0.000270087
-54.6637  3.14159  3.14159  1.98936e-06  0.000168111
-27.0177  3.14159  3.14159  8.11206e-06  0.000336131
-13.1947  3.14159  3.14159  3.41988e-05  0.000694242
-10.6814  3.14159  3.14159  5.16439e-05  0.000851008
-8.16814  3.14159  3.14159  8.79555e-05  0.00109016
-6.9115  3.14159  3.14159  0.00012133  0.00130713
-5.65487  3.14159  3.14159  0.000180377  0.0015972
-4.39823  3.14159  3.14159  0.000290832  0.00202646
-3.14159  3.14159  3.14159  0.000551937  0.00281165
-1.88496  3.14159  3.14159  0.0013933  0.00432309
-0.628319  3.14159  3.14159  0.00720001  0.00774826
0.628319  3.14159  3.14159  0.0071944  -0.00775257
1.88496  3.14159  3.14159  0.00139411  -0.00432368
3.14159  3.14159  3.14159  0.000550032  -0.00281201
4.39823  3.14159  3.14159  0.000290506  -0.0020266
5.65487  3.14159  3.14159  0.000180127  -0.00159732
6.9115  3.14159  3.14159  0.000121391  -0.00130714
8.16814  3.14159  3.14159  8.89901e-05  -0.0010902
10.6814  3.14159  3.14159  5.16951e-05  -0.000851053
15.708  3.14159  3.14159  2.4107e-05  -0.000581196
33.3009  3.14159  3.14159  5.19303e-06  -0.00027726
