-54.6637  0  0  0.0138904  -0.00922376
-27.0177  0  0  -0.0286025  0.0108864
-13.1947  0  0  -0.0308165  -0.00654634
-10.6814  0  0  -0.0109022  0.000392159
-8.16814  0  0  -0.0737401  0.000553405
-6.9115  0  0  -0.0680362  -0.0378934
-5.65487  0  0  -0.0347035  0.0375035
-4.39823  0  0  -0.00713066  0.00899318
-3.14159  0  0  -0.0130033  0.147717
-1.88496  0  0  -0.125026  -0.132151
-0.628319  0  0  -0.23595  0.0978955
0.628319  0  0  0.100764  -0.279185
1.88496  0  0  -0.0831686  -0.141347
3.14159  0  0  0.114202  0.0366771
4.39823  0  0  0.0170079  -0.030555
5.65487  0  0  0.0726212  0.0239435
6.9115  0  0  0.0130581  -0.0568239
8.16814  0  0  0.0520094  -0.030467
10.6814  0  0  0.0149819  0.000858007
15.708  0  0  0.0620098  -0.0162851
33.3009  0  0  0.0232013  -0.0131463
-54.6637  0  3.14159  0.00584243  -0.00377848
-27.0177  0  3.14159  -0.00704941  0.00349812
-13.1947  0  3.14159  -0.0137651  -0.0130496
-10.6814  0  3.14159  0.00857947  0.00916081
-8.16814  0  3.14159  0.0288041  0.0132988
-6.9115  0  3.14159  0.0204332  0.000493998
-5.65487  0  3.14159  0.0184164  0.0367356
-4.39823  0  3.14159  -0.0451614  -0.000393918
-3.14159  0  3.14159  -0.0703168  0.0281828
-1.88496  0  3.14159  0.0336814  -0.0438244
-0.628319  0  3.14159  -0.281809  -0.0929219
0.628319  0  3.14159  0.26605  -0.0123692
1.88496  0  3.14159  -0.0336568  -0.106555
3.14159  0  3.14159  0.0569509  0.0594418
4.39823  0  3.14159  0.014959  0.0373858
5.65487  0  3.14159  -0.0167293  -0.00716259
6.9115  0  3.14159  -0.0157211  -0.0386144
8.16814  0  3.14159  -0.0301961  -0.0303956
10.6814  0  3.14159  -0.011553  -0.00297612
15.708  0  3.14159  0.00976035  0.00128247
33.3009  0  3.14159  0.0152705  0.00377409
-54.6637  3.14159  0  0.00584243  -0.00377848
-27.0177  3.14159  0  -0.00704941  0.00349812
-13.1947  3.14159  0  -0.0137651  -0.0130496
-10.6814  3.14159  0  0.00857947  0.00916081
-8.16814  3.14159  0  0.0288041  0.0132988
-6.9115  3.14159  0  0.0204332  0.000493998
-5.65487  3.14159  0  0.0184164  0.0367356
-4.39823  3.14159  0  -0.0451614  -0.000393918
-3.14159  3.14159  0  -0.0703168  0.0281828
-1.88496  3.14159  0  0.0336814  -0.0438244
-0.628319  3.14159  0  -0.281809  -0.0929219
0.628319  3.14159  0  0.26605  -0.0123692
1.88496  3.14159  0  -0.0336568  -0.106555
3.14159  3.14159  0  0.0569509  0.0594418
4.39823  3.14159  0  0.014959  0.0373858
5.65487  3.14159  0  -0.0167293  -0.00716259
6.9115  3.14159  0  -0.0157211  -0.0386144
8.16814  3.14159  0  -0.0301961  -0.0303956
10.6814  3.14159  0  -0.011553  -0.00297612
15.708  3.14159  0  0.00976035  0.00128247
33.3009  3.14159  0  0.0152705  0.00377409
-54.6637  3.14159  3.14159  -0.0030781  0.00107456
-27.0177  3.14159  3.14159  0.00100144  0.000201936
-13.1947  3.14159  3.14159  0.00234177  0.000848223
-10.6814  3.14159  3.14159  -0.00264536  -0.000272951
-8.16814  3.14159  3.14159  0.00785931  -0.00258403
-6.9115  3.14159  3.14159  0.00241909  -0.0021495
-5.65487  3.14159  3.14159  -0.0113223  0.00402713
-4.39823  3.14159  3.14159  0.00720337  -0.00683723
-3.14159  3.14159  3.14159  -0.00556363  0.0154265
-1.88496  3.14159  3.14159  0.0379864  0.0128397
-0.628319  3.14159  3.14159  0.000832303  0.054176
0.628319  3.14159  3.14159  0.015321  0.00646989
1.88496  3.14159  3.14159  -0.025496  0.0459572
3.14159  3.14159  3.14159  0.0161559  -0.00380204
4.39823  3.14159  3.14159  -0.00887442  -0.0031473
5.65487  3.14159  3.14159  0.0136144  -0.00315643
6.9115  3.14159  3.14159  -0.00484328  0.00353995
8.16814  3.14159  3.14159  -0.0072736  0.00679586
10.6814  3.14159  3.14159  0.00249479  -0.000936216
15.708  3.14159  3.14159  -0.00277266  -0.000444634
33.3009  3.14159  3.14159  -0.00157961  -0.000748531
