-54.6637  0  0  595958  -39020.8
-27.0177  0  0  -1.63641e+06  1.35213e+06
-13.1947  0  0  2.5096e+06  -4.46205e+06
-10.6814  0  0  -5.03106e+06  1.93613e+06
-8.16814  0  0  -993493  4.8603e+06
-6.9115  0  0  -4.76153e+06  89356.2
-5.65487  0  0  -1.19904e+07  1.49399e+07
-4.39823  0  0  -2.59664e+06  -7.69913e+06
-3.14159  0  0  2.76648e+07  1.75309e+07
-1.88496  0  0  3.80069e+07  1.74631e+07
-0.628319  0  0  5.10265e+07  7.61552e+06
0.628319  0  0  1.04895e+07  3.84986e+07
1.88496  0  0  1.97809e+07  4.5493e+07
3.14159  0  0  1.29379e+07  2.13893e+07
4.39823  0  0  -1.16152e+07  -1.09902e+07
5.65487  0  0  2.07601e+07  -1.27991e+07
6.9115  0  0  1.9198e+06  -5.75074e+06
8.16814  0  0  5.0744e+06  2.34652e+06
10.6814  0  0  3.49559e+06  -5.07047e+06
15.708  0  0  5.6907e+06  -2.71293e+06
33.3009  0  0  -1.59853e+06  1.04938e+06
-54.6637  0  3.14159  67710.8  710455
-27.0177  0  3.14159  -173886  -929070
-13.1947  0  3.14159  1.0694e+06  2.09752e+06
-10.6814  0  3.14159  669903  -1.96154e+06
-8.16814  0  3.14159  -2.15173e+06  -1.82033e+06
-6.9115  0  3.14159  1.8851e+06  -1.20025e+06
-5.65487  0  3.14159  -678079  -6.5661e+06
-4.39823  0  3.14159  4.37981e+06  3.46384e+06
-3.14159  0  3.14159  -8.88461e+06  7.39666e+06
-1.88496  0  3.14159  -1.19188e+07  3.49958e+06
-0.628319  0  3.14159  -4.77795e+06  1.15889e+07
0.628319  0  3.14159  -6.31902e+06  -4.96631e+06
1.88496  0  3.14159  -1.48796e+07  2.15764e+06
3.14159  0  3.14159  -8.69856e+06  -2.45746e+06
4.39823  0  3.14159  5.16083e+06  -4.80046e+06
5.65487  0  3.14159  1.8408e+06  7.94757e+06
6.9115  0  3.14159  2.28921e+06  864777
8.16814  0  3.14159  -2.02193e+06  2.08259e+06
10.6814  0  3.14159  1.24146e+06  1.87239e+06
15.708  0  3.14159  -25031.4  2.8181e+06
33.3009  0  3.14159  -5128.7  -514075
-54.6637  3.14159  0  67710.8  710455
-27.0177  3.14159  0  -173886  -929070
-13.1947  3.14159  0  1.0694e+06  2.09752e+06
-10.6814  3.14159  0  669903  -1.96154e+06
-8.16814  3.14159  0  -2.15173e+06  -1.82033e+06
-6.9115  3.14159  0  1.8851e+06  -1.20025e+06
-5.65487  3.14159  0  -678079  -6.5661e+06
-4.39823  3.14159  0  4.37981e+06  3.46384e+06
-3.14159  3.14159  0  -8.88461e+06  7.39666e+06
-1.88496  3.14159  0  -1.19188e+07  3.49958e+06
-0.628319  3.14159  0  -4.77795e+06  1.15889e+07
0.628319  3.14159  0  -6.31902e+06  -4.96631e+06
1.88496  3.14159  0  -1.48796e+07  2.15764e+06
3.14159  3.14159  0  -8.69856e+06  -2.45746e+06
4.39823  3.14159  0  5.16083e+06  -4.80046e+06
5.65487  3.14159  0  1.8408e+06  7.94757e+06
6.9115  3.14159  0  2.28921e+06  864777
8.16814  3.14159  0  -2.02193e+06  2.08259e+06
10.6814  3.14159  0  1.24146e+06  1.87239e+06
15.708  3.14159  0  -25031.4  2.8181e+06
33.3009  3.14159  0  -5128.7  -514075
-54.6637  3.14159  3.14159  -278137  -273390
-27.0177  3.14159  3.14159  1.04807e+06  -718079
-13.1947  3.14159  3.14159  -1.50304e+06  2.73422e+06
-10.6814  3.14159  3.14159  2.95804e+06  -910812
-8.16814  3.14159  3.14159  906076  -2.16665e+06
-6.9115  3.14159  3.14159  2.52874e+06  65484
-5.65487  3.14159  3.14159  6.27039e+06  -9.66794e+06
-4.39823  3.14159  3.14159  2.06283e+06  2.83194e+06
-3.14159  3.14159  3.14159  -1.85618e+07  -1.39622e+07
-1.88496  3.14159  3.14159  -2.68279e+07  -8.43931e+06
-0.628319  3.14159  3.14159  -3.75902e+07  -8.14171e+06
0.628319  3.14159  3.14159  -1.20647e+07  -2.58621e+07
1.88496  3.14159  3.14159  -1.27127e+07  -3.30155e+07
3.14159  3.14159  3.14159  -1.06952e+07  -1.26399e+07
4.39823  3.14159  3.14159  5.77563e+06  8.94873e+06
5.65487  3.14159  3.14159  -1.49046e+07  6.98061e+06
6.9115  3.14159  3.14159  -1.81977e+06  3.24754e+06
8.16814  3.14159  3.14159  -2.51639e+06  -2.11686e+06
10.6814  3.14159  3.14159  -2.52915e+06  2.72648e+06
15.708  3.14159  3.14159  -3.63995e+06  1.3222e+06
33.3009  3.14159  3.14159  1.00665e+06  -760717
