-54.6637  0  0  -2.72005  -0.930507
-27.0177  0  0  3.06957  -3.12973
-13.1947  0  0  24.7148  41.6996
-10.6814  0  0  -30.9522  -39.3253
-8.16814  0  0  21.8074  -44.3815
-6.9115  0  0  54.557  10.4045
-5.65487  0  0  -36.9082  26.0111
-4.39823  0  0  -210.909  -188.827
-3.14159  0  0  -24.693  -333.713
-1.88496  0  0  -304.324  -6.47389
-0.628319  0  0  1008.07  -746.911
0.628319  0  0  -988.311  702.712
1.88496  0  0  234.176  -259.694
3.14159  0  0  -341.713  -154.947
4.39823  0  0  -100.039  -251.953
5.65487  0  0  52.0405  -47.378
6.9115  0  0  -11.7416  49.8854
8.16814  0  0  -53.0961  8.9425
10.6814  0  0  -32.4586  -39.5207
15.708  0  0  3.12542  17.1839
33.3009  0  0  -1.92775  3.0594
-54.6637  0  3.14159  -1.48384  -1.04469
-27.0177  0  3.14159  1.69274  4.14458
-13.1947  0  3.14159  21.3279  10.5504
-10.6814  0  3.14159  -27.1735  -5.78345
-8.16814  0  3.14159  -13.479  -4.78279
-6.9115  0  3.14159  5.54921  -26.2191
-5.65487  0  3.14159  -10.0876  9.40196
-4.39823  0  3.14159  -151.65  60.0196
-3.14159  0  3.14159  -67.4001  -64.0503
-1.88496  0  3.14159  -57.2105  -21.9648
-0.628319  0  3.14159  -143.543  -487.998
0.628319  0  3.14159  178.523  490.017
1.88496  0  3.14159  -19.8234  -188.43
3.14159  0  3.14159  -123.48  91.3544
4.39823  0  3.14159  -118.235  -8.04733
5.65487  0  3.14159  -19.3382  -45.1555
6.9115  0  3.14159  2.68357  11.3346
8.16814  0  3.14159  -24.4056  14.5956
10.6814  0  3.14159  -22.4045  10.0621
15.708  0  3.14159  1.86518  -13.7594
33.3009  0  3.14159  0.267113  -0.255137
-54.6637  3.14159  0  -1.48384  -1.04469
-27.0177  3.14159  0  1.69274  4.14458
-13.1947  3.14159  0  21.3279  10.5504
-10.6814  3.14159  0  -27.1735  -5.78345
-8.16814  3.14159  0  -13.479  -4.78279
-6.9115  3.14159  0  5.54921  -26.2191
-5.65487  3.14159  0  -10.0876  9.40196
-4.39823  3.14159  0  -151.65  60.0196
-3.14159  3.14159  0  -67.4001  -64.0503
-1.88496  3.14159  0  -57.2105  -21.9648
-0.628319  3.14159  0  -143.543  -487.998
0.628319  3.14159  0  178.523  490.017
1.88496  3.14159  0  -19.8234  -188.43
3.14159  3.14159  0  -123.48  91.3544
4.39823  3.14159  0  -118.235  -8.04733
5.65487  3.14159  0  -19.3382  -45.1555
6.9115  3.14159  0  2.68357  11.3346
8.16814  3.14159  0  -24.4056  14.5956
10.6814  3.14159  0  -22.4045  10.0621
15.708  3.14159  0  1.86518  -13.7594
33.3009  3.14159  0  0.267113  -0.255137
-54.6637  3.14159  3.14159  1.97663  2.76872
-27.0177  3.14159  3.14159  -6.75313  -1.69725
-13.1947  3.14159  3.14159  21.5725  -27.6922
-10.6814  3.14159  3.14159  -21.4815  35.8626
-8.16814  3.14159  3.14159  -46.1237  -9.74288
-6.9115  3.14159  3.14159  -0.949794  -68.6401
-5.65487  3.14159  3.14159  35.1334  -32.7074
-4.39823  3.14159  3.14159  -93.4539  248.125
-3.14159  3.14159  3.14159  -201.039  207.04
-1.88496  3.14159  3.14159  163.654  82.7615
-0.628319  3.14159  3.14159  -1228.66  -437.029
0.628319  3.14159  3.14159  1219.85  504.945
1.88496  3.14159  3.14159  -293.169  -216.954
3.14159  3.14159  3.14159  -43.2589  360.661
4.39823  3.14159  3.14159  -116.078  180.198
5.65487  3.14159  3.14159  -45.9981  -54.9853
6.9115  3.14159  3.14159  42.4628  -41.5289
8.16814  3.14159  3.14159  29.8103  41.2645
10.6814  3.14159  3.14159  -23.647  35.9767
15.708  3.14159  3.14159  22.7994  -1.99063
33.3009  3.14159  3.14159  4.24673  1.94952
