-54.6637  0  0  -0.000521879  0.06155
-27.0177  0  0  -0.00228974  0.123201
-13.1947  0  0  -0.00967843  0.239737
-10.6814  0  0  -0.0139477  0.285965
-8.16814  0  0  -0.0209482  0.349286
-6.9115  0  0  -0.0261203  0.388457
-5.65487  0  0  -0.0329843  0.430767
-4.39823  0  0  -0.0421481  0.468081
-3.14159  0  0  -0.0540692  0.475524
-1.88496  0  0  -0.0677596  0.395866
-0.628319  0  0  -0.0782708  0.163223
0.628319  0  0  -0.0782708  -0.163223
1.88496  0  0  -0.0677596  -0.395866
3.14159  0  0  -0.0540692  -0.475524
4.39823  0  0  -0.0421481  -0.468081
5.65487  0  0  -0.0329843  -0.430767
6.9115  0  0  -0.0261203  -0.388457
8.16814  0  0  -0.0209482  -0.349286
10.6814  0  0  -0.0139477  -0.285965
15.708  0  0  -0.00697199  -0.205437
33.3009  0  0  -0.00147141  -0.100459
-54.6637  0  3.14159  -2.73681e-09  0.0617831
-27.0177  0  3.14159  -1.85299e-09  0.125111
-13.1947  0  3.14159  -2.53838e-09  0.254224
-10.6814  0  3.14159  -3.47333e-09  0.311107
-8.16814  0  3.14159  -4.02231e-09  0.398673
-6.9115  0  3.14159  -4.23142e-09  0.463092
-5.65487  0  3.14159  -4.4786e-09  0.552597
-4.39823  0  3.14159  -4.87046e-09  0.688626
-3.14159  0  3.14159  -5.63705e-09  0.929568
-1.88496  0  3.14159  -7.85016e-09  1.49619
-0.628319  0  3.14159  -2.13798e-08  4.39013
0.628319  0  3.14159  1.93345e-08  -4.39013
1.88496  0  3.14159  7.6086e-09  -1.49619
3.14159  0  3.14159  5.63499e-09  -0.929568
4.39823  0  3.14159  4.96293e-09  -0.688626
5.65487  0  3.14159  4.68043e-09  -0.552597
6.9115  0  3.14159  4.51395e-09  -0.463092
8.16814  0  3.14159  4.31309e-09  -0.398673
10.6814  0  3.14159  3.19886e-09  -0.311107
15.708  0  3.14159  3.13333e-09  -0.214473
33.3009  0  3.14159  7.10523e-09  -0.101486
-54.6637  3.14159  0  -2.73681e-09  0.0617831
-27.0177  3.14159  0  -1.85299e-09  0.125111
-13.1947  3.14159  0  -2.53838e-09  0.254224
-10.6814  3.14159  0  -3.47333e-09  0.311107
-8.16814  3.14159  0  -4.02231e-09  0.398673
-6.9115  3.14159  0  -4.23142e-09  0.463092
-5.65487  3.14159  0  -4.4786e-09  0.552597
-4.39823  3.14159  0  -4.87046e-09  0.688626
-3.14159  3.14159  0  -5.63705e-09  0.929568
-1.88496  3.14159  0  -7.85016e-09  1.49619
-0.628319  3.14159  0  -2.13798e-08  4.39013
0.628319  3.14159  0  1.93345e-08  -4.39013
1.88496  3.14159  0  7.6086e-09  -1.49619
3.14159  3.14159  0  5.63499e-09  -0.929568
4.39823  3.14159  0  4.96293e-09  -0.688626
5.65487  3.14159  0  4.68043e-09  -0.552597
6.9115  3.14159  0  4.51395e-09  -0.463092
8.16814  3.14159  0  4.31309e-09  -0.398673
10.6814  3.14159  0  3.19886e-09  -0.311107
15.708  3.14159  0  3.13333e-09  -0.214473
33.3009  3.14159  0  7.10523e-09  -0.101486
-54.6637  3.14159  3.14159  0.000521856  0.06155
-27.0177  3.14159  3.14159  0.00228973  0.123201
-13.1947  3.14159  3.14159  0.00967843  0.239737
-10.6814  3.14159  3.14159  0.0139477  0.285965
-8.16814  3.14159  3.14159  0.0209482  0.349286
-6.9115  3.14159  3.14159  0.0261203  0.388457
-5.65487  3.14159  3.14159  0.0329843  0.430767
-4.39823  3.14159  3.14159  0.0421481  0.468081
-3.14159  3.14159  3.14159  0.0540692  0.475524
-1.88496  3.14159  3.14159  0.0677596  0.395866
-0.628319  3.14159  3.14159  0.0782708  0.163223
0.628319  3.14159  3.14159  0.0782708  -0.163223
1.88496  3.14159  3.14159  0.0677596  -0.395866
3.14159  3.14159  3.14159  0.0540692  -0.475524
4.39823  3.14159  3.14159  0.0421481  -0.468081
5.65487  3.14159  3.14159  0.0329843  -0.430767
6.9115  3.14159  3.14159  0.0261203  -0.388457
8.16814  3.14159  3.14159  0.0209482  -0.349286
10.6814  3.14159  3.14159  0.0139477  -0.285965
15.708  3.14159  3.14159  0.00697199  -0.205437
33.3009  3.14159  3.14159  0.00147148  -0.100459
