-54.6637  0  0  7.26868e-06  -1.55095e-06
-27.0177  0  0  2.68981e-05  -1.19514e-05
-13.1947  0  0  7.45895e-05  -7.91485e-05
-10.6814  0  0  8.57591e-05  -0.000127257
-8.16814  0  0  7.97339e-05  -0.000212812
-6.9115  0  0  5.60369e-05  -0.000275804
-5.65487  0  0  1.49095e-06  -0.000351173
-4.39823  0  0  -0.000104273  -0.000425019
-3.14159  0  0  -0.000277413  -0.000458222
-1.88496  0  0  -0.000497107  -0.000382498
-0.628319  0  0  -0.000665018  -0.000155686
0.628319  0  0  -0.000663968  0.000154011
1.88496  0  0  -0.000496589  0.000383532
3.14159  0  0  -0.000276416  0.000458589
4.39823  0  0  -0.000103489  0.000425163
5.65487  0  0  2.14903e-06  0.000351101
6.9115  0  0  5.65361e-05  0.000275613
8.16814  0  0  8.01025e-05  0.00021259
10.6814  0  0  8.59293e-05  0.000127038
15.708  0  0  6.16997e-05  5.14936e-05
33.3009  0  0  1.85394e-05  6.55922e-06
-54.6637  0  3.14159  7.32729e-06  -1.28852e-06
-27.0177  0  3.14159  2.78094e-05  -9.97599e-06
-13.1947  0  3.14159  8.76064e-05  -6.83135e-05
-10.6814  0  3.14159  0.000112023  -0.000113045
-8.16814  0  3.14159  0.000137214  -0.000201607
-6.9115  0  3.14159  0.000142041  -0.000277874
-5.65487  0  3.14159  0.000126231  -0.00039065
-4.39823  0  3.14159  5.54703e-05  -0.000554261
-3.14159  0  3.14159  -0.000150846  -0.000761003
-1.88496  0  3.14159  -0.000618222  -0.000871655
-0.628319  0  3.14159  -0.00121437  -0.000460014
0.628319  0  3.14159  -0.00121365  0.000461554
1.88496  0  3.14159  -0.000617016  0.000872485
3.14159  0  3.14159  -0.000149732  0.00076124
4.39823  0  3.14159  5.63441e-05  0.000554186
5.65487  0  3.14159  0.00012688  0.00039044
6.9115  0  3.14159  0.000142509  0.000277611
8.16814  0  3.14159  0.00013754  0.000201339
10.6814  0  3.14159  0.000112171  0.000112825
15.708  0  3.14159  6.87215e-05  4.38034e-05
33.3009  0  3.14159  1.89471e-05  5.4624e-06
-54.6637  3.14159  0  7.32729e-06  -1.28852e-06
-27.0177  3.14159  0  2.78094e-05  -9.97599e-06
-13.1947  3.14159  0  8.76064e-05  -6.83135e-05
-10.6814  3.14159  0  0.000112023  -0.000113045
-8.16814  3.14159  0  0.000137214  -0.000201607
-6.9115  3.14159  0  0.000142041  -0.000277874
-5.65487  3.14159  0  0.000126231  -0.00039065
-4.39823  3.14159  0  5.54703e-05  -0.000554261
-3.14159  3.14159  0  -0.000150846  -0.000761003
-1.88496  3.14159  0  -0.000618222  -0.000871655
-0.628319  3.14159  0  -0.00121437  -0.000460014
0.628319  3.14159  0  -0.00121365  0.000461554
1.88496  3.14159  0  -0.000617016  0.000872485
3.14159  3.14159  0  -0.000149732  0.00076124
4.39823  3.14159  0  5.63441e-05  0.000554186
5.65487  3.14159  0  0.00012688  0.00039044
6.9115  3.14159  0  0.000142509  0.000277611
8.16814  3.14159  0  0.00013754  0.000201339
10.6814  3.14159  0  0.000112171  0.000112825
15.708  3.14159  0  6.87215e-05  4.38034e-05
33.3009  3.14159  0  1.89471e-05  5.4624e-06
-54.6637  3.14159  3.14159  7.36336e-06  -1.02086e-06
-27.0177  3.14159  3.14159  2.84114e-05  -7.83957e-06
-13.1947  3.14159  3.14159  9.73345e-05  -5.31931e-05
-10.6814  3.14159  3.14159  0.000132876  -8.82847e-05
-8.16814  3.14159  3.14159  0.000188565  -0.000159848
-6.9115  3.14159  3.14159  0.000228214  -0.000224639
-5.65487  3.14159  3.14159  0.00027938  -0.000328366
-4.39823  3.14159  3.14159  0.000346796  -0.000507865
-3.14159  3.14159  3.14159  0.000436324  -0.000868524
-1.88496  3.14159  3.14159  0.000457783  -0.00186319
-0.628319  3.14159  3.14159  -0.00301685  -0.00490457
0.628319  3.14159  3.14159  -0.00301257  0.00490735
1.88496  3.14159  3.14159  0.000459609  0.00186325
3.14159  3.14159  3.14159  0.000437456  0.000868364
4.39823  3.14159  3.14159  0.000347578  0.000507635
5.65487  3.14159  3.14159  0.000279946  0.000328105
6.9115  3.14159  3.14159  0.00022862  0.000224359
8.16814  3.14159  3.14159  0.00018885  0.000159577
10.6814  3.14159  3.14159  0.000133005  8.80728e-05
15.708  3.14159  3.14159  7.37639e-05  3.41212e-05
33.3009  3.14159  3.14159  1.92092e-05  4.30275e-06
