-54.6637  0  0  3.63572e-07  4.00192e-06
-27.0177  0  0  1.52484e-06  7.86692e-06
-13.1947  0  0  5.86571e-06  1.43057e-05
-10.6814  0  0  8.3053e-06  1.6404e-05
-8.16814  0  0  1.24605e-05  1.86351e-05
-6.9115  0  0  1.54396e-05  1.96231e-05
-5.65487  0  0  1.93655e-05  2.02022e-05
-4.39823  0  0  2.43045e-05  1.97046e-05
-3.14159  0  0  2.9807e-05  1.74409e-05
-1.88496  0  0  3.53596e-05  1.23549e-05
-0.628319  0  0  3.93837e-05  4.33415e-06
0.628319  0  0  3.90659e-05  -3.90969e-06
1.88496  0  0  3.56199e-05  -1.22045e-05
3.14159  0  0  3.03133e-05  -1.72909e-05
4.39823  0  0  2.46555e-05  -1.93548e-05
5.65487  0  0  1.97381e-05  -1.99101e-05
6.9115  0  0  1.57294e-05  -1.94543e-05
8.16814  0  0  1.26931e-05  -1.8438e-05
10.6814  0  0  8.54525e-06  -1.63038e-05
15.708  0  0  4.49257e-06  -1.2485e-05
33.3009  0  0  1.10823e-06  -6.43834e-06
-54.6637  0  3.14159  2.2746e-07  4.02234e-06
-27.0177  0  3.14159  9.94618e-07  8.05012e-06
-13.1947  0  3.14159  4.12647e-06  1.56327e-05
-10.6814  0  3.14159  6.10095e-06  1.86274e-05
-8.16814  0  3.14159  9.74114e-06  2.27224e-05
-6.9115  0  3.14159  1.27783e-05  2.52574e-05
-5.65487  0  3.14159  1.72672e-05  2.8019e-05
-4.39823  0  3.14159  2.40732e-05  3.05488e-05
-3.14159  0  3.14159  3.43501e-05  3.13701e-05
-1.88496  0  3.14159  4.83369e-05  2.67541e-05
-0.628319  0  3.14159  6.08815e-05  1.15284e-05
0.628319  0  3.14159  6.09455e-05  -1.0961e-05
1.88496  0  3.14159  4.85299e-05  -2.62641e-05
3.14159  0  3.14159  3.46105e-05  -3.09597e-05
4.39823  0  3.14159  2.43581e-05  -3.02178e-05
5.65487  0  3.14159  1.75579e-05  -2.77601e-05
6.9115  0  3.14159  1.30572e-05  -2.50566e-05
8.16814  0  3.14159  1.00009e-05  -2.25638e-05
10.6814  0  3.14159  6.31749e-06  -1.8523e-05
15.708  0  3.14159  3.11256e-06  -1.33416e-05
33.3009  0  3.14159  7.38186e-07  -6.54459e-06
-54.6637  3.14159  0  2.2746e-07  4.02234e-06
-27.0177  3.14159  0  9.94618e-07  8.05012e-06
-13.1947  3.14159  0  4.12647e-06  1.56327e-05
-10.6814  3.14159  0  6.10095e-06  1.86274e-05
-8.16814  3.14159  0  9.74114e-06  2.27224e-05
-6.9115  3.14159  0  1.27783e-05  2.52574e-05
-5.65487  3.14159  0  1.72672e-05  2.8019e-05
-4.39823  3.14159  0  2.40732e-05  3.05488e-05
-3.14159  3.14159  0  3.43501e-05  3.13701e-05
-1.88496  3.14159  0  4.83369e-05  2.67541e-05
-0.628319  3.14159  0  6.08815e-05  1.15284e-05
0.628319  3.14159  0  6.09455e-05  -1.0961e-05
1.88496  3.14159  0  4.85299e-05  -2.62641e-05
3.14159  3.14159  0  3.46105e-05  -3.09597e-05
4.39823  3.14159  0  2.43581e-05  -3.02178e-05
5.65487  3.14159  0  1.75579e-05  -2.77601e-05
6.9115  3.14159  0  1.30572e-05  -2.50566e-05
8.16814  3.14159  0  1.00009e-05  -2.25638e-05
10.6814  3.14159  0  6.31749e-06  -1.8523e-05
15.708  3.14159  0  3.11256e-06  -1.33416e-05
33.3009  3.14159  0  7.38186e-07  -6.54459e-06
-54.6637  3.14159  3.14159  7.73578e-08  4.03755e-06
-27.0177  3.14159  3.14159  4.06538e-07  8.1554e-06
-13.1947  3.14159  3.14159  1.89014e-06  1.64337e-05
-10.6814  3.14159  3.14159  2.82848e-06  2.00805e-05
-8.16814  3.14159  3.14159  4.7452e-06  2.566e-05
-6.9115  3.14159  3.14159  6.32357e-06  2.97957e-05
-5.65487  3.14159  3.14159  8.90552e-06  3.55027e-05
-4.39823  3.14159  3.14159  1.34166e-05  4.36663e-05
-3.14159  3.14159  3.14159  2.23921e-05  5.65333e-05
-1.88496  3.14159  3.14159  4.72118e-05  7.77229e-05
-0.628319  3.14159  3.14159  0.000137717  8.08599e-05
0.628319  3.14159  3.14159  0.000137417  -8.04845e-05
1.88496  3.14159  3.14159  4.74043e-05  -7.76842e-05
3.14159  3.14159  3.14159  2.28523e-05  -5.64689e-05
4.39823  3.14159  3.14159  1.36891e-05  -4.33512e-05
5.65487  3.14159  3.14159  9.22894e-06  -3.52263e-05
6.9115  3.14159  3.14159  6.57252e-06  -2.96261e-05
8.16814  3.14159  3.14159  4.9454e-06  -2.54449e-05
10.6814  3.14159  3.14159  3.05548e-06  -1.9961e-05
15.708  3.14159  3.14159  1.5039e-06  -1.3804e-05
33.3009  3.14159  3.14159  3.54613e-07  -6.59e-06
