-54.6637  0  0  0.0220343  0.0240113
-27.0177  0  0  -0.0307362  -0.0433485
-13.1947  0  0  0.000673935  -0.0684441
-10.6814  0  0  -0.0205135  0.010696
-8.16814  0  0  -0.0398326  -0.0496717
-6.9115  0  0  0.0279034  -0.0813998
-5.65487  0  0  -0.108052  0.05529
-4.39823  0  0  -0.0536045  -0.0745638
-3.14159  0  0  -0.235965  -0.0313156
-1.88496  0  0  0.301835  -0.231571
-0.628319  0  0  -0.0559755  -0.763614
0.628319  0  0  0.54646  0.466275
1.88496  0  0  0.349993  -0.199076
3.14159  0  0  -0.0308203  0.288399
4.39823  0  0  -0.00357007  0.0617858
5.65487  0  0  0.00382069  0.0328292
6.9115  0  0  0.124291  -0.0514569
8.16814  0  0  0.104343  0.00362065
10.6814  0  0  0.00584304  -0.00665994
15.708  0  0  0.0529891  0.0875496
33.3009  0  0  0.0265022  0.0544108
-54.6637  0  3.14159  0.00159685  0.000130374
-27.0177  0  3.14159  -0.00100345  -0.000434494
-13.1947  0  3.14159  0.0050243  -0.00361037
-10.6814  0  3.14159  -0.00595748  -0.00529532
-8.16814  0  3.14159  -0.000417294  0.00165314
-6.9115  0  3.14159  -0.00356353  -0.00803232
-5.65487  0  3.14159  -0.0340363  -0.0128434
-4.39823  0  3.14159  0.00768926  -0.00627616
-3.14159  0  3.14159  -0.0178844  0.0319889
-1.88496  0  3.14159  -0.00275661  0.0507201
-0.628319  0  3.14159  -0.0052121  0.0437721
0.628319  0  3.14159  -0.0339112  0.0141743
1.88496  0  3.14159  -0.0460346  0.023611
3.14159  0  3.14159  -0.0148707  0.0307888
4.39823  0  3.14159  0.000670381  -0.00978038
5.65487  0  3.14159  0.0302183  0.0216195
6.9115  0  3.14159  0.00844704  -0.00325621
8.16814  0  3.14159  -0.0012434  1.5471e-05
10.6814  0  3.14159  0.00785604  0.00211057
15.708  0  3.14159  0.00274449  0.0028746
33.3009  0  3.14159  -0.00150533  -0.00134635
-54.6637  3.14159  0  0.00159685  0.000130374
-27.0177  3.14159  0  -0.00100345  -0.000434494
-13.1947  3.14159  0  0.0050243  -0.00361037
-10.6814  3.14159  0  -0.00595748  -0.00529532
-8.16814  3.14159  0  -0.000417294  0.00165314
-6.9115  3.14159  0  -0.00356353  -0.00803232
-5.65487  3.14159  0  -0.0340363  -0.0128434
-4.39823  3.14159  0  0.00768926  -0.00627616
-3.14159  3.14159  0  -0.0178844  0.0319889
-1.88496  3.14159  0  -0.00275661  0.0507201
-0.628319  3.14159  0  -0.0052121  0.0437721
0.628319  3.14159  0  -0.0339112  0.0141743
1.88496  3.14159  0  -0.0460346  0.023611
3.14159  3.14159  0  -0.0148707  0.0307888
4.39823  3.14159  0  0.000670381  -0.00978038
5.65487  3.14159  0  0.0302183  0.0216195
6.9115  3.14159  0  0.00844704  -0.00325621
8.16814  3.14159  0  -0.0012434  1.5471e-05
10.6814  3.14159  0  0.00785604  0.00211057
15.708  3.14159  0  0.00274449  0.0028746
33.3009  3.14159  0  -0.00150533  -0.00134635
-54.6637  3.14159  3.14159  -0.0195757  -0.00588754
-27.0177  3.14159  3.14159  0.0163323  0.0085856
-13.1947  3.14159  3.14159  0.0226566  0.0380565
-10.6814  3.14159  3.14159  -0.040603  -0.0311315
-8.16814  3.14159  3.14159  -0.0837576  0.000529854
-6.9115  3.14159  3.14159  -0.0777  0.00630652
-5.65487  3.14159  3.14159  -0.121363  -0.0796274
-4.39823  3.14159  3.14159  0.130891  -0.0172411
-3.14159  3.14159  3.14159  0.184571  0.0399432
-1.88496  3.14159  3.14159  -0.108341  0.305254
-0.628319  3.14159  3.14159  0.657291  0.605563
0.628319  3.14159  3.14159  -0.869632  -0.0576596
1.88496  3.14159  3.14159  -0.148048  0.351546
3.14159  3.14159  3.14159  -0.0944782  -0.0982456
4.39823  3.14159  3.14159  -0.0506781  -0.129379
5.65487  3.14159  3.14159  0.152929  0.0254017
6.9115  3.14159  3.14159  0.0251187  0.0632267
8.16814  3.14159  3.14159  0.0585823  0.0562637
10.6814  3.14159  3.14159  0.0500725  0.00568888
15.708  3.14159  3.14159  -0.00841357  -0.0314635
33.3009  3.14159  3.14159  -0.0436961  -0.0256641
