-54.6637  0  0  1.58721e-06  2.89896e-06
-27.0177  0  0  5.35115e-06  4.93572e-07
-13.1947  0  0  -1.79747e-05  -8.70889e-05
-10.6814  0  0  2.78787e-05  3.55219e-05
-8.16814  0  0  -2.54098e-05  -0.000130251
-6.9115  0  0  9.2567e-05  -2.21794e-05
-5.65487  0  0  -0.000272497  -0.000391213
-4.39823  0  0  3.52431e-05  0.00029423
-3.14159  0  0  2.48553e-05  -0.000225932
-1.88496  0  0  -0.00139905  -0.00064888
-0.628319  0  0  0.00944529  -0.00118442
0.628319  0  0  -0.00539782  -0.00378427
1.88496  0  0  6.73602e-05  -0.000887412
3.14159  0  0  -0.000138325  -2.81397e-05
4.39823  0  0  2.04859e-05  0.000400072
5.65487  0  0  -0.000108954  -0.000231377
6.9115  0  0  -5.61402e-05  8.22953e-05
8.16814  0  0  -1.38089e-05  -0.000118587
10.6814  0  0  3.53692e-05  5.483e-05
15.708  0  0  3.14944e-07  -3.21001e-05
33.3009  0  0  1.50555e-06  6.61044e-06
-54.6637  0  3.14159  8.70539e-07  -1.74073e-07
-27.0177  0  3.14159  3.26449e-06  -1.25867e-06
-13.1947  0  3.14159  1.03758e-05  -8.31713e-06
-10.6814  0  3.14159  1.34879e-05  -1.42864e-05
-8.16814  0  3.14159  1.59443e-05  -2.33878e-05
-6.9115  0  3.14159  1.55101e-05  -3.22376e-05
-5.65487  0  3.14159  1.20923e-05  -4.56927e-05
-4.39823  0  3.14159  9.27656e-07  -6.23065e-05
-3.14159  0  3.14159  -2.63441e-05  -9.07674e-05
-1.88496  0  3.14159  -7.46051e-05  -9.04633e-05
-0.628319  0  3.14159  -0.000138997  9.93565e-06
0.628319  0  3.14159  -0.000113755  1.32014e-05
1.88496  0  3.14159  -6.95684e-05  0.000100942
3.14159  0  3.14159  -1.95486e-05  7.9754e-05
4.39823  0  3.14159  -3.06115e-07  6.66279e-05
5.65487  0  3.14159  1.26596e-05  4.65637e-05
6.9115  0  3.14159  1.52339e-05  3.36864e-05
8.16814  0  3.14159  1.60819e-05  2.4956e-05
10.6814  0  3.14159  1.28847e-05  1.3555e-05
15.708  0  3.14159  8.15754e-06  5.36064e-06
33.3009  0  3.14159  2.19447e-06  6.73202e-07
-54.6637  3.14159  0  8.70539e-07  -1.74073e-07
-27.0177  3.14159  0  3.26449e-06  -1.25867e-06
-13.1947  3.14159  0  1.03758e-05  -8.31713e-06
-10.6814  3.14159  0  1.34879e-05  -1.42864e-05
-8.16814  3.14159  0  1.59443e-05  -2.33878e-05
-6.9115  3.14159  0  1.55101e-05  -3.22376e-05
-5.65487  3.14159  0  1.20923e-05  -4.56927e-05
-4.39823  3.14159  0  9.27656e-07  -6.23065e-05
-3.14159  3.14159  0  -2.63441e-05  -9.07674e-05
-1.88496  3.14159  0  -7.46051e-05  -9.04633e-05
-0.628319  3.14159  0  -0.000138997  9.93565e-06
0.628319  3.14159  0  -0.000113755  1.32014e-05
1.88496  3.14159  0  -6.95684e-05  0.000100942
3.14159  3.14159  0  -1.95486e-05  7.9754e-05
4.39823  3.14159  0  -3.06115e-07  6.66279e-05
5.65487  3.14159  0  1.26596e-05  4.65637e-05
6.9115  3.14159  0  1.52339e-05  3.36864e-05
8.16814  3.14159  0  1.60819e-05  2.4956e-05
10.6814  3.14159  0  1.28847e-05  1.3555e-05
15.708  3.14159  0  8.15754e-06  5.36064e-06
33.3009  3.14159  0  2.19447e-06  6.73202e-07
-54.6637  3.14159  3.14159  4.6053e-06  5.04195e-07
-27.0177  3.14159  3.14159  2.28136e-05  -2.86425e-06
-13.1947  3.14159  3.14159  6.97665e-06  -5.69989e-06
-10.6814  3.14159  3.14159  5.17044e-05  -4.92223e-05
-8.16814  3.14159  3.14159  -0.00021588  -7.2267e-05
-6.9115  3.14159  3.14159  -2.98111e-05  -7.52048e-05
-5.65487  3.14159  3.14159  -0.000242413  0.000219045
-4.39823  3.14159  3.14159  0.000546665  8.83162e-05
-3.14159  3.14159  3.14159  -0.000462531  -0.000524985
-1.88496  3.14159  3.14159  -0.00232485  0.0012547
-0.628319  3.14159  3.14159  -0.00252469  -0.0368599
0.628319  3.14159  3.14159  -0.0291509  0.0175093
1.88496  3.14159  3.14159  -0.000847593  -0.00229452
3.14159  3.14159  3.14159  -0.000472221  -0.000213377
4.39823  3.14159  3.14159  0.00069978  0.000151412
5.65487  3.14159  3.14159  -6.24278e-06  -0.000216213
6.9115  3.14159  3.14159  1.90656e-06  0.000188099
8.16814  3.14159  3.14159  -0.000267591  4.8136e-05
10.6814  3.14159  3.14159  2.9097e-05  -2.19577e-05
15.708  3.14159  3.14159  2.1986e-06  -1.40627e-06
33.3009  3.14159  3.14159  1.18434e-05  -1.04084e-06
