-54.6637  0  0  -0.000510337  0.0714802
-27.0177  0  0  -0.00217502  0.144213
-13.1947  0  0  -0.00983007  0.290844
-10.6814  0  0  -0.0151227  0.355026
-8.16814  0  0  -0.0252449  0.452614
-6.9115  0  0  -0.0337975  0.522123
-5.65487  0  0  -0.0464525  0.612653
-4.39823  0  0  -0.0657261  0.73038
-3.14159  0  0  -0.0960481  0.869094
-1.88496  0  0  -0.143317  0.932885
-0.628319  0  0  -0.197134  0.506188
0.628319  0  0  -0.197132  -0.50619
1.88496  0  0  -0.143313  -0.932885
3.14159  0  0  -0.0960446  -0.869094
4.39823  0  0  -0.0657231  -0.73038
5.65487  0  0  -0.0464501  -0.612653
6.9115  0  0  -0.0337957  -0.522123
8.16814  0  0  -0.0252432  -0.452614
10.6814  0  0  -0.0151211  -0.355027
15.708  0  0  -0.00682181  -0.245851
33.3009  0  0  -0.00140763  -0.11716
-54.6637  0  3.14159  -1.51918e-07  0.0715671
-27.0177  0  3.14159  -3.28384e-07  0.144936
-13.1947  0  3.14159  -6.38987e-07  0.296858
-10.6814  0  3.14159  -7.7003e-07  0.365889
-8.16814  0  3.14159  -1.0011e-06  0.474647
-6.9115  0  3.14159  -1.17835e-06  0.555475
-5.65487  0  3.14159  -1.42464e-06  0.666565
-4.39823  0  3.14159  -1.79704e-06  0.828543
-3.14159  0  3.14159  -2.45327e-06  1.09441
-1.88496  0  3.14159  -3.88616e-06  1.67817
-0.628319  0  3.14159  -1.57575e-05  4.67554
0.628319  0  3.14159  1.64115e-05  -4.67555
1.88496  0  3.14159  3.82495e-06  -1.67817
3.14159  0  3.14159  2.3711e-06  -1.09441
4.39823  0  3.14159  1.73962e-06  -0.828543
5.65487  0  3.14159  1.349e-06  -0.666565
6.9115  0  3.14159  1.08898e-06  -0.555475
8.16814  0  3.14159  9.32173e-07  -0.474647
10.6814  0  3.14159  7.80137e-07  -0.365889
15.708  0  3.14159  5.67284e-07  -0.249484
33.3009  0  3.14159  2.32412e-07  -0.117545
-54.6637  3.14159  0  -1.51918e-07  0.0715671
-27.0177  3.14159  0  -3.28384e-07  0.144936
-13.1947  3.14159  0  -6.38987e-07  0.296858
-10.6814  3.14159  0  -7.7003e-07  0.365889
-8.16814  3.14159  0  -1.0011e-06  0.474647
-6.9115  3.14159  0  -1.17835e-06  0.555475
-5.65487  3.14159  0  -1.42464e-06  0.666565
-4.39823  3.14159  0  -1.79704e-06  0.828543
-3.14159  3.14159  0  -2.45327e-06  1.09441
-1.88496  3.14159  0  -3.88616e-06  1.67817
-0.628319  3.14159  0  -1.57575e-05  4.67554
0.628319  3.14159  0  1.64115e-05  -4.67555
1.88496  3.14159  0  3.82495e-06  -1.67817
3.14159  3.14159  0  2.3711e-06  -1.09441
4.39823  3.14159  0  1.73962e-06  -0.828543
5.65487  3.14159  0  1.349e-06  -0.666565
6.9115  3.14159  0  1.08898e-06  -0.555475
8.16814  3.14159  0  9.32173e-07  -0.474647
10.6814  3.14159  0  7.80137e-07  -0.365889
15.708  3.14159  0  5.67284e-07  -0.249484
33.3009  3.14159  0  2.32412e-07  -0.117545
-54.6637  3.14159  3.14159  0.000510055  0.0714802
-27.0177  3.14159  3.14159  0.00217429  0.144213
-13.1947  3.14159  3.14159  0.00982878  0.290844
-10.6814  3.14159  3.14159  0.0151213  0.355026
-8.16814  3.14159  3.14159  0.025243  0.452614
-6.9115  3.14159  3.14159  0.0337953  0.522123
-5.65487  3.14159  3.14159  0.0464501  0.612653
-4.39823  3.14159  3.14159  0.0657231  0.73038
-3.14159  3.14159  3.14159  0.0960447  0.869094
-1.88496  3.14159  3.14159  0.143313  0.932885
-0.628319  3.14159  3.14159  0.197132  0.506189
0.628319  3.14159  3.14159  0.197134  -0.506189
1.88496  3.14159  3.14159  0.143317  -0.932885
3.14159  3.14159  3.14159  0.0960481  -0.869094
4.39823  3.14159  3.14159  0.0657261  -0.73038
5.65487  3.14159  3.14159  0.0464525  -0.612653
6.9115  3.14159  3.14159  0.0337969  -0.522123
8.16814  3.14159  3.14159  0.0252445  -0.452614
10.6814  3.14159  3.14159  0.0151229  -0.355026
15.708  3.14159  3.14159  0.00682312  -0.245851
33.3009  3.14159  3.14159  0.00140795  -0.11716
