-54.6637  0  0  -0.00051023  0.0714803
-27.0177  0  0  -0.00217481  0.144213
-13.1947  0  0  -0.00982956  0.290844
-10.6814  0  0  -0.015122  0.355027
-8.16814  0  0  -0.0252441  0.452614
-6.9115  0  0  -0.0337968  0.522123
-5.65487  0  0  -0.0464516  0.612653
-4.39823  0  0  -0.0657251  0.73038
-3.14159  0  0  -0.0960467  0.869095
-1.88496  0  0  -0.143316  0.932886
-0.628319  0  0  -0.197133  0.506189
0.628319  0  0  -0.197133  -0.506189
1.88496  0  0  -0.143315  -0.932886
3.14159  0  0  -0.0960464  -0.869095
4.39823  0  0  -0.0657251  -0.73038
5.65487  0  0  -0.0464511  -0.612653
6.9115  0  0  -0.0337962  -0.522123
8.16814  0  0  -0.0252437  -0.452614
10.6814  0  0  -0.0151218  -0.355027
15.708  0  0  -0.00682253  -0.245851
33.3009  0  0  -0.00140795  -0.11716
-54.6637  0  3.14159  -2.65608e-08  0.0715672
-27.0177  0  3.14159  -7.22302e-08  0.144937
-13.1947  0  3.14159  -9.16947e-08  0.296859
-10.6814  0  3.14159  -1.01381e-07  0.36589
-8.16814  0  3.14159  -1.44533e-07  0.474647
-6.9115  0  3.14159  -1.66452e-07  0.555476
-5.65487  0  3.14159  -1.7662e-07  0.666565
-4.39823  0  3.14159  -1.87106e-07  0.828544
-3.14159  0  3.14159  -2.29522e-07  1.09441
-1.88496  0  3.14159  -4.16142e-07  1.67817
-0.628319  0  3.14159  -8.84924e-07  4.67555
0.628319  0  3.14159  1.37571e-06  -4.67555
1.88496  0  3.14159  3.34549e-07  -1.67817
3.14159  0  3.14159  2.21769e-07  -1.09441
4.39823  0  3.14159  1.50731e-07  -0.828544
5.65487  0  3.14159  1.46684e-07  -0.666565
6.9115  0  3.14159  1.48852e-07  -0.555476
8.16814  0  3.14159  1.432e-07  -0.474647
10.6814  0  3.14159  1.21863e-07  -0.36589
15.708  0  3.14159  5.17054e-08  -0.249484
33.3009  0  3.14159  -7.57532e-09  -0.117545
-54.6637  3.14159  0  -2.65608e-08  0.0715672
-27.0177  3.14159  0  -7.22302e-08  0.144937
-13.1947  3.14159  0  -9.16947e-08  0.296859
-10.6814  3.14159  0  -1.01381e-07  0.36589
-8.16814  3.14159  0  -1.44533e-07  0.474647
-6.9115  3.14159  0  -1.66452e-07  0.555476
-5.65487  3.14159  0  -1.7662e-07  0.666565
-4.39823  3.14159  0  -1.87106e-07  0.828544
-3.14159  3.14159  0  -2.29522e-07  1.09441
-1.88496  3.14159  0  -4.16142e-07  1.67817
-0.628319  3.14159  0  -8.84924e-07  4.67555
0.628319  3.14159  0  1.37571e-06  -4.67555
1.88496  3.14159  0  3.34549e-07  -1.67817
3.14159  3.14159  0  2.21769e-07  -1.09441
4.39823  3.14159  0  1.50731e-07  -0.828544
5.65487  3.14159  0  1.46684e-07  -0.666565
6.9115  3.14159  0  1.48852e-07  -0.555476
8.16814  3.14159  0  1.432e-07  -0.474647
10.6814  3.14159  0  1.21863e-07  -0.36589
15.708  3.14159  0  5.17054e-08  -0.249484
33.3009  3.14159  0  -7.57532e-09  -0.117545
-54.6637  3.14159  3.14159  0.000510162  0.0714803
-27.0177  3.14159  3.14159  0.00217452  0.144213
-13.1947  3.14159  3.14159  0.00982933  0.290844
-10.6814  3.14159  3.14159  0.0151219  0.355027
-8.16814  3.14159  3.14159  0.0252437  0.452614
-6.9115  3.14159  3.14159  0.0337961  0.522123
-5.65487  3.14159  3.14159  0.046451  0.612653
-4.39823  3.14159  3.14159  0.0657244  0.730381
-3.14159  3.14159  3.14159  0.0960463  0.869095
-1.88496  3.14159  3.14159  0.143315  0.932885
-0.628319  3.14159  3.14159  0.197133  0.506189
0.628319  3.14159  3.14159  0.197133  -0.506189
1.88496  3.14159  3.14159  0.143316  -0.932886
3.14159  3.14159  3.14159  0.0960466  -0.869095
4.39823  3.14159  3.14159  0.0657243  -0.730381
5.65487  3.14159  3.14159  0.0464515  -0.612653
6.9115  3.14159  3.14159  0.0337964  -0.522123
8.16814  3.14159  3.14159  0.025244  -0.452614
10.6814  3.14159  3.14159  0.0151222  -0.355027
15.708  3.14159  3.14159  0.00682246  -0.245851
33.3009  3.14159  3.14159  0.00140765  -0.11716
