-54.6637  0  0  5.24339e-07  5.25897e-06
-27.0177  0  0  2.08446e-06  1.0328e-05
-13.1947  0  0  7.78519e-06  1.88042e-05
-10.6814  0  0  1.10416e-05  2.15695e-05
-8.16814  0  0  1.6475e-05  2.45758e-05
-6.9115  0  0  2.05032e-05  2.58541e-05
-5.65487  0  0  2.57362e-05  2.65211e-05
-4.39823  0  0  3.23143e-05  2.58657e-05
-3.14159  0  0  3.99376e-05  2.28045e-05
-1.88496  0  0  4.7346e-05  1.6205e-05
-0.628319  0  0  5.21627e-05  5.94899e-06
0.628319  0  0  5.21627e-05  -5.94851e-06
1.88496  0  0  4.73464e-05  -1.62047e-05
3.14159  0  0  3.99384e-05  -2.28042e-05
4.39823  0  0  3.23153e-05  -2.5866e-05
5.65487  0  0  2.57372e-05  -2.65214e-05
6.9115  0  0  2.05036e-05  -2.58547e-05
8.16814  0  0  1.64753e-05  -2.45766e-05
10.6814  0  0  1.10417e-05  -2.15704e-05
15.708  0  0  5.73583e-06  -1.65047e-05
33.3009  0  0  1.38992e-06  -8.49214e-06
-54.6637  0  3.14159  3.36729e-07  5.29068e-06
-27.0177  0  3.14159  1.36766e-06  1.05771e-05
-13.1947  0  3.14159  5.48527e-06  2.05622e-05
-10.6814  0  3.14159  8.08821e-06  2.45226e-05
-8.16814  0  3.14159  1.28941e-05  2.99416e-05
-6.9115  0  3.14159  1.69034e-05  3.3301e-05
-5.65487  0  3.14159  2.28332e-05  3.69715e-05
-4.39823  0  3.14159  3.18362e-05  4.03602e-05
-3.14159  0  3.14159  4.54806e-05  4.15277e-05
-1.88496  0  3.14159  6.41579e-05  3.54736e-05
-0.628319  0  3.14159  8.09786e-05  1.50999e-05
0.628319  0  3.14159  8.09778e-05  -1.51024e-05
1.88496  0  3.14159  6.41563e-05  -3.5475e-05
3.14159  0  3.14159  4.54793e-05  -4.15282e-05
4.39823  0  3.14159  3.18355e-05  -4.03603e-05
5.65487  0  3.14159  2.28328e-05  -3.69717e-05
6.9115  0  3.14159  1.69032e-05  -3.33013e-05
8.16814  0  3.14159  1.2894e-05  -2.9942e-05
10.6814  0  3.14159  8.08787e-06  -2.45231e-05
15.708  0  3.14159  3.94194e-06  -1.76228e-05
33.3009  0  3.14159  9.03382e-07  -8.6283e-06
-54.6637  3.14159  0  3.36729e-07  5.29068e-06
-27.0177  3.14159  0  1.36766e-06  1.05771e-05
-13.1947  3.14159  0  5.48527e-06  2.05622e-05
-10.6814  3.14159  0  8.08821e-06  2.45226e-05
-8.16814  3.14159  0  1.28941e-05  2.99416e-05
-6.9115  3.14159  0  1.69034e-05  3.3301e-05
-5.65487  3.14159  0  2.28332e-05  3.69715e-05
-4.39823  3.14159  0  3.18362e-05  4.03602e-05
-3.14159  3.14159  0  4.54806e-05  4.15277e-05
-1.88496  3.14159  0  6.41579e-05  3.54736e-05
-0.628319  3.14159  0  8.09786e-05  1.50999e-05
0.628319  3.14159  0  8.09778e-05  -1.51024e-05
1.88496  3.14159  0  6.41563e-05  -3.5475e-05
3.14159  3.14159  0  4.54793e-05  -4.15282e-05
4.39823  3.14159  0  3.18355e-05  -4.03603e-05
5.65487  3.14159  0  2.28328e-05  -3.69717e-05
6.9115  3.14159  0  1.69032e-05  -3.33013e-05
8.16814  3.14159  0  1.2894e-05  -2.9942e-05
10.6814  3.14159  0  8.08787e-06  -2.45231e-05
15.708  3.14159  0  3.94194e-06  -1.76228e-05
33.3009  3.14159  0  9.03382e-07  -8.6283e-06
-54.6637  3.14159  3.14159  1.46076e-07  5.30699e-06
-27.0177  3.14159  3.14159  6.03089e-07  1.0708e-05
-13.1947  3.14159  3.14159  2.51239e-06  2.16035e-05
-10.6814  3.14159  3.14159  3.76857e-06  2.64045e-05
-8.16814  3.14159  3.14159  6.18726e-06  3.38269e-05
-6.9115  3.14159  3.14159  8.31774e-06  3.92777e-05
-5.65487  3.14159  3.14159  1.17035e-05  4.67378e-05
-4.39823  3.14159  3.14159  1.75933e-05  5.7578e-05
-3.14159  3.14159  3.14159  2.95678e-05  7.47279e-05
-1.88496  3.14159  3.14159  6.19979e-05  0.000103797
-0.628319  3.14159  3.14159  0.000183986  0.000111309
0.628319  3.14159  3.14159  0.000183977  -0.000111322
1.88496  3.14159  3.14159  6.19874e-05  -0.000103799
3.14159  3.14159  3.14159  2.95625e-05  -7.47278e-05
4.39823  3.14159  3.14159  1.75896e-05  -5.75772e-05
5.65487  3.14159  3.14159  1.17018e-05  -4.67368e-05
6.9115  3.14159  3.14159  8.31717e-06  -3.92768e-05
8.16814  3.14159  3.14159  6.18685e-06  -3.38263e-05
10.6814  3.14159  3.14159  3.76791e-06  -2.64043e-05
15.708  3.14159  3.14159  1.78416e-06  -1.82556e-05
33.3009  3.14159  3.14159  3.95638e-07  -8.699e-06
