-54.6637  0  0  0.000553866  -0.0582447
-27.0177  0  0  0.00234786  -0.117495
-13.1947  0  0  0.010386  -0.23655
-10.6814  0  0  0.0158165  -0.288287
-8.16814  0  0  0.026035  -0.366264
-6.9115  0  0  0.0345369  -0.421223
-5.65487  0  0  0.0469011  -0.492139
-4.39823  0  0  0.0651734  -0.584055
-3.14159  0  0  0.0925019  -0.697747
-1.88496  0  0  0.133667  -0.797744
-0.628319  0  0  0.193418  -0.596422
0.628319  0  0  0.193545  0.596177
1.88496  0  0  0.133677  0.797658
3.14159  0  0  0.092537  0.697679
4.39823  0  0  0.0651966  0.584011
5.65487  0  0  0.0469214  0.492109
6.9115  0  0  0.0345546  0.421202
8.16814  0  0  0.026051  0.366249
10.6814  0  0  0.0158302  0.288279
15.708  0  0  0.00727136  0.200113
33.3009  0  0  0.00152795  0.0954603
-54.6637  0  3.14159  5.71878e-05  -0.0583112
-27.0177  0  3.14159  0.000222578  -0.118037
-13.1947  0  3.14159  0.000772871  -0.240936
-10.6814  0  3.14159  0.0010592  -0.296112
-8.16814  0  3.14159  0.00150383  -0.381864
-6.9115  0  3.14159  0.00181142  -0.444541
-5.65487  0  3.14159  0.00219125  -0.529008
-4.39823  0  3.14159  0.00267504  -0.647901
-3.14159  0  3.14159  0.00331039  -0.828199
-1.88496  0  3.14159  0.00399102  -1.16509
-0.628319  0  3.14159  0.0305567  -3.23394
0.628319  0  3.14159  0.0305966  3.23394
1.88496  0  3.14159  0.0040394  1.16509
3.14159  0  3.14159  0.00335191  0.828199
4.39823  0  3.14159  0.00270787  0.647902
5.65487  0  3.14159  0.00221748  0.52901
6.9115  0  3.14159  0.00183035  0.444544
8.16814  0  3.14159  0.00152034  0.381868
10.6814  0  3.14159  0.00107446  0.296112
15.708  0  3.14159  0.000594283  0.202788
33.3009  0  3.14159  0.000153212  0.0957509
-54.6637  3.14159  0  5.71878e-05  -0.0583112
-27.0177  3.14159  0  0.000222578  -0.118037
-13.1947  3.14159  0  0.000772871  -0.240936
-10.6814  3.14159  0  0.0010592  -0.296112
-8.16814  3.14159  0  0.00150383  -0.381864
-6.9115  3.14159  0  0.00181142  -0.444541
-5.65487  3.14159  0  0.00219125  -0.529008
-4.39823  3.14159  0  0.00267504  -0.647901
-3.14159  3.14159  0  0.00331039  -0.828199
-1.88496  3.14159  0  0.00399102  -1.16509
-0.628319  3.14159  0  0.0305567  -3.23394
0.628319  3.14159  0  0.0305966  3.23394
1.88496  3.14159  0  0.0040394  1.16509
3.14159  3.14159  0  0.00335191  0.828199
4.39823  3.14159  0  0.00270787  0.647902
5.65487  3.14159  0  0.00221748  0.52901
6.9115  3.14159  0  0.00183035  0.444544
8.16814  3.14159  0  0.00152034  0.381868
10.6814  3.14159  0  0.00107446  0.296112
15.708  3.14159  0  0.000594283  0.202788
33.3009  3.14159  0  0.000153212  0.0957509
-54.6637  3.14159  3.14159  -0.000440788  -0.058253
-27.0177  3.14159  3.14159  -0.00190657  -0.11756
-13.1947  3.14159  3.14159  -0.00887207  -0.236984
-10.6814  3.14159  3.14159  -0.0137654  -0.288987
-8.16814  3.14159  3.14159  -0.0231984  -0.367464
-6.9115  3.14159  3.14159  -0.0312099  -0.422829
-5.65487  3.14159  3.14159  -0.0430738  -0.49431
-4.39823  3.14159  3.14159  -0.061031  -0.586987
-3.14159  3.14159  3.14159  -0.0888598  -0.701598
-1.88496  3.14159  3.14159  -0.132777  -0.8022
-0.628319  3.14159  3.14159  -0.199011  -0.598855
0.628319  3.14159  3.14159  -0.198935  0.599135
1.88496  3.14159  3.14159  -0.132761  0.802342
3.14159  3.14159  3.14159  -0.0888244  0.701677
4.39823  3.14159  3.14159  -0.0610081  0.587039
5.65487  3.14159  3.14159  -0.0430537  0.494347
6.9115  3.14159  3.14159  -0.0311917  0.422855
8.16814  3.14159  3.14159  -0.0231823  0.367483
10.6814  3.14159  3.14159  -0.0137525  0.288999
15.708  3.14159  3.14159  -0.00610319  0.200405
33.3009  3.14159  3.14159  -0.00122257  0.0954984
