-54.6637  0  0  0.000521882  -0.06155
-27.0177  0  0  0.00228975  -0.123201
-13.1947  0  0  0.00967843  -0.239737
-10.6814  0  0  0.0139477  -0.285965
-8.16814  0  0  0.0209482  -0.349286
-6.9115  0  0  0.0261203  -0.388457
-5.65487  0  0  0.0329843  -0.430767
-4.39823  0  0  0.0421481  -0.468081
-3.14159  0  0  0.0540692  -0.475524
-1.88496  0  0  0.0677596  -0.395866
-0.628319  0  0  0.0782708  -0.163223
0.628319  0  0  0.0782708  0.163223
1.88496  0  0  0.0677596  0.395866
3.14159  0  0  0.0540692  0.475524
4.39823  0  0  0.0421481  0.468081
5.65487  0  0  0.0329843  0.430767
6.9115  0  0  0.0261203  0.388457
8.16814  0  0  0.0209482  0.349286
10.6814  0  0  0.0139477  0.285965
15.708  0  0  0.006972  0.205437
33.3009  0  0  0.00147144  0.100459
-54.6637  0  3.14159  2.97298e-09  -0.0617831
-27.0177  0  3.14159  4.56625e-09  -0.125111
-13.1947  0  3.14159  3.8667e-09  -0.254224
-10.6814  0  3.14159  4.42796e-09  -0.311107
-8.16814  0  3.14159  5.52863e-09  -0.398673
-6.9115  0  3.14159  6.10568e-09  -0.463092
-5.65487  0  3.14159  6.67125e-09  -0.552597
-4.39823  0  3.14159  7.37847e-09  -0.688626
-3.14159  0  3.14159  8.54828e-09  -0.929568
-1.88496  0  3.14159  1.16741e-08  -1.49619
-0.628319  0  3.14159  2.98353e-08  -4.39013
0.628319  0  3.14159  -2.86422e-08  4.39013
1.88496  0  3.14159  -1.0498e-08  1.49619
3.14159  0  3.14159  -7.52157e-09  0.929568
4.39823  0  3.14159  -6.50798e-09  0.688626
5.65487  0  3.14159  -6.00651e-09  0.552597
6.9115  0  3.14159  -5.61086e-09  0.463092
8.16814  0  3.14159  -5.18073e-09  0.398673
10.6814  0  3.14159  -3.97086e-09  0.311107
15.708  0  3.14159  -2.47009e-09  0.214473
33.3009  0  3.14159  -2.83781e-09  0.101486
-54.6637  3.14159  0  2.97298e-09  -0.0617831
-27.0177  3.14159  0  4.56625e-09  -0.125111
-13.1947  3.14159  0  3.8667e-09  -0.254224
-10.6814  3.14159  0  4.42796e-09  -0.311107
-8.16814  3.14159  0  5.52863e-09  -0.398673
-6.9115  3.14159  0  6.10568e-09  -0.463092
-5.65487  3.14159  0  6.67125e-09  -0.552597
-4.39823  3.14159  0  7.37847e-09  -0.688626
-3.14159  3.14159  0  8.54828e-09  -0.929568
-1.88496  3.14159  0  1.16741e-08  -1.49619
-0.628319  3.14159  0  2.98353e-08  -4.39013
0.628319  3.14159  0  -2.86422e-08  4.39013
1.88496  3.14159  0  -1.0498e-08  1.49619
3.14159  3.14159  0  -7.52157e-09  0.929568
4.39823  3.14159  0  -6.50798e-09  0.688626
5.65487  3.14159  0  -6.00651e-09  0.552597
6.9115  3.14159  0  -5.61086e-09  0.463092
8.16814  3.14159  0  -5.18073e-09  0.398673
10.6814  3.14159  0  -3.97086e-09  0.311107
15.708  3.14159  0  -2.47009e-09  0.214473
33.3009  3.14159  0  -2.83781e-09  0.101486
-54.6637  3.14159  3.14159  -0.000521861  -0.06155
-27.0177  3.14159  3.14159  -0.00228972  -0.123201
-13.1947  3.14159  3.14159  -0.00967843  -0.239737
-10.6814  3.14159  3.14159  -0.0139477  -0.285965
-8.16814  3.14159  3.14159  -0.0209482  -0.349286
-6.9115  3.14159  3.14159  -0.0261203  -0.388457
-5.65487  3.14159  3.14159  -0.0329843  -0.430767
-4.39823  3.14159  3.14159  -0.042148  -0.468081
-3.14159  3.14159  3.14159  -0.0540692  -0.475524
-1.88496  3.14159  3.14159  -0.0677596  -0.395866
-0.628319  3.14159  3.14159  -0.0782708  -0.163223
0.628319  3.14159  3.14159  -0.0782708  0.163223
1.88496  3.14159  3.14159  -0.0677596  0.395866
3.14159  3.14159  3.14159  -0.0540692  0.475524
4.39823  3.14159  3.14159  -0.0421481  0.468081
5.65487  3.14159  3.14159  -0.0329843  0.430767
6.9115  3.14159  3.14159  -0.0261203  0.388457
8.16814  3.14159  3.14159  -0.0209482  0.349286
10.6814  3.14159  3.14159  -0.0139477  0.285965
15.708  3.14159  3.14159  -0.00697199  0.205437
33.3009  3.14159  3.14159  -0.00147145  0.100459
