-54.6637  0  0  -6.56869e-08  -3.50323e-07
-27.0177  0  0  5.79109e-07  -5.08926e-07
-13.1947  0  0  1.03505e-06  -1.40898e-06
-10.6814  0  0  4.05546e-06  -8.40069e-07
-8.16814  0  0  3.23405e-06  -4.68516e-06
-6.9115  0  0  4.59758e-06  -5.32311e-06
-5.65487  0  0  3.03468e-06  -4.59612e-06
-4.39823  0  0  -1.92813e-06  -1.10663e-05
-3.14159  0  0  -1.20771e-07  -1.10765e-05
-1.88496  0  0  -2.27828e-06  1.02184e-06
-0.628319  0  0  -1.04481e-05  -2.14013e-05
0.628319  0  0  7.01536e-06  -2.49805e-05
1.88496  0  0  -1.44433e-05  1.42475e-05
3.14159  0  0  5.97639e-06  9.84662e-06
4.39823  0  0  8.25942e-06  9.9783e-06
5.65487  0  0  4.2614e-06  8.79216e-06
6.9115  0  0  3.73795e-06  3.73292e-06
8.16814  0  0  3.60802e-06  3.67941e-06
10.6814  0  0  1.11762e-06  3.30129e-06
15.708  0  0  1.27e-06  1.29586e-06
33.3009  0  0  -5.31459e-08  7.21481e-08
-54.6637  0  3.14159  1.37221e-08  -2.90268e-07
-27.0177  0  3.14159  1.0307e-07  -5.39964e-07
-13.1947  0  3.14159  1.01956e-06  -8.8733e-07
-10.6814  0  3.14159  1.81882e-06  -1.22645e-06
-8.16814  0  3.14159  3.10939e-06  -2.44596e-06
-6.9115  0  3.14159  4.04403e-06  -3.70807e-06
-5.65487  0  3.14159  5.05314e-06  -5.69984e-06
-4.39823  0  3.14159  5.75573e-06  -9.33704e-06
-3.14159  0  3.14159  5.20436e-06  -1.50842e-05
-1.88496  0  3.14159  -1.30485e-06  -2.12653e-05
-0.628319  0  3.14159  -1.35979e-05  -1.29796e-05
0.628319  0  3.14159  -1.27505e-05  1.28139e-05
1.88496  0  3.14159  -5.9353e-07  2.11806e-05
3.14159  0  3.14159  5.28632e-06  1.48171e-05
4.39823  0  3.14159  5.98538e-06  9.17586e-06
5.65487  0  3.14159  4.96464e-06  5.67554e-06
6.9115  0  3.14159  3.8713e-06  3.67557e-06
8.16814  0  3.14159  3.0605e-06  2.45494e-06
10.6814  0  3.14159  1.76966e-06  1.40194e-06
15.708  0  3.14159  6.76719e-07  8.05837e-07
33.3009  0  3.14159  8.6735e-08  4.39095e-07
-54.6637  3.14159  0  1.37221e-08  -2.90268e-07
-27.0177  3.14159  0  1.0307e-07  -5.39964e-07
-13.1947  3.14159  0  1.01956e-06  -8.8733e-07
-10.6814  3.14159  0  1.81882e-06  -1.22645e-06
-8.16814  3.14159  0  3.10939e-06  -2.44596e-06
-6.9115  3.14159  0  4.04403e-06  -3.70807e-06
-5.65487  3.14159  0  5.05314e-06  -5.69984e-06
-4.39823  3.14159  0  5.75573e-06  -9.33704e-06
-3.14159  3.14159  0  5.20436e-06  -1.50842e-05
-1.88496  3.14159  0  -1.30485e-06  -2.12653e-05
-0.628319  3.14159  0  -1.35979e-05  -1.29796e-05
0.628319  3.14159  0  -1.27505e-05  1.28139e-05
1.88496  3.14159  0  -5.9353e-07  2.11806e-05
3.14159  3.14159  0  5.28632e-06  1.48171e-05
4.39823  3.14159  0  5.98538e-06  9.17586e-06
5.65487  3.14159  0  4.96464e-06  5.67554e-06
6.9115  3.14159  0  3.8713e-06  3.67557e-06
8.16814  3.14159  0  3.0605e-06  2.45494e-06
10.6814  3.14159  0  1.76966e-06  1.40194e-06
15.708  3.14159  0  6.76719e-07  8.05837e-07
33.3009  3.14159  0  8.6735e-08  4.39095e-07
-54.6637  3.14159  3.14159  -4.36267e-08  -4.06425e-07
-27.0177  3.14159  3.14159  5.49648e-07  -4.08203e-07
-13.1947  3.14159  3.14159  1.62492e-07  -1.26911e-06
-10.6814  3.14159  3.14159  2.55758e-06  -1.04847e-06
-8.16814  3.14159  3.14159  2.5498e-06  -3.71385e-06
-6.9115  3.14159  3.14159  3.06321e-06  -3.43542e-06
-5.65487  3.14159  3.14159  2.64203e-06  -3.89833e-06
-4.39823  3.14159  3.14159  3.74688e-06  -1.12624e-05
-3.14159  3.14159  3.14159  3.54058e-06  -1.19203e-05
-1.88496  3.14159  3.14159  1.33237e-05  -1.01925e-05
-0.628319  3.14159  3.14159  -1.49172e-05  -0.000155439
0.628319  3.14159  3.14159  5.23678e-06  0.000137119
1.88496  3.14159  3.14159  8.22753e-06  1.54622e-05
3.14159  3.14159  3.14159  1.24658e-05  1.06849e-05
4.39823  3.14159  3.14159  4.84238e-06  9.95831e-06
5.65487  3.14159  3.14159  1.19434e-06  8.01394e-06
6.9115  3.14159  3.14159  2.71478e-06  1.24842e-06
8.16814  3.14159  3.14159  1.10766e-06  3.71578e-06
10.6814  3.14159  3.14159  -9.91087e-08  1.90091e-06
15.708  3.14159  3.14159  7.27242e-07  9.77129e-07
33.3009  3.14159  3.14159  8.32685e-08  1.68036e-07
