-54.6637  0  0  3.63211e-05  -1.32826e-05
-27.0177  0  0  0.00013313  -7.17613e-05
-13.1947  0  0  0.000356618  -0.000417256
-10.6814  0  0  0.000399522  -0.000655064
-8.16814  0  0  0.000346944  -0.00106288
-6.9115  0  0  0.000216125  -0.00135045
-5.65487  0  0  -6.00655e-05  -0.00167811
-4.39823  0  0  -0.000562469  -0.0019724
-3.14159  0  0  -0.00133856  -0.00205685
-1.88496  0  0  -0.00227056  -0.00166527
-0.628319  0  0  -0.00296168  -0.000657389
0.628319  0  0  -0.00296162  0.000657025
1.88496  0  0  -0.00227055  0.00166475
3.14159  0  0  -0.00133876  0.00205625
4.39823  0  0  -0.000562936  0.00197185
5.65487  0  0  -6.07274e-05  0.00167784
6.9115  0  0  0.000215518  0.00135041
8.16814  0  0  0.00034641  0.00106297
10.6814  0  0  0.000399138  0.000655359
15.708  0  0  0.000298844  0.000278454
33.3009  0  0  9.21322e-05  4.24408e-05
-54.6637  0  3.14159  3.59433e-05  -1.3256e-05
-27.0177  0  3.14159  0.000130628  -7.02878e-05
-13.1947  0  3.14159  0.00035519  -0.000388944
-10.6814  0  3.14159  0.000417141  -0.000603732
-8.16814  0  3.14159  0.000434713  -0.000985763
-6.9115  0  3.14159  0.000382846  -0.00128211
-5.65487  0  3.14159  0.000227216  -0.00167982
-4.39823  0  3.14159  -0.000145559  -0.00218867
-3.14159  0  3.14159  -0.000955256  -0.00271848
-1.88496  0  3.14159  -0.0024495  -0.00279563
-0.628319  0  3.14159  -0.00410838  -0.0013565
0.628319  0  3.14159  -0.00410821  0.00135642
1.88496  0  3.14159  -0.00244919  0.00279523
3.14159  0  3.14159  -0.000955158  0.00271776
4.39823  0  3.14159  -0.000145885  0.00218789
5.65487  0  3.14159  0.000226524  0.00167926
6.9115  0  3.14159  0.000381999  0.00128192
8.16814  0  3.14159  0.000433929  0.000985903
10.6814  0  3.14159  0.000416743  0.000604181
15.708  0  3.14159  0.000293496  0.000263064
33.3009  0  3.14159  9.06835e-05  4.19232e-05
-54.6637  3.14159  0  3.59433e-05  -1.3256e-05
-27.0177  3.14159  0  0.000130628  -7.02878e-05
-13.1947  3.14159  0  0.00035519  -0.000388944
-10.6814  3.14159  0  0.000417141  -0.000603732
-8.16814  3.14159  0  0.000434713  -0.000985763
-6.9115  3.14159  0  0.000382846  -0.00128211
-5.65487  3.14159  0  0.000227216  -0.00167982
-4.39823  3.14159  0  -0.000145559  -0.00218867
-3.14159  3.14159  0  -0.000955256  -0.00271848
-1.88496  3.14159  0  -0.0024495  -0.00279563
-0.628319  3.14159  0  -0.00410838  -0.0013565
0.628319  3.14159  0  -0.00410821  0.00135642
1.88496  3.14159  0  -0.00244919  0.00279523
3.14159  3.14159  0  -0.000955158  0.00271776
4.39823  3.14159  0  -0.000145885  0.00218789
5.65487  3.14159  0  0.000226524  0.00167926
6.9115  3.14159  0  0.000381999  0.00128192
8.16814  3.14159  0  0.000433929  0.000985903
10.6814  3.14159  0  0.000416743  0.000604181
15.708  3.14159  0  0.000293496  0.000263064
33.3009  3.14159  0  9.06835e-05  4.19232e-05
-54.6637  3.14159  3.14159  3.5566e-05  -1.32093e-05
-27.0177  3.14159  3.14159  0.000128145  -6.87678e-05
-13.1947  3.14159  3.14159  0.000349118  -0.000363284
-10.6814  3.14159  3.14159  0.000419053  -0.000554956
-8.16814  3.14159  3.14159  0.000473519  -0.000890756
-6.9115  3.14159  3.14159  0.000473668  -0.00115074
-5.65487  3.14159  3.14159  0.000430501  -0.00150784
-4.39823  3.14159  3.14159  0.000310024  -0.00201633
-3.14159  3.14159  3.14159  4.51482e-05  -0.00282897
-1.88496  3.14159  3.14159  -0.000752943  -0.00457741
-0.628319  3.14159  3.14159  -0.00752046  -0.00793044
0.628319  3.14159  3.14159  -0.0075201  0.0079311
1.88496  3.14159  3.14159  -0.000751617  0.00457701
3.14159  3.14159  3.14159  4.55865e-05  0.00282781
4.39823  3.14159  3.14159  0.000309758  0.0020151
5.65487  3.14159  3.14159  0.000429542  0.00150696
6.9115  3.14159  3.14159  0.00047245  0.0011505
8.16814  3.14159  3.14159  0.000472483  0.000891053
10.6814  3.14159  3.14159  0.000418682  0.000555566
15.708  3.14159  3.14159  0.000286793  0.000249004
33.3009  3.14159  3.14159  8.92463e-05  4.13473e-05
