-54.6637  0  0  1.06657e-06  -8.01046e-07
-27.0177  0  0  3.23439e-06  -2.44261e-06
-13.1947  0  0  4.27634e-06  -9.85477e-06
-10.6814  0  0  7.99025e-06  -3.4271e-05
-8.16814  0  0  -5.03107e-06  -2.54343e-05
-6.9115  0  0  1.29646e-05  -5.38513e-05
-5.65487  0  0  5.75173e-05  3.27094e-05
-4.39823  0  0  -6.71781e-06  -0.000139829
-3.14159  0  0  1.21649e-05  -1.17771e-05
-1.88496  0  0  9.49527e-05  -0.000117687
-0.628319  0  0  -0.000227792  -7.74113e-05
0.628319  0  0  0.00280596  0.000857618
1.88496  0  0  6.07157e-05  0.000571899
3.14159  0  0  1.02728e-05  8.86345e-05
4.39823  0  0  1.34315e-06  0.000117201
5.65487  0  0  5.3198e-05  6.23059e-05
6.9115  0  0  8.02977e-06  2.73467e-05
8.16814  0  0  2.02295e-06  4.02728e-05
10.6814  0  0  4.38561e-06  1.60856e-05
15.708  0  0  5.66751e-06  7.56187e-06
33.3009  0  0  2.191e-06  6.99878e-07
-54.6637  0  3.14159  1.10569e-06  -6.32079e-07
-27.0177  0  3.14159  3.03091e-06  -2.27511e-06
-13.1947  0  3.14159  4.77923e-06  -4.40695e-06
-10.6814  0  3.14159  1.07822e-05  -2.09998e-05
-8.16814  0  3.14159  1.80974e-05  -1.81726e-05
-6.9115  0  3.14159  1.15391e-05  -3.36307e-05
-5.65487  0  3.14159  1.89909e-05  -2.07377e-05
-4.39823  0  3.14159  -1.1336e-05  -0.000102087
-3.14159  0  3.14159  -4.30186e-05  -3.43572e-05
-1.88496  0  3.14159  -0.000161321  -8.2257e-05
-0.628319  0  3.14159  -0.00142389  0.000280179
0.628319  0  3.14159  0.000806833  0.00116713
1.88496  0  3.14159  -0.000172319  0.000156639
3.14159  0  3.14159  -2.83658e-05  0.000137745
4.39823  0  3.14159  3.3433e-06  4.51661e-05
5.65487  0  3.14159  -1.12311e-05  5.5466e-05
6.9115  0  3.14159  3.04472e-05  2.4943e-05
8.16814  0  3.14159  1.40789e-05  4.776e-05
10.6814  0  3.14159  1.47066e-05  7.67728e-06
15.708  0  3.14159  7.1997e-06  8.21061e-06
33.3009  0  3.14159  1.34768e-06  3.80089e-07
-54.6637  3.14159  0  1.10569e-06  -6.32079e-07
-27.0177  3.14159  0  3.03091e-06  -2.27511e-06
-13.1947  3.14159  0  4.77923e-06  -4.40695e-06
-10.6814  3.14159  0  1.07822e-05  -2.09998e-05
-8.16814  3.14159  0  1.80974e-05  -1.81726e-05
-6.9115  3.14159  0  1.15391e-05  -3.36307e-05
-5.65487  3.14159  0  1.89909e-05  -2.07377e-05
-4.39823  3.14159  0  -1.1336e-05  -0.000102087
-3.14159  3.14159  0  -4.30186e-05  -3.43572e-05
-1.88496  3.14159  0  -0.000161321  -8.2257e-05
-0.628319  3.14159  0  -0.00142389  0.000280179
0.628319  3.14159  0  0.000806833  0.00116713
1.88496  3.14159  0  -0.000172319  0.000156639
3.14159  3.14159  0  -2.83658e-05  0.000137745
4.39823  3.14159  0  3.3433e-06  4.51661e-05
5.65487  3.14159  0  -1.12311e-05  5.5466e-05
6.9115  3.14159  0  3.04472e-05  2.4943e-05
8.16814  3.14159  0  1.40789e-05  4.776e-05
10.6814  3.14159  0  1.47066e-05  7.67728e-06
15.708  3.14159  0  7.1997e-06  8.21061e-06
33.3009  3.14159  0  1.34768e-06  3.80089e-07
-54.6637  3.14159  3.14159  8.0732e-07  -2.73669e-07
-27.0177  3.14159  3.14159  3.34654e-06  -1.48926e-06
-13.1947  3.14159  3.14159  1.17601e-05  -6.33759e-06
-10.6814  3.14159  3.14159  1.3799e-05  -1.40003e-05
-8.16814  3.14159  3.14159  1.87453e-05  -1.17038e-05
-6.9115  3.14159  3.14159  1.96013e-05  -3.71601e-05
-5.65487  3.14159  3.14159  4.38378e-05  -4.19842e-05
-4.39823  3.14159  3.14159  2.82354e-05  -7.1297e-05
-3.14159  3.14159  3.14159  7.74066e-05  -5.68841e-05
-1.88496  3.14159  3.14159  7.63115e-05  -0.000215632
-0.628319  3.14159  3.14159  -0.000715  -0.000431422
0.628319  3.14159  3.14159  9.55074e-05  0.000592683
1.88496  3.14159  3.14159  8.07035e-05  0.000273702
3.14159  3.14159  3.14159  6.67841e-05  8.95811e-05
4.39823  3.14159  3.14159  5.92387e-05  6.00123e-05
5.65487  3.14159  3.14159  3.70972e-05  3.15448e-05
6.9115  3.14159  3.14159  2.97941e-05  2.76998e-05
8.16814  3.14159  3.14159  1.51617e-05  2.48713e-05
10.6814  3.14159  3.14159  1.66628e-05  8.34335e-06
15.708  3.14159  3.14159  7.05956e-06  4.86755e-06
33.3009  3.14159  3.14159  2.7993e-06  2.3565e-07
