-54.6637  0  0  2.45931e-05  0.000268907
-27.0177  0  0  9.82261e-05  0.000530585
-13.1947  0  0  0.000373177  0.000982937
-10.6814  0  0  0.000534519  0.00113883
-8.16814  0  0  0.000810901  0.00131962
-6.9115  0  0  0.00102175  0.00140589
-5.65487  0  0  0.00130347  0.00146624
-4.39823  0  0  0.00167046  0.00146043
-3.14159  0  0  0.00211441  0.0013199
-1.88496  0  0  0.00256572  0.000961217
-0.628319  0  0  0.00286999  0.000358644
0.628319  0  0  0.00286998  -0.000358653
1.88496  0  0  0.00256572  -0.000961225
3.14159  0  0  0.0021144  -0.00131991
4.39823  0  0  0.00167046  -0.00146043
5.65487  0  0  0.00130346  -0.00146624
6.9115  0  0  0.00102175  -0.0014059
8.16814  0  0  0.0008109  -0.00131963
10.6814  0  0  0.000534515  -0.00113884
15.708  0  0  0.000273261  -0.000857322
33.3009  0  0  6.5378e-05  -0.000435357
-54.6637  0  3.14159  1.51761e-05  0.000270353
-27.0177  0  3.14159  6.18585e-05  0.000542001
-13.1947  0  3.14159  0.00025132  0.00106536
-10.6814  0  3.14159  0.000373295  0.00127931
-8.16814  0  3.14159  0.00060257  0.00158201
-6.9115  0  3.14159  0.000797811  0.0017786
-5.65487  0  3.14159  0.00109352  0.00200739
-4.39823  0  3.14159  0.00155989  0.00224982
-3.14159  0  3.14159  0.00231269  0.00241706
-1.88496  0  3.14159  0.00344798  0.00220583
-0.628319  0  3.14159  0.00458531  0.00100573
0.628319  0  3.14159  0.0045853  -0.00100575
1.88496  0  3.14159  0.00344798  -0.00220584
3.14159  0  3.14159  0.00231268  -0.00241706
4.39823  0  3.14159  0.00155988  -0.00224983
5.65487  0  3.14159  0.00109351  -0.0020074
6.9115  0  3.14159  0.000797805  -0.0017786
8.16814  0  3.14159  0.000602564  -0.00158201
10.6814  0  3.14159  0.000373291  -0.00127931
15.708  0  3.14159  0.000179799  -0.000909304
33.3009  0  3.14159  4.08057e-05  -0.000441585
-54.6637  3.14159  0  1.51761e-05  0.000270353
-27.0177  3.14159  0  6.18585e-05  0.000542001
-13.1947  3.14159  0  0.00025132  0.00106536
-10.6814  3.14159  0  0.000373295  0.00127931
-8.16814  3.14159  0  0.00060257  0.00158201
-6.9115  3.14159  0  0.000797811  0.0017786
-5.65487  3.14159  0  0.00109352  0.00200739
-4.39823  3.14159  0  0.00155989  0.00224982
-3.14159  3.14159  0  0.00231269  0.00241706
-1.88496  3.14159  0  0.00344798  0.00220583
-0.628319  3.14159  0  0.00458531  0.00100573
0.628319  3.14159  0  0.0045853  -0.00100575
1.88496  3.14159  0  0.00344798  -0.00220584
3.14159  3.14159  0  0.00231268  -0.00241706
4.39823  3.14159  0  0.00155988  -0.00224983
5.65487  3.14159  0  0.00109351  -0.0020074
6.9115  3.14159  0  0.000797805  -0.0017786
8.16814  3.14159  0  0.000602564  -0.00158201
10.6814  3.14159  0  0.000373291  -0.00127931
15.708  3.14159  0  0.000179799  -0.000909304
33.3009  3.14159  0  4.08057e-05  -0.000441585
-54.6637  3.14159  3.14159  5.62593e-06  0.000271027
-27.0177  3.14159  3.14159  2.3369e-05  0.000547425
-13.1947  3.14159  3.14159  9.86089e-05  0.00110883
-10.6814  3.14159  3.14159  0.000148384  0.00135849
-8.16814  3.14159  3.14159  0.000243959  0.00174788
-6.9115  3.14159  3.14159  0.000327469  0.00203692
-5.65487  3.14159  3.14159  0.000458401  0.00243763
-4.39823  3.14159  3.14159  0.000680761  0.0030341
-3.14159  3.14159  3.14159  0.00111993  0.00403458
-1.88496  3.14159  3.14159  0.00235588  0.00609795
-0.628319  3.14159  3.14159  0.010236  0.0104753
0.628319  3.14159  3.14159  0.0102359  -0.0104753
1.88496  3.14159  3.14159  0.00235585  -0.00609795
3.14159  3.14159  3.14159  0.00111992  -0.00403458
4.39823  3.14159  3.14159  0.000680751  -0.0030341
5.65487  3.14159  3.14159  0.000458391  -0.00243763
6.9115  3.14159  3.14159  0.00032746  -0.00203692
8.16814  3.14159  3.14159  0.000243951  -0.00174788
10.6814  3.14159  3.14159  0.00014838  -0.00135849
15.708  3.14159  3.14159  6.98245e-05  -0.000935642
33.3009  3.14159  3.14159  1.52984e-05  -0.000444516
