-54.6637  0  0  8.03748e-05  0.000132739
-27.0177  0  0  0.000190246  -0.000584566
-13.1947  0  0  -0.0010508  0.000210749
-10.6814  0  0  5.89013e-05  -0.000714256
-8.16814  0  0  0.00295597  0.000833526
-6.9115  0  0  5.47338e-05  -0.000634356
-5.65487  0  0  -0.000463666  -0.00325168
-4.39823  0  0  0.00484155  0.000126593
-3.14159  0  0  0.00201017  0.00142433
-1.88496  0  0  0.00161182  -0.00507043
-0.628319  0  0  -0.0124098  -0.00386348
0.628319  0  0  -0.00646789  0.0601227
1.88496  0  0  0.0160015  0.00104503
3.14159  0  0  0.000287368  -0.00367547
4.39823  0  0  -0.00406608  0.000665529
5.65487  0  0  -0.000445825  -0.000839672
6.9115  0  0  0.00096428  0.00387499
8.16814  0  0  0.00159851  0.000169897
10.6814  0  0  0.000124463  0.00148765
15.708  0  0  6.32574e-05  0.000249489
33.3009  0  0  6.43677e-05  0.000404916
-54.6637  0  3.14159  -1.00795e-06  -5.91446e-06
-27.0177  0  3.14159  9.53614e-05  -5.88598e-05
-13.1947  0  3.14159  -0.00016347  0.000527531
-10.6814  0  3.14159  0.000139382  -9.37731e-05
-8.16814  0  3.14159  -4.54074e-05  -0.000254463
-6.9115  0  3.14159  0.000715718  -2.60592e-05
-5.65487  0  3.14159  -0.00160966  2.3989e-05
-4.39823  0  3.14159  0.00206476  -0.00121643
-3.14159  0  3.14159  0.000555431  -0.000575227
-1.88496  0  3.14159  0.00112011  -0.00322104
-0.628319  0  3.14159  -0.0017711  0.00156146
0.628319  0  3.14159  0.0183483  0.00695422
1.88496  0  3.14159  -0.000267242  -0.00450757
3.14159  0  3.14159  -0.00141599  -0.000474315
4.39823  0  3.14159  -0.0014062  0.00175724
5.65487  0  3.14159  -0.000133151  -0.000340018
6.9115  0  3.14159  0.000753475  0.000418628
8.16814  0  3.14159  0.000520376  -9.30389e-05
10.6814  0  3.14159  4.82391e-05  -1.32938e-05
15.708  0  3.14159  -1.1896e-05  -7.21475e-05
33.3009  0  3.14159  3.87944e-05  2.00339e-05
-54.6637  3.14159  0  -1.00795e-06  -5.91446e-06
-27.0177  3.14159  0  9.53614e-05  -5.88598e-05
-13.1947  3.14159  0  -0.00016347  0.000527531
-10.6814  3.14159  0  0.000139382  -9.37731e-05
-8.16814  3.14159  0  -4.54074e-05  -0.000254463
-6.9115  3.14159  0  0.000715718  -2.60592e-05
-5.65487  3.14159  0  -0.00160966  2.3989e-05
-4.39823  3.14159  0  0.00206476  -0.00121643
-3.14159  3.14159  0  0.000555431  -0.000575227
-1.88496  3.14159  0  0.00112011  -0.00322104
-0.628319  3.14159  0  -0.0017711  0.00156146
0.628319  3.14159  0  0.0183483  0.00695422
1.88496  3.14159  0  -0.000267242  -0.00450757
3.14159  3.14159  0  -0.00141599  -0.000474315
4.39823  3.14159  0  -0.0014062  0.00175724
5.65487  3.14159  0  -0.000133151  -0.000340018
6.9115  3.14159  0  0.000753475  0.000418628
8.16814  3.14159  0  0.000520376  -9.30389e-05
10.6814  3.14159  0  4.82391e-05  -1.32938e-05
15.708  3.14159  0  -1.1896e-05  -7.21475e-05
33.3009  3.14159  0  3.87944e-05  2.00339e-05
-54.6637  3.14159  3.14159  7.57611e-05  0.00014182
-27.0177  3.14159  3.14159  0.000230933  -0.000588453
-13.1947  3.14159  3.14159  -0.00107473  0.000147501
-10.6814  3.14159  3.14159  9.39807e-05  -0.000729507
-8.16814  3.14159  3.14159  0.00294772  0.000885434
-6.9115  3.14159  3.14159  -1.54379e-05  -0.000662052
-5.65487  3.14159  3.14159  -0.00030498  -0.00316749
-4.39823  3.14159  3.14159  0.00474617  0.000382013
-3.14159  3.14159  3.14159  0.00187756  0.00158135
-1.88496  3.14159  3.14159  0.00222089  -0.00521087
-0.628319  3.14159  3.14159  -0.0131181  -0.00415667
0.628319  3.14159  3.14159  -0.00852725  0.0591988
1.88496  3.14159  3.14159  0.0159778  0.00220295
3.14159  3.14159  3.14159  0.000293061  -0.00355285
4.39823  3.14159  3.14159  -0.00403615  0.000338094
5.65487  3.14159  3.14159  -0.000273716  -0.000983407
6.9115  3.14159  3.14159  0.000746879  0.00402981
8.16814  3.14159  3.14159  0.00157617  0.000125232
10.6814  3.14159  3.14159  6.97563e-05  0.00157828
15.708  3.14159  3.14159  9.16218e-05  0.000283781
33.3009  3.14159  3.14159  4.00476e-05  0.000395531
