-54.6637  0  0  -7.6792e-06  -2.78348e-06
-27.0177  0  0  -4.23222e-06  1.18435e-06
-13.1947  0  0  0.000160715  7.34238e-05
-10.6814  0  0  -3.85605e-05  -6.94916e-05
-8.16814  0  0  0.000128414  1.09767e-05
-6.9115  0  0  -6.01891e-06  4.14875e-05
-5.65487  0  0  0.000714618  0.00020261
-4.39823  0  0  -0.000464085  -0.000113174
-3.14159  0  0  0.000550371  0.000473083
-1.88496  0  0  0.00347251  0.000122605
-0.628319  0  0  0.00866271  0.0288881
0.628319  0  0  0.0158437  -0.0224349
1.88496  0  0  0.0009598  0.00333701
3.14159  0  0  0.000978931  0.000320151
4.39823  0  0  -0.000720862  -6.87278e-05
5.65487  0  0  0.000659998  0.00076272
6.9115  0  0  -0.000125223  -1.6984e-05
8.16814  0  0  0.000241609  -7.92589e-05
10.6814  0  0  -9.14026e-05  -2.79551e-05
15.708  0  0  5.77778e-05  1.03702e-05
33.3009  0  0  7.26156e-06  4.07202e-06
-54.6637  0  3.14159  8.504e-07  -1.38495e-07
-27.0177  0  3.14159  3.22887e-06  -1.18012e-06
-13.1947  0  3.14159  1.03622e-05  -8.73964e-06
-10.6814  0  3.14159  1.25033e-05  -1.32345e-05
-8.16814  0  3.14159  1.51427e-05  -2.46104e-05
-6.9115  0  3.14159  1.46116e-05  -3.33109e-05
-5.65487  0  3.14159  1.34723e-05  -4.76543e-05
-4.39823  0  3.14159  2.29958e-06  -6.25546e-05
-3.14159  0  3.14159  -2.46609e-05  -8.485e-05
-1.88496  0  3.14159  -6.41682e-05  -9.52103e-05
-0.628319  0  3.14159  -0.000116734  3.50144e-05
0.628319  0  3.14159  -0.000114248  2.63092e-05
1.88496  0  3.14159  -7.11533e-05  9.04649e-05
3.14159  0  3.14159  -2.49016e-05  8.02857e-05
4.39823  0  3.14159  5.78921e-07  6.23451e-05
5.65487  0  3.14159  1.38806e-05  4.3035e-05
6.9115  0  3.14159  1.39761e-05  3.17885e-05
8.16814  0  3.14159  1.50559e-05  2.21281e-05
10.6814  0  3.14159  1.26394e-05  1.38938e-05
15.708  0  3.14159  8.28753e-06  5.29211e-06
33.3009  0  3.14159  2.18072e-06  6.80708e-07
-54.6637  3.14159  0  8.504e-07  -1.38495e-07
-27.0177  3.14159  0  3.22887e-06  -1.18012e-06
-13.1947  3.14159  0  1.03622e-05  -8.73964e-06
-10.6814  3.14159  0  1.25033e-05  -1.32345e-05
-8.16814  3.14159  0  1.51427e-05  -2.46104e-05
-6.9115  3.14159  0  1.46116e-05  -3.33109e-05
-5.65487  3.14159  0  1.34723e-05  -4.76543e-05
-4.39823  3.14159  0  2.29958e-06  -6.25546e-05
-3.14159  3.14159  0  -2.46609e-05  -8.485e-05
-1.88496  3.14159  0  -6.41682e-05  -9.52103e-05
-0.628319  3.14159  0  -0.000116734  3.50144e-05
0.628319  3.14159  0  -0.000114248  2.63092e-05
1.88496  3.14159  0  -7.11533e-05  9.04649e-05
3.14159  3.14159  0  -2.49016e-05  8.02857e-05
4.39823  3.14159  0  5.78921e-07  6.23451e-05
5.65487  3.14159  0  1.38806e-05  4.3035e-05
6.9115  3.14159  0  1.39761e-05  3.17885e-05
8.16814  3.14159  0  1.50559e-05  2.21281e-05
10.6814  3.14159  0  1.26394e-05  1.38938e-05
15.708  3.14159  0  8.28753e-06  5.29211e-06
33.3009  3.14159  0  2.18072e-06  6.80708e-07
-54.6637  3.14159  3.14159  6.79e-06  3.75847e-06
-27.0177  3.14159  3.14159  1.57595e-05  1.63083e-05
-13.1947  3.14159  3.14159  -4.74237e-05  -2.71588e-05
-10.6814  3.14159  3.14159  7.33574e-05  1.67282e-05
-8.16814  3.14159  3.14159  4.54685e-06  -0.000227799
-6.9115  3.14159  3.14159  9.37701e-05  -4.96092e-05
-5.65487  3.14159  3.14159  -0.00072041  -0.00018553
-4.39823  3.14159  3.14159  0.000207659  0.000218025
-3.14159  3.14159  3.14159  -0.000404977  -0.00102881
-1.88496  3.14159  3.14159  -0.00342021  -0.001937
-0.628319  3.14159  3.14159  0.0103699  -0.0368419
0.628319  3.14159  3.14159  -0.0356311  0.00753356
1.88496  3.14159  3.14159  0.000318004  -0.00209973
3.14159  3.14159  3.14159  -0.00113867  -0.00096435
4.39823  3.14159  3.14159  0.000359505  0.000468795
5.65487  3.14159  3.14159  -9.95896e-05  -0.000511851
6.9115  3.14159  3.14159  8.9205e-05  5.13063e-05
8.16814  3.14159  3.14159  -0.000202869  -4.52575e-05
10.6814  3.14159  3.14159  5.60162e-05  5.46892e-05
15.708  3.14159  3.14159  -8.35402e-07  2.21849e-05
33.3009  3.14159  3.14159  -1.02251e-05  -3.89369e-06
