-54.6637  0  0  3.28982e-06  3.42601e-05
-27.0177  0  0  1.31062e-05  6.74262e-05
-13.1947  0  0  4.93321e-05  0.000123731
-10.6814  0  0  7.02816e-05  0.000142568
-8.16814  0  0  0.000105658  0.000163669
-6.9115  0  0  0.000132227  0.00017315
-5.65487  0  0  0.000167183  0.000178919
-4.39823  0  0  0.000211833  0.000176112
-3.14159  0  0  0.000264575  0.000156945
-1.88496  0  0  0.000316864  0.000112704
-0.628319  0  0  0.000351405  4.16594e-05
0.628319  0  0  0.000351405  -4.16609e-05
1.88496  0  0  0.000316864  -0.000112705
3.14159  0  0  0.000264575  -0.000156946
4.39823  0  0  0.000211833  -0.000176114
5.65487  0  0  0.000167183  -0.00017892
6.9115  0  0  0.000132227  -0.000173151
8.16814  0  0  0.000105657  -0.000163669
10.6814  0  0  7.02811e-05  -0.000142569
15.708  0  0  3.62451e-05  -0.00010829
33.3009  0  0  8.73245e-06  -5.53881e-05
-54.6637  0  3.14159  2.07209e-06  3.44574e-05
-27.0177  0  3.14159  8.42944e-06  6.8979e-05
-13.1947  0  3.14159  3.40127e-05  0.000134813
-10.6814  0  3.14159  5.03298e-05  0.000161312
-8.16814  0  3.14159  8.07264e-05  0.000198165
-6.9115  0  3.14159  0.000106346  0.000221534
-5.65487  0  3.14159  0.000144685  0.000247864
-4.39823  0  3.14159  0.000203977  0.000273895
-3.14159  0  3.14159  0.000296551  0.000287344
-1.88496  0  3.14159  0.000429041  0.000252577
-0.628319  0  3.14159  0.000554196  0.000110644
0.628319  0  3.14159  0.000554195  -0.000110648
1.88496  0  3.14159  0.000429039  -0.00025258
3.14159  0  3.14159  0.000296549  -0.000287346
4.39823  0  3.14159  0.000203975  -0.000273895
5.65487  0  3.14159  0.000144683  -0.000247864
6.9115  0  3.14159  0.000106345  -0.000221535
8.16814  0  3.14159  8.07257e-05  -0.000198166
10.6814  0  3.14159  5.0329e-05  -0.000161313
15.708  0  3.14159  2.43917e-05  -0.00011531
33.3009  0  3.14159  5.5651e-06  -5.62363e-05
-54.6637  3.14159  0  2.07209e-06  3.44574e-05
-27.0177  3.14159  0  8.42944e-06  6.8979e-05
-13.1947  3.14159  0  3.40127e-05  0.000134813
-10.6814  3.14159  0  5.03298e-05  0.000161312
-8.16814  3.14159  0  8.07264e-05  0.000198165
-6.9115  3.14159  0  0.000106346  0.000221534
-5.65487  3.14159  0  0.000144685  0.000247864
-4.39823  3.14159  0  0.000203977  0.000273895
-3.14159  3.14159  0  0.000296551  0.000287344
-1.88496  3.14159  0  0.000429041  0.000252577
-0.628319  3.14159  0  0.000554196  0.000110644
0.628319  3.14159  0  0.000554195  -0.000110648
1.88496  3.14159  0  0.000429039  -0.00025258
3.14159  3.14159  0  0.000296549  -0.000287346
4.39823  3.14159  0  0.000203975  -0.000273895
5.65487  3.14159  0  0.000144683  -0.000247864
6.9115  3.14159  0  0.000106345  -0.000221535
8.16814  3.14159  0  8.07257e-05  -0.000198166
10.6814  3.14159  0  5.0329e-05  -0.000161313
15.708  3.14159  0  2.43917e-05  -0.00011531
33.3009  3.14159  0  5.5651e-06  -5.62363e-05
-54.6637  3.14159  3.14159  8.35944e-07  3.45542e-05
-27.0177  3.14159  3.14159  3.45911e-06  6.9759e-05
-13.1947  3.14159  3.14159  1.44887e-05  0.000141046
-10.6814  3.14159  3.14159  2.17684e-05  0.000172623
-8.16814  3.14159  3.14159  3.57859e-05  0.000221692
-6.9115  3.14159  3.14159  4.81118e-05  0.000257955
-5.65487  3.14159  3.14159  6.76338e-05  0.000307963
-4.39823  3.14159  3.14159  0.000101405  0.000381648
-3.14159  3.14159  3.14159  0.000169875  0.000502055
-1.88496  3.14159  3.14159  0.000361873  0.000728581
-0.628319  3.14159  3.14159  0.00128114  0.000959228
0.628319  3.14159  3.14159  0.00128113  -0.000959243
1.88496  3.14159  3.14159  0.000361859  -0.000728584
3.14159  3.14159  3.14159  0.000169869  -0.000502056
4.39823  3.14159  3.14159  0.0001014  -0.000381648
5.65487  3.14159  3.14159  6.76318e-05  -0.000307963
6.9115  3.14159  3.14159  4.81111e-05  -0.000257954
8.16814  3.14159  3.14159  3.57853e-05  -0.000221691
10.6814  3.14159  3.14159  2.17672e-05  -0.000172622
15.708  3.14159  3.14159  1.02767e-05  -0.000119093
33.3009  3.14159  3.14159  2.26772e-06  -5.66575e-05
