-54.6637  0  0  3.63597e-07  4.01738e-06
-27.0177  0  0  1.51838e-06  7.89677e-06
-13.1947  0  0  5.82494e-06  1.44117e-05
-10.6814  0  0  8.30555e-06  1.65388e-05
-8.16814  0  0  1.24483e-05  1.88471e-05
-6.9115  0  0  1.55169e-05  1.98279e-05
-5.65487  0  0  1.94988e-05  2.03435e-05
-4.39823  0  0  2.44989e-05  1.98562e-05
-3.14159  0  0  3.02905e-05  1.75498e-05
-1.88496  0  0  3.59242e-05  1.25715e-05
-0.628319  0  0  3.96116e-05  4.83166e-06
0.628319  0  0  3.96781e-05  -4.16285e-06
1.88496  0  0  3.61103e-05  -1.19529e-05
3.14159  0  0  3.05585e-05  -1.70121e-05
4.39823  0  0  2.48088e-05  -1.94041e-05
5.65487  0  0  1.98232e-05  -1.99657e-05
6.9115  0  0  1.58416e-05  -1.95105e-05
8.16814  0  0  1.2768e-05  -1.85785e-05
10.6814  0  0  8.60764e-06  -1.63461e-05
15.708  0  0  4.51896e-06  -1.25425e-05
33.3009  0  0  1.12905e-06  -6.47266e-06
-54.6637  0  3.14159  2.18941e-07  4.04243e-06
-27.0177  0  3.14159  9.70463e-07  8.08877e-06
-13.1947  0  3.14159  4.07711e-06  1.57524e-05
-10.6814  0  3.14159  6.06425e-06  1.87888e-05
-8.16814  0  3.14159  9.73943e-06  2.29316e-05
-6.9115  0  3.14159  1.28017e-05  2.54905e-05
-5.65487  0  3.14159  1.73211e-05  2.82783e-05
-4.39823  0  3.14159  2.41667e-05  3.08495e-05
-3.14159  0  3.14159  3.45285e-05  3.17111e-05
-1.88496  0  3.14159  4.865e-05  2.70884e-05
-0.628319  0  3.14159  6.13371e-05  1.17439e-05
0.628319  0  3.14159  6.14424e-05  -1.09418e-05
1.88496  0  3.14159  4.89336e-05  -2.64039e-05
3.14159  0  3.14159  3.48965e-05  -3.11557e-05
4.39823  0  3.14159  2.45554e-05  -3.04184e-05
5.65487  0  3.14159  1.768e-05  -2.79427e-05
6.9115  0  3.14159  1.31359e-05  -2.52119e-05
8.16814  0  3.14159  1.00599e-05  -2.26937e-05
10.6814  0  3.14159  6.36509e-06  -1.86141e-05
15.708  0  3.14159  3.15623e-06  -1.34008e-05
33.3009  0  3.14159  7.61518e-07  -6.57742e-06
-54.6637  3.14159  0  2.18941e-07  4.04243e-06
-27.0177  3.14159  0  9.70463e-07  8.08877e-06
-13.1947  3.14159  0  4.07711e-06  1.57524e-05
-10.6814  3.14159  0  6.06425e-06  1.87888e-05
-8.16814  3.14159  0  9.73943e-06  2.29316e-05
-6.9115  3.14159  0  1.28017e-05  2.54905e-05
-5.65487  3.14159  0  1.73211e-05  2.82783e-05
-4.39823  3.14159  0  2.41667e-05  3.08495e-05
-3.14159  3.14159  0  3.45285e-05  3.17111e-05
-1.88496  3.14159  0  4.865e-05  2.70884e-05
-0.628319  3.14159  0  6.13371e-05  1.17439e-05
0.628319  3.14159  0  6.14424e-05  -1.09418e-05
1.88496  3.14159  0  4.89336e-05  -2.64039e-05
3.14159  3.14159  0  3.48965e-05  -3.11557e-05
4.39823  3.14159  0  2.45554e-05  -3.04184e-05
5.65487  3.14159  0  1.768e-05  -2.79427e-05
6.9115  3.14159  0  1.31359e-05  -2.52119e-05
8.16814  3.14159  0  1.00599e-05  -2.26937e-05
10.6814  3.14159  0  6.36509e-06  -1.86141e-05
15.708  3.14159  0  3.15623e-06  -1.34008e-05
33.3009  3.14159  0  7.61518e-07  -6.57742e-06
-54.6637  3.14159  3.14159  7.51022e-08  4.05444e-06
-27.0177  3.14159  3.14159  3.90026e-07  8.18897e-06
-13.1947  3.14159  3.14159  1.81613e-06  1.65504e-05
-10.6814  3.14159  3.14159  2.77819e-06  2.02308e-05
-8.16814  3.14159  3.14159  4.63966e-06  2.59096e-05
-6.9115  3.14159  3.14159  6.2819e-06  3.00725e-05
-5.65487  3.14159  3.14159  8.89451e-06  3.57616e-05
-4.39823  3.14159  3.14159  1.34464e-05  4.40096e-05
-3.14159  3.14159  3.14159  2.27046e-05  5.69854e-05
-1.88496  3.14159  3.14159  4.76388e-05  7.86284e-05
-0.628319  3.14159  3.14159  0.000138603  8.23626e-05
0.628319  3.14159  3.14159  0.000139128  -8.11544e-05
1.88496  3.14159  3.14159  4.82044e-05  -7.79887e-05
3.14159  3.14159  3.14159  2.31772e-05  -5.65314e-05
4.39823  3.14159  3.14159  1.38673e-05  -4.36503e-05
5.65487  3.14159  3.14159  9.27797e-06  -3.54671e-05
6.9115  3.14159  3.14159  6.63602e-06  -2.98243e-05
8.16814  3.14159  3.14159  4.97083e-06  -2.56968e-05
10.6814  3.14159  3.14159  3.07462e-06  -2.00721e-05
15.708  3.14159  3.14159  1.50445e-06  -1.38924e-05
33.3009  3.14159  3.14159  3.69839e-07  -6.63199e-06
