-54.6637  0  0  -0.650423  0.343228
-27.0177  0  0  1.24355  0.406942
-13.1947  0  0  0.369806  -1.74357
-10.6814  0  0  -0.839711  2.94777
-8.16814  0  0  2.38842  9.83731
-6.9115  0  0  3.79164  7.84462
-5.65487  0  0  -1.45763  8.98699
-4.39823  0  0  -5.25579  -8.50111
-3.14159  0  0  -2.03591  -13.0447
-1.88496  0  0  17.4881  15.2624
-0.628319  0  0  19.1861  -37.9702
0.628319  0  0  -1.14635  51.9647
1.88496  0  0  10.7384  1.64928
3.14159  0  0  -7.4414  9.41221
4.39823  0  0  -7.71091  8.36022
5.65487  0  0  -1.25351  -11.1722
6.9115  0  0  1.46877  -4.9985
8.16814  0  0  -0.0464609  -8.26815
10.6814  0  0  -0.848573  -3.39003
15.708  0  0  -1.91073  -0.665869
33.3009  0  0  -1.32836  2.51225
-54.6637  0  3.14159  -0.0127854  -0.0842315
-27.0177  0  3.14159  -0.010093  0.0800003
-13.1947  0  3.14159  -0.197011  -0.0914681
-10.6814  0  3.14159  -0.0938951  0.199712
-8.16814  0  3.14159  0.0270716  -0.0348874
-6.9115  0  3.14159  -0.267316  0.167561
-5.65487  0  3.14159  -0.0423176  1.08454
-4.39823  0  3.14159  -0.223366  -0.0937517
-3.14159  0  3.14159  1.20071  0.501397
-1.88496  0  3.14159  1.18651  -0.304307
-0.628319  0  3.14159  0.913711  0.758762
0.628319  0  3.14159  0.471877  -0.0796236
1.88496  0  3.14159  0.621321  1.14921
3.14159  0  3.14159  1.18064  -0.00873686
4.39823  0  3.14159  -0.247409  0.000317837
5.65487  0  3.14159  0.451896  -1.03491
6.9115  0  3.14159  -0.252146  -0.228269
8.16814  0  3.14159  -0.0410397  0.0680142
10.6814  0  3.14159  0.00746914  -0.227124
15.708  0  3.14159  0.0910586  -0.156594
33.3009  0  3.14159  -0.018254  -0.00380952
-54.6637  3.14159  0  -0.0127854  -0.0842315
-27.0177  3.14159  0  -0.010093  0.0800003
-13.1947  3.14159  0  -0.197011  -0.0914681
-10.6814  3.14159  0  -0.0938951  0.199712
-8.16814  3.14159  0  0.0270716  -0.0348874
-6.9115  3.14159  0  -0.267316  0.167561
-5.65487  3.14159  0  -0.0423176  1.08454
-4.39823  3.14159  0  -0.223366  -0.0937517
-3.14159  3.14159  0  1.20071  0.501397
-1.88496  3.14159  0  1.18651  -0.304307
-0.628319  3.14159  0  0.913711  0.758762
0.628319  3.14159  0  0.471877  -0.0796236
1.88496  3.14159  0  0.621321  1.14921
3.14159  3.14159  0  1.18064  -0.00873686
4.39823  3.14159  0  -0.247409  0.000317837
5.65487  3.14159  0  0.451896  -1.03491
6.9115  3.14159  0  -0.252146  -0.228269
8.16814  3.14159  0  -0.0410397  0.0680142
10.6814  3.14159  0  0.00746914  -0.227124
15.708  3.14159  0  0.0910586  -0.156594
33.3009  3.14159  0  -0.018254  -0.00380952
-54.6637  3.14159  3.14159  -0.105184  -1.03205
-27.0177  3.14159  3.14159  -0.370694  1.89653
-13.1947  3.14159  3.14159  -0.770104  0.729152
-10.6814  3.14159  3.14159  -1.5009  0.37376
-8.16814  3.14159  3.14159  -4.65279  5.05116
-6.9115  3.14159  3.14159  -4.4046  2.98354
-5.65487  3.14159  3.14159  -2.92604  2.97446
-4.39823  3.14159  3.14159  0.226062  -2.70969
-3.14159  3.14159  3.14159  6.10079  3.65653
-1.88496  3.14159  3.14159  -10.1771  9.54292
-0.628319  3.14159  3.14159  8.80512  15.4871
0.628319  3.14159  3.14159  -25.5824  -6.7922
1.88496  3.14159  3.14159  -8.62245  0.722595
3.14159  3.14159  3.14159  -0.0609946  -1.42
4.39823  3.14159  3.14159  -3.10979  -1.22924
5.65487  3.14159  3.14159  6.42334  -3.07852
6.9115  3.14159  3.14159  0.412533  -3.14086
8.16814  3.14159  3.14159  2.62487  -4.37746
10.6814  3.14159  3.14159  1.42568  -0.889913
15.708  3.14159  3.14159  1.38014  -3.32761
33.3009  3.14159  3.14159  -0.555108  -1.16902
