-54.6637  0  0  9368.58  12601.7
-27.0177  0  0  -13187.2  -55580.8
-13.1947  0  0  81607.6  20350.2
-10.6814  0  0  -21075.4  -95251
-8.16814  0  0  -54942.7  -58557.7
-6.9115  0  0  44275.4  -129750
-5.65487  0  0  -269037  -324605
-4.39823  0  0  184042  -129071
-3.14159  0  0  -490622  128024
-1.88496  0  0  -400756  506318
-0.628319  0  0  -438182  285352
0.628319  0  0  -683084  47450.7
1.88496  0  0  -539617  -65321
3.14159  0  0  -576378  206182
4.39823  0  0  126730  -16796.3
5.65487  0  0  -571.325  356564
6.9115  0  0  108893  71897.3
8.16814  0  0  8930.83  107337
10.6814  0  0  48853.3  72192.8
15.708  0  0  14537.7  137088
33.3009  0  0  -9284.91  -3511.63
-54.6637  0  3.14159  451.093  -2022.6
-27.0177  0  3.14159  1377.68  7875.45
-13.1947  0  3.14159  -6167.41  -17672.1
-10.6814  0  3.14159  -4743.51  16508.4
-8.16814  0  3.14159  16492.7  13828.2
-6.9115  0  3.14159  -7911.68  12426.9
-5.65487  0  3.14159  13044.3  53359.4
-4.39823  0  3.14159  -34432.3  -12125.6
-3.14159  0  3.14159  84368.1  -52046.3
-1.88496  0  3.14159  119701  -55567
-0.628319  0  3.14159  97734.7  -118625
0.628319  0  3.14159  109962  54141.6
1.88496  0  3.14159  150738  14645.6
3.14159  0  3.14159  77477  17674.3
4.39823  0  3.14159  -48627.1  19567
5.65487  0  3.14159  -1553.37  -67533.3
6.9115  0  3.14159  -11604.6  -13342.8
8.16814  0  3.14159  17027.4  -14133
10.6814  0  3.14159  -8113.56  -16928.7
15.708  0  3.14159  1354.38  -22455.4
33.3009  0  3.14159  -104.872  6162
-54.6637  3.14159  0  451.093  -2022.6
-27.0177  3.14159  0  1377.68  7875.45
-13.1947  3.14159  0  -6167.41  -17672.1
-10.6814  3.14159  0  -4743.51  16508.4
-8.16814  3.14159  0  16492.7  13828.2
-6.9115  3.14159  0  -7911.68  12426.9
-5.65487  3.14159  0  13044.3  53359.4
-4.39823  3.14159  0  -34432.3  -12125.6
-3.14159  3.14159  0  84368.1  -52046.3
-1.88496  3.14159  0  119701  -55567
-0.628319  3.14159  0  97734.7  -118625
0.628319  3.14159  0  109962  54141.6
1.88496  3.14159  0  150738  14645.6
3.14159  3.14159  0  77477  17674.3
4.39823  3.14159  0  -48627.1  19567
5.65487  3.14159  0  -1553.37  -67533.3
6.9115  3.14159  0  -11604.6  -13342.8
8.16814  3.14159  0  17027.4  -14133
10.6814  3.14159  0  -8113.56  -16928.7
15.708  3.14159  0  1354.38  -22455.4
33.3009  3.14159  0  -104.872  6162
-54.6637  3.14159  3.14159  3945.28  -6846.73
-27.0177  3.14159  3.14159  -5246.54  9964.32
-13.1947  3.14159  3.14159  6513.99  -25200.2
-10.6814  3.14159  3.14159  -23538  15698.8
-8.16814  3.14159  3.14159  4619.97  45384.6
-6.9115  3.14159  3.14159  -25033.6  11721.2
-5.65487  3.14159  3.14159  -49671.9  70436.7
-4.39823  3.14159  3.14159  -10319.1  -55337.3
-3.14159  3.14159  3.14159  141513  -18743.5
-1.88496  3.14159  3.14159  159820  76396.6
-0.628319  3.14159  3.14159  172494  -131863
0.628319  3.14159  3.14159  32032.4  177810
1.88496  3.14159  3.14159  155102  104331
3.14159  3.14159  3.14159  59041  103780
4.39823  3.14159  3.14159  -89377.2  -12951
5.65487  3.14159  3.14159  57285.7  -96635.5
6.9115  3.14159  3.14159  -5336.49  -38442.4
8.16814  3.14159  3.14159  33715.8  -12421.8
10.6814  3.14159  3.14159  6175.95  -30955.2
15.708  3.14159  3.14159  21517.7  -28007.5
33.3009  3.14159  3.14159  -5710.49  7969.51
