-54.6637  0  0  3.30284e-05  -1.17932e-05
-27.0177  0  0  0.000115722  -6.67773e-05
-13.1947  0  0  0.000299818  -0.000360194
-10.6814  0  0  0.000338432  -0.000562103
-8.16814  0  0  0.000296428  -0.00091387
-6.9115  0  0  0.000184139  -0.00116383
-5.65487  0  0  -5.57335e-05  -0.0014488
-4.39823  0  0  -0.000493053  -0.00170374
-3.14159  0  0  -0.00116634  -0.0017741
-1.88496  0  0  -0.00196994  -0.00143327
-0.628319  0  0  -0.00256268  -0.000566234
0.628319  0  0  -0.00256227  0.000560418
1.88496  0  0  -0.00197039  0.00142588
3.14159  0  0  -0.00116943  0.00176588
4.39823  0  0  -0.000499605  0.00169628
5.65487  0  0  -6.5438e-05  0.00144471
6.9115  0  0  0.000173974  0.00116466
8.16814  0  0  0.000288741  0.000918721
10.6814  0  0  0.000338153  0.000568653
15.708  0  0  0.000255394  0.000242713
33.3009  0  0  7.90357e-05  3.79865e-05
-54.6637  0  3.14159  3.2727e-05  -1.17648e-05
-27.0177  0  3.14159  0.000113658  -6.54997e-05
-13.1947  0  3.14159  0.000298963  -0.000334889
-10.6814  0  3.14159  0.00035517  -0.000516593
-8.16814  0  3.14159  0.000375231  -0.000847487
-6.9115  0  3.14159  0.000330848  -0.00110654
-5.65487  0  3.14159  0.000193246  -0.00145309
-4.39823  0  3.14159  -0.000135691  -0.00189219
-3.14159  0  3.14159  -0.000842675  -0.00234217
-1.88496  0  3.14159  -0.00213284  -0.00239534
-0.628319  0  3.14159  -0.00355162  -0.00115665
0.628319  0  3.14159  -0.00355009  0.00115381
1.88496  0  3.14159  -0.00213019  0.00238923
3.14159  0  3.14159  -0.000842874  0.00233285
4.39823  0  3.14159  -0.000140961  0.0018827
5.65487  0  3.14159  0.000183625  0.00144694
6.9115  0  3.14159  0.000319735  0.00110572
8.16814  0  3.14159  0.000365926  0.000851622
10.6814  0  3.14159  0.000353891  0.000524014
15.708  0  3.14159  0.000251126  0.000229376
33.3009  0  3.14159  7.78549e-05  3.75102e-05
-54.6637  3.14159  0  3.2727e-05  -1.17648e-05
-27.0177  3.14159  0  0.000113658  -6.54997e-05
-13.1947  3.14159  0  0.000298963  -0.000334889
-10.6814  3.14159  0  0.00035517  -0.000516593
-8.16814  3.14159  0  0.000375231  -0.000847487
-6.9115  3.14159  0  0.000330848  -0.00110654
-5.65487  3.14159  0  0.000193246  -0.00145309
-4.39823  3.14159  0  -0.000135691  -0.00189219
-3.14159  3.14159  0  -0.000842675  -0.00234217
-1.88496  3.14159  0  -0.00213284  -0.00239534
-0.628319  3.14159  0  -0.00355162  -0.00115665
0.628319  3.14159  0  -0.00355009  0.00115381
1.88496  3.14159  0  -0.00213019  0.00238923
3.14159  3.14159  0  -0.000842874  0.00233285
4.39823  3.14159  0  -0.000140961  0.0018827
5.65487  3.14159  0  0.000183625  0.00144694
6.9115  3.14159  0  0.000319735  0.00110572
8.16814  3.14159  0  0.000365926  0.000851622
10.6814  3.14159  0  0.000353891  0.000524014
15.708  3.14159  0  0.000251126  0.000229376
33.3009  3.14159  0  7.78549e-05  3.75102e-05
-54.6637  3.14159  3.14159  3.24274e-05  -1.17232e-05
-27.0177  3.14159  3.14159  0.000111614  -6.41889e-05
-13.1947  3.14159  3.14159  0.000293891  -0.000312336
-10.6814  3.14159  3.14159  0.000357559  -0.000473238
-8.16814  3.14159  3.14159  0.000412429  -0.000763791
-6.9115  3.14159  3.14159  0.000415296  -0.000993218
-5.65487  3.14159  3.14159  0.000375739  -0.00130862
-4.39823  3.14159  3.14159  0.000262982  -0.00175156
-3.14159  3.14159  3.14159  2.19029e-05  -0.00245078
-1.88496  3.14159  3.14159  -0.000698557  -0.00394557
-0.628319  3.14159  3.14159  -0.00650016  -0.0066088
0.628319  3.14159  3.14159  -0.00649636  0.00661382
1.88496  3.14159  3.14159  -0.00068555  0.00393963
3.14159  3.14159  3.14159  2.53778e-05  0.00243706
4.39823  3.14159  3.14159  0.000258559  0.00173758
5.65487  3.14159  3.14159  0.000363748  0.00129903
6.9115  3.14159  3.14159  0.000400624  0.000991701
8.16814  3.14159  3.14159  0.000400707  0.000769183
10.6814  3.14159  3.14159  0.000356306  0.000481904
15.708  3.14159  3.14159  0.000245719  0.000217208
33.3009  3.14159  3.14159  7.66823e-05  3.69962e-05
