-54.6637  0  0  -3.3386e-05  0.000388428
-27.0177  0  0  7.85582e-05  0.000865408
-13.1947  0  0  0.000666093  0.0015401
-10.6814  0  0  0.000950881  0.00171421
-8.16814  0  0  0.00138594  0.00188893
-6.9115  0  0  0.00169476  0.0019535
-5.65487  0  0  0.00208654  0.00196764
-4.39823  0  0  0.00256634  0.00187909
-3.14159  0  0  0.0031052  0.00161437
-1.88496  0  0  0.00361078  0.0011062
-0.628319  0  0  0.00392869  0.000359891
0.628319  0  0  0.00392455  -0.000490351
1.88496  0  0  0.00359791  -0.00123876
3.14159  0  0  0.00308127  -0.00175099
4.39823  0  0  0.00252707  -0.00201967
5.65487  0  0  0.00202843  -0.0021095
6.9115  0  0  0.00161621  -0.00209309
8.16814  0  0  0.00128578  -0.00202254
10.6814  0  0  0.000807744  -0.00182046
15.708  0  0  0.000291585  -0.00139028
33.3009  0  0  -2.19525e-05  -0.000587276
-54.6637  0  3.14159  -3.35799e-05  0.000387571
-27.0177  0  3.14159  7.46924e-05  0.000859673
-13.1947  0  3.14159  0.000621446  0.00152552
-10.6814  0  3.14159  0.000874055  0.00170789
-8.16814  0  3.14159  0.00125184  0.00192351
-6.9115  0  3.14159  0.00152551  0.00204213
-5.65487  0  3.14159  0.0018946  0.00215312
-4.39823  0  3.14159  0.00240282  0.00221993
-3.14159  0  3.14159  0.00310218  0.00214132
-1.88496  0  3.14159  0.00396939  0.00170399
-0.628319  0  3.14159  0.00468537  0.000654936
0.628319  0  3.14159  0.00468065  -0.000783361
1.88496  0  3.14159  0.00395724  -0.00183317
3.14159  0  3.14159  0.00308327  -0.00227637
4.39823  0  3.14159  0.00236677  -0.00236193
5.65487  0  3.14159  0.00183612  -0.0022961
6.9115  0  3.14159  0.00144869  -0.00218168
8.16814  0  3.14159  0.00115395  -0.00205895
10.6814  0  3.14159  0.000729531  -0.00181655
15.708  0  3.14159  0.000263954  -0.00137492
33.3009  0  3.14159  -2.3613e-05  -0.000583895
-54.6637  3.14159  0  -3.35799e-05  0.000387571
-27.0177  3.14159  0  7.46924e-05  0.000859673
-13.1947  3.14159  0  0.000621446  0.00152552
-10.6814  3.14159  0  0.000874055  0.00170789
-8.16814  3.14159  0  0.00125184  0.00192351
-6.9115  3.14159  0  0.00152551  0.00204213
-5.65487  3.14159  0  0.0018946  0.00215312
-4.39823  3.14159  0  0.00240282  0.00221993
-3.14159  3.14159  0  0.00310218  0.00214132
-1.88496  3.14159  0  0.00396939  0.00170399
-0.628319  3.14159  0  0.00468537  0.000654936
0.628319  3.14159  0  0.00468065  -0.000783361
1.88496  3.14159  0  0.00395724  -0.00183317
3.14159  3.14159  0  0.00308327  -0.00227637
4.39823  3.14159  0  0.00236677  -0.00236193
5.65487  3.14159  0  0.00183612  -0.0022961
6.9115  3.14159  0  0.00144869  -0.00218168
8.16814  3.14159  0  0.00115395  -0.00205895
10.6814  3.14159  0  0.000729531  -0.00181655
15.708  3.14159  0  0.000263954  -0.00137492
33.3009  3.14159  0  -2.3613e-05  -0.000583895
-54.6637  3.14159  3.14159  -3.37682e-05  0.000386724
-27.0177  3.14159  3.14159  7.11449e-05  0.000854268
-13.1947  3.14159  3.14159  0.000583746  0.00150526
-10.6814  3.14159  3.14159  0.000806725  0.00168726
-8.16814  3.14159  3.14159  0.00112801  0.00191648
-6.9115  3.14159  3.14159  0.00135245  0.00205647
-5.65487  3.14159  3.14159  0.00164463  0.00221747
-4.39823  3.14159  3.14159  0.00203641  0.00240876
-3.14159  3.14159  3.14159  0.0026014  0.00267053
-1.88496  3.14159  3.14159  0.00365874  0.00310767
-0.628319  3.14159  3.14159  0.00680187  0.00284502
0.628319  3.14159  3.14159  0.00680094  -0.00296944
1.88496  3.14159  3.14159  0.00365132  -0.00323835
3.14159  3.14159  3.14159  0.00258027  -0.00280773
4.39823  3.14159  3.14159  0.00199867  -0.0025495
5.65487  3.14159  3.14159  0.00158895  -0.0023594
6.9115  3.14159  3.14159  0.0012764  -0.00219723
8.16814  3.14159  3.14159  0.0010295  -0.00205216
10.6814  3.14159  3.14159  0.000663233  -0.00179548
15.708  3.14159  3.14159  0.000241709  -0.00135947
33.3009  3.14159  3.14159  -2.5228e-05  -0.000580556
