-54.6637  0  0  -3.22988  7.91089
-27.0177  0  0  -5.65395  39.6198
-13.1947  0  0  8.9161  22.8129
-10.6814  0  0  32.0638  41.1861
-8.16814  0  0  376.839  -334.36
-6.9115  0  0  90.2176  234.879
-5.65487  0  0  -456.381  -372.504
-4.39823  0  0  -563.022  683.759
-3.14159  0  0  446.277  -1745.12
-1.88496  0  0  142.876  -3972.27
-0.628319  0  0  77737.6  5405.77
0.628319  0  0  -26371.4  -73632.9
1.88496  0  0  3630.44  -1013.62
3.14159  0  0  1151.08  -1063.9
4.39823  0  0  -643.068  582.231
5.65487  0  0  435.343  240.286
6.9115  0  0  -73.3259  71.9824
8.16814  0  0  269.202  -373.496
10.6814  0  0  -43.9835  -0.222918
15.708  0  0  40.8801  -20.7185
33.3009  0  0  -11.8308  -0.526537
-54.6637  0  3.14159  1.28511  3059.7
-27.0177  0  3.14159  4062.39  12789.9
-13.1947  0  3.14159  9468.47  1952.57
-10.6814  0  3.14159  8170.94  12432.8
-8.16814  0  3.14159  54947.6  -196507
-6.9115  0  3.14159  41856  3289.74
-5.65487  0  3.14159  -146427  -46637.7
-4.39823  0  3.14159  950.185  365935
-3.14159  0  3.14159  -112769  -370749
-1.88496  0  3.14159  -425823  -987506
-0.628319  0  3.14159  2.39465e+07  -1.04968e+07
0.628319  0  3.14159  -2.02372e+07  -1.63169e+07
1.88496  0  3.14159  780310  -766280
3.14159  0  3.14159  276843  -424624
4.39823  0  3.14159  -94119.8  351087
5.65487  0  3.14159  142268  13247.2
6.9115  0  3.14159  -44092.5  -24219.3
8.16814  0  3.14159  -12791.4  -198361
10.6814  0  3.14159  -9323.44  6116.75
15.708  0  3.14159  12036.6  -17122.2
33.3009  0  3.14159  -1613.64  5295.01
-54.6637  3.14159  0  1.28511  3059.7
-27.0177  3.14159  0  4062.39  12789.9
-13.1947  3.14159  0  9468.47  1952.57
-10.6814  3.14159  0  8170.94  12432.8
-8.16814  3.14159  0  54947.6  -196507
-6.9115  3.14159  0  41856  3289.74
-5.65487  3.14159  0  -146427  -46637.7
-4.39823  3.14159  0  950.185  365935
-3.14159  3.14159  0  -112769  -370749
-1.88496  3.14159  0  -425823  -987506
-0.628319  3.14159  0  2.39465e+07  -1.04968e+07
0.628319  3.14159  0  -2.02372e+07  -1.63169e+07
1.88496  3.14159  0  780310  -766280
3.14159  3.14159  0  276843  -424624
4.39823  3.14159  0  -94119.8  351087
5.65487  3.14159  0  142268  13247.2
6.9115  3.14159  0  -44092.5  -24219.3
8.16814  3.14159  0  -12791.4  -198361
10.6814  3.14159  0  -9323.44  6116.75
15.708  3.14159  0  12036.6  -17122.2
33.3009  3.14159  0  -1613.64  5295.01
-54.6637  3.14159  3.14159  -3.40797  7.85894
-27.0177  3.14159  3.14159  -6.75396  39.4983
-13.1947  3.14159  3.14159  8.51332  23.0977
-10.6814  3.14159  3.14159  30.8814  40.1192
-8.16814  3.14159  3.14159  382.503  -316.819
-6.9115  3.14159  3.14159  87.0883  246.74
-5.65487  3.14159  3.14159  -450.387  -382.69
-4.39823  3.14159  3.14159  -580.773  664.612
-3.14159  3.14159  3.14159  493.046  -1739.57
-1.88496  3.14159  3.14159  254.55  -4050.2
-0.628319  3.14159  3.14159  77651.7  6900.71
0.628319  3.14159  3.14159  -24969.5  -74411.6
1.88496  3.14159  3.14159  3652.93  -1025.9
3.14159  3.14159  3.14159  1153.59  -1066.56
4.39823  3.14159  3.14159  -664.557  554.811
5.65487  3.14159  3.14159  433.273  246.172
6.9115  3.14159  3.14159  -73.14  76.1319
8.16814  3.14159  3.14159  279.139  -360.239
10.6814  3.14159  3.14159  -44.3008  -2.42169
15.708  3.14159  3.14159  41.3798  -20.0395
33.3009  3.14159  3.14159  -12.0222  -1.42251
