-54.6637  0  0  3.67246e-05  -1.11906e-05
-27.0177  0  0  0.000123812  -7.57217e-05
-13.1947  0  0  0.000283383  -0.000379866
-10.6814  0  0  0.000312809  -0.000574209
-8.16814  0  0  0.000266974  -0.000910079
-6.9115  0  0  0.000157967  -0.00115127
-5.65487  0  0  -7.34855e-05  -0.00143042
-4.39823  0  0  -0.000501462  -0.00168562
-3.14159  0  0  -0.00116972  -0.00176108
-1.88496  0  0  -0.0019745  -0.00142461
-0.628319  0  0  -0.00257015  -0.000555657
0.628319  0  0  -0.00256884  0.000575974
1.88496  0  0  -0.00197404  0.00144664
3.14159  0  0  -0.00116473  0.00178905
4.39823  0  0  -0.000485722  0.00171731
5.65487  0  0  -4.31232e-05  0.00145814
6.9115  0  0  0.000197659  0.00116767
8.16814  0  0  0.000309299  0.000914953
10.6814  0  0  0.00035185  0.000559484
15.708  0  0  0.000259169  0.000228699
33.3009  0  0  7.20324e-05  3.66403e-05
-54.6637  0  3.14159  3.67021e-05  -1.13579e-05
-27.0177  0  3.14159  0.000122194  -7.41601e-05
-13.1947  0  3.14159  0.000281184  -0.000354985
-10.6814  0  3.14159  0.000329402  -0.00053069
-8.16814  0  3.14159  0.000341985  -0.000840519
-6.9115  0  3.14159  0.000302652  -0.00108965
-5.65487  0  3.14159  0.000178384  -0.00142898
-4.39823  0  3.14159  -0.000138  -0.0018765
-3.14159  0  3.14159  -0.000841189  -0.00233594
-1.88496  0  3.14159  -0.00214215  -0.0023939
-0.628319  0  3.14159  -0.00355763  -0.00114026
0.628319  0  3.14159  -0.00356606  0.00117544
1.88496  0  3.14159  -0.00213782  0.00240967
3.14159  0  3.14159  -0.000844507  0.00235974
4.39823  0  3.14159  -0.000124863  0.00190894
5.65487  0  3.14159  0.000208541  0.00145893
6.9115  0  3.14159  0.000343605  0.00110608
8.16814  0  3.14159  0.000387803  0.000847756
10.6814  0  3.14159  0.000367452  0.000515041
15.708  0  3.14159  0.000256625  0.000215622
33.3009  0  3.14159  7.04197e-05  3.63976e-05
-54.6637  3.14159  0  3.67021e-05  -1.13579e-05
-27.0177  3.14159  0  0.000122194  -7.41601e-05
-13.1947  3.14159  0  0.000281184  -0.000354985
-10.6814  3.14159  0  0.000329402  -0.00053069
-8.16814  3.14159  0  0.000341985  -0.000840519
-6.9115  3.14159  0  0.000302652  -0.00108965
-5.65487  3.14159  0  0.000178384  -0.00142898
-4.39823  3.14159  0  -0.000138  -0.0018765
-3.14159  3.14159  0  -0.000841189  -0.00233594
-1.88496  3.14159  0  -0.00214215  -0.0023939
-0.628319  3.14159  0  -0.00355763  -0.00114026
0.628319  3.14159  0  -0.00356606  0.00117544
1.88496  3.14159  0  -0.00213782  0.00240967
3.14159  3.14159  0  -0.000844507  0.00235974
4.39823  3.14159  0  -0.000124863  0.00190894
5.65487  3.14159  0  0.000208541  0.00145893
6.9115  3.14159  0  0.000343605  0.00110608
8.16814  3.14159  0  0.000387803  0.000847756
10.6814  3.14159  0  0.000367452  0.000515041
15.708  3.14159  0  0.000256625  0.000215622
33.3009  3.14159  0  7.04197e-05  3.63976e-05
-54.6637  3.14159  3.14159  3.61204e-05  -1.11136e-05
-27.0177  3.14159  3.14159  0.000119667  -7.30771e-05
-13.1947  3.14159  3.14159  0.000277816  -0.000332354
-10.6814  3.14159  3.14159  0.000331697  -0.00048616
-8.16814  3.14159  3.14159  0.000381185  -0.000759775
-6.9115  3.14159  3.14159  0.00038749  -0.0009783
-5.65487  3.14159  3.14159  0.000358993  -0.00128558
-4.39823  3.14159  3.14159  0.000260574  -0.00173002
-3.14159  3.14159  3.14159  2.82041e-05  -0.00244052
-1.88496  3.14159  3.14159  -0.000694718  -0.00395
-0.628319  3.14159  3.14159  -0.00651437  -0.00661202
0.628319  3.14159  3.14159  -0.00651826  0.00662538
1.88496  3.14159  3.14159  -0.000701636  0.00397238
3.14159  3.14159  3.14159  3.17321e-05  0.00247127
4.39823  3.14159  3.14159  0.000277075  0.00176158
5.65487  3.14159  3.14159  0.000387956  0.00131235
6.9115  3.14159  3.14159  0.000425037  0.000995125
8.16814  3.14159  3.14159  0.000422114  0.000766079
10.6814  3.14159  3.14159  0.000370971  0.000472705
15.708  3.14159  3.14159  0.000249684  0.000202841
33.3009  3.14159  3.14159  6.96548e-05  3.56219e-05
