-54.6637  0  0  0.000752333  0.0279081
-27.0177  0  0  0.00309179  0.0564647
-13.1947  0  0  0.0129605  0.115598
-10.6814  0  0  0.0197774  0.142596
-8.16814  0  0  0.0338167  0.18503
-6.9115  0  0  0.0472021  0.215929
-5.65487  0  0  0.0702199  0.255858
-4.39823  0  0  0.113119  0.303927
-3.14159  0  0  0.196226  0.345277
-1.88496  0  0  0.339423  0.323433
-0.628319  0  0  0.489167  0.146686
0.628319  0  0  0.489167  -0.146593
1.88496  0  0  0.339363  -0.323411
3.14159  0  0  0.196248  -0.345262
4.39823  0  0  0.113175  -0.303927
5.65487  0  0  0.0702517  -0.255857
6.9115  0  0  0.0472082  -0.215934
8.16814  0  0  0.0338104  -0.185026
10.6814  0  0  0.0197831  -0.142594
15.708  0  0  0.0091586  -0.0971216
33.3009  0  0  0.00203422  -0.0458101
-54.6637  0  3.14159  0.000887646  0.0278544
-27.0177  0  3.14159  0.00360637  0.0560316
-13.1947  0  3.14159  0.0145037  0.111925
-10.6814  0  3.14159  0.0214331  0.135866
-8.16814  0  3.14159  0.0338106  0.171322
-6.9115  0  3.14159  0.0431994  0.195676
-5.65487  0  3.14159  0.0543679  0.226266
-4.39823  0  3.14159  0.0627384  0.264756
-3.14159  0  3.14159  0.0491336  0.309763
-1.88496  0  3.14159  -0.0357575  0.331341
-0.628319  0  3.14159  -0.18275  0.18614
0.628319  0  3.14159  -0.182685  -0.186141
1.88496  0  3.14159  -0.0357813  -0.331335
3.14159  0  3.14159  0.0491573  -0.30976
4.39823  0  3.14159  0.0627697  -0.264747
5.65487  0  3.14159  0.0543743  -0.226263
6.9115  0  3.14159  0.0431985  -0.195675
8.16814  0  3.14159  0.0338115  -0.171323
10.6814  0  3.14159  0.021433  -0.135862
15.708  0  3.14159  0.0104067  -0.094919
33.3009  0  3.14159  0.00238732  -0.0455777
-54.6637  3.14159  0  0.000887646  0.0278544
-27.0177  3.14159  0  0.00360637  0.0560316
-13.1947  3.14159  0  0.0145037  0.111925
-10.6814  3.14159  0  0.0214331  0.135866
-8.16814  3.14159  0  0.0338106  0.171322
-6.9115  3.14159  0  0.0431994  0.195676
-5.65487  3.14159  0  0.0543679  0.226266
-4.39823  3.14159  0  0.0627384  0.264756
-3.14159  3.14159  0  0.0491336  0.309763
-1.88496  3.14159  0  -0.0357575  0.331341
-0.628319  3.14159  0  -0.18275  0.18614
0.628319  3.14159  0  -0.182685  -0.186141
1.88496  3.14159  0  -0.0357813  -0.331335
3.14159  3.14159  0  0.0491573  -0.30976
4.39823  3.14159  0  0.0627697  -0.264747
5.65487  3.14159  0  0.0543743  -0.226263
6.9115  3.14159  0  0.0431985  -0.195675
8.16814  3.14159  0  0.0338115  -0.171323
10.6814  3.14159  0  0.021433  -0.135862
15.708  3.14159  0  0.0104067  -0.094919
33.3009  3.14159  0  0.00238732  -0.0455777
-54.6637  3.14159  3.14159  0.00103166  0.0278863
-27.0177  3.14159  3.14159  0.00426239  0.0563091
-13.1947  3.14159  3.14159  0.0181755  0.114002
-10.6814  3.14159  3.14159  0.0279219  0.139461
-8.16814  3.14159  3.14159  0.0478498  0.178293
-6.9115  3.14159  3.14159  0.0664756  0.205827
-5.65487  3.14159  3.14159  0.097526  0.240823
-4.39823  3.14159  3.14159  0.152742  0.282739
-3.14159  3.14159  3.14159  0.253624  0.318855
-1.88496  3.14159  3.14159  0.41819  0.298711
-0.628319  3.14159  3.14159  0.58372  0.136227
0.628319  3.14159  3.14159  0.583809  -0.136163
1.88496  3.14159  3.14159  0.418127  -0.298724
3.14159  3.14159  3.14159  0.25368  -0.318858
4.39823  3.14159  3.14159  0.152812  -0.282725
5.65487  3.14159  3.14159  0.0975403  -0.240816
6.9115  3.14159  3.14159  0.0664731  -0.205824
8.16814  3.14159  3.14159  0.0478317  -0.178296
10.6814  3.14159  3.14159  0.0279233  -0.139457
15.708  3.14159  3.14159  0.012759  -0.0962188
33.3009  3.14159  3.14159  0.00279923  -0.0457271
