-54.6637  0  0  -0.0982772  -0.0661606
-27.0177  0  0  0.0094236  0.617961
-13.1947  0  0  -13.8038  -7.04286
-10.6814  0  0  8.63754  0.323352
-8.16814  0  0  -14.7642  1.76011
-6.9115  0  0  -3.75726  2.90682
-5.65487  0  0  30.9653  7.25505
-4.39823  0  0  -50.1508  -25.2023
-3.14159  0  0  -8.64917  -157.191
-1.88496  0  0  -61.031  250.145
-0.628319  0  0  680.676  -827.781
0.628319  0  0  777.943  1061.29
1.88496  0  0  2.50777  -165.059
3.14159  0  0  -125.047  159.185
4.39823  0  0  -67.8033  33.0702
5.65487  0  0  38.6297  15.3105
6.9115  0  0  -8.46996  -0.640624
8.16814  0  0  -14.2528  -4.46281
10.6814  0  0  5.56019  -0.0908425
15.708  0  0  8.03295  2.64624
33.3009  0  0  -0.116136  0.341512
-54.6637  0  3.14159  -0.0397852  -0.104239
-27.0177  0  3.14159  0.152798  0.143259
-13.1947  0  3.14159  0.0886184  2.12273
-10.6814  0  3.14159  0.777002  -2.83291
-8.16814  0  3.14159  -0.966919  -6.19589
-6.9115  0  3.14159  1.13437  2.43275
-5.65487  0  3.14159  0.649337  0.191612
-4.39823  0  3.14159  -5.05541  6.51877
-3.14159  0  3.14159  -30.7217  -15.2937
-1.88496  0  3.14159  -5.69061  18.6106
-0.628319  0  3.14159  -99.354  -148.91
0.628319  0  3.14159  260.114  27.5086
1.88496  0  3.14159  -20.6704  11.0853
3.14159  0  3.14159  14.9003  31.1785
4.39823  0  3.14159  -0.911484  21.531
5.65487  0  3.14159  -1.79508  4.23813
6.9115  0  3.14159  -2.94437  1.46039
8.16814  0  3.14159  -0.518245  -2.87337
10.6814  0  3.14159  0.0102173  -2.55151
15.708  0  3.14159  1.85671  -1.06953
33.3009  0  3.14159  -0.143577  0.608561
-54.6637  3.14159  0  -0.0397852  -0.104239
-27.0177  3.14159  0  0.152798  0.143259
-13.1947  3.14159  0  0.0886184  2.12273
-10.6814  3.14159  0  0.777002  -2.83291
-8.16814  3.14159  0  -0.966919  -6.19589
-6.9115  3.14159  0  1.13437  2.43275
-5.65487  3.14159  0  0.649337  0.191612
-4.39823  3.14159  0  -5.05541  6.51877
-3.14159  3.14159  0  -30.7217  -15.2937
-1.88496  3.14159  0  -5.69061  18.6106
-0.628319  3.14159  0  -99.354  -148.91
0.628319  3.14159  0  260.114  27.5086
1.88496  3.14159  0  -20.6704  11.0853
3.14159  3.14159  0  14.9003  31.1785
4.39823  3.14159  0  -0.911484  21.531
5.65487  3.14159  0  -1.79508  4.23813
6.9115  3.14159  0  -2.94437  1.46039
8.16814  3.14159  0  -0.518245  -2.87337
10.6814  3.14159  0  0.0102173  -2.55151
15.708  3.14159  0  1.85671  -1.06953
33.3009  3.14159  0  -0.143577  0.608561
-54.6637  3.14159  3.14159  0.0436103  -0.156333
-27.0177  3.14159  3.14159  0.0716738  -0.174219
-13.1947  3.14159  3.14159  2.67476  2.1408
-10.6814  3.14159  3.14159  -0.216476  -6.53979
-8.16814  3.14159  3.14159  -2.2733  -5.01761
-6.9115  3.14159  3.14159  9.38259  5.97562
-5.65487  3.14159  3.14159  2.29397  4.2251
-4.39823  3.14159  3.14159  19.5481  33.4246
-3.14159  3.14159  3.14159  -4.54472  63.2314
-1.88496  3.14159  3.14159  58.9866  12.6655
-0.628319  3.14159  3.14159  -613.417  100.839
0.628319  3.14159  3.14159  71.2875  -557.509
1.88496  3.14159  3.14159  -2.2024  97.1656
3.14159  3.14159  3.14159  65.4413  -8.00005
4.39823  3.14159  3.14159  26.51  10.5245
5.65487  3.14159  3.14159  -2.47285  6.47565
6.9115  3.14159  3.14159  3.77505  7.81011
8.16814  3.14159  3.14159  0.813477  -6.7953
10.6814  3.14159  3.14159  -2.70474  -3.49179
15.708  3.14159  3.14159  -3.66713  -2.32658
33.3009  3.14159  3.14159  0.887203  0.991922
