-54.6637  0  0  0.000229495  -0.466799
-27.0177  0  0  0.000689706  -0.928806
-13.1947  0  0  0.00048553  -1.78426
-10.6814  0  0  -0.000170711  -2.11814
-8.16814  0  0  -0.000766272  -2.56962
-6.9115  0  0  -1.91651e-05  -2.8439
-5.65487  0  0  0.0035655  -3.13197
-4.39823  0  0  0.0145873  -3.36564
-3.14159  0  0  0.0430551  -3.35018
-1.88496  0  0  0.104565  -2.70709
-0.628319  0  0  0.187296  -1.1346
0.628319  0  0  0.187297  1.1346
1.88496  0  0  0.104566  2.70709
3.14159  0  0  0.0430557  3.35018
4.39823  0  0  0.0145881  3.36564
5.65487  0  0  0.00356634  3.13197
6.9115  0  0  -1.84566e-05  2.8439
8.16814  0  0  -0.000765663  2.56962
10.6814  0  0  -0.000170168  2.11814
15.708  0  0  0.000791904  1.53459
33.3009  0  0  0.000523843  0.7592
-54.6637  0  3.14159  -3.96172e-08  -0.467453
-27.0177  0  3.14159  -7.63017e-08  -0.934367
-13.1947  0  3.14159  -1.74235e-07  -1.83622
-10.6814  0  3.14159  -2.79317e-07  -2.21989
-8.16814  0  3.14159  -3.7695e-07  -2.80754
-6.9115  0  3.14159  -3.88939e-07  -3.24274
-5.65487  0  3.14159  -4.82767e-07  -3.85454
-4.39823  0  3.14159  -6.6149e-07  -4.79556
-3.14159  0  3.14159  -9.69489e-07  -6.44987
-1.88496  0  3.14159  -8.26458e-07  -9.97081
-0.628319  0  3.14159  2.32644e-06  -8.09748
0.628319  0  3.14159  3.93541e-06  8.09748
1.88496  0  3.14159  2.72572e-06  9.97081
3.14159  0  3.14159  8.28713e-07  6.44987
4.39823  0  3.14159  7.45075e-07  4.79556
5.65487  0  3.14159  6.04466e-07  3.85454
6.9115  0  3.14159  4.26582e-07  3.24274
8.16814  0  3.14159  2.96229e-07  2.80754
10.6814  0  3.14159  2.53244e-07  2.21989
15.708  0  3.14159  1.92137e-07  1.56454
33.3009  0  3.14159  8.8907e-08  0.762135
-54.6637  3.14159  0  -3.96172e-08  -0.467453
-27.0177  3.14159  0  -7.63017e-08  -0.934367
-13.1947  3.14159  0  -1.74235e-07  -1.83622
-10.6814  3.14159  0  -2.79317e-07  -2.21989
-8.16814  3.14159  0  -3.7695e-07  -2.80754
-6.9115  3.14159  0  -3.88939e-07  -3.24274
-5.65487  3.14159  0  -4.82767e-07  -3.85454
-4.39823  3.14159  0  -6.6149e-07  -4.79556
-3.14159  3.14159  0  -9.69489e-07  -6.44987
-1.88496  3.14159  0  -8.26458e-07  -9.97081
-0.628319  3.14159  0  2.32644e-06  -8.09748
0.628319  3.14159  0  3.93541e-06  8.09748
1.88496  3.14159  0  2.72572e-06  9.97081
3.14159  3.14159  0  8.28713e-07  6.44987
4.39823  3.14159  0  7.45075e-07  4.79556
5.65487  3.14159  0  6.04466e-07  3.85454
6.9115  3.14159  0  4.26582e-07  3.24274
8.16814  3.14159  0  2.96229e-07  2.80754
10.6814  3.14159  0  2.53244e-07  2.21989
15.708  3.14159  0  1.92137e-07  1.56454
33.3009  3.14159  0  8.8907e-08  0.762135
-54.6637  3.14159  3.14159  -0.000229743  -0.466799
-27.0177  3.14159  3.14159  -0.000690185  -0.928806
-13.1947  3.14159  3.14159  -0.000486186  -1.78426
-10.6814  3.14159  3.14159  0.000170116  -2.11814
-8.16814  3.14159  3.14159  0.000765683  -2.56962
-6.9115  3.14159  3.14159  1.84562e-05  -2.8439
-5.65487  3.14159  3.14159  -0.00356634  -3.13197
-4.39823  3.14159  3.14159  -0.0145881  -3.36564
-3.14159  3.14159  3.14159  -0.0430559  -3.35018
-1.88496  3.14159  3.14159  -0.104566  -2.70709
-0.628319  3.14159  3.14159  -0.187298  -1.1346
0.628319  3.14159  3.14159  -0.187297  1.1346
1.88496  3.14159  3.14159  -0.104565  2.70709
3.14159  3.14159  3.14159  -0.0430552  3.35018
4.39823  3.14159  3.14159  -0.0145872  3.36564
5.65487  3.14159  3.14159  -0.00356548  3.13197
6.9115  3.14159  3.14159  1.9174e-05  2.8439
8.16814  3.14159  3.14159  0.0007663  2.56962
10.6814  3.14159  3.14159  0.000170665  2.11814
15.708  3.14159  3.14159  -0.000791627  1.53459
33.3009  3.14159  3.14159  -0.000523656  0.7592
