-54.6637  0  0  6.68329e-05  1.21979e-05
-27.0177  0  0  0.000298699  -0.000225584
-13.1947  0  0  5.89792e-05  -0.000684136
-10.6814  0  0  -0.000167334  -0.0007802
-8.16814  0  0  -3.56121e-05  -0.000956673
-6.9115  0  0  -0.000108727  -0.00108598
-5.65487  0  0  -0.000349951  -0.00135481
-4.39823  0  0  -0.000766194  -0.00125409
-3.14159  0  0  -0.00115416  -0.00151106
-1.88496  0  0  -0.00208276  -0.00101863
-0.628319  0  0  -0.00226272  -0.000745497
0.628319  0  0  -0.00224102  0.000819885
1.88496  0  0  -0.00191378  0.00150117
3.14159  0  0  -0.00121561  0.00204478
4.39823  0  0  -0.000444497  0.00183969
5.65487  0  0  4.19492e-05  0.0015758
6.9115  0  0  0.000177019  0.00119752
8.16814  0  0  0.000239384  0.000835431
10.6814  0  0  0.000370334  0.000519648
15.708  0  0  0.000196014  0.000117341
33.3009  0  0  7.65442e-05  6.01686e-05
-54.6637  0  3.14159  0.000281903  0.00150429
-27.0177  0  3.14159  0.000325334  0.000828006
-13.1947  0  3.14159  -0.0018318  -0.00333088
-10.6814  0  3.14159  0.00239052  0.0014144
-8.16814  0  3.14159  -0.00666298  -0.00848263
-6.9115  0  3.14159  -0.00186604  -0.00354109
-5.65487  0  3.14159  0.00416478  0.00209431
-4.39823  0  3.14159  0.00834296  -0.00149005
-3.14159  0  3.14159  0.00837342  -0.00654215
-1.88496  0  3.14159  -0.000884428  0.00115646
-0.628319  0  3.14159  -0.0040571  0.0153824
0.628319  0  3.14159  -0.0192402  0.00790376
1.88496  0  3.14159  0.00501015  -0.00107604
3.14159  0  3.14159  0.00559642  0.00594172
4.39823  0  3.14159  0.0125149  -0.00405003
5.65487  0  3.14159  -0.00292022  -0.00121295
6.9115  0  3.14159  -0.00268937  0.00626781
8.16814  0  3.14159  -0.00249394  0.0116942
10.6814  0  3.14159  0.00162522  -0.00346992
15.708  0  3.14159  0.00319296  -1.14399e-05
33.3009  0  3.14159  -1.15928e-05  -0.00226597
-54.6637  3.14159  0  0.000281903  0.00150429
-27.0177  3.14159  0  0.000325334  0.000828006
-13.1947  3.14159  0  -0.0018318  -0.00333088
-10.6814  3.14159  0  0.00239052  0.0014144
-8.16814  3.14159  0  -0.00666298  -0.00848263
-6.9115  3.14159  0  -0.00186604  -0.00354109
-5.65487  3.14159  0  0.00416478  0.00209431
-4.39823  3.14159  0  0.00834296  -0.00149005
-3.14159  3.14159  0  0.00837342  -0.00654215
-1.88496  3.14159  0  -0.000884428  0.00115646
-0.628319  3.14159  0  -0.0040571  0.0153824
0.628319  3.14159  0  -0.0192402  0.00790376
1.88496  3.14159  0  0.00501015  -0.00107604
3.14159  3.14159  0  0.00559642  0.00594172
4.39823  3.14159  0  0.0125149  -0.00405003
5.65487  3.14159  0  -0.00292022  -0.00121295
6.9115  3.14159  0  -0.00268937  0.00626781
8.16814  3.14159  0  -0.00249394  0.0116942
10.6814  3.14159  0  0.00162522  -0.00346992
15.708  3.14159  0  0.00319296  -1.14399e-05
33.3009  3.14159  0  -1.15928e-05  -0.00226597
-54.6637  3.14159  3.14159  6.51128e-05  1.16071e-05
-27.0177  3.14159  3.14159  0.000295224  -0.000224986
-13.1947  3.14159  3.14159  5.41737e-05  -0.00063202
-10.6814  3.14159  3.14159  -0.00015523  -0.000696023
-8.16814  3.14159  3.14159  8.14716e-05  -0.000800365
-6.9115  3.14159  3.14159  0.000120618  -0.000908994
-5.65487  3.14159  3.14159  7.66454e-05  -0.00120975
-4.39823  3.14159  3.14159  -1.93984e-05  -0.00127763
-3.14159  3.14159  3.14159  4.05309e-05  -0.00216497
-1.88496  3.14159  3.14159  -0.000784549  -0.00351242
-0.628319  3.14159  3.14159  -0.00614684  -0.00682086
0.628319  3.14159  3.14159  -0.0061603  0.00686042
1.88496  3.14159  3.14159  -0.000653374  0.00400504
3.14159  3.14159  3.14159  -4.39592e-05  0.00272953
4.39823  3.14159  3.14159  0.000314206  0.00189455
5.65487  3.14159  3.14159  0.000473296  0.00143677
6.9115  3.14159  3.14159  0.000403297  0.00101912
8.16814  3.14159  3.14159  0.000348553  0.000672586
10.6814  3.14159  3.14159  0.000386684  0.000436668
15.708  3.14159  3.14159  0.000189199  8.86869e-05
33.3009  3.14159  3.14159  7.5734e-05  6.03737e-05
