-54.6637  0  0  -0.495501  3.24691
-27.0177  0  0  2.22137  -5.9757
-13.1947  0  0  5.6754  -3.38998
-10.6814  0  0  1.53385  -3.87863
-8.16814  0  0  8.48136  -16.6824
-6.9115  0  0  14.0102  -8.58269
-5.65487  0  0  -1.5795  -17.1711
-4.39823  0  0  3.04911  0.308371
-3.14159  0  0  -18.9846  -17.341
-1.88496  0  0  27.6175  -2.16364
-0.628319  0  0  18.7776  -23.353
0.628319  0  0  16.1604  26.4816
1.88496  0  0  26.6438  10.5084
3.14159  0  0  -23.7796  6.40575
4.39823  0  0  4.56505  2.94031
5.65487  0  0  -12.4672  14.0268
6.9115  0  0  7.28955  13.7369
8.16814  0  0  -1.98809  17.8798
10.6814  0  0  -1.32279  4.19766
15.708  0  0  -5.90936  12.7959
33.3009  0  0  -1.4254  4.08378
-54.6637  0  3.14159  5.15725  11.0625
-27.0177  0  3.14159  -1.21968  -17.6204
-13.1947  0  3.14159  -2.89064  -12.9045
-10.6814  0  3.14159  13.2101  18.9425
-8.16814  0  3.14159  59.7018  0.014901
-6.9115  0  3.14159  49.541  -13.4135
-5.65487  0  3.14159  39.0496  42.5154
-4.39823  0  3.14159  -61.3425  12.566
-3.14159  0  3.14159  -91.1159  -46.7147
-1.88496  0  3.14159  176.359  -145.345
-0.628319  0  3.14159  -172.186  -419.209
0.628319  0  3.14159  427.155  268.681
1.88496  0  3.14159  141.303  -91.4958
3.14159  0  3.14159  48.4589  94.6113
4.39823  0  3.14159  29.0001  62.3618
5.65487  0  3.14159  -76.9435  -20.8774
6.9115  0  3.14159  -10.76  -22.1242
8.16814  0  3.14159  -29.7711  -19.9839
10.6814  0  3.14159  -22.5954  -7.93671
15.708  0  3.14159  -5.82328  21.6197
33.3009  0  3.14159  16.0907  24.0203
-54.6637  3.14159  0  5.15725  11.0625
-27.0177  3.14159  0  -1.21968  -17.6204
-13.1947  3.14159  0  -2.89064  -12.9045
-10.6814  3.14159  0  13.2101  18.9425
-8.16814  3.14159  0  59.7018  0.014901
-6.9115  3.14159  0  49.541  -13.4135
-5.65487  3.14159  0  39.0496  42.5154
-4.39823  3.14159  0  -61.3425  12.566
-3.14159  3.14159  0  -91.1159  -46.7147
-1.88496  3.14159  0  176.359  -145.345
-0.628319  3.14159  0  -172.186  -419.209
0.628319  3.14159  0  427.155  268.681
1.88496  3.14159  0  141.303  -91.4958
3.14159  3.14159  0  48.4589  94.6113
4.39823  3.14159  0  29.0001  62.3618
5.65487  3.14159  0  -76.9435  -20.8774
6.9115  3.14159  0  -10.76  -22.1242
8.16814  3.14159  0  -29.7711  -19.9839
10.6814  3.14159  0  -22.5954  -7.93671
15.708  3.14159  0  -5.82328  21.6197
33.3009  3.14159  0  16.0907  24.0203
-54.6637  3.14159  3.14159  0.623552  0.0654238
-27.0177  3.14159  3.14159  -0.338441  -0.837546
-13.1947  3.14159  3.14159  0.950567  -1.31462
-10.6814  3.14159  3.14159  0.151807  1.82221
-8.16814  3.14159  3.14159  0.556873  4.69514
-6.9115  3.14159  3.14159  0.511704  3.82033
-5.65487  3.14159  3.14159  0.833776  2.41349
-4.39823  3.14159  3.14159  -2.22452  -0.765583
-3.14159  3.14159  3.14159  -1.7328  -12.8422
-1.88496  3.14159  3.14159  1.31245  1.92367
-0.628319  3.14159  3.14159  0.908267  -50.2375
0.628319  3.14159  3.14159  7.65434  36.9655
1.88496  3.14159  3.14159  14.4626  -14.6016
3.14159  3.14159  3.14159  -3.60893  7.49459
4.39823  3.14159  3.14159  -1.6341  1.36303
5.65487  3.14159  3.14159  -4.06702  -2.65637
6.9115  3.14159  3.14159  2.15075  -3.20531
8.16814  3.14159  3.14159  1.24245  -5.46518
10.6814  3.14159  3.14159  -0.845148  -1.4138
15.708  3.14159  3.14159  -0.831394  0.557337
33.3009  3.14159  3.14159  0.274454  1.84372
