-54.6637  0  0  3.53257e-05  -7.84109e-06
-27.0177  0  0  0.000129865  -6.42772e-05
-13.1947  0  0  0.000311427  -0.000384266
-10.6814  0  0  0.00033979  -0.000590105
-8.16814  0  0  0.000284758  -0.000939014
-6.9115  0  0  0.000166649  -0.00118376
-5.65487  0  0  -7.64248e-05  -0.00146103
-4.39823  0  0  -0.000512398  -0.00170792
-3.14159  0  0  -0.0011822  -0.00177395
-1.88496  0  0  -0.00198396  -0.00143033
-0.628319  0  0  -0.00257471  -0.000558778
0.628319  0  0  -0.00256892  0.000572322
1.88496  0  0  -0.00197066  0.0014392
3.14159  0  0  -0.00116391  0.00177808
4.39823  0  0  -0.000488849  0.00170601
5.65487  0  0  -5.0146e-05  0.00145033
6.9115  0  0  0.000191335  0.0011649
8.16814  0  0  0.000306178  0.000913674
10.6814  0  0  0.000351639  0.000555401
15.708  0  0  0.000256386  0.000224983
33.3009  0  0  7.06998e-05  3.47574e-05
-54.6637  0  3.14159  3.50181e-05  -7.80744e-06
-27.0177  0  3.14159  0.000127887  -6.28664e-05
-13.1947  0  3.14159  0.00031044  -0.000360233
-10.6814  0  3.14159  0.000355019  -0.000545597
-8.16814  0  3.14159  0.000361706  -0.000871111
-6.9115  0  3.14159  0.000313319  -0.0011238
-5.65487  0  3.14159  0.000175132  -0.00146373
-4.39823  0  3.14159  -0.000152316  -0.00189845
-3.14159  0  3.14159  -0.000859084  -0.00234583
-1.88496  0  3.14159  -0.00215037  -0.00239427
-0.628319  0  3.14159  -0.00356697  -0.00114789
0.628319  0  3.14159  -0.00355809  0.00116847
1.88496  0  3.14159  -0.00212961  0.00240505
3.14159  0  3.14159  -0.000835626  0.00234645
4.39823  0  3.14159  -0.00012888  0.00189274
5.65487  0  3.14159  0.000199302  0.00145251
6.9115  0  3.14159  0.000337437  0.00110613
8.16814  0  3.14159  0.000383859  0.000846777
10.6814  0  3.14159  0.00036797  0.000510667
15.708  0  3.14159  0.000252256  0.000211272
33.3009  0  3.14159  6.94787e-05  3.43042e-05
-54.6637  3.14159  0  3.50181e-05  -7.80744e-06
-27.0177  3.14159  0  0.000127887  -6.28664e-05
-13.1947  3.14159  0  0.00031044  -0.000360233
-10.6814  3.14159  0  0.000355019  -0.000545597
-8.16814  3.14159  0  0.000361706  -0.000871111
-6.9115  3.14159  0  0.000313319  -0.0011238
-5.65487  3.14159  0  0.000175132  -0.00146373
-4.39823  3.14159  0  -0.000152316  -0.00189845
-3.14159  3.14159  0  -0.000859084  -0.00234583
-1.88496  3.14159  0  -0.00215037  -0.00239427
-0.628319  3.14159  0  -0.00356697  -0.00114789
0.628319  3.14159  0  -0.00355809  0.00116847
1.88496  3.14159  0  -0.00212961  0.00240505
3.14159  3.14159  0  -0.000835626  0.00234645
4.39823  3.14159  0  -0.00012888  0.00189274
5.65487  3.14159  0  0.000199302  0.00145251
6.9115  3.14159  0  0.000337437  0.00110613
8.16814  3.14159  0  0.000383859  0.000846777
10.6814  3.14159  0  0.00036797  0.000510667
15.708  3.14159  0  0.000252256  0.000211272
33.3009  3.14159  0  6.94787e-05  3.43042e-05
-54.6637  3.14159  3.14159  3.47115e-05  -7.75817e-06
-27.0177  3.14159  3.14159  0.000125917  -6.14361e-05
-13.1947  3.14159  3.14159  0.000305688  -0.000338717
-10.6814  3.14159  3.14159  0.000356623  -0.000503746
-8.16814  3.14159  3.14159  0.000396197  -0.000787679
-6.9115  3.14159  3.14159  0.000394835  -0.00100846
-5.65487  3.14159  3.14159  0.000357425  -0.00131441
-4.39823  3.14159  3.14159  0.00025282  -0.00175495
-3.14159  3.14159  3.14159  1.13012e-05  -0.0024612
-1.88496  3.14159  3.14159  -0.000722851  -0.00395468
-0.628319  3.14159  3.14159  -0.00652776  -0.00659677
0.628319  3.14159  3.14159  -0.00650332  0.00663588
1.88496  3.14159  3.14159  -0.000679275  0.00395974
3.14159  3.14159  3.14159  3.48216e-05  0.00245022
4.39823  3.14159  3.14159  0.00027004  0.00174759
5.65487  3.14159  3.14159  0.000380097  0.00130528
6.9115  3.14159  3.14159  0.000419421  0.00099234
8.16814  3.14159  3.14159  0.000419545  0.000764225
10.6814  3.14159  3.14159  0.000370952  0.000468191
15.708  3.14159  3.14159  0.000246823  0.000198744
33.3009  3.14159  3.14159  6.82747e-05  3.38077e-05
