-54.6637  0  0  1.07367e-06  -1.694e-06
-27.0177  0  0  -4.38723e-06  7.90402e-08
-13.1947  0  0  3.50138e-06  7.01247e-06
-10.6814  0  0  -1.43947e-05  4.76215e-06
-8.16814  0  0  1.53266e-05  -9.6451e-06
-6.9115  0  0  2.3348e-05  2.01228e-06
-5.65487  0  0  -2.36944e-05  -3.01736e-05
-4.39823  0  0  3.95044e-05  -6.92688e-05
-3.14159  0  0  -5.22186e-07  2.78635e-05
-1.88496  0  0  -0.000111328  -2.79121e-05
-0.628319  0  0  0.000293839  5.1024e-05
0.628319  0  0  0.000299841  0.000289663
1.88496  0  0  -2.60001e-05  -0.000114897
3.14159  0  0  3.90247e-05  -6.22373e-06
4.39823  0  0  -1.92693e-05  7.29101e-05
5.65487  0  0  -3.12078e-05  2.10895e-06
6.9115  0  0  2.64662e-05  -1.18205e-06
8.16814  0  0  6.04925e-06  5.84241e-06
10.6814  0  0  2.60642e-06  -1.56481e-05
15.708  0  0  -6.39537e-06  -9.34369e-07
33.3009  0  0  3.45701e-06  2.02192e-06
-54.6637  0  3.14159  4.48994e-08  -3.44832e-07
-27.0177  0  3.14159  1.70392e-07  -6.25739e-07
-13.1947  0  3.14159  1.19263e-06  -9.68583e-07
-10.6814  0  3.14159  1.97651e-06  -1.31103e-06
-8.16814  0  3.14159  3.38851e-06  -2.7269e-06
-6.9115  0  3.14159  4.64409e-06  -3.99302e-06
-5.65487  0  3.14159  4.96441e-06  -6.19065e-06
-4.39823  0  3.14159  6.68576e-06  -1.0348e-05
-3.14159  0  3.14159  5.93323e-06  -1.56529e-05
-1.88496  0  3.14159  -7.47031e-07  -2.21964e-05
-0.628319  0  3.14159  -9.15852e-06  -1.57819e-05
0.628319  0  3.14159  -1.20967e-05  1.59746e-05
1.88496  0  3.14159  -2.2392e-06  2.07498e-05
3.14159  0  3.14159  5.02067e-06  1.54563e-05
4.39823  0  3.14159  5.49963e-06  9.98607e-06
5.65487  0  3.14159  4.62404e-06  6.00212e-06
6.9115  0  3.14159  3.88888e-06  3.81972e-06
8.16814  0  3.14159  3.06241e-06  2.8576e-06
10.6814  0  3.14159  1.76502e-06  1.48111e-06
15.708  0  3.14159  5.51187e-07  8.38116e-07
33.3009  0  3.14159  1.5505e-08  4.69939e-07
-54.6637  3.14159  0  4.48994e-08  -3.44832e-07
-27.0177  3.14159  0  1.70392e-07  -6.25739e-07
-13.1947  3.14159  0  1.19263e-06  -9.68583e-07
-10.6814  3.14159  0  1.97651e-06  -1.31103e-06
-8.16814  3.14159  0  3.38851e-06  -2.7269e-06
-6.9115  3.14159  0  4.64409e-06  -3.99302e-06
-5.65487  3.14159  0  4.96441e-06  -6.19065e-06
-4.39823  3.14159  0  6.68576e-06  -1.0348e-05
-3.14159  3.14159  0  5.93323e-06  -1.56529e-05
-1.88496  3.14159  0  -7.47031e-07  -2.21964e-05
-0.628319  3.14159  0  -9.15852e-06  -1.57819e-05
0.628319  3.14159  0  -1.20967e-05  1.59746e-05
1.88496  3.14159  0  -2.2392e-06  2.07498e-05
3.14159  3.14159  0  5.02067e-06  1.54563e-05
4.39823  3.14159  0  5.49963e-06  9.98607e-06
5.65487  3.14159  0  4.62404e-06  6.00212e-06
6.9115  3.14159  0  3.88888e-06  3.81972e-06
8.16814  3.14159  0  3.06241e-06  2.8576e-06
10.6814  3.14159  0  1.76502e-06  1.48111e-06
15.708  3.14159  0  5.51187e-07  8.38116e-07
33.3009  3.14159  0  1.5505e-08  4.69939e-07
-54.6637  3.14159  3.14159  5.21482e-07  -1.16995e-06
-27.0177  3.14159  3.14159  -1.81382e-06  5.4511e-08
-13.1947  3.14159  3.14159  6.80463e-07  2.20562e-06
-10.6814  3.14159  3.14159  -3.01875e-06  1.52955e-06
-8.16814  3.14159  3.14159  7.71228e-06  -8.43544e-06
-6.9115  3.14159  3.14159  1.13976e-05  3.26284e-06
-5.65487  3.14159  3.14159  -2.56453e-05  -2.1772e-05
-4.39823  3.14159  3.14159  2.50646e-05  -1.80405e-05
-3.14159  3.14159  3.14159  4.70404e-05  -2.76375e-05
-1.88496  3.14159  3.14159  -2.06363e-06  3.99067e-05
-0.628319  3.14159  3.14159  0.000160444  -0.000279916
0.628319  3.14159  3.14159  -9.76322e-06  0.000254686
1.88496  3.14159  3.14159  1.39706e-05  -7.17552e-05
3.14159  3.14159  3.14159  -1.90309e-06  5.71515e-05
4.39823  3.14159  3.14159  -1.00103e-05  3.43095e-05
5.65487  3.14159  3.14159  -3.06566e-05  -1.08087e-05
6.9115  3.14159  3.14159  1.82647e-05  8.11567e-06
8.16814  3.14159  3.14159  3.07873e-06  -1.61369e-06
10.6814  3.14159  3.14159  8.60958e-06  -2.5755e-06
15.708  3.14159  3.14159  2.60817e-06  2.68695e-06
33.3009  3.14159  3.14159  2.41542e-06  2.04004e-06
