-54.6637  0  0  -5.8516e-08  0.000451677
-27.0177  0  0  0.000122669  0.000915276
-13.1947  0  0  0.000664802  0.00163179
-10.6814  0  0  0.000956724  0.0018347
-8.16814  0  0  0.00141565  0.00203231
-6.9115  0  0  0.00173971  0.00210166
-5.65487  0  0  0.00214552  0.00211572
-4.39823  0  0  0.00263609  0.00202399
-3.14159  0  0  0.00318186  0.00175581
-1.88496  0  0  0.0036917  0.00124607
-0.628319  0  0  0.00401334  0.000500618
0.628319  0  0  0.00401373  -0.000346981
1.88496  0  0  0.00369298  -0.00109156
3.14159  0  0  0.00318417  -0.00159965
4.39823  0  0  0.00263949  -0.00186493
5.65487  0  0  0.00215106  -0.00195194
6.9115  0  0  0.00175007  -0.001932
8.16814  0  0  0.00143409  -0.00185738
10.6814  0  0  0.000996957  -0.00165622
15.708  0  0  0.000551347  -0.00129012
33.3009  0  0  0.000161959  -0.000671592
-54.6637  0  3.14159  -2.55693e-07  0.000450819
-27.0177  0  3.14159  0.000118779  0.000909593
-13.1947  0  3.14159  0.000619712  0.00161664
-10.6814  0  3.14159  0.000878598  0.00182865
-8.16814  0  3.14159  0.00128167  0.00206902
-6.9115  0  3.14159  0.00157218  0.00219234
-5.65487  0  3.14159  0.00195608  0.00230218
-4.39823  0  3.14159  0.00247525  0.002363
-3.14159  0  3.14159  0.00318  0.00227966
-1.88496  0  3.14159  0.00404907  0.00184169
-0.628319  0  3.14159  0.00476876  0.000795017
0.628319  0  3.14159  0.00476853  -0.000640817
1.88496  0  3.14159  0.00405072  -0.00168608
3.14159  0  3.14159  0.0031843  -0.00212298
4.39823  0  3.14159  0.00248011  -0.00220543
5.65487  0  3.14159  0.00196015  -0.00213987
6.9115  0  3.14159  0.00158088  -0.00202231
8.16814  0  3.14159  0.00129967  -0.00189301
10.6814  0  3.14159  0.000919641  -0.00164989
15.708  0  3.14159  0.000524762  -0.00127558
33.3009  0  3.14159  0.000160197  -0.000668198
-54.6637  3.14159  0  -2.55693e-07  0.000450819
-27.0177  3.14159  0  0.000118779  0.000909593
-13.1947  3.14159  0  0.000619712  0.00161664
-10.6814  3.14159  0  0.000878598  0.00182865
-8.16814  3.14159  0  0.00128167  0.00206902
-6.9115  3.14159  0  0.00157218  0.00219234
-5.65487  3.14159  0  0.00195608  0.00230218
-4.39823  3.14159  0  0.00247525  0.002363
-3.14159  3.14159  0  0.00318  0.00227966
-1.88496  3.14159  0  0.00404907  0.00184169
-0.628319  3.14159  0  0.00476876  0.000795017
0.628319  3.14159  0  0.00476853  -0.000640817
1.88496  3.14159  0  0.00405072  -0.00168608
3.14159  3.14159  0  0.0031843  -0.00212298
4.39823  3.14159  0  0.00248011  -0.00220543
5.65487  3.14159  0  0.00196015  -0.00213987
6.9115  3.14159  0  0.00158088  -0.00202231
8.16814  3.14159  0  0.00129967  -0.00189301
10.6814  3.14159  0  0.000919641  -0.00164989
15.708  3.14159  0  0.000524762  -0.00127558
33.3009  3.14159  0  0.000160197  -0.000668198
-54.6637  3.14159  3.14159  -4.47169e-07  0.000449972
-27.0177  3.14159  3.14159  0.000115164  0.000904128
-13.1947  3.14159  3.14159  0.000582518  0.00159764
-10.6814  3.14159  3.14159  0.000813267  0.00180853
-8.16814  3.14159  3.14159  0.00115922  0.00205996
-6.9115  3.14159  3.14159  0.00139899  0.00220403
-5.65487  3.14159  3.14159  0.00170485  0.00236427
-4.39823  3.14159  3.14159  0.00210672  0.00255237
-3.14159  3.14159  3.14159  0.00267867  0.00281032
-1.88496  3.14159  3.14159  0.00373972  0.00324455
-0.628319  3.14159  3.14159  0.00688445  0.00298284
0.628319  3.14159  3.14159  0.00688611  -0.00282625
1.88496  3.14159  3.14159  0.00374378  -0.00308891
3.14159  3.14159  3.14159  0.00268253  -0.00265453
4.39823  3.14159  3.14159  0.00211078  -0.00239371
5.65487  3.14159  3.14159  0.00171072  -0.00220054
6.9115  3.14159  3.14159  0.00140989  -0.00203418
8.16814  3.14159  3.14159  0.00117848  -0.001885
10.6814  3.14159  3.14159  0.000854212  -0.00163063
15.708  3.14159  3.14159  0.000502076  -0.00126017
33.3009  3.14159  3.14159  0.000158542  -0.000664894
