-54.6637  0  0  6.91844e-08  -1.16106e-07
-27.0177  0  0  -3.18403e-07  -1.82754e-08
-13.1947  0  0  1.67155e-06  3.7749e-07
-10.6814  0  0  -2.37989e-08  1.27992e-06
-8.16814  0  0  -8.40105e-07  -1.15396e-06
-6.9115  0  0  3.45267e-06  1.88538e-07
-5.65487  0  0  -6.28987e-06  2.58215e-06
-4.39823  0  0  1.25426e-06  -1.40415e-05
-3.14159  0  0  4.88282e-06  -8.37419e-07
-1.88496  0  0  -2.49237e-05  2.40931e-06
-0.628319  0  0  3.2483e-05  5.65156e-06
0.628319  0  0  5.39743e-05  6.62927e-07
1.88496  0  0  -1.7462e-05  -9.45464e-06
3.14159  0  0  1.92625e-06  2.53502e-06
4.39823  0  0  1.96066e-06  1.53578e-05
5.65487  0  0  -7.31211e-06  -4.91976e-06
6.9115  0  0  2.94597e-06  -2.00517e-06
8.16814  0  0  1.19916e-06  -1.08666e-06
10.6814  0  0  -3.03404e-07  -1.18957e-06
15.708  0  0  -4.76219e-07  -1.01979e-07
33.3009  0  0  3.51562e-07  -2.01664e-07
-54.6637  0  3.14159  9.19586e-09  -1.56005e-08
-27.0177  0  3.14159  -4.29304e-08  2.452e-09
-13.1947  0  3.14159  3.072e-07  -2.53415e-08
-10.6814  0  3.14159  1.9822e-08  1.7569e-07
-8.16814  0  3.14159  -9.46183e-08  4.15178e-08
-6.9115  0  3.14159  6.46468e-07  -4.44112e-08
-5.65487  0  3.14159  -1.26355e-06  6.28406e-07
-4.39823  0  3.14159  1.55283e-07  -2.73613e-06
-3.14159  0  3.14159  7.80229e-07  -3.49221e-07
-1.88496  0  3.14159  -4.36037e-06  1.11378e-06
-0.628319  0  3.14159  7.8341e-06  -9.60311e-09
0.628319  0  3.14159  9.17736e-06  -1.68686e-06
1.88496  0  3.14159  -3.76636e-06  -9.81179e-07
3.14159  0  3.14159  6.33859e-07  4.64499e-07
4.39823  0  3.14159  6.97788e-07  2.78422e-06
5.65487  0  3.14159  -1.49042e-06  -5.10833e-07
6.9115  0  3.14159  5.86184e-07  -2.49392e-07
8.16814  0  3.14159  8.44676e-08  -1.64339e-07
10.6814  0  3.14159  -2.77601e-08  -1.85688e-07
15.708  0  3.14159  -1.04239e-07  -1.77631e-08
33.3009  0  3.14159  5.02202e-08  -4.02695e-08
-54.6637  3.14159  0  9.19586e-09  -1.56005e-08
-27.0177  3.14159  0  -4.29304e-08  2.452e-09
-13.1947  3.14159  0  3.072e-07  -2.53415e-08
-10.6814  3.14159  0  1.9822e-08  1.7569e-07
-8.16814  3.14159  0  -9.46183e-08  4.15178e-08
-6.9115  3.14159  0  6.46468e-07  -4.44112e-08
-5.65487  3.14159  0  -1.26355e-06  6.28406e-07
-4.39823  3.14159  0  1.55283e-07  -2.73613e-06
-3.14159  3.14159  0  7.80229e-07  -3.49221e-07
-1.88496  3.14159  0  -4.36037e-06  1.11378e-06
-0.628319  3.14159  0  7.8341e-06  -9.60311e-09
0.628319  3.14159  0  9.17736e-06  -1.68686e-06
1.88496  3.14159  0  -3.76636e-06  -9.81179e-07
3.14159  3.14159  0  6.33859e-07  4.64499e-07
4.39823  3.14159  0  6.97788e-07  2.78422e-06
5.65487  3.14159  0  -1.49042e-06  -5.10833e-07
6.9115  3.14159  0  5.86184e-07  -2.49392e-07
8.16814  3.14159  0  8.44676e-08  -1.64339e-07
10.6814  3.14159  0  -2.77601e-08  -1.85688e-07
15.708  3.14159  0  -1.04239e-07  -1.77631e-08
33.3009  3.14159  0  5.02202e-08  -4.02695e-08
-54.6637  3.14159  3.14159  -1.59643e-08  -1.23552e-07
-27.0177  3.14159  3.14159  -1.56932e-07  7.97421e-08
-13.1947  3.14159  3.14159  1.63019e-06  -6.17972e-07
-10.6814  3.14159  3.14159  4.46103e-07  6.84439e-07
-8.16814  3.14159  3.14159  -9.00613e-07  1.37806e-06
-6.9115  3.14159  3.14159  3.06114e-06  -6.81196e-07
-5.65487  3.14159  3.14159  -5.85035e-06  6.49108e-06
-4.39823  3.14159  3.14159  -3.40249e-06  -1.423e-05
-3.14159  3.14159  3.14159  3.50521e-06  -4.30425e-06
-1.88496  3.14159  3.14159  -1.75971e-05  1.63645e-05
-0.628319  3.14159  3.14159  5.34748e-05  -1.83324e-05
0.628319  3.14159  3.14159  4.00225e-05  -3.35294e-05
1.88496  3.14159  3.14159  -2.21611e-05  2.88991e-06
3.14159  3.14159  3.14159  5.5459e-06  1.55459e-06
4.39823  3.14159  3.14159  8.5927e-06  1.24001e-05
5.65487  3.14159  3.14159  -9.32619e-06  6.59775e-07
6.9115  3.14159  3.14159  2.22536e-06  -2.15446e-06
8.16814  3.14159  3.14159  -1.09214e-06  -1.33613e-07
10.6814  3.14159  3.14159  -3.75007e-07  -8.82769e-07
15.708  3.14159  3.14159  -6.59677e-07  2.79703e-09
33.3009  3.14159  3.14159  1.57629e-07  -2.73784e-07
