-54.6637  0  0  0.0197044  0.0664661
-27.0177  0  0  0.0279582  0.343478
-13.1947  0  0  0.137092  0.329447
-10.6814  0  0  0.214693  0.080334
-8.16814  0  0  -0.145545  1.01097
-6.9115  0  0  -0.0322594  0.874842
-5.65487  0  0  0.0819624  0.764223
-4.39823  0  0  0.497146  0.302079
-3.14159  0  0  0.862153  2.15553
-1.88496  0  0  0.878076  1.96857
-0.628319  0  0  -0.938218  3.10812
0.628319  0  0  -0.997323  -2.73553
1.88496  0  0  0.218845  -0.695384
3.14159  0  0  0.476762  -1.48355
4.39823  0  0  -0.637964  -0.244482
5.65487  0  0  -0.279681  -0.7627
6.9115  0  0  -0.27321  -0.83316
8.16814  0  0  -0.134979  -1.00673
10.6814  0  0  -0.289996  -0.0838904
15.708  0  0  0.00943005  -0.734274
33.3009  0  0  -0.130887  -0.0725657
-54.6637  0  3.14159  -0.486682  2.04592
-27.0177  0  3.14159  1.37383  -2.20713
-13.1947  0  3.14159  3.50056  -4.21342
-10.6814  0  3.14159  -3.69871  5.55589
-8.16814  0  3.14159  -2.06546  13.8373
-6.9115  0  3.14159  1.08986  9.29849
-5.65487  0  3.14159  -10.4594  13.7635
-4.39823  0  3.14159  -2.9147  -13.7043
-3.14159  0  3.14159  5.94407  -22.7197
-1.88496  0  3.14159  35.1191  27.5504
-0.628319  0  3.14159  78.7808  -91.0327
0.628319  0  3.14159  -15.3432  114.984
1.88496  0  3.14159  43.5176  3.70453
3.14159  0  3.14159  -14.0284  17.9663
4.39823  0  3.14159  -13.8297  5.812
5.65487  0  3.14159  2.17737  -17.1345
6.9115  0  3.14159  7.58411  -5.41791
8.16814  0  3.14159  8.89264  -11.1052
10.6814  0  3.14159  0.958262  -6.76275
15.708  0  3.14159  -2.68005  2.10132
33.3009  0  3.14159  -3.06975  5.41018
-54.6637  3.14159  0  -0.486682  2.04592
-27.0177  3.14159  0  1.37383  -2.20713
-13.1947  3.14159  0  3.50056  -4.21342
-10.6814  3.14159  0  -3.69871  5.55589
-8.16814  3.14159  0  -2.06546  13.8373
-6.9115  3.14159  0  1.08986  9.29849
-5.65487  3.14159  0  -10.4594  13.7635
-4.39823  3.14159  0  -2.9147  -13.7043
-3.14159  3.14159  0  5.94407  -22.7197
-1.88496  3.14159  0  35.1191  27.5504
-0.628319  3.14159  0  78.7808  -91.0327
0.628319  3.14159  0  -15.3432  114.984
1.88496  3.14159  0  43.5176  3.70453
3.14159  3.14159  0  -14.0284  17.9663
4.39823  3.14159  0  -13.8297  5.812
5.65487  3.14159  0  2.17737  -17.1345
6.9115  3.14159  0  7.58411  -5.41791
8.16814  3.14159  0  8.89264  -11.1052
10.6814  3.14159  0  0.958262  -6.76275
15.708  3.14159  0  -2.68005  2.10132
33.3009  3.14159  0  -3.06975  5.41018
-54.6637  3.14159  3.14159  0.0242654  0.0662035
-27.0177  3.14159  3.14159  0.0461451  0.343895
-13.1947  3.14159  3.14159  0.21137  0.329268
-10.6814  3.14159  3.14159  0.327355  0.0816574
-8.16814  3.14159  3.14159  0.0400334  1.01133
-6.9115  3.14159  3.14159  0.217232  0.875495
-5.65487  3.14159  3.14159  0.432075  0.765634
-4.39823  3.14159  3.14159  1.00743  0.29871
-3.14159  3.14159  3.14159  1.65539  2.15067
-1.88496  3.14159  3.14159  2.16528  1.96507
-0.628319  3.14159  3.14159  1.0464  3.10653
0.628319  3.14159  3.14159  1.00029  -2.73592
1.88496  3.14159  3.14159  1.50424  -0.69797
3.14159  3.14159  3.14159  1.27406  -1.47823
4.39823  3.14159  3.14159  -0.124916  -0.239771
5.65487  3.14159  3.14159  0.0678525  -0.763654
6.9115  3.14159  3.14159  -0.0251618  -0.834498
8.16814  3.14159  3.14159  0.0490314  -1.00745
10.6814  3.14159  3.14159  -0.178539  -0.0849117
15.708  3.14159  3.14159  0.0629205  -0.734403
33.3009  3.14159  3.14159  -0.118446  -0.0724984
