-54.6637  0  0  -532.603  403.413
-27.0177  0  0  632.958  1513.55
-13.1947  0  0  7836.46  -5035.5
-10.6814  0  0  -3855.95  4373.47
-8.16814  0  0  10952  -41268.4
-6.9115  0  0  9198.53  -17936.4
-5.65487  0  0  30163.1  -2343.3
-4.39823  0  0  -14893.8  24975
-3.14159  0  0  94891.1  19691
-1.88496  0  0  30909.9  -138463
-0.628319  0  0  1.14559e+06  1.19483e+06
0.628319  0  0  -74127.5  -594812
1.88496  0  0  156585  43631.9
3.14159  0  0  -1067.71  7155.46
4.39823  0  0  -22770.9  42218.5
5.65487  0  0  25586.8  -19276.8
6.9115  0  0  -21902.6  -28246.9
8.16814  0  0  2149.39  -36955.3
10.6814  0  0  -5956.13  10426.6
15.708  0  0  3427.11  -3890.91
33.3009  0  0  -282.806  1901.07
-54.6637  0  3.14159  3.80084  0.993683
-27.0177  0  3.14159  21.8255  -16.3085
-13.1947  0  3.14159  -8.23301  -67.9147
-10.6814  0  3.14159  28.9661  6.39061
-8.16814  0  3.14159  -391.861  -38.3823
-6.9115  0  3.14159  -102.705  -168.507
-5.65487  0  3.14159  23.5022  210.103
-4.39823  0  3.14159  651.4  -102.55
-3.14159  0  3.14159  -410.228  333.184
-1.88496  0  3.14159  -559.611  1630.31
-0.628319  0  3.14159  -20332.5  -22676.1
0.628319  0  3.14159  -7764.73  33359.2
1.88496  0  3.14159  -1119.01  -1273.76
3.14159  0  3.14159  -619.487  -2.87461
4.39823  0  3.14159  683.49  19.9173
5.65487  0  3.14159  -195.306  -342.49
6.9115  0  3.14159  -93.5984  118.565
8.16814  0  3.14159  -375.701  123.442
10.6814  0  3.14159  60.9455  41.0402
15.708  0  3.14159  -41.6795  -37.4448
33.3009  0  3.14159  19.3068  3.93765
-54.6637  3.14159  0  3.80084  0.993683
-27.0177  3.14159  0  21.8255  -16.3085
-13.1947  3.14159  0  -8.23301  -67.9147
-10.6814  3.14159  0  28.9661  6.39061
-8.16814  3.14159  0  -391.861  -38.3823
-6.9115  3.14159  0  -102.705  -168.507
-5.65487  3.14159  0  23.5022  210.103
-4.39823  3.14159  0  651.4  -102.55
-3.14159  3.14159  0  -410.228  333.184
-1.88496  3.14159  0  -559.611  1630.31
-0.628319  3.14159  0  -20332.5  -22676.1
0.628319  3.14159  0  -7764.73  33359.2
1.88496  3.14159  0  -1119.01  -1273.76
3.14159  3.14159  0  -619.487  -2.87461
4.39823  3.14159  0  683.49  19.9173
5.65487  3.14159  0  -195.306  -342.49
6.9115  3.14159  0  -93.5984  118.565
8.16814  3.14159  0  -375.701  123.442
10.6814  3.14159  0  60.9455  41.0402
15.708  3.14159  0  -41.6795  -37.4448
33.3009  3.14159  0  19.3068  3.93765
-54.6637  3.14159  3.14159  -550.937  2576.32
-27.0177  3.14159  3.14159  4782.85  15175.7
-13.1947  3.14159  3.14159  24537.3  5238.21
-10.6814  3.14159  3.14159  -1855.08  9783.43
-8.16814  3.14159  3.14159  84465.8  -170785
-6.9115  3.14159  3.14159  115610  17689.3
-5.65487  3.14159  3.14159  -152725  -62700.2
-4.39823  3.14159  3.14159  -55135  339781
-3.14159  3.14159  3.14159  -16634.7  -552285
-1.88496  3.14159  3.14159  -995476  -1.00188e+06
-0.628319  3.14159  3.14159  1.82889e+07  -9.20086e+06
0.628319  3.14159  3.14159  -1.84636e+07  -1.20555e+07
1.88496  3.14159  3.14159  898483  -887573
3.14159  3.14159  3.14159  -58018.2  -396744
4.39823  3.14159  3.14159  -86913.5  329561
5.65487  3.14159  3.14159  212671  -70476.2
6.9115  3.14159  3.14159  -46607.2  -4646.99
8.16814  3.14159  3.14159  14199.8  -187363
10.6814  3.14159  3.14159  -27120.4  19665.4
15.708  3.14159  3.14159  18890.1  -11916.5
33.3009  3.14159  3.14159  -5289.28  5064.99
