-54.6637  0  0  -5.48912  4.08339
-27.0177  0  0  -6.4337  7.45636
-13.1947  0  0  4.76524  -31.1894
-10.6814  0  0  3.35833  15.6829
-8.16814  0  0  5.38128  -48.8693
-6.9115  0  0  -2.03625  -2.13989
-5.65487  0  0  -6.46428  56.3483
-4.39823  0  0  37.1463  16.0684
-3.14159  0  0  38.5356  41.6579
-1.88496  0  0  -10.9761  -22.7247
-0.628319  0  0  -171.118  113.139
0.628319  0  0  -168.25  -109.269
1.88496  0  0  34.5869  59.3116
3.14159  0  0  -1.82961  14.2524
4.39823  0  0  73.904  55.1681
5.65487  0  0  -4.37494  -50.5001
6.9115  0  0  -37.7677  -11.4344
8.16814  0  0  -59.4908  19.0932
10.6814  0  0  25.4436  -5.15062
15.708  0  0  11.7488  37.4884
33.3009  0  0  9.4016  -5.26569
-54.6637  0  3.14159  9.66769  22.9695
-27.0177  0  3.14159  -1.05825  11.4443
-13.1947  0  3.14159  -15.7867  -32.464
-10.6814  0  3.14159  46.0522  34.026
-8.16814  0  3.14159  -129.575  -107.959
-6.9115  0  3.14159  -57.2855  -55.8402
-5.65487  0  3.14159  40.5621  18.1692
-4.39823  0  3.14159  144.984  5.16672
-3.14159  0  3.14159  101.556  -104.825
-1.88496  0  3.14159  85.924  67.2816
-0.628319  0  3.14159  -27.1435  110.336
0.628319  0  3.14159  -102.882  55.0783
1.88496  0  3.14159  44.6283  -82.2681
3.14159  0  3.14159  122.892  28.0841
4.39823  0  3.14159  144.799  -113.3
5.65487  0  3.14159  -19.3606  -29.0999
6.9115  0  3.14159  -7.24286  90.8653
8.16814  0  3.14159  -3.44434  170.044
10.6814  0  3.14159  4.03405  -58.1175
15.708  0  3.14159  17.2699  -16.5997
33.3009  0  3.14159  -10.1008  -34.6132
-54.6637  3.14159  0  9.66769  22.9695
-27.0177  3.14159  0  -1.05825  11.4443
-13.1947  3.14159  0  -15.7867  -32.464
-10.6814  3.14159  0  46.0522  34.026
-8.16814  3.14159  0  -129.575  -107.959
-6.9115  3.14159  0  -57.2855  -55.8402
-5.65487  3.14159  0  40.5621  18.1692
-4.39823  3.14159  0  144.984  5.16672
-3.14159  3.14159  0  101.556  -104.825
-1.88496  3.14159  0  85.924  67.2816
-0.628319  3.14159  0  -27.1435  110.336
0.628319  3.14159  0  -102.882  55.0783
1.88496  3.14159  0  44.6283  -82.2681
3.14159  3.14159  0  122.892  28.0841
4.39823  3.14159  0  144.799  -113.3
5.65487  3.14159  0  -19.3606  -29.0999
6.9115  3.14159  0  -7.24286  90.8653
8.16814  3.14159  0  -3.44434  170.044
10.6814  3.14159  0  4.03405  -58.1175
15.708  3.14159  0  17.2699  -16.5997
33.3009  3.14159  0  -10.1008  -34.6132
-54.6637  3.14159  3.14159  36.4145  -21.8935
-27.0177  3.14159  3.14159  -9.48445  -36.2179
-13.1947  3.14159  3.14159  77.5075  101.945
-10.6814  3.14159  3.14159  19.5453  -35.1793
-8.16814  3.14159  3.14159  -86.4464  169.668
-6.9115  3.14159  3.14159  -146.775  -0.502716
-5.65487  3.14159  3.14159  -203.731  -195.594
-4.39823  3.14159  3.14159  84.9853  -61.3175
-3.14159  3.14159  3.14159  -299.156  -177.322
-1.88496  3.14159  3.14159  324.833  -40.7498
-0.628319  3.14159  3.14159  -6.4696  -1042.45
0.628319  3.14159  3.14159  873.16  -361.186
1.88496  3.14159  3.14159  -423.028  -224.519
3.14159  3.14159  3.14159  177.008  -163.265
4.39823  3.14159  3.14159  -428.34  -154.301
5.65487  3.14159  3.14159  214.664  101.405
6.9115  3.14159  3.14159  258.394  -31.3589
8.16814  3.14159  3.14159  249.882  -100.116
10.6814  3.14159  3.14159  -100.133  47.2979
15.708  3.14159  3.14159  -240.709  -74.7026
33.3009  3.14159  3.14159  -55.5897  23.5505
