-54.6637  0  0  -2.0067e-18  1.16839e-18
-27.0177  0  0  -1.57872e-18  2.41696e-18
-13.1947  0  0  2.12594e-18  1.22207e-18
-10.6814  0  0  -2.28484e-18  -6.27823e-18
-8.16814  0  0  -1.84184e-17  3.26295e-17
-6.9115  0  0  9.05993e-18  1.11734e-18
-5.65487  0  0  1.69945e-17  3.14833e-17
-4.39823  0  0  4.26436e-17  -4.56316e-20
-3.14159  0  0  8.92791e-17  1.02204e-20
-1.88496  0  0  1.26325e-16  2.06745e-17
-0.628319  0  0  4.32088e-16  4.42368e-17
0.628319  0  0  1.84934e-17  -8.1709e-16
1.88496  0  0  -2.12544e-16  -4.5753e-18
3.14159  0  0  4.94057e-17  -4.53121e-17
4.39823  0  0  3.2235e-17  -1.79264e-17
5.65487  0  0  1.25604e-17  3.45677e-17
6.9115  0  0  1.19953e-18  9.37909e-18
8.16814  0  0  -3.87601e-17  -2.42338e-17
10.6814  0  0  4.46133e-18  -7.07312e-18
15.708  0  0  1.5451e-18  -5.0447e-18
33.3009  0  0  -4.56878e-19  -3.55391e-18
-54.6637  0  3.14159  7.82986e-20  -7.51074e-20
-27.0177  0  3.14159  -8.86993e-20  8.37324e-20
-13.1947  0  3.14159  5.69397e-19  -2.93746e-19
-10.6814  0  3.14159  4.90287e-19  6.35586e-19
-8.16814  0  3.14159  -1.26335e-18  -2.39035e-18
-6.9115  0  3.14159  1.42968e-18  -8.76261e-19
-5.65487  0  3.14159  -4.38964e-18  1.99593e-18
-4.39823  0  3.14159  -1.44335e-18  -5.96622e-18
-3.14159  0  3.14159  -2.65111e-19  4.00897e-18
-1.88496  0  3.14159  -1.6836e-17  2.98482e-18
-0.628319  0  3.14159  -2.53822e-19  8.78885e-18
0.628319  0  3.14159  5.53437e-17  2.47582e-17
1.88496  0  3.14159  -1.23324e-18  -4.5086e-18
3.14159  0  3.14159  1.73397e-18  5.13088e-18
4.39823  0  3.14159  3.28294e-18  8.9499e-18
5.65487  0  3.14159  -5.26052e-18  -1.58405e-18
6.9115  0  3.14159  1.26736e-18  -1.62061e-18
8.16814  0  3.14159  1.47961e-18  -1.40911e-18
10.6814  0  3.14159  -4.15727e-19  -1.90455e-19
15.708  0  3.14159  -9.21198e-20  2.03347e-19
33.3009  0  3.14159  1.59239e-19  -1.14239e-19
-54.6637  3.14159  0  7.82986e-20  -7.51074e-20
-27.0177  3.14159  0  -8.86993e-20  8.37324e-20
-13.1947  3.14159  0  5.69397e-19  -2.93746e-19
-10.6814  3.14159  0  4.90287e-19  6.35586e-19
-8.16814  3.14159  0  -1.26335e-18  -2.39035e-18
-6.9115  3.14159  0  1.42968e-18  -8.76261e-19
-5.65487  3.14159  0  -4.38964e-18  1.99593e-18
-4.39823  3.14159  0  -1.44335e-18  -5.96622e-18
-3.14159  3.14159  0  -2.65111e-19  4.00897e-18
-1.88496  3.14159  0  -1.6836e-17  2.98482e-18
-0.628319  3.14159  0  -2.53822e-19  8.78885e-18
0.628319  3.14159  0  5.53437e-17  2.47582e-17
1.88496  3.14159  0  -1.23324e-18  -4.5086e-18
3.14159  3.14159  0  1.73397e-18  5.13088e-18
4.39823  3.14159  0  3.28294e-18  8.9499e-18
5.65487  3.14159  0  -5.26052e-18  -1.58405e-18
6.9115  3.14159  0  1.26736e-18  -1.62061e-18
8.16814  3.14159  0  1.47961e-18  -1.40911e-18
10.6814  3.14159  0  -4.15727e-19  -1.90455e-19
15.708  3.14159  0  -9.21198e-20  2.03347e-19
33.3009  3.14159  0  1.59239e-19  -1.14239e-19
-54.6637  3.14159  3.14159  -9.1301e-19  1.73742e-19
-27.0177  3.14159  3.14159  4.19075e-18  -3.60813e-18
-13.1947  3.14159  3.14159  -1.69724e-17  -2.35692e-19
-10.6814  3.14159  3.14159  -3.23388e-18  -1.5281e-17
-8.16814  3.14159  3.14159  2.64781e-17  4.17071e-17
-6.9115  3.14159  3.14159  -4.88801e-17  6.05607e-18
-5.65487  3.14159  3.14159  1.12024e-16  -3.78187e-17
-4.39823  3.14159  3.14159  -6.24615e-17  1.58778e-16
-3.14159  3.14159  3.14159  -4.51408e-17  -9.51065e-17
-1.88496  3.14159  3.14159  3.19929e-16  6.06467e-17
-0.628319  3.14159  3.14159  -3.29579e-16  -2.70634e-16
0.628319  3.14159  3.14159  -1.13236e-15  -3.48332e-16
1.88496  3.14159  3.14159  1.82546e-16  1.27301e-16
3.14159  3.14159  3.14159  -4.24482e-17  -1.01794e-16
4.39823  3.14159  3.14159  -2.61393e-17  -2.29694e-16
5.65487  3.14159  3.14159  9.7454e-17  5.71956e-17
6.9115  3.14159  3.14159  -4.80595e-17  2.15448e-17
8.16814  3.14159  3.14159  -9.01927e-18  4.40846e-17
10.6814  3.14159  3.14159  4.1924e-18  1.64915e-17
15.708  3.14159  3.14159  2.32966e-18  1.33925e-18
33.3009  3.14159  3.14159  -4.31254e-18  4.54159e-18
