-54.6637  0  0  -0.000928606  0.0950348
-27.0177  0  0  -0.0039957  0.191901
-13.1947  0  0  -0.0182362  0.387252
-10.6814  0  0  -0.028031  0.472289
-8.16814  0  0  -0.0465724  0.600333
-6.9115  0  0  -0.0620288  0.690283
-5.65487  0  0  -0.0844905  0.805574
-4.39823  0  0  -0.117594  0.952507
-3.14159  0  0  -0.166907  1.12494
-1.88496  0  0  -0.23997  1.23382
-0.628319  0  0  -0.33117  0.822612
0.628319  0  0  -0.331173  -0.822611
1.88496  0  0  -0.239975  -1.23382
3.14159  0  0  -0.166912  -1.12494
4.39823  0  0  -0.117599  -0.952507
5.65487  0  0  -0.0844949  -0.805576
6.9115  0  0  -0.062034  -0.690286
8.16814  0  0  -0.0465774  -0.600339
10.6814  0  0  -0.0280356  -0.472295
15.708  0  0  -0.0126491  -0.327398
33.3009  0  0  -0.00258093  -0.155849
-54.6637  0  3.14159  1.18594e-05  0.0951254
-27.0177  0  3.14159  4.92309e-05  0.192671
-13.1947  0  3.14159  0.000223287  0.393553
-10.6814  0  3.14159  0.000348488  0.483477
-8.16814  0  3.14159  0.000600995  0.622389
-6.9115  0  3.14159  0.000826994  0.723004
-5.65487  0  3.14159  0.00117952  0.85705
-4.39823  0  3.14159  0.00176102  1.04229
-3.14159  0  3.14159  0.00285246  1.31883
-1.88496  0  3.14159  0.00577131  1.83231
-0.628319  0  3.14159  0.0370478  4.34355
0.628319  0  3.14159  0.0370381  -4.34355
1.88496  0  3.14159  0.00576571  -1.83231
3.14159  0  3.14159  0.00284736  -1.31883
4.39823  0  3.14159  0.00175631  -1.04229
5.65487  0  3.14159  0.00117513  -0.857051
6.9115  0  3.14159  0.000826133  -0.723018
8.16814  0  3.14159  0.000598685  -0.622409
10.6814  0  3.14159  0.000340774  -0.483494
15.708  0  3.14159  0.00014467  -0.33124
33.3009  0  3.14159  2.82028e-05  -0.156257
-54.6637  3.14159  0  1.18594e-05  0.0951254
-27.0177  3.14159  0  4.92309e-05  0.192671
-13.1947  3.14159  0  0.000223287  0.393553
-10.6814  3.14159  0  0.000348488  0.483477
-8.16814  3.14159  0  0.000600995  0.622389
-6.9115  3.14159  0  0.000826994  0.723004
-5.65487  3.14159  0  0.00117952  0.85705
-4.39823  3.14159  0  0.00176102  1.04229
-3.14159  3.14159  0  0.00285246  1.31883
-1.88496  3.14159  0  0.00577131  1.83231
-0.628319  3.14159  0  0.0370478  4.34355
0.628319  3.14159  0  0.0370381  -4.34355
1.88496  3.14159  0  0.00576571  -1.83231
3.14159  3.14159  0  0.00284736  -1.31883
4.39823  3.14159  0  0.00175631  -1.04229
5.65487  3.14159  0  0.00117513  -0.857051
6.9115  3.14159  0  0.000826133  -0.723018
8.16814  3.14159  0  0.000598685  -0.622409
10.6814  3.14159  0  0.000340774  -0.483494
15.708  3.14159  0  0.00014467  -0.33124
33.3009  3.14159  0  2.82028e-05  -0.156257
-54.6637  3.14159  3.14159  0.000952245  0.0950343
-27.0177  3.14159  3.14159  0.00409109  0.191897
-13.1947  3.14159  3.14159  0.0186427  0.387214
-10.6814  3.14159  3.14159  0.0286544  0.472219
-8.16814  3.14159  3.14159  0.0476361  0.600193
-6.9115  3.14159  3.14159  0.0634997  0.690078
-5.65487  3.14159  3.14159  0.0866296  0.805271
-4.39823  3.14159  3.14159  0.120885  0.952048
-3.14159  3.14159  3.14159  0.172105  1.12422
-1.88496  3.14159  3.14159  0.246945  1.23285
-0.628319  3.14159  3.14159  0.341071  0.822959
0.628319  3.14159  3.14159  0.341069  -0.822961
1.88496  3.14159  3.14159  0.24694  -1.23285
3.14159  3.14159  3.14159  0.1721  -1.12423
4.39823  3.14159  3.14159  0.12088  -0.95205
5.65487  3.14159  3.14159  0.0866253  -0.805274
6.9115  3.14159  3.14159  0.0634957  -0.690084
8.16814  3.14159  3.14159  0.0476323  -0.6002
10.6814  3.14159  3.14159  0.02865  -0.472225
15.708  3.14159  3.14159  0.0129252  -0.327375
33.3009  3.14159  3.14159  0.00263857  -0.155846
