-54.6637  0  0  1.65178e-10  1.43798e-10
-27.0177  0  0  1.16435e-10  2.28721e-11
-13.1947  0  0  -7.27877e-12  -5.3723e-10
-10.6814  0  0  1.70071e-09  5.18795e-10
-8.16814  0  0  -3.28595e-09  -4.00202e-09
-6.9115  0  0  1.08643e-09  3.48488e-09
-5.65487  0  0  5.50538e-09  2.34629e-09
-4.39823  0  0  4.06941e-09  -9.2681e-10
-3.14159  0  0  1.4968e-08  2.63233e-08
-1.88496  0  0  2.50568e-09  3.06609e-08
-0.628319  0  0  -5.53092e-08  1.50532e-08
0.628319  0  0  4.6538e-08  2.77647e-08
1.88496  0  0  -1.11671e-08  2.79826e-08
3.14159  0  0  -2.48351e-08  1.89532e-08
4.39823  0  0  -5.07683e-09  -1.44851e-09
5.65487  0  0  -6.29552e-09  5.64875e-10
6.9115  0  0  -1.17722e-09  1.69405e-09
8.16814  0  0  4.21307e-09  -3.34942e-09
10.6814  0  0  -1.87542e-09  3.27999e-10
15.708  0  0  2.1744e-10  -2.18733e-09
33.3009  0  0  6.85803e-10  4.15994e-11
-54.6637  0  3.14159  2.03803e-08  -2.22031e-08
-27.0177  0  3.14159  3.14215e-08  -1.44643e-08
-13.1947  0  3.14159  -4.00563e-08  1.07777e-08
-10.6814  0  3.14159  9.30621e-08  -2.06608e-07
-8.16814  0  3.14159  -5.52202e-07  4.29063e-07
-6.9115  0  3.14159  3.56659e-07  -2.27655e-07
-5.65487  0  3.14159  3.01977e-07  -7.62276e-07
-4.39823  0  3.14159  -1.19882e-07  -5.6243e-07
-3.14159  0  3.14159  3.3143e-06  -2.07106e-06
-1.88496  0  3.14159  3.89111e-06  -5.08221e-07
-0.628319  0  3.14159  2.29279e-06  6.85423e-06
0.628319  0  3.14159  3.35491e-06  -6.35673e-06
1.88496  0  3.14159  3.74506e-06  1.35943e-06
3.14159  0  3.14159  2.56089e-06  3.13052e-06
4.39823  0  3.14159  -1.3235e-07  6.47758e-07
5.65487  0  3.14159  8.24378e-08  7.65879e-07
6.9115  0  3.14159  3.46966e-07  1.40841e-07
8.16814  0  3.14159  -3.8818e-07  -5.33564e-07
10.6814  0  3.14159  1.78997e-08  2.35609e-07
15.708  0  3.14159  -3.3933e-07  -5.82967e-09
33.3009  0  3.14159  -1.6343e-08  -9.67691e-08
-54.6637  3.14159  0  2.03803e-08  -2.22031e-08
-27.0177  3.14159  0  3.14215e-08  -1.44643e-08
-13.1947  3.14159  0  -4.00563e-08  1.07777e-08
-10.6814  3.14159  0  9.30621e-08  -2.06608e-07
-8.16814  3.14159  0  -5.52202e-07  4.29063e-07
-6.9115  3.14159  0  3.56659e-07  -2.27655e-07
-5.65487  3.14159  0  3.01977e-07  -7.62276e-07
-4.39823  3.14159  0  -1.19882e-07  -5.6243e-07
-3.14159  3.14159  0  3.3143e-06  -2.07106e-06
-1.88496  3.14159  0  3.89111e-06  -5.08221e-07
-0.628319  3.14159  0  2.29279e-06  6.85423e-06
0.628319  3.14159  0  3.35491e-06  -6.35673e-06
1.88496  3.14159  0  3.74506e-06  1.35943e-06
3.14159  3.14159  0  2.56089e-06  3.13052e-06
4.39823  3.14159  0  -1.3235e-07  6.47758e-07
5.65487  3.14159  0  8.24378e-08  7.65879e-07
6.9115  3.14159  0  3.46966e-07  1.40841e-07
8.16814  3.14159  0  -3.8818e-07  -5.33564e-07
10.6814  3.14159  0  1.78997e-08  2.35609e-07
15.708  3.14159  0  -3.3933e-07  -5.82967e-09
33.3009  3.14159  0  -1.6343e-08  -9.67691e-08
-54.6637  3.14159  3.14159  1.6528e-10  1.43787e-10
-27.0177  3.14159  3.14159  1.15766e-10  2.28038e-11
-13.1947  3.14159  3.14159  -7.28585e-12  -5.36808e-10
-10.6814  3.14159  3.14159  1.69978e-09  5.20265e-10
-8.16814  3.14159  3.14159  -3.28517e-09  -3.99919e-09
-6.9115  3.14159  3.14159  1.08689e-09  3.48412e-09
-5.65487  3.14159  3.14159  5.50214e-09  2.34476e-09
-4.39823  3.14159  3.14159  4.06815e-09  -9.31742e-10
-3.14159  3.14159  3.14159  1.49673e-08  2.63168e-08
-1.88496  3.14159  3.14159  2.50606e-09  3.06659e-08
-0.628319  3.14159  3.14159  -5.52979e-08  1.5057e-08
0.628319  3.14159  3.14159  4.6537e-08  2.77686e-08
1.88496  3.14159  3.14159  -1.11649e-08  2.79907e-08
3.14159  3.14159  3.14159  -2.48316e-08  1.89463e-08
4.39823  3.14159  3.14159  -5.07727e-09  -1.45106e-09
5.65487  3.14159  3.14159  -6.29412e-09  5.64444e-10
6.9115  3.14159  3.14159  -1.17561e-09  1.69201e-09
8.16814  3.14159  3.14159  4.21098e-09  -3.34868e-09
10.6814  3.14159  3.14159  -1.87397e-09  3.28883e-10
15.708  3.14159  3.14159  2.21024e-10  -2.18839e-09
33.3009  3.14159  3.14159  6.85373e-10  4.18055e-11
