-54.6637  0  0  0.0024632  0.00411898
-27.0177  0  0  -0.00046137  0.00950845
-13.1947  0  0  -3.99351e-06  0.00716585
-10.6814  0  0  0.000648141  0.00867993
-8.16814  0  0  0.000831544  0.0115819
-6.9115  0  0  0.00477231  -0.00506124
-5.65487  0  0  0.00794101  -0.00917876
-4.39823  0  0  0.00636065  0.0098317
-3.14159  0  0  -0.00841427  -0.00394177
-1.88496  0  0  -0.0140191  0.0381155
-0.628319  0  0  0.039952  -0.0876656
0.628319  0  0  -0.0285434  0.109228
1.88496  0  0  0.00682628  -0.022074
3.14159  0  0  -0.0124116  0.012205
4.39823  0  0  0.00421655  0.013926
5.65487  0  0  -0.00580952  0.028918
6.9115  0  0  -0.00601687  0.0234157
8.16814  0  0  0.00172521  0.0081591
10.6814  0  0  -0.00157449  0.0103784
15.708  0  0  -0.00504064  0.0160308
33.3009  0  0  -0.00469832  0.0126378
-54.6637  0  3.14159  7.35312e-05  -7.65605e-07
-27.0177  0  3.14159  8.7608e-05  6.16219e-05
-13.1947  0  3.14159  9.01335e-05  8.11074e-05
-10.6814  0  3.14159  9.33678e-05  8.74832e-05
-8.16814  0  3.14159  9.59432e-05  0.000101685
-6.9115  0  3.14159  9.82494e-05  4.17075e-05
-5.65487  0  3.14159  0.000109978  2.83371e-05
-4.39823  0  3.14159  0.000122951  9.19374e-05
-3.14159  0  3.14159  4.40623e-05  6.82988e-05
-1.88496  0  3.14159  5.51678e-05  0.000206888
-0.628319  0  3.14159  0.000174714  -0.000254595
0.628319  0  3.14159  4.6487e-05  0.000467059
1.88496  0  3.14159  9.53912e-05  -8.32579e-06
3.14159  0  3.14159  3.79207e-05  0.000119554
4.39823  0  3.14159  0.000119844  0.000126224
5.65487  0  3.14159  8.79117e-05  0.000181496
6.9115  0  3.14159  8.24751e-05  0.00016529
8.16814  0  3.14159  0.000101505  0.000109124
10.6814  0  3.14159  9.63745e-05  0.000123633
15.708  0  3.14159  8.72329e-05  0.000157336
33.3009  0  3.14159  8.28016e-05  0.000166427
-54.6637  3.14159  0  7.35312e-05  -7.65605e-07
-27.0177  3.14159  0  8.7608e-05  6.16219e-05
-13.1947  3.14159  0  9.01335e-05  8.11074e-05
-10.6814  3.14159  0  9.33678e-05  8.74832e-05
-8.16814  3.14159  0  9.59432e-05  0.000101685
-6.9115  3.14159  0  9.82494e-05  4.17075e-05
-5.65487  3.14159  0  0.000109978  2.83371e-05
-4.39823  3.14159  0  0.000122951  9.19374e-05
-3.14159  3.14159  0  4.40623e-05  6.82988e-05
-1.88496  3.14159  0  5.51678e-05  0.000206888
-0.628319  3.14159  0  0.000174714  -0.000254595
0.628319  3.14159  0  4.6487e-05  0.000467059
1.88496  3.14159  0  9.53912e-05  -8.32579e-06
3.14159  3.14159  0  3.79207e-05  0.000119554
4.39823  3.14159  0  0.000119844  0.000126224
5.65487  3.14159  0  8.79117e-05  0.000181496
6.9115  3.14159  0  8.24751e-05  0.00016529
8.16814  3.14159  0  0.000101505  0.000109124
10.6814  3.14159  0  9.63745e-05  0.000123633
15.708  3.14159  0  8.72329e-05  0.000157336
33.3009  3.14159  0  8.28016e-05  0.000166427
-54.6637  3.14159  3.14159  0.000446008  0.00264058
-27.0177  3.14159  3.14159  -0.000580203  -0.00283563
-13.1947  3.14159  3.14159  -0.000527024  -0.0010871
-10.6814  3.14159  3.14159  -0.00169984  -0.00180703
-8.16814  3.14159  3.14159  -0.00284201  -0.00467664
-6.9115  3.14159  3.14159  0.00137255  0.0107316
-5.65487  3.14159  3.14159  0.000373721  0.0155061
-4.39823  3.14159  3.14159  -0.00683677  0.00063628
-3.14159  3.14159  3.14159  0.0123971  0.00200477
-1.88496  3.14159  3.14159  -0.0027051  -0.0329531
-0.628319  3.14159  3.14159  0.00967073  0.0927547
0.628319  3.14159  3.14159  -0.0224606  -0.0964294
1.88496  3.14159  3.14159  0.00697815  0.0246935
3.14159  3.14159  3.14159  0.00932276  -0.0108621
4.39823  3.14159  3.14159  -0.00829107  -0.00422347
5.65487  3.14159  3.14159  -0.00598145  -0.0209838
6.9115  3.14159  3.14159  -0.00333297  -0.0171738
8.16814  3.14159  3.14159  -0.00290102  -0.000982106
10.6814  3.14159  3.14159  -0.0015398  -0.00454906
15.708  3.14159  3.14159  -0.00210668  -0.0110179
33.3009  3.14159  3.14159  -0.00209229  -0.00897534
