-54.6637  0  0  -7.07021e-19  4.37536e-19
-27.0177  0  0  9.07887e-19  -2.91407e-19
-13.1947  0  0  1.98564e-18  2.95616e-19
-10.6814  0  0  -2.16886e-18  -2.0288e-19
-8.16814  0  0  -4.16172e-18  2.08989e-18
-6.9115  0  0  -2.06757e-18  2.8523e-18
-5.65487  0  0  -6.57411e-18  -3.39893e-19
-4.39823  0  0  4.56334e-18  -5.06351e-18
-3.14159  0  0  8.25119e-18  -6.77722e-18
-1.88496  0  0  3.59617e-18  1.46757e-17
-0.628319  0  0  4.28945e-17  -6.24457e-19
0.628319  0  0  -3.42061e-17  2.29787e-17
1.88496  0  0  7.6121e-18  1.55499e-17
3.14159  0  0  -1.06922e-17  -1.02711e-18
4.39823  0  0  -6.17848e-18  -2.26899e-18
5.65487  0  0  5.29678e-18  -3.11438e-18
6.9115  0  0  3.86442e-18  2.21455e-18
8.16814  0  0  5.15318e-18  5.44717e-19
10.6814  0  0  1.75105e-18  -1.11271e-18
15.708  0  0  -1.10914e-18  -2.21501e-19
33.3009  0  0  -2.57796e-18  5.6829e-19
-54.6637  0  3.14159  -1.073e-20  5.17085e-21
-27.0177  0  3.14159  1.57264e-20  -1.50992e-21
-13.1947  0  3.14159  2.46162e-20  3.83882e-21
-10.6814  0  3.14159  -2.42873e-20  1.97431e-22
-8.16814  0  3.14159  -4.32376e-20  4.97099e-20
-6.9115  0  3.14159  -7.10658e-21  5.87449e-20
-5.65487  0  3.14159  -7.40549e-20  6.05882e-21
-4.39823  0  3.14159  5.05376e-20  -8.44857e-20
-3.14159  0  3.14159  9.12758e-20  -1.31492e-19
-1.88496  0  3.14159  7.07669e-20  2.27199e-19
-0.628319  0  3.14159  5.28526e-19  -6.63044e-20
0.628319  0  3.14159  -4.17418e-19  3.58453e-19
1.88496  0  3.14159  1.05874e-19  1.85164e-19
3.14159  0  3.14159  -1.66916e-19  -3.90886e-21
4.39823  0  3.14159  -9.94564e-20  -2.03128e-21
5.65487  0  3.14159  5.08595e-20  -5.84096e-20
6.9115  0  3.14159  4.79179e-20  2.2847e-20
8.16814  0  3.14159  5.87065e-20  -1.32696e-20
10.6814  0  3.14159  1.49203e-20  -1.88445e-20
15.708  0  3.14159  -2.00903e-20  -6.33652e-21
33.3009  0  3.14159  -3.62586e-20  1.19347e-20
-54.6637  3.14159  0  -1.073e-20  5.17085e-21
-27.0177  3.14159  0  1.57264e-20  -1.50992e-21
-13.1947  3.14159  0  2.46162e-20  3.83882e-21
-10.6814  3.14159  0  -2.42873e-20  1.97431e-22
-8.16814  3.14159  0  -4.32376e-20  4.97099e-20
-6.9115  3.14159  0  -7.10658e-21  5.87449e-20
-5.65487  3.14159  0  -7.40549e-20  6.05882e-21
-4.39823  3.14159  0  5.05376e-20  -8.44857e-20
-3.14159  3.14159  0  9.12758e-20  -1.31492e-19
-1.88496  3.14159  0  7.07669e-20  2.27199e-19
-0.628319  3.14159  0  5.28526e-19  -6.63044e-20
0.628319  3.14159  0  -4.17418e-19  3.58453e-19
1.88496  3.14159  0  1.05874e-19  1.85164e-19
3.14159  3.14159  0  -1.66916e-19  -3.90886e-21
4.39823  3.14159  0  -9.94564e-20  -2.03128e-21
5.65487  3.14159  0  5.08595e-20  -5.84096e-20
6.9115  3.14159  0  4.79179e-20  2.2847e-20
8.16814  3.14159  0  5.87065e-20  -1.32696e-20
10.6814  3.14159  0  1.49203e-20  -1.88445e-20
15.708  3.14159  0  -2.00903e-20  -6.33652e-21
33.3009  3.14159  0  -3.62586e-20  1.19347e-20
-54.6637  3.14159  3.14159  -6.98832e-19  3.76342e-19
-27.0177  3.14159  3.14159  9.08157e-19  -2.254e-19
-13.1947  3.14159  3.14159  1.77666e-18  3.42901e-19
-10.6814  3.14159  3.14159  -1.95438e-18  -2.2449e-19
-8.16814  3.14159  3.14159  -3.65944e-18  1.89623e-18
-6.9115  3.14159  3.14159  -1.80026e-18  2.61368e-18
-5.65487  3.14159  3.14159  -5.9067e-18  -4.61495e-19
-4.39823  3.14159  3.14159  4.16011e-18  -4.45627e-18
-3.14159  3.14159  3.14159  7.6638e-18  -5.95635e-18
-1.88496  3.14159  3.14159  3.27571e-18  1.38968e-17
-0.628319  3.14159  3.14159  3.93564e-17  7.73004e-19
0.628319  3.14159  3.14159  -3.2031e-17  2.05941e-17
1.88496  3.14159  3.14159  6.20216e-18  1.46559e-17
3.14159  3.14159  3.14159  -9.74156e-18  -1.10544e-18
4.39823  3.14159  3.14159  -5.52409e-18  -2.08691e-18
5.65487  3.14159  3.14159  4.82588e-18  -2.79543e-18
6.9115  3.14159  3.14159  3.32405e-18  2.08266e-18
8.16814  3.14159  3.14159  4.49788e-18  5.96652e-19
10.6814  3.14159  3.14159  1.60068e-18  -9.85911e-19
15.708  3.14159  3.14159  -1.07829e-18  -2.52064e-19
33.3009  3.14159  3.14159  -2.39132e-18  4.55085e-19
