-54.6637  0  0  -7.41041e-15  3.63693e-15
-27.0177  0  0  -4.148e-15  -5.73502e-16
-13.1947  0  0  -3.18246e-15  -5.04452e-16
-10.6814  0  0  -3.3131e-15  -1.3681e-15
-8.16814  0  0  -2.67776e-15  -4.22257e-15
-6.9115  0  0  -5.40884e-15  5.1891e-15
-5.65487  0  0  -6.97841e-15  7.2836e-15
-4.39823  0  0  -5.54027e-15  -3.17896e-15
-3.14159  0  0  4.36034e-15  3.58019e-15
-1.88496  0  0  6.61629e-15  -1.88239e-14
-0.628319  0  0  -2.5528e-14  4.94358e-14
0.628319  0  0  1.86648e-14  -5.74409e-14
1.88496  0  0  -6.39435e-15  1.36919e-14
3.14159  0  0  7.78438e-15  -3.49113e-15
4.39823  0  0  -3.61885e-15  -5.67282e-15
5.65487  0  0  3.01694e-15  -1.40271e-14
6.9115  0  0  2.86666e-15  -1.13305e-14
8.16814  0  0  -1.74428e-15  -2.66887e-15
10.6814  0  0  4.06517e-16  -4.89254e-15
15.708  0  0  2.93252e-15  -7.78869e-15
33.3009  0  0  4.49718e-15  -7.54891e-15
-54.6637  0  3.14159  1.31956e-15  2.42377e-16
-27.0177  0  3.14159  1.26359e-15  -1.66249e-16
-13.1947  0  3.14159  1.22946e-15  -2.30618e-16
-10.6814  0  3.14159  1.13948e-15  -2.40366e-16
-8.16814  0  3.14159  1.01267e-15  -3.47002e-16
-6.9115  0  3.14159  1.47643e-15  1.16938e-16
-5.65487  0  3.14159  1.51495e-15  3.2036e-16
-4.39823  0  3.14159  9.28473e-16  -4.14589e-17
-3.14159  0  3.14159  1.67038e-15  -5.22772e-16
-1.88496  0  3.14159  3.79222e-16  -1.45893e-15
-0.628319  0  3.14159  3.40538e-15  2.89759e-15
0.628319  0  3.14159  -1.67411e-15  -3.38625e-15
1.88496  0  3.14159  1.89121e-15  4.22724e-16
3.14159  0  3.14159  1.29008e-15  -9.40602e-16
4.39823  0  3.14159  6.4938e-16  -2.85682e-16
5.65487  0  3.14159  4.19003e-16  -9.83647e-16
6.9115  0  3.14159  5.85119e-16  -9.17517e-16
8.16814  0  3.14159  9.21253e-16  -3.35773e-16
10.6814  0  3.14159  8.8171e-16  -5.06311e-16
15.708  0  3.14159  7.01353e-16  -7.89664e-16
33.3009  0  3.14159  5.99602e-16  -8.55436e-16
-54.6637  3.14159  0  1.31956e-15  2.42377e-16
-27.0177  3.14159  0  1.26359e-15  -1.66249e-16
-13.1947  3.14159  0  1.22946e-15  -2.30618e-16
-10.6814  3.14159  0  1.13948e-15  -2.40366e-16
-8.16814  3.14159  0  1.01267e-15  -3.47002e-16
-6.9115  3.14159  0  1.47643e-15  1.16938e-16
-5.65487  3.14159  0  1.51495e-15  3.2036e-16
-4.39823  3.14159  0  9.28473e-16  -4.14589e-17
-3.14159  3.14159  0  1.67038e-15  -5.22772e-16
-1.88496  3.14159  0  3.79222e-16  -1.45893e-15
-0.628319  3.14159  0  3.40538e-15  2.89759e-15
0.628319  3.14159  0  -1.67411e-15  -3.38625e-15
1.88496  3.14159  0  1.89121e-15  4.22724e-16
3.14159  3.14159  0  1.29008e-15  -9.40602e-16
4.39823  3.14159  0  6.4938e-16  -2.85682e-16
5.65487  3.14159  0  4.19003e-16  -9.83647e-16
6.9115  3.14159  0  5.85119e-16  -9.17517e-16
8.16814  3.14159  0  9.21253e-16  -3.35773e-16
10.6814  3.14159  0  8.8171e-16  -5.06311e-16
15.708  3.14159  0  7.01353e-16  -7.89664e-16
33.3009  3.14159  0  5.99602e-16  -8.55436e-16
-54.6637  3.14159  3.14159  -4.29297e-15  3.35737e-16
-27.0177  3.14159  3.14159  -1.56673e-15  -1.09494e-15
-13.1947  3.14159  3.14159  1.16647e-15  -2.76791e-15
-10.6814  3.14159  3.14159  1.60883e-15  -2.6541e-15
-8.16814  3.14159  3.14159  1.81002e-15  -1.7733e-15
-6.9115  3.14159  3.14159  4.19748e-15  -4.92033e-15
-5.65487  3.14159  3.14159  5.04327e-15  -5.67583e-15
-4.39823  3.14159  3.14159  3.22894e-15  -1.9495e-15
-3.14159  3.14159  3.14159  1.86586e-15  -6.00066e-15
-1.88496  3.14159  3.14159  -1.35298e-15  1.82943e-15
-0.628319  3.14159  3.14159  1.76435e-14  -1.91808e-14
0.628319  3.14159  3.14159  -1.03281e-14  1.41099e-14
1.88496  3.14159  3.14159  7.90103e-15  -8.73658e-15
3.14159  3.14159  3.14159  9.76927e-16  -3.85014e-15
4.39823  3.14159  3.14159  4.14063e-15  -2.67191e-15
5.65487  3.14159  3.14159  1.51502e-15  -1.80235e-16
6.9115  3.14159  3.14159  2.39967e-15  -1.28513e-15
8.16814  3.14159  3.14159  5.14853e-15  -3.91316e-15
10.6814  3.14159  3.14159  4.65384e-15  -3.44486e-15
15.708  3.14159  3.14159  4.51696e-15  -3.31424e-15
33.3009  3.14159  3.14159  7.31283e-15  -4.46637e-15
