-54.6637  0  0  0.000945693  -0.103616
-27.0177  0  0  0.00405823  -0.209122
-13.1947  0  0  0.0184456  -0.421436
-10.6814  0  0  0.0283211  -0.513713
-8.16814  0  0  0.0470067  -0.652612
-6.9115  0  0  0.0625918  -0.750256
-5.65487  0  0  0.0852835  -0.875668
-4.39823  0  0  0.118884  -1.03624
-3.14159  0  0  0.169352  -1.22663
-1.88496  0  0  0.244752  -1.35186
-0.628319  0  0  0.341249  -0.90099
0.628319  0  0  0.341249  0.90099
1.88496  0  0  0.244752  1.35186
3.14159  0  0  0.169353  1.22663
4.39823  0  0  0.118884  1.03624
5.65487  0  0  0.0852834  0.875668
6.9115  0  0  0.0625907  0.750257
8.16814  0  0  0.0470059  0.652613
10.6814  0  0  0.0283217  0.513713
15.708  0  0  0.0128037  0.35644
33.3009  0  0  0.00261963  0.169871
-54.6637  0  3.14159  4.9396e-07  -0.103727
-27.0177  0  3.14159  -2.70398e-07  -0.210035
-13.1947  0  3.14159  -5.32065e-06  -0.428895
-10.6814  0  3.14159  -6.31462e-06  -0.527005
-8.16814  0  3.14159  -5.24588e-06  -0.678983
-6.9115  0  3.14159  -4.87431e-06  -0.789541
-5.65487  0  3.14159  -7.60145e-06  -0.937798
-4.39823  0  3.14159  -6.79451e-06  -1.14549
-3.14159  0  3.14159  -4.7805e-06  -1.46123
-1.88496  0  3.14159  -1.24537e-06  -2.04322
-0.628319  0  3.14159  -9.10954e-07  -5.29966
0.628319  0  3.14159  -4.13479e-07  5.29966
1.88496  0  3.14159  -1.02038e-06  2.04322
3.14159  0  3.14159  -4.58353e-06  1.46123
4.39823  0  3.14159  -6.63992e-06  1.14549
5.65487  0  3.14159  -7.50109e-06  0.937798
6.9115  0  3.14159  -7.03608e-06  0.789545
8.16814  0  3.14159  -6.74449e-06  0.678987
10.6814  0  3.14159  -5.32072e-06  0.527006
15.708  0  3.14159  -2.66275e-06  0.360978
33.3009  0  3.14159  -9.72083e-07  0.170358
-54.6637  3.14159  0  4.9396e-07  -0.103727
-27.0177  3.14159  0  -2.70398e-07  -0.210035
-13.1947  3.14159  0  -5.32065e-06  -0.428895
-10.6814  3.14159  0  -6.31462e-06  -0.527005
-8.16814  3.14159  0  -5.24588e-06  -0.678983
-6.9115  3.14159  0  -4.87431e-06  -0.789541
-5.65487  3.14159  0  -7.60145e-06  -0.937798
-4.39823  3.14159  0  -6.79451e-06  -1.14549
-3.14159  3.14159  0  -4.7805e-06  -1.46123
-1.88496  3.14159  0  -1.24537e-06  -2.04322
-0.628319  3.14159  0  -9.10954e-07  -5.29966
0.628319  3.14159  0  -4.13479e-07  5.29966
1.88496  3.14159  0  -1.02038e-06  2.04322
3.14159  3.14159  0  -4.58353e-06  1.46123
4.39823  3.14159  0  -6.63992e-06  1.14549
5.65487  3.14159  0  -7.50109e-06  0.937798
6.9115  3.14159  0  -7.03608e-06  0.789545
8.16814  3.14159  0  -6.74449e-06  0.678987
10.6814  3.14159  0  -5.32072e-06  0.527006
15.708  3.14159  0  -2.66275e-06  0.360978
33.3009  3.14159  0  -9.72083e-07  0.170358
-54.6637  3.14159  3.14159  -0.000945536  -0.103616
-27.0177  3.14159  3.14159  -0.00405984  -0.209121
-13.1947  3.14159  3.14159  -0.0184558  -0.421434
-10.6814  3.14159  3.14159  -0.0283344  -0.51371
-8.16814  3.14159  3.14159  -0.0470239  -0.652607
-6.9115  3.14159  3.14159  -0.0626132  -0.75025
-5.65487  3.14159  3.14159  -0.0853131  -0.87566
-4.39823  3.14159  3.14159  -0.118923  -1.03623
-3.14159  3.14159  3.14159  -0.16942  -1.22662
-1.88496  3.14159  3.14159  -0.244921  -1.35185
-0.628319  3.14159  3.14159  -0.34136  -0.9009
0.628319  3.14159  3.14159  -0.34136  0.9009
1.88496  3.14159  3.14159  -0.244921  1.35185
3.14159  3.14159  3.14159  -0.169419  1.22662
4.39823  3.14159  3.14159  -0.118922  1.03623
5.65487  3.14159  3.14159  -0.0853131  0.875661
6.9115  3.14159  3.14159  -0.0626134  0.750251
8.16814  3.14159  3.14159  -0.047024  0.652609
10.6814  3.14159  3.14159  -0.0283339  0.51371
15.708  3.14159  3.14159  -0.0128097  0.356439
33.3009  3.14159  3.14159  -0.0026214  0.169871
