-54.6637  0  0  4.72109e+10  3.88871e+10
-27.0177  0  0  3.88131e+11  1.83992e+11
-13.1947  0  0  3.87413e+11  -3.18275e+11
-10.6814  0  0  7.06005e+11  2.97071e+10
-8.16814  0  0  -2.49908e+12  -4.83306e+12
-6.9115  0  0  1.47985e+12  -1.66284e+12
-5.65487  0  0  -5.03246e+12  3.39758e+12
-4.39823  0  0  7.09718e+12  5.21425e+12
-3.14159  0  0  -9.17817e+12  -4.82809e+12
-1.88496  0  0  -3.22627e+13  7.04183e+12
-0.628319  0  0  8.1766e+13  -4.70637e+14
0.628319  0  0  -4.65496e+14  1.98682e+14
1.88496  0  0  7.68371e+11  -2.41519e+13
3.14159  0  0  -8.66871e+12  -8.37223e+12
4.39823  0  0  6.21124e+12  6.4863e+12
5.65487  0  0  1.95049e+12  -4.06634e+12
6.9115  0  0  -1.54817e+12  1.10078e+12
8.16814  0  0  -4.1232e+12  -3.06296e+12
10.6814  0  0  -6.42456e+09  5.36711e+11
15.708  0  0  -5.55856e+10  -6.04272e+11
33.3009  0  0  8.80188e+10  2.01239e+11
-54.6637  0  3.14159  2.41218e+14  2.81865e+14
-27.0177  0  3.14159  1.85038e+15  9.95034e+14
-13.1947  0  3.14159  1.58719e+15  -2.11968e+15
-10.6814  0  3.14159  3.05156e+15  -3.29551e+13
-8.16814  0  3.14159  -1.08986e+16  -2.13551e+16
-6.9115  0  3.14159  7.669e+15  -4.06846e+15
-5.65487  0  3.14159  -2.63451e+16  1.32836e+16
-4.39823  0  3.14159  3.30099e+16  2.54309e+16
-3.14159  0  3.14159  -4.36411e+16  -4.33268e+16
-1.88496  0  3.14159  -1.74607e+17  1.33326e+15
-0.628319  0  3.14159  7.3744e+17  -2.54435e+18
0.628319  0  3.14159  -2.61404e+18  7.25582e+17
1.88496  0  3.14159  8.71236e+15  -1.55153e+17
3.14159  0  3.14159  -4.57736e+16  -4.96135e+16
4.39823  0  3.14159  3.17729e+16  3.10398e+16
5.65487  0  3.14159  1.11097e+16  -2.37869e+16
6.9115  0  3.14159  -5.81522e+15  1.05708e+16
8.16814  0  3.14159  -1.85559e+16  -1.3233e+16
10.6814  0  3.14159  2.78941e+14  2.38663e+15
15.708  0  3.14159  -3.5241e+14  -2.84901e+15
33.3009  0  3.14159  3.32792e+14  6.19654e+14
-54.6637  3.14159  0  2.41218e+14  2.81865e+14
-27.0177  3.14159  0  1.85038e+15  9.95034e+14
-13.1947  3.14159  0  1.58719e+15  -2.11968e+15
-10.6814  3.14159  0  3.05156e+15  -3.29551e+13
-8.16814  3.14159  0  -1.08986e+16  -2.13551e+16
-6.9115  3.14159  0  7.669e+15  -4.06846e+15
-5.65487  3.14159  0  -2.63451e+16  1.32836e+16
-4.39823  3.14159  0  3.30099e+16  2.54309e+16
-3.14159  3.14159  0  -4.36411e+16  -4.33268e+16
-1.88496  3.14159  0  -1.74607e+17  1.33326e+15
-0.628319  3.14159  0  7.3744e+17  -2.54435e+18
0.628319  3.14159  0  -2.61404e+18  7.25582e+17
1.88496  3.14159  0  8.71236e+15  -1.55153e+17
3.14159  3.14159  0  -4.57736e+16  -4.96135e+16
4.39823  3.14159  0  3.17729e+16  3.10398e+16
5.65487  3.14159  0  1.11097e+16  -2.37869e+16
6.9115  3.14159  0  -5.81522e+15  1.05708e+16
8.16814  3.14159  0  -1.85559e+16  -1.3233e+16
10.6814  3.14159  0  2.78941e+14  2.38663e+15
15.708  3.14159  0  -3.5241e+14  -2.84901e+15
33.3009  3.14159  0  3.32792e+14  6.19654e+14
-54.6637  3.14159  3.14159  4.70186e+10  3.89765e+10
-27.0177  3.14159  3.14159  3.86695e+11  1.84655e+11
-13.1947  3.14159  3.14159  3.86784e+11  -3.16873e+11
-10.6814  3.14159  3.14159  7.03998e+11  3.14687e+10
-8.16814  3.14159  3.14159  -2.47975e+12  -4.8267e+12
-6.9115  3.14159  3.14159  1.48158e+12  -1.6519e+12
-5.65487  3.14159  3.14159  -5.02973e+12  3.37313e+12
-4.39823  3.14159  3.14159  7.06326e+12  5.22055e+12
-3.14159  3.14159  3.14159  -9.13938e+12  -4.85393e+12
-1.88496  3.14159  3.14159  -3.2215e+13  6.91909e+12
-0.628319  3.14159  3.14159  8.30646e+13  -4.69356e+14
0.628319  3.14159  3.14159  -4.65029e+14  1.96773e+14
1.88496  3.14159  3.14159  8.38192e+11  -2.41142e+13
3.14159  3.14159  3.14159  -8.62902e+12  -8.37731e+12
4.39823  3.14159  3.14159  6.17782e+12  6.48548e+12
5.65487  3.14159  3.14159  1.957e+12  -4.05287e+12
6.9115  3.14159  3.14159  -1.54592e+12  1.09699e+12
8.16814  3.14159  3.14159  -4.10405e+12  -3.06583e+12
10.6814  3.14159  3.14159  -7.59557e+09  5.3524e+11
15.708  3.14159  3.14159  -5.40114e+10  -6.02789e+11
33.3009  3.14159  3.14159  8.71886e+10  2.00765e+11
