-54.6637  0  0  4.19576e+12  -4.28497e+12
-27.0177  0  0  -5.70638e+12  3.60445e+12
-13.1947  0  0  -1.22566e+13  5.38842e+12
-10.6814  0  0  1.61106e+13  -7.91071e+12
-8.16814  0  0  1.8449e+13  -2.31429e+13
-6.9115  0  0  1.08183e+13  -2.04442e+13
-5.65487  0  0  4.38249e+13  -1.95245e+13
-4.39823  0  0  -9.06286e+12  3.21093e+13
-3.14159  0  0  -4.59766e+13  4.63277e+13
-1.88496  0  0  -6.05824e+13  -8.66273e+13
-0.628319  0  0  -3.08553e+14  1.22572e+14
0.628319  0  0  1.78344e+14  -2.674e+14
1.88496  0  0  -7.66971e+13  -8.49554e+13
3.14159  0  0  5.22243e+13  -2.53335e+13
4.39823  0  0  3.4901e+13  6.58259e+12
5.65487  0  0  -3.08193e+13  3.66927e+13
6.9115  0  0  -2.32756e+13  8.07905e+11
8.16814  0  0  -3.06253e+13  7.94552e+12
10.6814  0  0  -1.1766e+13  1.41761e+13
15.708  0  0  8.39129e+12  -2.46428e+12
33.3009  0  0  1.39824e+13  -8.55167e+12
-54.6637  0  3.14159  1.50479e+14  -1.72912e+14
-27.0177  0  3.14159  -2.19058e+14  1.48069e+14
-13.1947  0  3.14159  -4.62125e+14  2.76034e+14
-10.6814  0  3.14159  6.02987e+14  -3.70242e+14
-8.16814  0  3.14159  6.08566e+14  -1.07162e+15
-6.9115  0  3.14159  3.27717e+14  -9.29121e+14
-5.65487  0  3.14159  1.66639e+15  -9.831e+14
-4.39823  0  3.14159  -1.87114e+14  1.43026e+15
-3.14159  0  3.14159  -1.55143e+15  2.02039e+15
-1.88496  0  3.14159  -2.85285e+15  -3.32019e+15
-0.628319  0  3.14159  -1.16766e+16  5.92696e+15
0.628319  0  3.14159  6.04341e+15  -1.13105e+16
1.88496  0  3.14159  -3.31037e+15  -3.05594e+15
3.14159  0  3.14159  2.00028e+15  -1.32663e+15
4.39823  0  3.14159  1.46384e+15  -3.12051e+13
5.65487  0  3.14159  -1.06115e+15  1.61995e+15
6.9115  0  3.14159  -9.49518e+14  2.24327e+14
8.16814  0  3.14159  -1.14714e+15  5.10998e+14
10.6814  0  3.14159  -3.96196e+14  5.96649e+14
15.708  0  3.14159  3.33284e+14  -1.05724e+14
33.3009  0  3.14159  5.24266e+14  -4.09044e+14
-54.6637  3.14159  0  1.50479e+14  -1.72912e+14
-27.0177  3.14159  0  -2.19058e+14  1.48069e+14
-13.1947  3.14159  0  -4.62125e+14  2.76034e+14
-10.6814  3.14159  0  6.02987e+14  -3.70242e+14
-8.16814  3.14159  0  6.08566e+14  -1.07162e+15
-6.9115  3.14159  0  3.27717e+14  -9.29121e+14
-5.65487  3.14159  0  1.66639e+15  -9.831e+14
-4.39823  3.14159  0  -1.87114e+14  1.43026e+15
-3.14159  3.14159  0  -1.55143e+15  2.02039e+15
-1.88496  3.14159  0  -2.85285e+15  -3.32019e+15
-0.628319  3.14159  0  -1.16766e+16  5.92696e+15
0.628319  3.14159  0  6.04341e+15  -1.13105e+16
1.88496  3.14159  0  -3.31037e+15  -3.05594e+15
3.14159  3.14159  0  2.00028e+15  -1.32663e+15
4.39823  3.14159  0  1.46384e+15  -3.12051e+13
5.65487  3.14159  0  -1.06115e+15  1.61995e+15
6.9115  3.14159  0  -9.49518e+14  2.24327e+14
8.16814  3.14159  0  -1.14714e+15  5.10998e+14
10.6814  3.14159  0  -3.96196e+14  5.96649e+14
15.708  3.14159  0  3.33284e+14  -1.05724e+14
33.3009  3.14159  0  5.24266e+14  -4.09044e+14
-54.6637  3.14159  3.14159  4.18821e+12  -4.29185e+12
-27.0177  3.14159  3.14159  -5.69516e+12  3.61543e+12
-13.1947  3.14159  3.14159  -1.22737e+13  5.3818e+12
-10.6814  3.14159  3.14159  1.61191e+13  -7.89875e+12
-8.16814  3.14159  3.14159  1.84977e+13  -2.30951e+13
-6.9115  3.14159  3.14159  1.08721e+13  -2.04055e+13
-5.65487  3.14159  3.14159  4.38469e+13  -1.94984e+13
-4.39823  3.14159  3.14159  -9.1339e+12  3.2099e+13
-3.14159  3.14159  3.14159  -4.60403e+13  4.633e+13
-1.88496  3.14159  3.14159  -6.05159e+13  -8.65055e+13
-0.628319  3.14159  3.14159  -3.08673e+14  1.22548e+14
0.628319  3.14159  3.14159  1.78376e+14  -2.67273e+14
1.88496  3.14159  3.14159  -7.68221e+13  -8.5006e+13
3.14159  3.14159  3.14159  5.22277e+13  -2.52688e+13
4.39823  3.14159  3.14159  3.4918e+13  6.6521e+12
5.65487  3.14159  3.14159  -3.08472e+13  3.66723e+13
6.9115  3.14159  3.14159  -2.33191e+13  7.58099e+11
8.16814  3.14159  3.14159  -3.06774e+13  7.90199e+12
10.6814  3.14159  3.14159  -1.17784e+13  1.41683e+13
15.708  3.14159  3.14159  8.38315e+12  -2.46821e+12
33.3009  3.14159  3.14159  1.39852e+13  -8.54907e+12
