-54.6637  0  0  -4.41575e+13  9.08352e+13
-27.0177  0  0  9.54596e+13  -7.36715e+13
-13.1947  0  0  1.91929e+14  -2.01212e+14
-10.6814  0  0  -2.14933e+14  2.53649e+14
-8.16814  0  0  -8.49329e+13  8.58456e+14
-6.9115  0  0  1.99626e+14  6.89363e+14
-5.65487  0  0  -5.93432e+14  7.66131e+14
-4.39823  0  0  -2.32242e+14  -1.05694e+15
-3.14159  0  0  1.06904e+13  -1.66961e+15
-1.88496  0  0  1.93619e+15  1.51946e+15
-0.628319  0  0  4.00188e+15  -4.75107e+15
0.628319  0  0  -1.07646e+15  6.30473e+15
1.88496  0  0  2.11326e+15  5.41847e+14
3.14159  0  0  -1.23843e+15  1.12509e+15
4.39823  0  0  -9.21251e+14  6.21989e+14
5.65487  0  0  1.07184e+14  -1.01901e+15
6.9115  0  0  5.30247e+14  -3.38548e+14
8.16814  0  0  4.4058e+14  -6.74554e+14
10.6814  0  0  2.32039e+13  -3.40227e+14
15.708  0  0  -1.79746e+14  5.15383e+13
33.3009  0  0  -2.04763e+14  3.32403e+14
-54.6637  0  3.14159  2.94314e+12  -3.4791e+12
-27.0177  0  3.14159  -5.24959e+12  2.83506e+12
-13.1947  0  3.14159  -7.97063e+12  4.77487e+12
-10.6814  0  3.14159  8.71332e+12  -7.09957e+12
-8.16814  0  3.14159  4.2876e+12  -2.71298e+13
-6.9115  0  3.14159  -5.72029e+12  -2.29363e+13
-5.65487  0  3.14159  2.44699e+13  -2.10743e+13
-4.39823  0  3.14159  2.15582e+12  3.47863e+13
-3.14159  0  3.14159  -1.15492e+13  5.58352e+13
-1.88496  0  3.14159  -6.941e+13  -6.65029e+13
-0.628319  0  3.14159  -1.79175e+14  1.34187e+14
0.628319  0  3.14159  7.72618e+13  -2.21682e+14
1.88496  0  3.14159  -6.74879e+13  -4.42022e+13
3.14159  0  3.14159  4.86589e+13  -3.25549e+13
4.39823  0  3.14159  3.23513e+13  -1.60695e+13
5.65487  0  3.14159  -8.41508e+12  3.4084e+13
6.9115  0  3.14159  -1.77098e+13  5.93397e+12
8.16814  0  3.14159  -1.62869e+13  1.72791e+13
10.6814  0  3.14159  -2.63236e+12  1.127e+13
15.708  0  3.14159  7.96571e+12  -1.42824e+12
33.3009  0  3.14159  9.70405e+12  -1.04596e+13
-54.6637  3.14159  0  2.94314e+12  -3.4791e+12
-27.0177  3.14159  0  -5.24959e+12  2.83506e+12
-13.1947  3.14159  0  -7.97063e+12  4.77487e+12
-10.6814  3.14159  0  8.71332e+12  -7.09957e+12
-8.16814  3.14159  0  4.2876e+12  -2.71298e+13
-6.9115  3.14159  0  -5.72029e+12  -2.29363e+13
-5.65487  3.14159  0  2.44699e+13  -2.10743e+13
-4.39823  3.14159  0  2.15582e+12  3.47863e+13
-3.14159  3.14159  0  -1.15492e+13  5.58352e+13
-1.88496  3.14159  0  -6.941e+13  -6.65029e+13
-0.628319  3.14159  0  -1.79175e+14  1.34187e+14
0.628319  3.14159  0  7.72618e+13  -2.21682e+14
1.88496  3.14159  0  -6.74879e+13  -4.42022e+13
3.14159  3.14159  0  4.86589e+13  -3.25549e+13
4.39823  3.14159  0  3.23513e+13  -1.60695e+13
5.65487  3.14159  0  -8.41508e+12  3.4084e+13
6.9115  3.14159  0  -1.77098e+13  5.93397e+12
8.16814  3.14159  0  -1.62869e+13  1.72791e+13
10.6814  3.14159  0  -2.63236e+12  1.127e+13
15.708  3.14159  0  7.96571e+12  -1.42824e+12
33.3009  3.14159  0  9.70405e+12  -1.04596e+13
-54.6637  3.14159  3.14159  2.69989e+14  6.60823e+14
-27.0177  3.14159  3.14159  -1.31888e+14  -8.62309e+14
-13.1947  3.14159  3.14159  3.66125e+14  -1.43933e+15
-10.6814  3.14159  3.14159  -2.17394e+14  1.64909e+15
-8.16814  3.14159  3.14159  1.34127e+15  2.92657e+15
-6.9115  3.14159  3.14159  2.04969e+15  1.73677e+15
-5.65487  3.14159  3.14159  -7.17082e+14  4.89073e+15
-4.39823  3.14159  3.14159  -3.14387e+15  -3.5865e+15
-3.14159  3.14159  3.14159  -4.04117e+15  -7.07323e+15
-1.88496  3.14159  3.14159  1.20601e+16  -2.30593e+15
-0.628319  3.14159  3.14159  3.23763e+15  -3.41026e+16
0.628319  3.14159  3.14159  1.65124e+16  2.86214e+16
1.88496  3.14159  3.14159  1.31968e+16  -3.86164e+15
3.14159  3.14159  3.14159  -1.38546e+15  7.6187e+15
4.39823  3.14159  3.14159  -2.13101e+15  4.21884e+15
5.65487  3.14159  3.14159  -2.1866e+15  -4.2028e+15
6.9115  3.14159  3.14159  1.78718e+15  -2.42106e+15
8.16814  3.14159  3.14159  8.89494e+14  -3.48351e+15
10.6814  3.14159  3.14159  -7.8503e+14  -1.47127e+15
15.708  3.14159  3.14159  -2.54221e+14  9.96355e+14
33.3009  3.14159  3.14159  2.01698e+14  2.03431e+15
