-54.6637  0  0  0.000973273  -0.112468
-27.0177  0  0  0.00416875  -0.226893
-13.1947  0  0  0.0188729  -0.456744
-10.6814  0  0  0.028944  -0.556503
-8.16814  0  0  0.0479937  -0.706583
-6.9115  0  0  0.0638934  -0.812078
-5.65487  0  0  0.0870786  -0.947668
-4.39823  0  0  0.12151  -1.12185
-3.14159  0  0  0.173505  -1.33181
-1.88496  0  0  0.252608  -1.49415
-0.628319  0  0  0.363632  -1.05853
0.628319  0  0  0.363632  1.05853
1.88496  0  0  0.252609  1.49415
3.14159  0  0  0.173505  1.33181
4.39823  0  0  0.12151  1.12185
5.65487  0  0  0.0870788  0.947668
6.9115  0  0  0.0638929  0.812079
8.16814  0  0  0.0479936  0.706584
10.6814  0  0  0.0289452  0.556503
15.708  0  0  0.0131147  0.386435
33.3009  0  0  0.00269352  0.184339
-54.6637  0  3.14159  1.09897e-06  -0.112595
-27.0177  0  3.14159  1.09675e-06  -0.227942
-13.1947  0  3.14159  -2.32985e-06  -0.465317
-10.6814  0  3.14159  -1.58763e-06  -0.571833
-8.16814  0  3.14159  3.31347e-06  -0.73723
-6.9115  0  3.14159  5.38256e-06  -0.857998
-5.65487  0  3.14159  1.08531e-06  -1.02069
-4.39823  0  3.14159  9.58296e-07  -1.25003
-3.14159  0  3.14159  1.10277e-06  -1.60126
-1.88496  0  3.14159  2.77117e-06  -2.27595
-0.628319  0  3.14159  -9.98002e-06  -6.25046
0.628319  0  3.14159  -8.49422e-06  6.25046
1.88496  0  3.14159  3.42813e-06  2.27595
3.14159  0  3.14159  1.68457e-06  1.60126
4.39823  0  3.14159  1.47245e-06  1.25003
5.65487  0  3.14159  1.55019e-06  1.02069
6.9115  0  3.14159  1.86028e-06  0.858001
8.16814  0  3.14159  1.04251e-06  0.737233
10.6814  0  3.14159  6.35839e-07  0.571833
15.708  0  3.14159  1.08935e-06  0.391643
33.3009  0  3.14159  -1.29339e-07  0.184899
-54.6637  3.14159  0  1.09897e-06  -0.112595
-27.0177  3.14159  0  1.09675e-06  -0.227942
-13.1947  3.14159  0  -2.32985e-06  -0.465317
-10.6814  3.14159  0  -1.58763e-06  -0.571833
-8.16814  3.14159  0  3.31347e-06  -0.73723
-6.9115  3.14159  0  5.38256e-06  -0.857998
-5.65487  3.14159  0  1.08531e-06  -1.02069
-4.39823  3.14159  0  9.58296e-07  -1.25003
-3.14159  3.14159  0  1.10277e-06  -1.60126
-1.88496  3.14159  0  2.77117e-06  -2.27595
-0.628319  3.14159  0  -9.98002e-06  -6.25046
0.628319  3.14159  0  -8.49422e-06  6.25046
1.88496  3.14159  0  3.42813e-06  2.27595
3.14159  3.14159  0  1.68457e-06  1.60126
4.39823  3.14159  0  1.47245e-06  1.25003
5.65487  3.14159  0  1.55019e-06  1.02069
6.9115  3.14159  0  1.86028e-06  0.858001
8.16814  3.14159  0  1.04251e-06  0.737233
10.6814  3.14159  0  6.35839e-07  0.571833
15.708  3.14159  0  1.08935e-06  0.391643
33.3009  3.14159  0  -1.29339e-07  0.184899
-54.6637  3.14159  3.14159  -0.000972718  -0.112467
-27.0177  3.14159  3.14159  -0.00416816  -0.226893
-13.1947  3.14159  3.14159  -0.0188735  -0.456744
-10.6814  3.14159  3.14159  -0.0289438  -0.556503
-8.16814  3.14159  3.14159  -0.0479919  -0.706584
-6.9115  3.14159  3.14159  -0.0638907  -0.812081
-5.65487  3.14159  3.14159  -0.0870747  -0.947673
-4.39823  3.14159  3.14159  -0.12151  -1.12186
-3.14159  3.14159  3.14159  -0.173554  -1.33183
-1.88496  3.14159  3.14159  -0.252552  -1.49415
-0.628319  3.14159  3.14159  -0.363618  -1.05835
0.628319  3.14159  3.14159  -0.363618  1.05835
1.88496  3.14159  3.14159  -0.252551  1.49415
3.14159  3.14159  3.14159  -0.173553  1.33183
4.39823  3.14159  3.14159  -0.12151  1.12186
5.65487  3.14159  3.14159  -0.0870744  0.947673
6.9115  3.14159  3.14159  -0.0638901  0.812081
8.16814  3.14159  3.14159  -0.0479915  0.706584
10.6814  3.14159  3.14159  -0.0289436  0.556503
15.708  3.14159  3.14159  -0.0131134  0.386435
33.3009  3.14159  3.14159  -0.00269336  0.184339
