-54.6637  0  0  -0.000881462  -0.0122421
-27.0177  0  0  0.0229414  -0.0118199
-13.1947  0  0  -0.0414041  0.0709367
-10.6814  0  0  -0.0298246  -0.0432545
-8.16814  0  0  0.0508825  0.119299
-6.9115  0  0  0.0704178  0.0230387
-5.65487  0  0  0.0805472  -0.0977258
-4.39823  0  0  -0.182871  -0.0140514
-3.14159  0  0  -0.0198076  0.00902583
-1.88496  0  0  -0.115219  0.0735883
-0.628319  0  0  0.506863  0.00456461
0.628319  0  0  0.165853  0.492665
1.88496  0  0  0.0601937  -0.0665382
3.14159  0  0  -0.106933  0.0125142
4.39823  0  0  -0.082179  -0.0655059
5.65487  0  0  -0.0717104  0.120679
6.9115  0  0  0.0139288  0.0203781
8.16814  0  0  0.0735251  -0.0756428
10.6814  0  0  -0.0352418  0.0135572
15.708  0  0  0.0579955  -0.069916
33.3009  0  0  -0.00141659  0.018739
-54.6637  0  3.14159  -6.65841  11.6396
-27.0177  0  3.14159  -13.6964  5.85377
-13.1947  0  3.14159  25.3267  -39.6704
-10.6814  0  3.14159  7.3538  38.9736
-8.16814  0  3.14159  1.42356  -112.468
-6.9115  0  3.14159  -18.2952  -37.0781
-5.65487  0  3.14159  -34.6714  57.3524
-4.39823  0  3.14159  99.9516  63.8332
-3.14159  0  3.14159  66.8495  16.7502
-1.88496  0  3.14159  37.8347  6.56561
-0.628319  0  3.14159  -251.06  11.8802
0.628319  0  3.14159  -99.4391  -235.934
1.88496  0  3.14159  18.4405  29.4379
3.14159  0  3.14159  52.7258  51.4494
4.39823  0  3.14159  100.253  58.8322
5.65487  0  3.14159  38.1744  -57.9076
6.9115  0  3.14159  -39.5075  1.12396
8.16814  0  3.14159  -95.5979  54.7576
10.6814  0  3.14159  37.6355  -11.7437
15.708  0  3.14159  -15.3734  29.3345
33.3009  0  3.14159  12.3863  -16.5393
-54.6637  3.14159  0  -6.65841  11.6396
-27.0177  3.14159  0  -13.6964  5.85377
-13.1947  3.14159  0  25.3267  -39.6704
-10.6814  3.14159  0  7.3538  38.9736
-8.16814  3.14159  0  1.42356  -112.468
-6.9115  3.14159  0  -18.2952  -37.0781
-5.65487  3.14159  0  -34.6714  57.3524
-4.39823  3.14159  0  99.9516  63.8332
-3.14159  3.14159  0  66.8495  16.7502
-1.88496  3.14159  0  37.8347  6.56561
-0.628319  3.14159  0  -251.06  11.8802
0.628319  3.14159  0  -99.4391  -235.934
1.88496  3.14159  0  18.4405  29.4379
3.14159  3.14159  0  52.7258  51.4494
4.39823  3.14159  0  100.253  58.8322
5.65487  3.14159  0  38.1744  -57.9076
6.9115  3.14159  0  -39.5075  1.12396
8.16814  3.14159  0  -95.5979  54.7576
10.6814  3.14159  0  37.6355  -11.7437
15.708  3.14159  0  -15.3734  29.3345
33.3009  3.14159  0  12.3863  -16.5393
-54.6637  3.14159  3.14159  -0.000881617  -0.0122423
-27.0177  3.14159  3.14159  0.0229415  -0.0118203
-13.1947  3.14159  3.14159  -0.0414041  0.0709386
-10.6814  3.14159  3.14159  -0.0298248  -0.0432541
-8.16814  3.14159  3.14159  0.050885  0.119295
-6.9115  3.14159  3.14159  0.0704182  0.023038
-5.65487  3.14159  3.14159  0.0805484  -0.097728
-4.39823  3.14159  3.14159  -0.182873  -0.0140509
-3.14159  3.14159  3.14159  -0.0198067  0.00902408
-1.88496  3.14159  3.14159  -0.11522  0.0735905
-0.628319  3.14159  3.14159  0.506865  0.00456035
0.628319  3.14159  3.14159  0.165857  0.492672
1.88496  3.14159  3.14159  0.0601926  -0.0665392
3.14159  3.14159  3.14159  -0.106934  0.0125156
4.39823  3.14159  3.14159  -0.0821794  -0.065504
5.65487  3.14159  3.14159  -0.0717101  0.120683
6.9115  3.14159  3.14159  0.0139294  0.020379
8.16814  3.14159  3.14159  0.0735239  -0.0756402
10.6814  3.14159  3.14159  -0.0352423  0.0135565
15.708  3.14159  3.14159  0.0579952  -0.0699175
33.3009  3.14159  3.14159  -0.00141626  0.0187395
