-54.6637  0  0  -3.13646e-33  -2.52419e-33
-27.0177  0  0  -3.99665e-33  -2.72612e-33
-13.1947  0  0  1.20716e-32  -1.15065e-32
-10.6814  0  0  1.22153e-32  -4.36179e-33
-8.16814  0  0  3.28649e-32  2.2771e-33
-6.9115  0  0  5.15555e-32  -4.7078e-32
-5.65487  0  0  -9.57722e-33  2.22552e-31
-4.39823  0  0  -2.40071e-31  -1.62736e-31
-3.14159  0  0  -1.3009e-32  -6.3042e-32
-1.88496  0  0  1.64508e-31  3.9738e-31
-0.628319  0  0  6.78961e-31  -1.29487e-30
0.628319  0  0  5.4815e-31  -1.34667e-30
1.88496  0  0  -4.42906e-31  2.29777e-31
3.14159  0  0  6.28897e-32  -1.25387e-31
4.39823  0  0  2.65818e-31  7.45945e-32
5.65487  0  0  -1.02759e-31  1.51544e-31
6.9115  0  0  1.98881e-32  -7.6704e-32
8.16814  0  0  9.21085e-33  1.22088e-32
10.6814  0  0  -7.99634e-33  -1.80979e-32
15.708  0  0  -7.39766e-33  1.11346e-32
33.3009  0  0  2.99697e-33  -5.12757e-33
-54.6637  0  3.14159  -9.22208e-35  9.59761e-35
-27.0177  0  3.14159  -1.26237e-35  1.68852e-34
-13.1947  0  3.14159  -2.98484e-34  -2.3242e-34
-10.6814  0  3.14159  -1.60975e-34  -4.24163e-34
-8.16814  0  3.14159  -2.57766e-35  -5.54163e-34
-6.9115  0  3.14159  -1.621e-33  -1.72696e-33
-5.65487  0  3.14159  5.34558e-33  4.95243e-34
-4.39823  0  3.14159  -4.57604e-33  6.25855e-33
-3.14159  0  3.14159  -2.19911e-33  -2.94405e-34
-1.88496  0  3.14159  1.20681e-32  -5.76063e-33
-0.628319  0  3.14159  -3.3546e-32  -2.39188e-32
0.628319  0  3.14159  -3.67203e-32  -1.94707e-32
1.88496  0  3.14159  5.23429e-33  1.07923e-32
3.14159  0  3.14159  -2.67886e-33  -1.49869e-33
4.39823  0  3.14159  2.08844e-33  -7.53414e-33
5.65487  0  3.14159  4.0546e-33  3.66461e-33
6.9115  0  3.14159  -1.89124e-33  -1.22215e-33
8.16814  0  3.14159  2.35273e-34  9.08539e-35
10.6814  0  3.14159  -4.93431e-34  7.38869e-35
15.708  0  3.14159  3.31894e-34  1.66441e-34
33.3009  0  3.14159  -1.65371e-34  -7.16937e-35
-54.6637  3.14159  0  -9.22208e-35  9.59761e-35
-27.0177  3.14159  0  -1.26237e-35  1.68852e-34
-13.1947  3.14159  0  -2.98484e-34  -2.3242e-34
-10.6814  3.14159  0  -1.60975e-34  -4.24163e-34
-8.16814  3.14159  0  -2.57766e-35  -5.54163e-34
-6.9115  3.14159  0  -1.621e-33  -1.72696e-33
-5.65487  3.14159  0  5.34558e-33  4.95243e-34
-4.39823  3.14159  0  -4.57604e-33  6.25855e-33
-3.14159  3.14159  0  -2.19911e-33  -2.94405e-34
-1.88496  3.14159  0  1.20681e-32  -5.76063e-33
-0.628319  3.14159  0  -3.3546e-32  -2.39188e-32
0.628319  3.14159  0  -3.67203e-32  -1.94707e-32
1.88496  3.14159  0  5.23429e-33  1.07923e-32
3.14159  3.14159  0  -2.67886e-33  -1.49869e-33
4.39823  3.14159  0  2.08844e-33  -7.53414e-33
5.65487  3.14159  0  4.0546e-33  3.66461e-33
6.9115  3.14159  0  -1.89124e-33  -1.22215e-33
8.16814  3.14159  0  2.35273e-34  9.08539e-35
10.6814  3.14159  0  -4.93431e-34  7.38869e-35
15.708  3.14159  0  3.31894e-34  1.66441e-34
33.3009  3.14159  0  -1.65371e-34  -7.16937e-35
-54.6637  3.14159  3.14159  1.33263e-33  -2.88281e-34
-27.0177  3.14159  3.14159  1.57692e-33  2.08338e-33
-13.1947  3.14159  3.14159  -7.41372e-33  1.09521e-33
-10.6814  3.14159  3.14159  4.73799e-33  3.24008e-33
-8.16814  3.14159  3.14159  -2.35192e-32  -1.674e-33
-6.9115  3.14159  3.14159  -6.11618e-33  5.69182e-33
-5.65487  3.14159  3.14159  -1.69765e-32  -8.46626e-32
-4.39823  3.14159  3.14159  7.82078e-32  3.24004e-32
-3.14159  3.14159  3.14159  2.60388e-32  9.34034e-33
-1.88496  3.14159  3.14159  -9.28231e-32  -4.18769e-32
-0.628319  3.14159  3.14159  -1.07152e-31  6.1163e-31
0.628319  3.14159  3.14159  1.66752e-31  5.47913e-31
1.88496  3.14159  3.14159  1.92087e-31  -1.33538e-31
3.14159  3.14159  3.14159  -1.63459e-32  7.139e-32
4.39823  3.14159  3.14159  -6.43597e-32  -1.58749e-33
5.65487  3.14159  3.14159  -4.71946e-33  -5.35611e-32
6.9115  3.14159  3.14159  1.71412e-32  3.10348e-32
8.16814  3.14159  3.14159  -9.64637e-33  -1.31559e-32
10.6814  3.14159  3.14159  4.58895e-33  9.79676e-33
15.708  3.14159  3.14159  1.85154e-33  -2.06642e-33
33.3009  3.14159  3.14159  -1.64764e-33  7.21932e-34
