-54.6637  0  0  -0.000945259  0.103616
-27.0177  0  0  -0.00405876  0.20912
-13.1947  0  0  -0.0184511  0.421435
-10.6814  0  0  -0.0283281  0.513711
-8.16814  0  0  -0.047016  0.652611
-6.9115  0  0  -0.0626039  0.750254
-5.65487  0  0  -0.085301  0.875664
-4.39823  0  0  -0.118907  1.03623
-3.14159  0  0  -0.169401  1.22662
-1.88496  0  0  -0.245012  1.35185
-0.628319  0  0  -0.341406  0.9009
0.628319  0  0  -0.341406  -0.9009
1.88496  0  0  -0.245011  -1.35185
3.14159  0  0  -0.169401  -1.22662
4.39823  0  0  -0.118907  -1.03623
5.65487  0  0  -0.0853008  -0.875663
6.9115  0  0  -0.0626045  -0.750253
8.16814  0  0  -0.0470165  -0.65261
10.6814  0  0  -0.028328  -0.513711
15.708  0  0  -0.0128067  -0.35644
33.3009  0  0  -0.00262101  -0.169872
-54.6637  0  3.14159  -3.85959e-08  0.103726
-27.0177  0  3.14159  -4.35054e-08  0.210032
-13.1947  0  3.14159  -1.23845e-07  0.428893
-10.6814  0  3.14159  -3.41998e-07  0.527006
-8.16814  0  3.14159  -9.55494e-07  0.678987
-6.9115  0  3.14159  -1.65554e-06  0.789545
-5.65487  0  3.14159  -3.30556e-06  0.937799
-4.39823  0  3.14159  -7.52483e-06  1.14549
-3.14159  0  3.14159  -1.82659e-05  1.46123
-1.88496  0  3.14159  -3.5267e-05  2.04322
-0.628319  0  3.14159  -3.73207e-05  5.29966
0.628319  0  3.14159  -3.67723e-05  -5.29966
1.88496  0  3.14159  -3.4998e-05  -2.04322
3.14159  0  3.14159  -1.80224e-05  -1.46123
4.39823  0  3.14159  -7.30533e-06  -1.14549
5.65487  0  3.14159  -3.12624e-06  -0.937798
6.9115  0  3.14159  -1.14441e-06  -0.789542
8.16814  0  3.14159  -5.79725e-07  -0.678983
10.6814  0  3.14159  -3.2198e-07  -0.527005
15.708  0  3.14159  -1.02072e-07  -0.36098
33.3009  0  3.14159  4.60507e-08  -0.170359
-54.6637  3.14159  0  -3.85959e-08  0.103726
-27.0177  3.14159  0  -4.35054e-08  0.210032
-13.1947  3.14159  0  -1.23845e-07  0.428893
-10.6814  3.14159  0  -3.41998e-07  0.527006
-8.16814  3.14159  0  -9.55494e-07  0.678987
-6.9115  3.14159  0  -1.65554e-06  0.789545
-5.65487  3.14159  0  -3.30556e-06  0.937799
-4.39823  3.14159  0  -7.52483e-06  1.14549
-3.14159  3.14159  0  -1.82659e-05  1.46123
-1.88496  3.14159  0  -3.5267e-05  2.04322
-0.628319  3.14159  0  -3.73207e-05  5.29966
0.628319  3.14159  0  -3.67723e-05  -5.29966
1.88496  3.14159  0  -3.4998e-05  -2.04322
3.14159  3.14159  0  -1.80224e-05  -1.46123
4.39823  3.14159  0  -7.30533e-06  -1.14549
5.65487  3.14159  0  -3.12624e-06  -0.937798
6.9115  3.14159  0  -1.14441e-06  -0.789542
8.16814  3.14159  0  -5.79725e-07  -0.678983
10.6814  3.14159  0  -3.2198e-07  -0.527005
15.708  3.14159  0  -1.02072e-07  -0.36098
33.3009  3.14159  0  4.60507e-08  -0.170359
-54.6637  3.14159  3.14159  0.000945331  0.103616
-27.0177  3.14159  3.14159  0.00405866  0.20912
-13.1947  3.14159  3.14159  0.0184506  0.421435
-10.6814  3.14159  3.14159  0.0283273  0.513711
-8.16814  3.14159  3.14159  0.0470138  0.652611
-6.9115  3.14159  3.14159  0.0626002  0.750255
-5.65487  3.14159  3.14159  0.0852954  0.875665
-4.39823  3.14159  3.14159  0.1189  1.03624
-3.14159  3.14159  3.14159  0.169371  1.22662
-1.88496  3.14159  3.14159  0.244661  1.35186
-0.628319  3.14159  3.14159  0.341203  0.900989
0.628319  3.14159  3.14159  0.341203  -0.900989
1.88496  3.14159  3.14159  0.244661  -1.35186
3.14159  3.14159  3.14159  0.169371  -1.22662
4.39823  3.14159  3.14159  0.1189  -1.03624
5.65487  3.14159  3.14159  0.0852958  -0.875665
6.9115  3.14159  3.14159  0.0626005  -0.750254
8.16814  3.14159  3.14159  0.0470141  -0.65261
10.6814  3.14159  3.14159  0.0283276  -0.513711
15.708  3.14159  3.14159  0.0128066  -0.35644
33.3009  3.14159  3.14159  0.00262069  -0.169871
