-54.6637  0  0  3.53428e-20  2.82218e-20
-27.0177  0  0  2.94752e-21  -6.20532e-20
-13.1947  0  0  -1.21997e-19  3.45281e-19
-10.6814  0  0  -2.92618e-19  -1.22186e-20
-8.16814  0  0  -1.75546e-21  1.86354e-20
-6.9115  0  0  -2.73209e-19  1.24223e-18
-5.65487  0  0  -8.43684e-19  -3.30068e-18
-4.39823  0  0  4.65361e-18  1.59633e-18
-3.14159  0  0  -1.06581e-19  8.96292e-19
-1.88496  0  0  -1.96215e-18  -4.99641e-18
-0.628319  0  0  -1.51251e-18  2.21244e-17
0.628319  0  0  -3.59683e-19  2.29296e-17
1.88496  0  0  3.56215e-18  -6.2514e-18
3.14159  0  0  -7.04282e-19  1.51738e-18
4.39823  0  0  -4.88243e-18  5.46919e-19
5.65487  0  0  1.02269e-18  -2.64712e-18
6.9115  0  0  7.56689e-20  1.30915e-18
8.16814  0  0  1.63551e-19  -1.65502e-19
10.6814  0  0  3.84595e-19  1.23359e-19
15.708  0  0  5.29682e-20  -2.4262e-19
33.3009  0  0  4.45289e-20  1.20961e-19
-54.6637  0  3.14159  -2.89061e-22  -1.33411e-22
-27.0177  0  3.14159  4.34077e-23  4.45311e-22
-13.1947  0  3.14159  2.42728e-22  -3.09462e-21
-10.6814  0  3.14159  1.92064e-21  -8.56191e-23
-8.16814  0  3.14159  6.70142e-22  -1.10879e-22
-6.9115  0  3.14159  2.52066e-22  -8.32824e-21
-5.65487  0  3.14159  1.10023e-20  2.14675e-20
-4.39823  0  3.14159  -3.5953e-20  -4.70329e-21
-3.14159  0  3.14159  -1.63492e-21  -8.88418e-21
-1.88496  0  3.14159  2.13564e-20  3.75838e-20
-0.628319  0  3.14159  -1.17727e-20  -1.33324e-19
0.628319  0  3.14159  -2.66761e-20  -1.42822e-19
1.88496  0  3.14159  -1.83868e-20  5.48256e-20
3.14159  0  3.14159  2.82367e-21  -1.43076e-20
4.39823  0  3.14159  3.48191e-20  -9.41853e-21
5.65487  0  3.14159  -4.14125e-21  1.93049e-20
6.9115  0  3.14159  -1.94032e-21  -8.62241e-21
8.16814  0  3.14159  -1.20842e-21  1.37029e-21
10.6814  0  3.14159  -2.77262e-21  -1.96366e-22
15.708  0  3.14159  -1.52377e-22  1.61744e-21
33.3009  0  3.14159  -4.69177e-22  -7.46782e-22
-54.6637  3.14159  0  -2.89061e-22  -1.33411e-22
-27.0177  3.14159  0  4.34077e-23  4.45311e-22
-13.1947  3.14159  0  2.42728e-22  -3.09462e-21
-10.6814  3.14159  0  1.92064e-21  -8.56191e-23
-8.16814  3.14159  0  6.70142e-22  -1.10879e-22
-6.9115  3.14159  0  2.52066e-22  -8.32824e-21
-5.65487  3.14159  0  1.10023e-20  2.14675e-20
-4.39823  3.14159  0  -3.5953e-20  -4.70329e-21
-3.14159  3.14159  0  -1.63492e-21  -8.88418e-21
-1.88496  3.14159  0  2.13564e-20  3.75838e-20
-0.628319  3.14159  0  -1.17727e-20  -1.33324e-19
0.628319  3.14159  0  -2.66761e-20  -1.42822e-19
1.88496  3.14159  0  -1.83868e-20  5.48256e-20
3.14159  3.14159  0  2.82367e-21  -1.43076e-20
4.39823  3.14159  0  3.48191e-20  -9.41853e-21
5.65487  3.14159  0  -4.14125e-21  1.93049e-20
6.9115  3.14159  0  -1.94032e-21  -8.62241e-21
8.16814  3.14159  0  -1.20842e-21  1.37029e-21
10.6814  3.14159  0  -2.77262e-21  -1.96366e-22
15.708  3.14159  0  -1.52377e-22  1.61744e-21
33.3009  3.14159  0  -4.69177e-22  -7.46782e-22
-54.6637  3.14159  3.14159  3.36568e-20  2.50664e-20
-27.0177  3.14159  3.14159  2.1114e-20  -5.61714e-20
-13.1947  3.14159  3.14159  -1.88082e-19  4.09633e-19
-10.6814  3.14159  3.14159  -2.12087e-19  -1.14358e-19
-8.16814  3.14159  3.14159  -7.26708e-20  -3.52303e-20
-6.9115  3.14159  3.14159  -3.76866e-19  8.40206e-19
-5.65487  3.14159  3.14159  -7.20678e-19  -2.84205e-18
-4.39823  3.14159  3.14159  4.102e-18  1.77659e-18
-3.14159  3.14159  3.14159  -9.27627e-20  1.39867e-18
-1.88496  3.14159  3.14159  -9.73565e-19  -5.47276e-18
-0.628319  3.14159  3.14159  -2.68996e-18  1.22242e-17
0.628319  3.14159  3.14159  -1.9984e-18  1.47296e-17
1.88496  3.14159  3.14159  4.40885e-18  -6.22154e-18
3.14159  3.14159  3.14159  -9.51415e-19  1.89867e-18
4.39823  3.14159  3.14159  -4.4688e-18  -3.83731e-19
5.65487  3.14159  3.14159  1.27757e-18  -1.90857e-18
6.9115  3.14159  3.14159  -2.42368e-20  9.91473e-19
8.16814  3.14159  3.14159  1.86362e-19  -1.3177e-19
10.6814  3.14159  3.14159  3.44336e-19  1.01239e-19
15.708  3.14159  3.14159  8.71259e-20  -1.6277e-19
33.3009  3.14159  3.14159  2.40691e-20  1.05076e-19
