-54.6637  0  0  -8.61833e+06  -3.16502e+06
-27.0177  0  0  -5.78722e+07  1.60949e+07
-13.1947  0  0  -4.1974e+07  1.08336e+08
-10.6814  0  0  -3.04037e+06  -1.52614e+07
-8.16814  0  0  5.53535e+08  3.01478e+08
-6.9115  0  0  -1.37753e+08  4.53342e+08
-5.65487  0  0  1.45761e+08  -6.17417e+08
-4.39823  0  0  -1.34784e+09  -2.8344e+08
-3.14159  0  0  2.24493e+09  -5.02611e+08
-1.88496  0  0  3.36519e+09  -3.89154e+09
-0.628319  0  0  4.41146e+10  7.23937e+10
0.628319  0  0  4.73953e+10  -7.88287e+10
1.88496  0  0  3.78592e+09  3.37745e+09
3.14159  0  0  1.84141e+09  1.5911e+07
4.39823  0  0  -1.19809e+09  -4.7521e+08
5.65487  0  0  2.85141e+08  9.9078e+08
6.9115  0  0  -5.75556e+07  -1.09132e+08
8.16814  0  0  7.346e+08  -7.93722e+06
10.6814  0  0  -4.8771e+07  -1.28292e+08
15.708  0  0  3.31869e+07  9.85571e+07
33.3009  0  0  -1.53807e+07  -2.21424e+07
-54.6637  0  3.14159  1.09092e+11  9.69711e+10
-27.0177  0  3.14159  9.14735e+11  2.05085e+11
-13.1947  0  3.14159  7.71322e+11  -1.198e+12
-10.6814  0  3.14159  6.72502e+11  1.8542e+11
-8.16814  0  3.14159  -6.0581e+12  -7.5878e+12
-6.9115  0  3.14159  4.54497e+12  -4.48225e+12
-5.65487  0  3.14159  -8.3957e+12  6.25832e+12
-4.39823  0  3.14159  1.52953e+13  1.3076e+13
-3.14159  0  3.14159  -2.66517e+13  -1.64021e+13
-1.88496  0  3.14159  -6.80402e+13  1.88537e+13
-0.628319  0  3.14159  1.18253e+14  -1.15316e+15
0.628319  0  3.14159  -1.07505e+15  5.15474e+14
1.88496  0  3.14159  -1.34568e+13  -7.50086e+13
3.14159  0  3.14159  -2.17169e+13  -1.34309e+13
4.39823  0  3.14159  1.26154e+13  1.43189e+13
5.65487  0  3.14159  4.14945e+12  -1.41815e+13
6.9115  0  3.14159  -1.15147e+12  3.05058e+12
8.16814  0  3.14159  -9.90487e+12  -4.42634e+12
10.6814  0  3.14159  1.3068e+11  1.91269e+12
15.708  0  3.14159  -2.81161e+10  -1.30637e+12
33.3009  0  3.14159  1.3211e+11  3.53935e+11
-54.6637  3.14159  0  1.09092e+11  9.69711e+10
-27.0177  3.14159  0  9.14735e+11  2.05085e+11
-13.1947  3.14159  0  7.71322e+11  -1.198e+12
-10.6814  3.14159  0  6.72502e+11  1.8542e+11
-8.16814  3.14159  0  -6.0581e+12  -7.5878e+12
-6.9115  3.14159  0  4.54497e+12  -4.48225e+12
-5.65487  3.14159  0  -8.3957e+12  6.25832e+12
-4.39823  3.14159  0  1.52953e+13  1.3076e+13
-3.14159  3.14159  0  -2.66517e+13  -1.64021e+13
-1.88496  3.14159  0  -6.80402e+13  1.88537e+13
-0.628319  3.14159  0  1.18253e+14  -1.15316e+15
0.628319  3.14159  0  -1.07505e+15  5.15474e+14
1.88496  3.14159  0  -1.34568e+13  -7.50086e+13
3.14159  3.14159  0  -2.17169e+13  -1.34309e+13
4.39823  3.14159  0  1.26154e+13  1.43189e+13
5.65487  3.14159  0  4.14945e+12  -1.41815e+13
6.9115  3.14159  0  -1.15147e+12  3.05058e+12
8.16814  3.14159  0  -9.90487e+12  -4.42634e+12
10.6814  3.14159  0  1.3068e+11  1.91269e+12
15.708  3.14159  0  -2.81161e+10  -1.30637e+12
33.3009  3.14159  0  1.3211e+11  3.53935e+11
-54.6637  3.14159  3.14159  -8.67158e+06  -2.72663e+06
-27.0177  3.14159  3.14159  -5.76232e+07  1.90638e+07
-13.1947  3.14159  3.14159  -3.96389e+07  1.09564e+08
-10.6814  3.14159  3.14159  -3.5371e+06  -1.34374e+07
-8.16814  3.14159  3.14159  5.74732e+08  2.77048e+08
-6.9115  3.14159  3.14159  -1.1763e+08  4.68186e+08
-5.65487  3.14159  3.14159  1.16955e+08  -6.39668e+08
-4.39823  3.14159  3.14159  -1.37391e+09  -2.29416e+08
-3.14159  3.14159  3.14159  2.26042e+09  -5.99541e+08
-1.88496  3.14159  3.14159  3.25043e+09  -4.12279e+09
-0.628319  3.14159  3.14159  4.79019e+10  7.15315e+10
0.628319  3.14159  3.14159  4.47459e+10  -8.18511e+10
1.88496  3.14159  3.14159  4.00754e+09  3.26492e+09
3.14159  3.14159  3.14159  1.86023e+09  -7.67965e+07
4.39823  3.14159  3.14159  -1.22817e+09  -4.27837e+08
5.65487  3.14159  3.14159  3.29355e+08  9.90062e+08
6.9115  3.14159  3.14159  -6.1393e+07  -1.09436e+08
8.16814  3.14159  3.14159  7.43369e+08  -3.57598e+07
10.6814  3.14159  3.14159  -5.44132e+07  -1.27546e+08
15.708  3.14159  3.14159  3.60979e+07  9.77187e+07
33.3009  3.14159  3.14159  -1.65177e+07  -2.18427e+07
