-54.6637  0  0  1.24795e-13  -1.59111e-13
-27.0177  0  0  -4.25832e-15  1.81058e-13
-13.1947  0  0  -1.15989e-12  -2.2297e-13
-10.6814  0  0  1.29355e-12  5.3937e-13
-8.16814  0  0  3.47384e-12  3.75204e-13
-6.9115  0  0  2.5662e-12  -2.27934e-13
-5.65487  0  0  3.95805e-12  1.35473e-12
-4.39823  0  0  -3.51284e-12  2.02564e-12
-3.14159  0  0  -4.76579e-12  1.52025e-12
-1.88496  0  0  2.28382e-12  -4.65629e-12
-0.628319  0  0  -2.05294e-11  -5.06948e-12
0.628319  0  0  1.86159e-11  -2.59523e-12
1.88496  0  0  -3.52781e-12  -7.06596e-12
3.14159  0  0  4.6444e-12  2.06409e-12
4.39823  0  0  2.585e-12  2.81025e-12
5.65487  0  0  -3.78447e-12  -4.47079e-14
6.9115  0  0  -2.70675e-12  -1.72501e-12
8.16814  0  0  -3.60042e-12  -1.38599e-12
10.6814  0  0  -1.31579e-12  7.98263e-14
15.708  0  0  3.38298e-14  4.1564e-14
33.3009  0  0  1.10546e-12  8.52737e-14
-54.6637  0  3.14159  -4.916e-15  -3.03087e-15
-27.0177  0  3.14159  5.55203e-15  8.08233e-15
-13.1947  0  3.14159  7.82926e-15  -1.80291e-15
-10.6814  0  3.14159  -1.50125e-14  3.00093e-15
-8.16814  0  3.14159  -2.71905e-14  3.95946e-14
-6.9115  0  3.14159  -1.65197e-14  3.53757e-14
-5.65487  0  3.14159  -3.73419e-14  1.22364e-14
-4.39823  0  3.14159  1.03142e-14  -4.09803e-14
-3.14159  0  3.14159  4.29338e-14  -3.42124e-14
-1.88496  0  3.14159  -1.42558e-14  1.39426e-13
-0.628319  0  3.14159  2.39067e-13  3.17174e-14
0.628319  0  3.14159  -2.69829e-13  1.20436e-13
1.88496  0  3.14159  -3.24174e-15  5.59399e-14
3.14159  0  3.14159  -6.58392e-14  3.13172e-15
4.39823  0  3.14159  -4.55579e-14  -9.21799e-16
5.65487  0  3.14159  4.01781e-14  -3.37747e-14
6.9115  0  3.14159  2.11894e-14  -1.0576e-14
8.16814  0  3.14159  2.48788e-14  -2.22478e-14
10.6814  0  3.14159  1.2636e-14  -1.02508e-14
15.708  0  3.14159  -6.53313e-15  -1.12916e-14
33.3009  0  3.14159  -1.4924e-14  2.24228e-16
-54.6637  3.14159  0  -4.916e-15  -3.03087e-15
-27.0177  3.14159  0  5.55203e-15  8.08233e-15
-13.1947  3.14159  0  7.82926e-15  -1.80291e-15
-10.6814  3.14159  0  -1.50125e-14  3.00093e-15
-8.16814  3.14159  0  -2.71905e-14  3.95946e-14
-6.9115  3.14159  0  -1.65197e-14  3.53757e-14
-5.65487  3.14159  0  -3.73419e-14  1.22364e-14
-4.39823  3.14159  0  1.03142e-14  -4.09803e-14
-3.14159  3.14159  0  4.29338e-14  -3.42124e-14
-1.88496  3.14159  0  -1.42558e-14  1.39426e-13
-0.628319  3.14159  0  2.39067e-13  3.17174e-14
0.628319  3.14159  0  -2.69829e-13  1.20436e-13
1.88496  3.14159  0  -3.24174e-15  5.59399e-14
3.14159  3.14159  0  -6.58392e-14  3.13172e-15
4.39823  3.14159  0  -4.55579e-14  -9.21799e-16
5.65487  3.14159  0  4.01781e-14  -3.37747e-14
6.9115  3.14159  0  2.11894e-14  -1.0576e-14
8.16814  3.14159  0  2.48788e-14  -2.22478e-14
10.6814  3.14159  0  1.2636e-14  -1.02508e-14
15.708  3.14159  0  -6.53313e-15  -1.12916e-14
33.3009  3.14159  0  -1.4924e-14  2.24228e-16
-54.6637  3.14159  3.14159  -5.72245e-14  3.11157e-13
-27.0177  3.14159  3.14159  1.34931e-13  -3.88353e-13
-13.1947  3.14159  3.14159  5.69952e-13  -2.67719e-13
-10.6814  3.14159  3.14159  -5.28281e-13  2.98695e-13
-8.16814  3.14159  3.14159  -4.53468e-13  7.18403e-13
-6.9115  3.14159  3.14159  -5.50931e-16  5.44116e-13
-5.65487  3.14159  3.14159  -1.54244e-12  8.93201e-13
-4.39823  3.14159  3.14159  2.07435e-13  -1.61057e-12
-3.14159  3.14159  3.14159  6.16754e-13  -2.71511e-12
-1.88496  3.14159  3.14159  3.99795e-12  1.46491e-12
-0.628319  3.14159  3.14159  1.00219e-11  -8.50217e-12
0.628319  3.14159  3.14159  -2.62373e-12  1.10861e-11
1.88496  3.14159  3.14159  5.19775e-12  2.56019e-12
3.14159  3.14159  3.14159  -2.17482e-12  1.7043e-12
4.39823  3.14159  3.14159  -1.4058e-12  3.79985e-13
5.65487  3.14159  3.14159  5.21602e-13  -1.37618e-12
6.9115  3.14159  3.14159  1.31044e-12  7.47063e-14
8.16814  3.14159  3.14159  1.26589e-12  -3.58178e-13
10.6814  3.14159  3.14159  2.11966e-13  -4.81866e-13
15.708  3.14159  3.14159  -2.91676e-13  3.19394e-13
33.3009  3.14159  3.14159  -4.28539e-13  6.28179e-13
