-54.6637  0  0  2.75141e-05  -2.48633e-05
-27.0177  0  0  2.5194e-05  -2.67498e-05
-13.1947  0  0  2.62652e-05  -2.80325e-05
-10.6814  0  0  2.5277e-05  -2.63446e-05
-8.16814  0  0  2.31998e-05  -2.46788e-05
-6.9115  0  0  3.99027e-05  -2.90307e-05
-5.65487  0  0  4.47974e-05  -2.74986e-05
-4.39823  0  0  3.00088e-05  -1.67786e-05
-3.14159  0  0  2.86805e-05  -4.04899e-05
-1.88496  0  0  -8.44372e-06  -2.22697e-05
-0.628319  0  0  0.000127694  -4.29673e-05
0.628319  0  0  -8.02527e-05  4.87769e-06
1.88496  0  0  5.4729e-05  -3.7428e-05
3.14159  0  0  1.49963e-05  -3.65949e-05
4.39823  0  0  2.25866e-05  -1.54417e-05
5.65487  0  0  4.57306e-06  -1.74724e-05
6.9115  0  0  9.10202e-06  -2.07872e-05
8.16814  0  0  2.62358e-05  -2.03624e-05
10.6814  0  0  2.32639e-05  -2.10904e-05
15.708  0  0  1.49634e-05  -2.01023e-05
33.3009  0  0  1.5183e-05  -1.92448e-05
-54.6637  0  3.14159  -0.000367821  0.0092348
-27.0177  0  3.14159  -0.000821758  0.00601604
-13.1947  0  3.14159  -0.00117797  0.00474687
-10.6814  0  3.14159  -0.00150267  0.0042284
-8.16814  0  3.14159  -0.00177781  0.00332527
-6.9115  0  3.14159  -0.00115035  0.00697753
-5.65487  0  3.14159  -0.0016046  0.00785524
-4.39823  0  3.14159  -0.00311053  0.00414018
-3.14159  0  3.14159  0.00175868  0.00447918
-1.88496  0  3.14159  -0.00091514  -0.00397526
-0.628319  0  3.14159  -0.00141141  0.0258522
0.628319  0  3.14159  -0.00401965  -0.0200662
1.88496  0  3.14159  -0.000212848  0.00921468
3.14159  0  3.14159  0.00143228  0.000789449
4.39823  0  3.14159  -0.00340459  0.00164129
5.65487  0  3.14159  -0.00229453  -0.00233768
6.9115  0  3.14159  -0.00172026  -0.00164106
8.16814  0  3.14159  -0.00207338  0.00205405
10.6814  0  3.14159  -0.00176627  0.00105813
15.708  0  3.14159  -0.00170276  -0.00133695
33.3009  0  3.14159  -0.00180633  -0.00324861
-54.6637  3.14159  0  -0.000367821  0.0092348
-27.0177  3.14159  0  -0.000821758  0.00601604
-13.1947  3.14159  0  -0.00117797  0.00474687
-10.6814  3.14159  0  -0.00150267  0.0042284
-8.16814  3.14159  0  -0.00177781  0.00332527
-6.9115  3.14159  0  -0.00115035  0.00697753
-5.65487  3.14159  0  -0.0016046  0.00785524
-4.39823  3.14159  0  -0.00311053  0.00414018
-3.14159  3.14159  0  0.00175868  0.00447918
-1.88496  3.14159  0  -0.00091514  -0.00397526
-0.628319  3.14159  0  -0.00141141  0.0258522
0.628319  3.14159  0  -0.00401965  -0.0200662
1.88496  3.14159  0  -0.000212848  0.00921468
3.14159  3.14159  0  0.00143228  0.000789449
4.39823  3.14159  0  -0.00340459  0.00164129
5.65487  3.14159  0  -0.00229453  -0.00233768
6.9115  3.14159  0  -0.00172026  -0.00164106
8.16814  3.14159  0  -0.00207338  0.00205405
10.6814  3.14159  0  -0.00176627  0.00105813
15.708  3.14159  0  -0.00170276  -0.00133695
33.3009  3.14159  0  -0.00180633  -0.00324861
-54.6637  3.14159  3.14159  2.74852e-05  -2.48678e-05
-27.0177  3.14159  3.14159  2.51693e-05  -2.67342e-05
-13.1947  3.14159  3.14159  2.62009e-05  -2.80202e-05
-10.6814  3.14159  3.14159  2.52291e-05  -2.62893e-05
-8.16814  3.14159  3.14159  2.31219e-05  -2.45754e-05
-6.9115  3.14159  3.14159  3.97667e-05  -2.89697e-05
-5.65487  3.14159  3.14159  4.47165e-05  -2.75201e-05
-4.39823  3.14159  3.14159  2.99612e-05  -1.67871e-05
-3.14159  3.14159  3.14159  2.85973e-05  -4.04206e-05
-1.88496  3.14159  3.14159  -8.49453e-06  -2.23019e-05
-0.628319  3.14159  3.14159  0.000127616  -4.28552e-05
0.628319  3.14159  3.14159  -8.03742e-05  4.99003e-06
1.88496  3.14159  3.14159  5.46594e-05  -3.73777e-05
3.14159  3.14159  3.14159  1.49696e-05  -3.65732e-05
4.39823  3.14159  3.14159  2.25704e-05  -1.53889e-05
5.65487  3.14159  3.14159  4.54449e-06  -1.74735e-05
6.9115  3.14159  3.14159  9.14469e-06  -2.07427e-05
8.16814  3.14159  3.14159  2.62121e-05  -2.02605e-05
10.6814  3.14159  3.14159  2.32351e-05  -2.1095e-05
15.708  3.14159  3.14159  1.50021e-05  -2.0077e-05
33.3009  3.14159  3.14159  1.51976e-05  -1.92479e-05
