-54.6637  0  0  3.87058e-22  2.08773e-22
-27.0177  0  0  -1.61273e-22  -3.6056e-22
-13.1947  0  0  -1.16838e-21  -1.21217e-21
-10.6814  0  0  1.47385e-21  1.50953e-21
-8.16814  0  0  5.45331e-21  2.12509e-21
-6.9115  0  0  4.94269e-21  1.45092e-22
-5.65487  0  0  4.61422e-21  4.37469e-21
-4.39823  0  0  -6.94542e-21  1.49945e-22
-3.14159  0  0  -1.03348e-20  -2.18988e-21
-1.88496  0  0  1.04196e-20  -7.99496e-21
-0.628319  0  0  -2.6633e-20  -2.65345e-20
0.628319  0  0  3.54322e-20  1.16582e-20
1.88496  0  0  3.41467e-21  -1.25881e-20
3.14159  0  0  4.86652e-21  8.24728e-21
4.39823  0  0  2.48027e-21  6.82968e-21
5.65487  0  0  -6.34013e-21  -1.96911e-21
6.9115  0  0  -1.9714e-21  -3.69949e-21
8.16814  0  0  -4.24533e-21  -3.91619e-21
10.6814  0  0  -2.21567e-21  -4.92607e-22
15.708  0  0  -6.52194e-23  7.82708e-22
33.3009  0  0  1.69734e-21  1.4595e-21
-54.6637  0  3.14159  -7.08911e-24  1.71494e-23
-27.0177  0  3.14159  1.45862e-23  -1.79146e-23
-13.1947  0  3.14159  3.02692e-23  -2.54958e-23
-10.6814  0  3.14159  -3.13242e-23  3.26628e-23
-8.16814  0  3.14159  -1.07092e-23  9.42856e-23
-6.9115  0  3.14159  2.45422e-23  7.4713e-23
-5.65487  0  3.14159  -9.01515e-23  9.45312e-23
-4.39823  0  3.14159  -2.02576e-23  -1.28121e-22
-3.14159  0  3.14159  2.1795e-23  -2.1733e-22
-1.88496  0  3.14159  3.00245e-22  1.80664e-22
-0.628319  0  3.14159  6.32327e-22  -6.73654e-22
0.628319  0  3.14159  -1.47109e-22  9.11394e-22
1.88496  0  3.14159  3.18538e-22  1.31777e-22
3.14159  0  3.14159  -1.5686e-22  1.50634e-22
4.39823  0  3.14159  -1.12187e-22  6.44323e-23
5.65487  0  3.14159  1.94017e-23  -1.29305e-22
6.9115  0  3.14159  7.12753e-23  -2.70453e-23
8.16814  0  3.14159  6.53783e-23  -6.66867e-23
10.6814  0  3.14159  6.31194e-24  -4.50756e-23
15.708  0  3.14159  -2.54578e-23  1.54571e-23
33.3009  0  3.14159  -2.98164e-23  4.66276e-23
-54.6637  3.14159  0  -7.08911e-24  1.71494e-23
-27.0177  3.14159  0  1.45862e-23  -1.79146e-23
-13.1947  3.14159  0  3.02692e-23  -2.54958e-23
-10.6814  3.14159  0  -3.13242e-23  3.26628e-23
-8.16814  3.14159  0  -1.07092e-23  9.42856e-23
-6.9115  3.14159  0  2.45422e-23  7.4713e-23
-5.65487  3.14159  0  -9.01515e-23  9.45312e-23
-4.39823  3.14159  0  -2.02576e-23  -1.28121e-22
-3.14159  3.14159  0  2.1795e-23  -2.1733e-22
-1.88496  3.14159  0  3.00245e-22  1.80664e-22
-0.628319  3.14159  0  6.32327e-22  -6.73654e-22
0.628319  3.14159  0  -1.47109e-22  9.11394e-22
1.88496  3.14159  0  3.18538e-22  1.31777e-22
3.14159  3.14159  0  -1.5686e-22  1.50634e-22
4.39823  3.14159  0  -1.12187e-22  6.44323e-23
5.65487  3.14159  0  1.94017e-23  -1.29305e-22
6.9115  3.14159  0  7.12753e-23  -2.70453e-23
8.16814  3.14159  0  6.53783e-23  -6.66867e-23
10.6814  3.14159  0  6.31194e-24  -4.50756e-23
15.708  3.14159  0  -2.54578e-23  1.54571e-23
33.3009  3.14159  0  -2.98164e-23  4.66276e-23
-54.6637  3.14159  3.14159  3.79589e-22  3.74702e-22
-27.0177  3.14159  3.14159  -2.52969e-22  -4.58529e-22
-13.1947  3.14159  3.14159  -2.64732e-22  -1.46976e-21
-10.6814  3.14159  3.14159  4.20149e-22  1.70569e-21
-8.16814  3.14159  3.14159  2.57044e-21  3.41011e-21
-6.9115  3.14159  3.14159  3.05707e-21  1.78845e-21
-5.65487  3.14159  3.14159  1.38791e-21  5.22024e-21
-4.39823  3.14159  3.14159  -4.78154e-21  -2.85949e-21
-3.14159  3.14159  3.14159  -6.73172e-21  -5.98911e-21
-1.88496  3.14159  3.14159  1.02406e-20  -3.77641e-21
-0.628319  3.14159  3.14159  -9.81153e-21  -3.23595e-20
0.628319  3.14159  3.14159  2.35729e-20  2.18853e-20
1.88496  3.14159  3.14159  9.54951e-21  -8.93573e-21
3.14159  3.14159  3.14159  4.76475e-22  7.9088e-21
4.39823  3.14159  3.14159  -1.11394e-21  5.60947e-21
5.65487  3.14159  3.14159  -3.70212e-21  -3.84019e-21
6.9115  3.14159  3.14159  6.16276e-22  -3.40917e-21
8.16814  3.14159  3.14159  -8.56767e-22  -4.52593e-21
10.6814  3.14159  3.14159  -1.38455e-21  -1.23285e-21
15.708  3.14159  3.14159  -9.64255e-23  6.68736e-22
33.3009  3.14159  3.14159  7.88821e-22  1.83081e-21
