-54.6637  0  0  -0.00342186  0.332527
-27.0177  0  0  -0.0141499  0.662518
-13.1947  0  0  -0.0552608  1.27334
-10.6814  0  0  -0.080295  1.50453
-8.16814  0  0  -0.126216  1.81334
-6.9115  0  0  -0.162157  2.00285
-5.65487  0  0  -0.208183  2.19247
-4.39823  0  0  -0.289769  2.34292
-3.14159  0  0  -0.389142  2.33143
-1.88496  0  0  -0.528199  1.87729
-0.628319  0  0  -0.621022  0.781105
0.628319  0  0  -0.611804  -0.783804
1.88496  0  0  -0.528445  -1.88093
3.14159  0  0  -0.386999  -2.33066
4.39823  0  0  -0.28861  -2.34213
5.65487  0  0  -0.209507  -2.19205
6.9115  0  0  -0.162765  -2.00341
8.16814  0  0  -0.127168  -1.81365
10.6814  0  0  -0.0807531  -1.50439
15.708  0  0  -0.0382663  -1.09055
33.3009  0  0  -0.00869079  -0.541658
-54.6637  0  3.14159  -4.92703e-07  0.33313
-27.0177  0  3.14159  -5.79398e-07  0.673466
-13.1947  0  3.14159  -4.10633e-07  1.37992
-10.6814  0  3.14159  -8.26195e-07  1.70371
-8.16814  0  3.14159  1.50076e-06  2.23396
-6.9115  0  3.14159  -3.12431e-06  2.6195
-5.65487  0  3.14159  -2.90255e-06  3.18697
-4.39823  0  3.14159  2.84522e-06  4.09203
-3.14159  0  3.14159  5.08246e-06  5.70385
-1.88496  0  3.14159  1.83983e-05  9.50917
-0.628319  0  3.14159  3.40872e-05  28.2633
0.628319  0  3.14159  4.43666e-05  -28.2633
1.88496  0  3.14159  -1.04355e-06  -9.50917
3.14159  0  3.14159  6.29337e-06  -5.70385
4.39823  0  3.14159  6.14952e-06  -4.09203
5.65487  0  3.14159  6.77627e-06  -3.18697
6.9115  0  3.14159  2.41686e-06  -2.6195
8.16814  0  3.14159  5.12928e-07  -2.23396
10.6814  0  3.14159  2.11945e-06  -1.70371
15.708  0  3.14159  2.00057e-06  -1.15718
33.3009  0  3.14159  -3.81284e-07  -0.549394
-54.6637  3.14159  0  -4.92703e-07  0.33313
-27.0177  3.14159  0  -5.79398e-07  0.673466
-13.1947  3.14159  0  -4.10633e-07  1.37992
-10.6814  3.14159  0  -8.26195e-07  1.70371
-8.16814  3.14159  0  1.50076e-06  2.23396
-6.9115  3.14159  0  -3.12431e-06  2.6195
-5.65487  3.14159  0  -2.90255e-06  3.18697
-4.39823  3.14159  0  2.84522e-06  4.09203
-3.14159  3.14159  0  5.08246e-06  5.70385
-1.88496  3.14159  0  1.83983e-05  9.50917
-0.628319  3.14159  0  3.40872e-05  28.2633
0.628319  3.14159  0  4.43666e-05  -28.2633
1.88496  3.14159  0  -1.04355e-06  -9.50917
3.14159  3.14159  0  6.29337e-06  -5.70385
4.39823  3.14159  0  6.14952e-06  -4.09203
5.65487  3.14159  0  6.77627e-06  -3.18697
6.9115  3.14159  0  2.41686e-06  -2.6195
8.16814  3.14159  0  5.12928e-07  -2.23396
10.6814  3.14159  0  2.11945e-06  -1.70371
15.708  3.14159  0  2.00057e-06  -1.15718
33.3009  3.14159  0  -3.81284e-07  -0.549394
-54.6637  3.14159  3.14159  0.00343929  0.332527
-27.0177  3.14159  3.14159  0.0135405  0.662518
-13.1947  3.14159  3.14159  0.0540484  1.27334
-10.6814  3.14159  3.14159  0.0795841  1.50453
-8.16814  3.14159  3.14159  0.125038  1.81334
-6.9115  3.14159  3.14159  0.163258  2.00285
-5.65487  3.14159  3.14159  0.223258  2.19247
-4.39823  3.14159  3.14159  0.293938  2.34292
-3.14159  3.14159  3.14159  0.405394  2.33143
-1.88496  3.14159  3.14159  0.519547  1.87729
-0.628319  3.14159  3.14159  0.626116  0.781105
0.628319  3.14159  3.14159  0.635325  -0.7838
1.88496  3.14159  3.14159  0.519303  -1.88092
3.14159  3.14159  3.14159  0.407533  -2.33066
4.39823  3.14159  3.14159  0.295094  -2.34214
5.65487  3.14159  3.14159  0.221941  -2.19205
6.9115  3.14159  3.14159  0.16265  -2.00341
8.16814  3.14159  3.14159  0.124088  -1.81365
10.6814  3.14159  3.14159  0.0791301  -1.50439
15.708  3.14159  3.14159  0.0407071  -1.09055
33.3009  3.14159  3.14159  0.0096515  -0.541658
