-54.6637  0  0  -654635  -124480
-27.0177  0  0  -6.21192e+06  2.91426e+06
-13.1947  0  0  4.14236e+06  1.46782e+07
-10.6814  0  0  -6.48185e+06  6.34831e+06
-8.16814  0  0  1.1437e+08  4.02154e+07
-6.9115  0  0  1.29674e+07  1.55708e+07
-5.65487  0  0  -2.44397e+07  -8.78335e+07
-4.39823  0  0  -9.52931e+07  -2.3379e+07
-3.14159  0  0  4.81776e+07  -4.94183e+07
-1.88496  0  0  1.82736e+08  -1.18182e+08
-0.628319  0  0  8.9035e+08  4.6834e+09
0.628319  0  0  8.05716e+08  -4.22611e+09
1.88496  0  0  -2.1817e+08  3.46683e+08
3.14159  0  0  1.70512e+08  2.20095e+08
4.39823  0  0  -1.33275e+08  6506.52
5.65487  0  0  -1.77262e+07  9.29492e+07
6.9115  0  0  4.24362e+07  -1.72937e+07
8.16814  0  0  9.7829e+07  -266002
10.6814  0  0  -3.45409e+06  -7.35891e+06
15.708  0  0  5.88882e+06  6.6126e+06
33.3009  0  0  -4.43927e+06  -1.56037e+06
-54.6637  0  3.14159  -1.2977e+06  -2.06985e+06
-27.0177  0  3.14159  -9.85502e+06  -1.20342e+07
-13.1947  0  3.14159  3.58867e+06  2.79804e+07
-10.6814  0  3.14159  -3.0758e+06  -5.87394e+07
-8.16814  0  3.14159  -1.83707e+08  2.5124e+08
-6.9115  0  3.14159  -7.66848e+07  1.89354e+08
-5.65487  0  3.14159  3.81983e+07  8.26756e+07
-4.39823  0  3.14159  1.0513e+08  -2.50886e+08
-3.14159  0  3.14159  -3.9106e+07  -1.73012e+08
-1.88496  0  3.14159  7.38546e+07  -1.20552e+09
-0.628319  0  3.14159  -7.28553e+09  -5.18032e+09
0.628319  0  3.14159  -1.80324e+08  -6.2757e+09
1.88496  0  3.14159  3.90713e+08  -1.74786e+09
3.14159  0  3.14159  -6.53182e+08  -7.2962e+08
4.39823  0  3.14159  2.81873e+08  -1.9189e+08
5.65487  0  3.14159  -4.28912e+07  2.72294e+07
6.9115  0  3.14159  1.49183e+07  3.32405e+08
8.16814  0  3.14159  -7.30476e+06  2.05911e+08
10.6814  0  3.14159  9.19705e+06  -4.85097e+07
15.708  0  3.14159  -1.37584e+07  39064.2
33.3009  0  3.14159  1.41017e+07  -1.59647e+07
-54.6637  3.14159  0  -1.2977e+06  -2.06985e+06
-27.0177  3.14159  0  -9.85502e+06  -1.20342e+07
-13.1947  3.14159  0  3.58867e+06  2.79804e+07
-10.6814  3.14159  0  -3.0758e+06  -5.87394e+07
-8.16814  3.14159  0  -1.83707e+08  2.5124e+08
-6.9115  3.14159  0  -7.66848e+07  1.89354e+08
-5.65487  3.14159  0  3.81983e+07  8.26756e+07
-4.39823  3.14159  0  1.0513e+08  -2.50886e+08
-3.14159  3.14159  0  -3.9106e+07  -1.73012e+08
-1.88496  3.14159  0  7.38546e+07  -1.20552e+09
-0.628319  3.14159  0  -7.28553e+09  -5.18032e+09
0.628319  3.14159  0  -1.80324e+08  -6.2757e+09
1.88496  3.14159  0  3.90713e+08  -1.74786e+09
3.14159  3.14159  0  -6.53182e+08  -7.2962e+08
4.39823  3.14159  0  2.81873e+08  -1.9189e+08
5.65487  3.14159  0  -4.28912e+07  2.72294e+07
6.9115  3.14159  0  1.49183e+07  3.32405e+08
8.16814  3.14159  0  -7.30476e+06  2.05911e+08
10.6814  3.14159  0  9.19705e+06  -4.85097e+07
15.708  3.14159  0  -1.37584e+07  39064.2
33.3009  3.14159  0  1.41017e+07  -1.59647e+07
-54.6637  3.14159  3.14159  -1.14466e+06  4.86937e+06
-27.0177  3.14159  3.14159  8.74956e+07  -1.73041e+08
-13.1947  3.14159  3.14159  -3.11254e+08  -4.137e+08
-10.6814  3.14159  3.14159  2.64096e+07  3.54381e+08
-8.16814  3.14159  3.14159  -1.72245e+09  -1.77815e+07
-6.9115  3.14159  3.14159  -1.96126e+09  -1.9256e+09
-5.65487  3.14159  3.14159  3.08724e+09  -1.44336e+09
-4.39823  3.14159  3.14159  1.47645e+09  -3.64768e+08
-3.14159  3.14159  3.14159  5.17741e+09  2.22889e+09
-1.88496  3.14159  3.14159  1.65353e+10  1.71942e+10
-0.628319  3.14159  3.14159  -1.92708e+10  1.17107e+11
0.628319  3.14159  3.14159  2.19932e+11  4.02711e+10
1.88496  3.14159  3.14159  -8.20306e+08  1.17014e+10
3.14159  3.14159  3.14159  6.87076e+09  7.99144e+09
4.39823  3.14159  3.14159  -7.16741e+08  -1.0147e+09
5.65487  3.14159  3.14159  -1.77307e+09  -1.26977e+09
6.9115  3.14159  3.14159  -2.12567e+09  -1.24676e+09
8.16814  3.14159  3.14159  -1.64369e+09  1.121e+09
10.6814  3.14159  3.14159  4.20558e+08  6.08916e+08
15.708  3.14159  3.14159  -6.73029e+07  2.72277e+07
33.3009  3.14159  3.14159  8.19302e+07  9.58357e+07
