-54.6637  0  0  0.000173059  -0.177013
-27.0177  0  0  0.000540098  -0.348755
-13.1947  0  0  0.000921035  -0.649891
-10.6814  0  0  0.00106303  -0.760303
-8.16814  0  0  0.00192539  -0.903037
-6.9115  0  0  0.00349909  -0.986289
-5.65487  0  0  0.00729152  -1.0716
-4.39823  0  0  0.0160448  -1.14159
-3.14159  0  0  0.0353654  -1.14845
-1.88496  0  0  0.073882  -0.987432
-0.628319  0  0  0.133033  -0.496459
0.628319  0  0  0.132964  0.496418
1.88496  0  0  0.0738598  0.987493
3.14159  0  0  0.0353932  1.14846
4.39823  0  0  0.0160691  1.14157
5.65487  0  0  0.00733142  1.0716
6.9115  0  0  0.00351035  0.986275
8.16814  0  0  0.00190722  0.903018
10.6814  0  0  0.00105182  0.760297
15.708  0  0  0.000868237  0.564649
33.3009  0  0  0.000393899  0.286293
-54.6637  0  3.14159  1.78136e-05  -0.177246
-27.0177  0  3.14159  1.16479e-05  -0.35062
-13.1947  0  3.14159  0.000474966  -0.666507
-10.6814  0  3.14159  7.60349e-05  -0.79276
-8.16814  0  3.14159  0.000199378  -0.976547
-6.9115  0  3.14159  0.000621484  -1.10555
-5.65487  0  3.14159  0.001183  -1.27755
-4.39823  0  3.14159  0.0019658  -1.52671
-3.14159  0  3.14159  0.00266336  -1.92127
-1.88496  0  3.14159  -9.18917e-05  -2.69473
-0.628319  0  3.14159  0.0909554  -2.59744
0.628319  0  3.14159  0.103039  2.59665
1.88496  0  3.14159  -0.00161229  2.69091
3.14159  0  3.14159  0.00171767  1.92125
4.39823  0  3.14159  0.00109389  1.52669
5.65487  0  3.14159  0.00163134  1.27792
6.9115  0  3.14159  0.000832626  1.10556
8.16814  0  3.14159  0.000294481  0.976392
10.6814  0  3.14159  0.000156356  0.792663
15.708  0  3.14159  6.61008e-05  0.574347
33.3009  0  3.14159  2.6066e-05  0.287231
-54.6637  3.14159  0  1.78136e-05  -0.177246
-27.0177  3.14159  0  1.16479e-05  -0.35062
-13.1947  3.14159  0  0.000474966  -0.666507
-10.6814  3.14159  0  7.60349e-05  -0.79276
-8.16814  3.14159  0  0.000199378  -0.976547
-6.9115  3.14159  0  0.000621484  -1.10555
-5.65487  3.14159  0  0.001183  -1.27755
-4.39823  3.14159  0  0.0019658  -1.52671
-3.14159  3.14159  0  0.00266336  -1.92127
-1.88496  3.14159  0  -9.18917e-05  -2.69473
-0.628319  3.14159  0  0.0909554  -2.59744
0.628319  3.14159  0  0.103039  2.59665
1.88496  3.14159  0  -0.00161229  2.69091
3.14159  3.14159  0  0.00171767  1.92125
4.39823  3.14159  0  0.00109389  1.52669
5.65487  3.14159  0  0.00163134  1.27792
6.9115  3.14159  0  0.000832626  1.10556
8.16814  3.14159  0  0.000294481  0.976392
10.6814  3.14159  0  0.000156356  0.792663
15.708  3.14159  0  6.61008e-05  0.574347
33.3009  3.14159  0  2.6066e-05  0.287231
-54.6637  3.14159  3.14159  -0.000166253  -0.177017
-27.0177  3.14159  3.14159  -0.000509749  -0.348784
-13.1947  3.14159  3.14159  -0.000662879  -0.650113
-10.6814  3.14159  3.14159  -0.000522238  -0.760685
-8.16814  3.14159  3.14159  -0.000766898  -0.903744
-6.9115  3.14159  3.14159  -0.00169414  -0.987276
-5.65487  3.14159  3.14159  -0.00435387  -1.073
-4.39823  3.14159  3.14159  -0.0111368  -1.14355
-3.14159  3.14159  3.14159  -0.0269911  -1.1511
-1.88496  3.14159  3.14159  -0.0606007  -0.99047
-0.628319  3.14159  3.14159  -0.114637  -0.497334
0.628319  3.14159  3.14159  -0.114705  0.497292
1.88496  3.14159  3.14159  -0.0606231  0.990531
3.14159  3.14159  3.14159  -0.0269634  1.15111
4.39823  3.14159  3.14159  -0.0111127  1.14353
5.65487  3.14159  3.14159  -0.00431414  1.07299
6.9115  3.14159  3.14159  -0.00168238  0.987262
8.16814  3.14159  3.14159  -0.000784442  0.903725
10.6814  3.14159  3.14159  -0.000533378  0.760679
15.708  3.14159  3.14159  -0.000725288  0.564788
33.3009  3.14159  3.14159  -0.000390225  0.286308
