-54.6637  0  0  5.57359e-06  5.91555e-05
-27.0177  0  0  -2.51168e-05  0.000120882
-13.1947  0  0  -9.97246e-05  2.93244e-05
-10.6814  0  0  0.000223639  0.000569444
-8.16814  0  0  8.87933e-05  -0.00169656
-6.9115  0  0  0.000213743  0.000346218
-5.65487  0  0  0.000971257  0.00173628
-4.39823  0  0  0.00128274  0.000253914
-3.14159  0  0  -0.000195486  0.00900416
-1.88496  0  0  -0.00495081  0.00741792
-0.628319  0  0  -0.0158073  -0.00411632
0.628319  0  0  0.00872416  0.0158275
1.88496  0  0  -0.00739836  0.00514982
3.14159  0  0  -0.00844628  0.00118563
4.39823  0  0  -0.000524684  -0.00115253
5.65487  0  0  -0.00150895  -0.000597398
6.9115  0  0  -0.000735153  0.000607795
8.16814  0  0  0.00137489  0.000119936
10.6814  0  0  -0.000493684  -0.000395188
15.708  0  0  0.000376278  -0.000655284
33.3009  0  0  0.000196461  8.07231e-06
-54.6637  0  3.14159  0.00729789  -0.00707083
-27.0177  0  3.14159  0.00592761  -0.00490997
-13.1947  0  3.14159  -0.00861728  0.0142327
-10.6814  0  3.14159  0.0366394  -0.0752221
-8.16814  0  3.14159  -0.210377  0.146344
-6.9115  0  3.14159  0.130075  -0.072241
-5.65487  0  3.14159  0.157018  -0.27151
-4.39823  0  3.14159  -0.0436296  -0.197083
-3.14159  0  3.14159  1.26596  -0.785882
-1.88496  0  3.14159  1.53118  -0.0284291
-0.628319  0  3.14159  0.862622  2.79632
0.628319  0  3.14159  1.52618  -2.53923
1.88496  0  3.14159  1.33198  0.585844
3.14159  0  3.14159  0.914621  1.06905
4.39823  0  3.14159  -0.116081  0.225716
5.65487  0  3.14159  0.0704927  0.292025
6.9115  0  3.14159  0.0932284  0.116983
8.16814  0  3.14159  -0.132392  -0.187204
10.6814  0  3.14159  0.0117686  0.0914587
15.708  0  3.14159  -0.105605  -0.0165504
33.3009  0  3.14159  -0.000709289  -0.0366314
-54.6637  3.14159  0  0.00729789  -0.00707083
-27.0177  3.14159  0  0.00592761  -0.00490997
-13.1947  3.14159  0  -0.00861728  0.0142327
-10.6814  3.14159  0  0.0366394  -0.0752221
-8.16814  3.14159  0  -0.210377  0.146344
-6.9115  3.14159  0  0.130075  -0.072241
-5.65487  3.14159  0  0.157018  -0.27151
-4.39823  3.14159  0  -0.0436296  -0.197083
-3.14159  3.14159  0  1.26596  -0.785882
-1.88496  3.14159  0  1.53118  -0.0284291
-0.628319  3.14159  0  0.862622  2.79632
0.628319  3.14159  0  1.52618  -2.53923
1.88496  3.14159  0  1.33198  0.585844
3.14159  3.14159  0  0.914621  1.06905
4.39823  3.14159  0  -0.116081  0.225716
5.65487  3.14159  0  0.0704927  0.292025
6.9115  3.14159  0  0.0932284  0.116983
8.16814  3.14159  0  -0.132392  -0.187204
10.6814  3.14159  0  0.0117686  0.0914587
15.708  3.14159  0  -0.105605  -0.0165504
33.3009  3.14159  0  -0.000709289  -0.0366314
-54.6637  3.14159  3.14159  5.52279e-06  5.90501e-05
-27.0177  3.14159  3.14159  -2.50604e-05  0.000120745
-13.1947  3.14159  3.14159  -9.97678e-05  2.92923e-05
-10.6814  3.14159  3.14159  0.000223312  0.000569588
-8.16814  3.14159  3.14159  8.78144e-05  -0.00169637
-6.9115  3.14159  3.14159  0.000213253  0.000346825
-5.65487  3.14159  3.14159  0.000971279  0.00173464
-4.39823  3.14159  3.14159  0.0012838  0.000254706
-3.14159  3.14159  3.14159  -0.000201114  0.00900174
-1.88496  3.14159  3.14159  -0.00495441  0.00741407
-0.628319  3.14159  3.14159  -0.0158019  -0.00411855
0.628319  3.14159  3.14159  0.00871495  0.0158298
1.88496  3.14159  3.14159  -0.00739945  0.00514427
3.14159  3.14159  3.14159  -0.00844371  0.00118095
4.39823  3.14159  3.14159  -0.000525832  -0.00115248
5.65487  3.14159  3.14159  -0.00150967  -0.000598368
6.9115  3.14159  3.14159  -0.000734907  0.000606174
8.16814  3.14159  3.14159  0.00137568  0.00012078
10.6814  3.14159  3.14159  -0.000493449  -0.000395286
15.708  3.14159  3.14159  0.000376024  -0.000655072
33.3009  3.14159  3.14159  0.000196516  8.05897e-06
