-54.6637  0  0  -1425.53  -658.382
-27.0177  0  0  -1233.49  1647.05
-13.1947  0  0  3932.98  -8804.51
-10.6814  0  0  6688.01  -1759.68
-8.16814  0  0  8269.42  -2063.55
-6.9115  0  0  12216.9  -33808
-5.65487  0  0  41153.9  103336
-4.39823  0  0  -158606  -29492.6
-3.14159  0  0  -18783.4  -61910.5
-1.88496  0  0  139338  142030
-0.628319  0  0  -48245  -844968
0.628319  0  0  -126012  -757515
1.88496  0  0  -130238  228173
3.14159  0  0  -413.894  -60856.8
4.39823  0  0  143727  -35398.7
5.65487  0  0  -16132.6  101129
6.9115  0  0  -9252.94  -40983.5
8.16814  0  0  -1029.8  10709.8
10.6814  0  0  -9924.35  -5580.16
15.708  0  0  -1634.81  6448.81
33.3009  0  0  -564.933  -3124.88
-54.6637  0  3.14159  -341.245  -2146.02
-27.0177  0  3.14159  -1480.09  549.293
-13.1947  0  3.14159  11191.6  -2629.43
-10.6814  0  3.14159  8560.31  6121.74
-8.16814  0  3.14159  2303.94  9079.36
-6.9115  0  3.14159  35624.7  -11285.4
-5.65487  0  3.14159  -77818.5  107701
-4.39823  0  3.14159  -79491.8  -181249
-3.14159  0  3.14159  61036.7  -64685.9
-1.88496  0  3.14159  -72170.5  265019
-0.628319  0  3.14159  866888  -542155
0.628319  0  3.14159  752941  -644934
1.88496  0  3.14159  -308749  -3625.84
3.14159  0  3.14159  61900.8  -32487
4.39823  0  3.14159  138276  119049
5.65487  0  3.14159  -120847  53385.6
6.9115  0  3.14159  36301.6  -41213.4
8.16814  0  3.14159  -15296.6  4533.35
10.6814  0  3.14159  -2072.92  -12069.3
15.708  0  3.14159  -7606.15  2695.49
33.3009  0  3.14159  1934.74  -2603.64
-54.6637  3.14159  0  -341.245  -2146.02
-27.0177  3.14159  0  -1480.09  549.293
-13.1947  3.14159  0  11191.6  -2629.43
-10.6814  3.14159  0  8560.31  6121.74
-8.16814  3.14159  0  2303.94  9079.36
-6.9115  3.14159  0  35624.7  -11285.4
-5.65487  3.14159  0  -77818.5  107701
-4.39823  3.14159  0  -79491.8  -181249
-3.14159  3.14159  0  61036.7  -64685.9
-1.88496  3.14159  0  -72170.5  265019
-0.628319  3.14159  0  866888  -542155
0.628319  3.14159  0  752941  -644934
1.88496  3.14159  0  -308749  -3625.84
3.14159  3.14159  0  61900.8  -32487
4.39823  3.14159  0  138276  119049
5.65487  3.14159  0  -120847  53385.6
6.9115  3.14159  0  36301.6  -41213.4
8.16814  3.14159  0  -15296.6  4533.35
10.6814  3.14159  0  -2072.92  -12069.3
15.708  3.14159  0  -7606.15  2695.49
33.3009  3.14159  0  1934.74  -2603.64
-54.6637  3.14159  3.14159  -10123.4  -13522.3
-27.0177  3.14159  3.14159  -927.476  6118.63
-13.1947  3.14159  3.14159  77633.1  -40604.7
-10.6814  3.14159  3.14159  65428.7  25757.6
-8.16814  3.14159  3.14159  58098.4  60786.2
-6.9115  3.14159  3.14159  243556  -141235
-5.65487  3.14159  3.14159  -329586  917614
-4.39823  3.14159  3.14159  -873110  -1.06855e+06
-3.14159  3.14159  3.14159  237992  -542466
-1.88496  3.14159  3.14159  295455  1.79413e+06
-0.628319  3.14159  3.14159  4.63287e+06  -6.08676e+06
0.628319  3.14159  3.14159  3.3724e+06  -6.00811e+06
1.88496  3.14159  3.14159  -2.28384e+06  720692
3.14159  3.14159  3.14159  330493  -397051
4.39823  3.14159  3.14159  1.12083e+06  541825
5.65487  3.14159  3.14159  -651672  611275
6.9115  3.14159  3.14159  180758  -329237
8.16814  3.14159  3.14159  -67741.4  97385.8
10.6814  3.14159  3.14159  -42159.8  -89369
15.708  3.14159  3.14159  -47930  35977.7
33.3009  3.14159  3.14159  9485.14  -23355.6
