-54.6637  0  0  -1.09238e-26  -1.76887e-26
-27.0177  0  0  -1.79428e-26  1.35723e-26
-13.1947  0  0  1.09907e-25  -8.13436e-26
-10.6814  0  0  1.14721e-25  1.8101e-26
-8.16814  0  0  3.65271e-26  2.78913e-25
-6.9115  0  0  2.8955e-25  -4.19071e-25
-5.65487  0  0  -5.6628e-25  1.36242e-24
-4.39823  0  0  -1.31731e-24  -1.81593e-24
-3.14159  0  0  6.98789e-25  -1.25624e-24
-1.88496  0  0  1.94341e-25  3.60857e-24
-0.628319  0  0  6.69698e-24  -1.00958e-23
0.628319  0  0  4.66387e-24  -9.83394e-24
1.88496  0  0  -3.26712e-24  1.38635e-25
3.14159  0  0  3.28222e-25  -5.38915e-25
4.39823  0  0  1.97181e-24  7.91642e-25
5.65487  0  0  -1.33302e-24  1.09402e-24
6.9115  0  0  2.20314e-25  -4.49174e-25
8.16814  0  0  -1.58923e-25  -9.83989e-27
10.6814  0  0  -5.22724e-26  -1.11023e-25
15.708  0  0  -7.45328e-26  4.20004e-26
33.3009  0  0  5.36613e-28  -4.48737e-26
-54.6637  0  3.14159  -6.2488e-28  -7.22827e-28
-27.0177  0  3.14159  -4.74348e-28  4.47892e-28
-13.1947  0  3.14159  4.87253e-27  -1.43106e-27
-10.6814  0  3.14159  4.11681e-27  3.98848e-28
-8.16814  0  3.14159  -1.26999e-27  1.26374e-26
-6.9115  0  3.14159  8.4804e-27  -1.03411e-26
-5.65487  0  3.14159  -1.92242e-26  4.22288e-26
-4.39823  0  3.14159  -3.46987e-26  -5.77346e-26
-3.14159  0  3.14159  2.69431e-26  -4.58849e-26
-1.88496  0  3.14159  2.08851e-26  1.2095e-25
-0.628319  0  3.14159  2.56406e-25  -3.18878e-25
0.628319  0  3.14159  1.45078e-25  -3.3812e-25
1.88496  0  3.14159  -1.17194e-25  -1.47986e-26
3.14159  0  3.14159  1.20824e-26  -1.79846e-26
4.39823  0  3.14159  5.81959e-26  2.36182e-26
5.65487  0  3.14159  -4.50458e-26  3.40235e-26
6.9115  0  3.14159  4.93697e-27  -1.1911e-26
8.16814  0  3.14159  -7.90494e-27  2.11538e-27
10.6814  0  3.14159  -1.62072e-27  -3.66856e-27
15.708  0  3.14159  -2.6371e-27  9.45723e-28
33.3009  0  3.14159  1.34713e-29  -1.34526e-27
-54.6637  3.14159  0  -6.2488e-28  -7.22827e-28
-27.0177  3.14159  0  -4.74348e-28  4.47892e-28
-13.1947  3.14159  0  4.87253e-27  -1.43106e-27
-10.6814  3.14159  0  4.11681e-27  3.98848e-28
-8.16814  3.14159  0  -1.26999e-27  1.26374e-26
-6.9115  3.14159  0  8.4804e-27  -1.03411e-26
-5.65487  3.14159  0  -1.92242e-26  4.22288e-26
-4.39823  3.14159  0  -3.46987e-26  -5.77346e-26
-3.14159  3.14159  0  2.69431e-26  -4.58849e-26
-1.88496  3.14159  0  2.08851e-26  1.2095e-25
-0.628319  3.14159  0  2.56406e-25  -3.18878e-25
0.628319  3.14159  0  1.45078e-25  -3.3812e-25
1.88496  3.14159  0  -1.17194e-25  -1.47986e-26
3.14159  3.14159  0  1.20824e-26  -1.79846e-26
4.39823  3.14159  0  5.81959e-26  2.36182e-26
5.65487  3.14159  0  -4.50458e-26  3.40235e-26
6.9115  3.14159  0  4.93697e-27  -1.1911e-26
8.16814  3.14159  0  -7.90494e-27  2.11538e-27
10.6814  3.14159  0  -1.62072e-27  -3.66856e-27
15.708  3.14159  0  -2.6371e-27  9.45723e-28
33.3009  3.14159  0  1.34713e-29  -1.34526e-27
-54.6637  3.14159  3.14159  -2.28175e-26  -1.38352e-26
-27.0177  3.14159  3.14159  -4.64782e-26  4.31048e-27
-13.1947  3.14159  3.14159  9.55329e-26  -1.77096e-25
-10.6814  3.14159  3.14159  1.51908e-25  -1.08566e-25
-8.16814  3.14159  3.14159  3.18808e-25  5.76288e-25
-6.9115  3.14159  3.14159  1.62401e-25  -7.03097e-25
-5.65487  3.14159  3.14159  -1.50371e-25  2.43376e-24
-4.39823  3.14159  3.14159  -2.97239e-24  -2.06462e-24
-3.14159  3.14159  3.14159  2.61569e-25  -2.81598e-24
-1.88496  3.14159  3.14159  3.1427e-24  5.81416e-24
-0.628319  3.14159  3.14159  6.15769e-24  -1.98395e-23
0.628319  3.14159  3.14159  -2.32097e-25  -1.93056e-23
1.88496  3.14159  3.14159  -5.74513e-24  2.05114e-24
3.14159  3.14159  3.14159  3.96492e-25  -1.10133e-24
4.39823  3.14159  3.14159  3.47556e-24  -9.82358e-26
5.65487  3.14159  3.14159  -1.39076e-24  2.53842e-24
6.9115  3.14159  3.14159  5.93403e-27  -7.16109e-25
8.16814  3.14159  3.14159  -4.48272e-25  7.28719e-26
10.6814  3.14159  3.14159  -5.81884e-26  -1.27728e-25
15.708  3.14159  3.14159  -8.80972e-26  9.26037e-26
33.3009  3.14159  3.14159  -2.24498e-26  -5.28391e-26
