-54.6637  0  0  -5.6872  5.81128
-27.0177  0  0  -35.0376  -9.90826
-13.1947  0  0  -37.9792  -116.327
-10.6814  0  0  -73.1607  -19.0561
-8.16814  0  0  118.492  821.534
-6.9115  0  0  -169.799  638.926
-5.65487  0  0  504.146  -411.896
-4.39823  0  0  -753.904  -973.678
-3.14159  0  0  2736.71  -211.296
-1.88496  0  0  3177.32  -2426.21
-0.628319  0  0  -9321.58  55547.9
0.628319  0  0  54128.1  -15361.9
1.88496  0  0  1134.29  797.393
3.14159  0  0  -637.772  54.1253
4.39823  0  0  -150.779  -931.92
5.65487  0  0  -161.961  133.875
6.9115  0  0  0.0481702  489.223
8.16814  0  0  395.635  741.45
10.6814  0  0  45.1304  -34.5804
15.708  0  0  -47.1074  23.6489
33.3009  0  0  3.38497  -50.4607
-54.6637  0  3.14159  -16322.5  7767.39
-27.0177  0  3.14159  -80846.9  65236.4
-13.1947  0  3.14159  31994.4  76406.9
-10.6814  0  3.14159  -56274.5  149268
-8.16814  0  3.14159  1.20143e+06  -203356
-6.9115  0  3.14159  30948.1  447012
-5.65487  0  3.14159  57170.9  -1.45518e+06
-4.39823  0  3.14159  -2.06127e+06  730485
-3.14159  0  3.14159  3.23499e+06  -780937
-1.88496  0  3.14159  4.17767e+06  -6.87328e+06
-0.628319  0  3.14159  1.01176e+08  1.02915e+08
0.628319  0  3.14159  3.54198e+07  -1.35362e+08
1.88496  0  3.14159  8.09659e+06  4.11267e+06
3.14159  0  3.14159  3.09309e+06  -658359
4.39823  0  3.14159  -2.02446e+06  471918
5.65487  0  3.14159  584056  1.16004e+06
6.9115  0  3.14159  -236492  -513239
8.16814  0  3.14159  1.07273e+06  -672582
10.6814  0  3.14159  -84642.3  -51283.9
15.708  0  3.14159  112862  32396.6
33.3009  0  3.14159  -34881.5  3477.09
-54.6637  3.14159  0  -16322.5  7767.39
-27.0177  3.14159  0  -80846.9  65236.4
-13.1947  3.14159  0  31994.4  76406.9
-10.6814  3.14159  0  -56274.5  149268
-8.16814  3.14159  0  1.20143e+06  -203356
-6.9115  3.14159  0  30948.1  447012
-5.65487  3.14159  0  57170.9  -1.45518e+06
-4.39823  3.14159  0  -2.06127e+06  730485
-3.14159  3.14159  0  3.23499e+06  -780937
-1.88496  3.14159  0  4.17767e+06  -6.87328e+06
-0.628319  3.14159  0  1.01176e+08  1.02915e+08
0.628319  3.14159  0  3.54198e+07  -1.35362e+08
1.88496  3.14159  0  8.09659e+06  4.11267e+06
3.14159  3.14159  0  3.09309e+06  -658359
4.39823  3.14159  0  -2.02446e+06  471918
5.65487  3.14159  0  584056  1.16004e+06
6.9115  3.14159  0  -236492  -513239
8.16814  3.14159  0  1.07273e+06  -672582
10.6814  3.14159  0  -84642.3  -51283.9
15.708  3.14159  0  112862  32396.6
33.3009  3.14159  0  -34881.5  3477.09
-54.6637  3.14159  3.14159  -5.73356  5.80663
-27.0177  3.14159  3.14159  -35.2364  -10.2586
-13.1947  3.14159  3.14159  -38.0717  -117.325
-10.6814  3.14159  3.14159  -73.6554  -19.5577
-8.16814  3.14159  3.14159  114.649  829.31
-6.9115  3.14159  3.14159  -173.746  643.045
-5.65487  3.14159  3.14159  510.581  -412.582
-4.39823  3.14159  3.14159  -755.147  -985.777
-3.14159  3.14159  3.14159  2757.89  -197.658
-1.88496  3.14159  3.14159  3220.59  -2425.18
-0.628319  3.14159  3.14159  -9744.34  55939.6
0.628319  3.14159  3.14159  54695.1  -15163.7
1.88496  3.14159  3.14159  1135.46  804.218
3.14159  3.14159  3.14159  -644.182  52.9177
4.39823  3.14159  3.14159  -147.875  -942.387
5.65487  3.14159  3.14159  -164.541  134.482
6.9115  3.14159  3.14159  -1.37805  492.527
8.16814  3.14159  3.14159  394.933  750.052
10.6814  3.14159  3.14159  45.6511  -34.8038
15.708  3.14159  3.14159  -47.8102  23.8079
33.3009  3.14159  3.14159  3.65326  -50.8755
