-54.6637  0  0  -0.804818  1.37628
-27.0177  0  0  -2.29919  0.208614
-13.1947  0  0  0.392175  -0.701899
-10.6814  0  0  -1.18272  11.9635
-8.16814  0  0  24.4982  -35.7694
-6.9115  0  0  -12.4953  17.0567
-5.65487  0  0  0.30287  51.365
-4.39823  0  0  15.3912  18.4442
-3.14159  0  0  -146.926  179.751
-1.88496  0  0  -214.534  94.411
-0.628319  0  0  -297.816  -281.548
0.628319  0  0  -13.6067  404.551
1.88496  0  0  -218.432  -17.3168
3.14159  0  0  -179.08  -122.166
4.39823  0  0  -6.45732  -46.1205
5.65487  0  0  -17.0418  -32.1058
6.9115  0  0  -23.7994  0.511641
8.16814  0  0  25.4585  19.6247
10.6814  0  0  -5.529  -12.9674
15.708  0  0  19.1551  -4.43469
33.3009  0  0  2.86854  4.59757
-54.6637  0  3.14159  -137.132  -126.104
-27.0177  0  3.14159  -11.0482  -196.578
-13.1947  0  3.14159  30.2903  126.311
-10.6814  0  3.14159  -1300.74  -450.416
-8.16814  0  3.14159  3277.65  3711.24
-6.9115  0  3.14159  -1488.94  -2073.7
-5.65487  0  3.14159  -5746.25  -1510.31
-4.39823  0  3.14159  -2572.06  1244.14
-3.14159  0  3.14159  -15310.4  -21814.8
-1.88496  0  3.14159  -3786.77  -26518.8
-0.628319  0  3.14159  41300.1  -24803.5
0.628319  0  3.14159  -44991.5  -13910.7
1.88496  0  3.14159  8440.87  -23279.8
3.14159  0  3.14159  18791.1  -16121.5
4.39823  0  3.14159  5499.24  721.244
5.65487  0  3.14159  4214.22  -1020.08
6.9115  0  3.14159  744.551  -2552.07
8.16814  0  3.14159  -2982.92  2326.36
10.6814  0  3.14159  1609.55  -255.741
15.708  0  3.14159  -70.8528  2153.78
33.3009  0  3.14159  -613.495  153.967
-54.6637  3.14159  0  -137.132  -126.104
-27.0177  3.14159  0  -11.0482  -196.578
-13.1947  3.14159  0  30.2903  126.311
-10.6814  3.14159  0  -1300.74  -450.416
-8.16814  3.14159  0  3277.65  3711.24
-6.9115  3.14159  0  -1488.94  -2073.7
-5.65487  3.14159  0  -5746.25  -1510.31
-4.39823  3.14159  0  -2572.06  1244.14
-3.14159  3.14159  0  -15310.4  -21814.8
-1.88496  3.14159  0  -3786.77  -26518.8
-0.628319  3.14159  0  41300.1  -24803.5
0.628319  3.14159  0  -44991.5  -13910.7
1.88496  3.14159  0  8440.87  -23279.8
3.14159  3.14159  0  18791.1  -16121.5
4.39823  3.14159  0  5499.24  721.244
5.65487  3.14159  0  4214.22  -1020.08
6.9115  3.14159  0  744.551  -2552.07
8.16814  3.14159  0  -2982.92  2326.36
10.6814  3.14159  0  1609.55  -255.741
15.708  3.14159  0  -70.8528  2153.78
33.3009  3.14159  0  -613.495  153.967
-54.6637  3.14159  3.14159  -0.802859  1.38264
-27.0177  3.14159  3.14159  -2.30027  0.212083
-13.1947  3.14159  3.14159  0.396487  -0.66939
-10.6814  3.14159  3.14159  -1.18081  11.9523
-8.16814  3.14159  3.14159  24.4899  -35.8057
-6.9115  3.14159  3.14159  -12.5105  17.0899
-5.65487  3.14159  3.14159  0.328173  51.3876
-4.39823  3.14159  3.14159  15.3877  18.4413
-3.14159  3.14159  3.14159  -146.952  179.894
-1.88496  3.14159  3.14159  -214.544  94.4835
-0.628319  3.14159  3.14159  -297.948  -281.546
0.628319  3.14159  3.14159  -13.4375  404.679
1.88496  3.14159  3.14159  -218.475  -17.2676
3.14159  3.14159  3.14159  -179.207  -122.167
4.39823  3.14159  3.14159  -6.47047  -46.1289
5.65487  3.14159  3.14159  -17.0337  -32.1185
6.9115  3.14159  3.14159  -23.8062  0.482425
8.16814  3.14159  3.14159  25.4715  19.6422
10.6814  3.14159  3.14159  -5.537  -12.9529
15.708  3.14159  3.14159  19.1565  -4.44631
33.3009  3.14159  3.14159  2.87285  4.59943
