-54.6637  0  0  -3.95085e-17  -7.12654e-17
-27.0177  0  0  -1.23094e-16  -5.62534e-17
-13.1947  0  0  -1.81019e-16  -1.31015e-17
-10.6814  0  0  -1.99686e-16  -8.23528e-18
-8.16814  0  0  -2.11231e-16  -4.47123e-17
-6.9115  0  0  -2.07799e-16  3.15615e-17
-5.65487  0  0  -2.03345e-16  5.76171e-17
-4.39823  0  0  -2.19066e-16  -1.28465e-17
-3.14159  0  0  -1.58238e-16  -5.75961e-18
-1.88496  0  0  -2.76873e-16  -1.4627e-16
-0.628319  0  0  -1.6081e-16  3.79534e-16
0.628319  0  0  -3.23897e-16  -3.79296e-16
1.88496  0  0  -2.4269e-16  9.68868e-17
3.14159  0  0  -1.96638e-16  -2.40098e-17
4.39823  0  0  -2.73234e-16  2.74862e-17
5.65487  0  0  -2.78589e-16  -6.49806e-17
6.9115  0  0  -2.85775e-16  -5.06386e-17
8.16814  0  0  -2.85912e-16  3.32852e-17
10.6814  0  0  -2.83144e-16  -5.30878e-19
15.708  0  0  -3.1192e-16  1.54706e-17
33.3009  0  0  -3.3529e-16  5.50685e-17
-54.6637  0  3.14159  -1.14273e-18  -8.96538e-19
-27.0177  0  3.14159  -4.17786e-18  -1.15613e-18
-13.1947  0  3.14159  -7.78304e-18  -1.4819e-18
-10.6814  0  3.14159  -8.31004e-18  -1.6095e-18
-8.16814  0  3.14159  -8.42909e-18  -1.70427e-18
-6.9115  0  3.14159  -1.06075e-17  -1.44669e-18
-5.65487  0  3.14159  -1.13794e-17  -1.55852e-18
-4.39823  0  3.14159  -9.96558e-18  -1.90289e-18
-3.14159  0  3.14159  -1.06245e-17  2.30036e-19
-1.88496  0  3.14159  -7.28998e-18  -8.73423e-19
-0.628319  0  3.14159  -2.08453e-17  -1.74812e-18
0.628319  0  3.14159  -7.92899e-19  -1.17415e-18
1.88496  0  3.14159  -1.44963e-17  -6.26487e-19
3.14159  0  3.14159  -1.10983e-17  9.53733e-19
4.39823  0  3.14159  -1.19203e-17  -1.06652e-18
5.65487  0  3.14159  -1.05198e-17  -3.98383e-19
6.9115  0  3.14159  -1.13018e-17  -8.63841e-20
8.16814  0  3.14159  -1.34541e-17  -1.0257e-19
10.6814  0  3.14159  -1.35699e-17  3.97457e-19
15.708  0  3.14159  -1.41432e-17  9.66908e-19
33.3009  0  3.14159  -1.70572e-17  1.88313e-18
-54.6637  3.14159  0  -1.14273e-18  -8.96538e-19
-27.0177  3.14159  0  -4.17786e-18  -1.15613e-18
-13.1947  3.14159  0  -7.78304e-18  -1.4819e-18
-10.6814  3.14159  0  -8.31004e-18  -1.6095e-18
-8.16814  3.14159  0  -8.42909e-18  -1.70427e-18
-6.9115  3.14159  0  -1.06075e-17  -1.44669e-18
-5.65487  3.14159  0  -1.13794e-17  -1.55852e-18
-4.39823  3.14159  0  -9.96558e-18  -1.90289e-18
-3.14159  3.14159  0  -1.06245e-17  2.30036e-19
-1.88496  3.14159  0  -7.28998e-18  -8.73423e-19
-0.628319  3.14159  0  -2.08453e-17  -1.74812e-18
0.628319  3.14159  0  -7.92899e-19  -1.17415e-18
1.88496  3.14159  0  -1.44963e-17  -6.26487e-19
3.14159  3.14159  0  -1.10983e-17  9.53733e-19
4.39823  3.14159  0  -1.19203e-17  -1.06652e-18
5.65487  3.14159  0  -1.05198e-17  -3.98383e-19
6.9115  3.14159  0  -1.13018e-17  -8.63841e-20
8.16814  3.14159  0  -1.34541e-17  -1.0257e-19
10.6814  3.14159  0  -1.35699e-17  3.97457e-19
15.708  3.14159  0  -1.41432e-17  9.66908e-19
33.3009  3.14159  0  -1.70572e-17  1.88313e-18
-54.6637  3.14159  3.14159  8.85811e-18  7.73164e-17
-27.0177  3.14159  3.14159  8.07031e-17  6.36462e-17
-13.1947  3.14159  3.14159  1.11721e-16  3.67365e-17
-10.6814  3.14159  3.14159  1.25096e-16  3.06301e-17
-8.16814  3.14159  3.14159  1.39865e-16  5.51908e-17
-6.9115  3.14159  3.14159  1.03695e-16  1.74406e-17
-5.65487  3.14159  3.14159  8.82024e-17  -2.54173e-18
-4.39823  3.14159  3.14159  1.28928e-16  2.81236e-17
-3.14159  3.14159  3.14159  9.68389e-17  6.74721e-17
-1.88496  3.14159  3.14159  2.58132e-16  1.19018e-16
-0.628319  3.14159  3.14159  -1.17657e-16  -1.80829e-16
0.628319  3.14159  3.14159  4.27362e-16  2.18281e-16
1.88496  3.14159  3.14159  1.05468e-16  -8.22998e-18
3.14159  3.14159  3.14159  1.54447e-16  7.563e-17
4.39823  3.14159  3.14159  1.8408e-16  -4.4465e-18
5.65487  3.14159  3.14159  2.29134e-16  6.58683e-17
6.9115  3.14159  3.14159  2.29181e-16  6.42468e-17
8.16814  3.14159  3.14159  1.90486e-16  1.33236e-17
10.6814  3.14159  3.14159  1.99176e-16  4.51411e-17
15.708  3.14159  3.14159  2.33805e-16  3.16079e-17
33.3009  3.14159  3.14159  2.49777e-16  1.18422e-17
