-54.6637  0  0  -5.83888e+07  2.12642e+07
-27.0177  0  0  1.20931e+08  7.23252e+06
-13.1947  0  0  -6.74682e+08  -6.94879e+08
-10.6814  0  0  7.16055e+08  -2.51541e+08
-8.16814  0  0  4.9954e+08  5.72629e+08
-6.9115  0  0  -1.1335e+09  -1.53641e+09
-5.65487  0  0  4.2804e+09  5.96385e+08
-4.39823  0  0  -8.26072e+09  4.13094e+09
-3.14159  0  0  -1.72614e+09  -7.55845e+09
-1.88496  0  0  9.38366e+09  1.26116e+10
-0.628319  0  0  -1.52018e+10  -3.96765e+10
0.628319  0  0  -3.8396e+10  -1.23896e+10
1.88496  0  0  9.65794e+09  8.57954e+09
3.14159  0  0  -6.5289e+09  -1.90543e+09
4.39823  0  0  4.44605e+09  -7.78163e+09
5.65487  0  0  1.85776e+08  4.79846e+09
6.9115  0  0  -1.76742e+09  -1.19364e+09
8.16814  0  0  3.46822e+08  3.98456e+08
10.6814  0  0  -2.84427e+08  6.26681e+08
15.708  0  0  5.01941e+07  1.69953e+08
33.3009  0  0  -2.54542e+08  6.32012e+06
-54.6637  0  3.14159  -2.47435e+09  9.65229e+08
-27.0177  0  3.14159  4.50558e+09  1.53807e+08
-13.1947  0  3.14159  -2.36506e+10  -2.82112e+10
-10.6814  0  3.14159  2.84349e+10  -1.01665e+10
-8.16814  0  3.14159  2.05954e+10  2.69523e+10
-6.9115  0  3.14159  -3.91152e+10  -5.72709e+10
-5.65487  0  3.14159  1.66053e+11  1.38085e+10
-4.39823  0  3.14159  -3.05405e+11  1.54919e+11
-3.14159  0  3.14159  -6.4971e+10  -2.92563e+11
-1.88496  0  3.14159  3.45045e+11  4.67355e+11
-0.628319  0  3.14159  -5.80875e+11  -1.49467e+12
0.628319  0  3.14159  -1.45152e+12  -4.62641e+11
1.88496  0  3.14159  3.54568e+11  3.07597e+11
3.14159  0  3.14159  -2.49438e+11  -6.53499e+10
4.39823  0  3.14159  1.60872e+11  -2.89351e+11
5.65487  0  3.14159  1.53453e+09  1.87013e+11
6.9115  0  3.14159  -6.84493e+10  -4.13563e+10
8.16814  0  3.14159  1.83989e+10  1.65339e+10
10.6814  0  3.14159  -1.05102e+10  2.53988e+10
15.708  0  3.14159  2.09735e+09  6.29496e+09
33.3009  0  3.14159  -9.65758e+09  4.78879e+08
-54.6637  3.14159  0  -2.47435e+09  9.65229e+08
-27.0177  3.14159  0  4.50558e+09  1.53807e+08
-13.1947  3.14159  0  -2.36506e+10  -2.82112e+10
-10.6814  3.14159  0  2.84349e+10  -1.01665e+10
-8.16814  3.14159  0  2.05954e+10  2.69523e+10
-6.9115  3.14159  0  -3.91152e+10  -5.72709e+10
-5.65487  3.14159  0  1.66053e+11  1.38085e+10
-4.39823  3.14159  0  -3.05405e+11  1.54919e+11
-3.14159  3.14159  0  -6.4971e+10  -2.92563e+11
-1.88496  3.14159  0  3.45045e+11  4.67355e+11
-0.628319  3.14159  0  -5.80875e+11  -1.49467e+12
0.628319  3.14159  0  -1.45152e+12  -4.62641e+11
1.88496  3.14159  0  3.54568e+11  3.07597e+11
3.14159  3.14159  0  -2.49438e+11  -6.53499e+10
4.39823  3.14159  0  1.60872e+11  -2.89351e+11
5.65487  3.14159  0  1.53453e+09  1.87013e+11
6.9115  3.14159  0  -6.84493e+10  -4.13563e+10
8.16814  3.14159  0  1.83989e+10  1.65339e+10
10.6814  3.14159  0  -1.05102e+10  2.53988e+10
15.708  3.14159  0  2.09735e+09  6.29496e+09
33.3009  3.14159  0  -9.65758e+09  4.78879e+08
-54.6637  3.14159  3.14159  -5.83756e+07  2.12823e+07
-27.0177  3.14159  3.14159  1.20917e+08  7.21627e+06
-13.1947  3.14159  3.14159  -6.74633e+08  -6.94968e+08
-10.6814  3.14159  3.14159  7.1601e+08  -2.5161e+08
-8.16814  3.14159  3.14159  4.99507e+08  5.72768e+08
-6.9115  3.14159  3.14159  -1.13365e+09  -1.53643e+09
-5.65487  3.14159  3.14159  4.28017e+09  5.96374e+08
-4.39823  3.14159  3.14159  -8.26038e+09  4.1309e+09
-3.14159  3.14159  3.14159  -1.72581e+09  -7.55874e+09
-1.88496  3.14159  3.14159  9.38401e+09  1.26118e+10
-0.628319  3.14159  3.14159  -1.52002e+10  -3.96766e+10
0.628319  3.14159  3.14159  -3.83963e+10  -1.23913e+10
1.88496  3.14159  3.14159  9.65799e+09  8.57942e+09
3.14159  3.14159  3.14159  -6.52869e+09  -1.90519e+09
4.39823  3.14159  3.14159  4.44588e+09  -7.78171e+09
5.65487  3.14159  3.14159  1.85738e+08  4.79846e+09
6.9115  3.14159  3.14159  -1.76736e+09  -1.19365e+09
8.16814  3.14159  3.14159  3.46692e+08  3.98598e+08
10.6814  3.14159  3.14159  -2.84269e+08  6.2665e+08
15.708  3.14159  3.14159  5.02226e+07  1.69897e+08
33.3009  3.14159  3.14159  -2.54548e+08  6.36189e+06
