-54.6637  0  0  -0.00362453  0.113375
-27.0177  0  0  -0.0139176  0.223919
-13.1947  0  0  -0.046259  0.420854
-10.6814  0  0  -0.0618538  0.494915
-8.16814  0  0  -0.0843893  0.594066
-6.9115  0  0  -0.0988013  0.655531
-5.65487  0  0  -0.115099  0.725051
-4.39823  0  0  -0.132178  0.798363
-3.14159  0  0  -0.147463  0.856187
-1.88496  0  0  -0.157064  0.824907
-0.628319  0  0  -0.159851  0.468594
0.628319  0  0  -0.159851  -0.468599
1.88496  0  0  -0.157064  -0.824912
3.14159  0  0  -0.147464  -0.856192
4.39823  0  0  -0.132179  -0.798368
5.65487  0  0  -0.1151  -0.725055
6.9115  0  0  -0.098803  -0.655534
8.16814  0  0  -0.0843902  -0.594072
10.6814  0  0  -0.0618523  -0.494933
15.708  0  0  -0.0354675  -0.364559
33.3009  0  0  -0.00944742  -0.183642
-54.6637  0  3.14159  0.000200647  0.113368
-27.0177  0  3.14159  0.00077079  0.223789
-13.1947  0  3.14159  0.00278249  0.41839
-10.6814  0  3.14159  0.00389928  0.489675
-8.16814  0  3.14159  0.00573994  0.581975
-6.9115  0  3.14159  0.00711064  0.636834
-5.65487  0  3.14159  0.00894682  0.696753
-4.39823  0  3.14159  0.0114774  0.760241
-3.14159  0  3.14159  0.0151889  0.825974
-1.88496  0  3.14159  0.021332  0.911746
-0.628319  0  3.14159  0.0703547  1.72358
0.628319  0  3.14159  0.0703546  -1.72358
1.88496  0  3.14159  0.0213319  -0.91175
3.14159  0  3.14159  0.0151887  -0.825979
4.39823  0  3.14159  0.0114771  -0.760245
5.65487  0  3.14159  0.00894638  -0.696758
6.9115  0  3.14159  0.00710701  -0.636833
8.16814  0  3.14159  0.00573896  -0.581977
10.6814  0  3.14159  0.00390327  -0.489694
15.708  0  3.14159  0.00206687  -0.363303
33.3009  0  3.14159  0.0005  -0.183589
-54.6637  3.14159  0  0.000200647  0.113368
-27.0177  3.14159  0  0.00077079  0.223789
-13.1947  3.14159  0  0.00278249  0.41839
-10.6814  3.14159  0  0.00389928  0.489675
-8.16814  3.14159  0  0.00573994  0.581975
-6.9115  3.14159  0  0.00711064  0.636834
-5.65487  3.14159  0  0.00894682  0.696753
-4.39823  3.14159  0  0.0114774  0.760241
-3.14159  3.14159  0  0.0151889  0.825974
-1.88496  3.14159  0  0.021332  0.911746
-0.628319  3.14159  0  0.0703547  1.72358
0.628319  3.14159  0  0.0703546  -1.72358
1.88496  3.14159  0  0.0213319  -0.91175
3.14159  3.14159  0  0.0151887  -0.825979
4.39823  3.14159  0  0.0114771  -0.760245
5.65487  3.14159  0  0.00894638  -0.696758
6.9115  3.14159  0  0.00710701  -0.636833
8.16814  3.14159  0  0.00573896  -0.581977
10.6814  3.14159  0  0.00390327  -0.489694
15.708  3.14159  0  0.00206687  -0.363303
33.3009  3.14159  0  0.0005  -0.183589
-54.6637  3.14159  3.14159  0.00402723  0.113368
-27.0177  3.14159  3.14159  0.0154824  0.223869
-13.1947  3.14159  3.14159  0.052188  0.420577
-10.6814  3.14159  3.14159  0.0704186  0.494507
-8.16814  3.14159  3.14159  0.0977033  0.593468
-6.9115  3.14159  3.14159  0.116022  0.654819
-5.65487  3.14159  3.14159  0.138069  0.724231
-4.39823  3.14159  3.14159  0.163905  0.797475
-3.14159  3.14159  3.14159  0.192688  0.855332
-1.88496  3.14159  3.14159  0.221452  0.824257
-0.628319  3.14159  3.14159  0.241719  0.468346
0.628319  3.14159  3.14159  0.241719  -0.468351
1.88496  3.14159  3.14159  0.221451  -0.824261
3.14159  3.14159  3.14159  0.192688  -0.855337
4.39823  3.14159  3.14159  0.163905  -0.79748
5.65487  3.14159  3.14159  0.138069  -0.724236
6.9115  3.14159  3.14159  0.116021  -0.654823
8.16814  3.14159  3.14159  0.0977035  -0.593474
10.6814  3.14159  3.14159  0.0704216  -0.494525
15.708  3.14159  3.14159  0.0397922  -0.364366
33.3009  3.14159  3.14159  0.0104578  -0.183614
