-54.6637  0  0  2.51337e-20  -6.03536e-20
-27.0177  0  0  1.59911e-19  -4.69976e-19
-13.1947  0  0  -1.32352e-19  -4.32333e-19
-10.6814  0  0  -2.60292e-19  -9.96177e-19
-8.16814  0  0  -3.58079e-18  3.83594e-19
-6.9115  0  0  -2.11075e-18  -1.84196e-18
-5.65487  0  0  4.53704e-18  9.14171e-18
-4.39823  0  0  4.5866e-18  -1.27725e-17
-3.14159  0  0  -5.73919e-18  2.16984e-17
-1.88496  0  0  1.1763e-17  3.31694e-17
-0.628319  0  0  -6.41045e-16  1.50348e-17
0.628319  0  0  2.70032e-16  5.93939e-16
1.88496  0  0  -3.22419e-17  2.25811e-17
3.14159  0  0  -1.30552e-17  1.15295e-17
4.39823  0  0  7.64651e-18  -7.85936e-18
5.65487  0  0  -7.80032e-18  -1.10958e-18
6.9115  0  0  2.22356e-18  -1.59971e-18
8.16814  0  0  2.63248e-19  4.28102e-18
10.6814  0  0  3.37868e-19  1.6094e-19
15.708  0  0  -7.10483e-19  5.42659e-20
33.3009  0  0  1.10396e-19  -4.32232e-20
-54.6637  0  3.14159  -1.16004e-22  -2.46578e-23
-27.0177  0  3.14159  -7.18434e-22  2.56863e-22
-13.1947  0  3.14159  -1.50843e-22  1.50908e-21
-10.6814  0  3.14159  -1.94859e-22  -5.13836e-22
-8.16814  0  3.14159  6.52937e-21  5.03403e-21
-6.9115  0  3.14159  -1.36244e-21  6.33345e-21
-5.65487  0  3.14159  9.10365e-22  -7.67884e-21
-4.39823  0  3.14159  -1.51645e-20  -8.82833e-22
-3.14159  0  3.14159  2.29993e-20  -1.13873e-20
-1.88496  0  3.14159  3.59065e-20  -4.83403e-20
-0.628319  0  3.14159  5.30471e-19  7.00441e-19
0.628319  0  3.14159  4.07223e-19  -9.23827e-19
1.88496  0  3.14159  4.20524e-20  2.76826e-20
3.14159  0  3.14159  2.04277e-20  -5.01312e-21
4.39823  0  3.14159  -1.43529e-20  -3.24185e-21
5.65487  0  3.14159  5.60989e-21  1.09725e-20
6.9115  0  3.14159  -1.09792e-21  2.23289e-22
8.16814  0  3.14159  7.2252e-21  4.1092e-22
10.6814  0  3.14159  -8.93078e-22  -1.53691e-21
15.708  0  3.14159  6.24141e-22  1.07974e-21
33.3009  0  3.14159  -1.87743e-22  -3.08078e-22
-54.6637  3.14159  0  -1.16004e-22  -2.46578e-23
-27.0177  3.14159  0  -7.18434e-22  2.56863e-22
-13.1947  3.14159  0  -1.50843e-22  1.50908e-21
-10.6814  3.14159  0  -1.94859e-22  -5.13836e-22
-8.16814  3.14159  0  6.52937e-21  5.03403e-21
-6.9115  3.14159  0  -1.36244e-21  6.33345e-21
-5.65487  3.14159  0  9.10365e-22  -7.67884e-21
-4.39823  3.14159  0  -1.51645e-20  -8.82833e-22
-3.14159  3.14159  0  2.29993e-20  -1.13873e-20
-1.88496  3.14159  0  3.59065e-20  -4.83403e-20
-0.628319  3.14159  0  5.30471e-19  7.00441e-19
0.628319  3.14159  0  4.07223e-19  -9.23827e-19
1.88496  3.14159  0  4.20524e-20  2.76826e-20
3.14159  3.14159  0  2.04277e-20  -5.01312e-21
4.39823  3.14159  0  -1.43529e-20  -3.24185e-21
5.65487  3.14159  0  5.60989e-21  1.09725e-20
6.9115  3.14159  0  -1.09792e-21  2.23289e-22
8.16814  3.14159  0  7.2252e-21  4.1092e-22
10.6814  3.14159  0  -8.93078e-22  -1.53691e-21
15.708  3.14159  0  6.24141e-22  1.07974e-21
33.3009  3.14159  0  -1.87743e-22  -3.08078e-22
-54.6637  3.14159  3.14159  -1.65734e-19  -2.96507e-19
-27.0177  3.14159  3.14159  -1.7423e-18  -1.13285e-18
-13.1947  3.14159  3.14159  -2.60943e-18  2.17519e-18
-10.6814  3.14159  3.14159  -1.92704e-18  -2.84376e-19
-8.16814  3.14159  3.14159  7.63137e-18  2.22044e-17
-6.9115  3.14159  3.14159  -9.26124e-18  2.96516e-18
-5.65487  3.14159  3.14159  2.57067e-17  -1.13205e-17
-4.39823  3.14159  3.14159  -2.74758e-17  -3.16068e-17
-3.14159  3.14159  3.14159  4.45419e-17  3.98141e-17
-1.88496  3.14159  3.14159  1.56877e-16  2.04497e-17
-0.628319  3.14159  3.14159  -1.0224e-15  2.43184e-15
0.628319  3.14159  3.14159  2.73498e-15  -3.95389e-16
1.88496  3.14159  3.14159  -2.42335e-17  1.47832e-16
3.14159  3.14159  3.14159  3.58403e-17  5.87594e-17
4.39823  3.14159  3.14159  -2.31157e-17  -3.74603e-17
5.65487  3.14159  3.14159  -1.65742e-17  2.46701e-17
6.9115  3.14159  3.14159  5.96465e-18  -7.38147e-18
8.16814  3.14159  3.14159  1.66244e-17  1.46647e-17
10.6814  3.14159  3.14159  7.51825e-19  -3.08638e-18
15.708  3.14159  3.14159  -4.89664e-19  3.11234e-18
33.3009  3.14159  3.14159  -1.6074e-19  -7.13572e-19
