-54.6637  0  0  -3.51935e-21  5.31514e-20
-27.0177  0  0  -4.98868e-20  4.72434e-20
-13.1947  0  0  4.71983e-20  -1.90058e-19
-10.6814  0  0  8.77284e-20  1.39607e-19
-8.16814  0  0  -1.88104e-19  -3.85546e-19
-6.9115  0  0  -1.50336e-19  -1.14559e-19
-5.65487  0  0  -9.41968e-20  2.82385e-19
-4.39823  0  0  5.25857e-19  6.19421e-20
-3.14159  0  0  2.21587e-19  6.46843e-21
-1.88496  0  0  2.14041e-19  -6.91894e-20
-0.628319  0  0  -1.03288e-18  2.89519e-19
0.628319  0  0  -7.42826e-19  -7.40958e-19
1.88496  0  0  1.10378e-19  7.755e-20
3.14159  0  0  2.68215e-19  2.82426e-20
4.39823  0  0  4.55671e-19  6.49234e-20
5.65487  0  0  5.09918e-20  -2.92799e-19
6.9115  0  0  -1.35568e-19  6.23497e-20
8.16814  0  0  -2.74881e-19  3.16556e-19
10.6814  0  0  1.1431e-19  -1.02754e-19
15.708  0  0  -3.33424e-20  1.60484e-19
33.3009  0  0  1.72097e-20  -7.65051e-20
-54.6637  0  3.14159  -1.26729e-22  7.21031e-22
-27.0177  0  3.14159  -6.13857e-22  7.02284e-22
-13.1947  0  3.14159  3.89107e-22  -2.39385e-21
-10.6814  0  3.14159  9.33344e-22  1.79384e-21
-8.16814  0  3.14159  -2.22318e-21  -4.46437e-21
-6.9115  0  3.14159  -1.5363e-21  -1.49422e-21
-5.65487  0  3.14159  -1.04484e-21  3.9162e-21
-4.39823  0  3.14159  6.61821e-21  1.05958e-21
-3.14159  0  3.14159  3.42474e-21  1.47919e-21
-1.88496  0  3.14159  2.43579e-21  -7.584e-22
-0.628319  0  3.14159  -1.25501e-20  4.46378e-21
0.628319  0  3.14159  -1.1367e-20  -5.95111e-21
1.88496  0  3.14159  3.12162e-21  1.29572e-21
3.14159  0  3.14159  2.50525e-21  1.12915e-22
4.39823  0  3.14159  7.10918e-21  8.11963e-22
5.65487  0  3.14159  -4.16704e-22  -3.69432e-21
6.9115  0  3.14159  -2.28297e-21  1.0554e-21
8.16814  0  3.14159  -4.14794e-21  3.59148e-21
10.6814  0  3.14159  1.53205e-21  -1.43266e-21
15.708  0  3.14159  3.21338e-22  2.26407e-21
33.3009  0  3.14159  3.78945e-22  -9.61629e-22
-54.6637  3.14159  0  -1.26729e-22  7.21031e-22
-27.0177  3.14159  0  -6.13857e-22  7.02284e-22
-13.1947  3.14159  0  3.89107e-22  -2.39385e-21
-10.6814  3.14159  0  9.33344e-22  1.79384e-21
-8.16814  3.14159  0  -2.22318e-21  -4.46437e-21
-6.9115  3.14159  0  -1.5363e-21  -1.49422e-21
-5.65487  3.14159  0  -1.04484e-21  3.9162e-21
-4.39823  3.14159  0  6.61821e-21  1.05958e-21
-3.14159  3.14159  0  3.42474e-21  1.47919e-21
-1.88496  3.14159  0  2.43579e-21  -7.584e-22
-0.628319  3.14159  0  -1.25501e-20  4.46378e-21
0.628319  3.14159  0  -1.1367e-20  -5.95111e-21
1.88496  3.14159  0  3.12162e-21  1.29572e-21
3.14159  3.14159  0  2.50525e-21  1.12915e-22
4.39823  3.14159  0  7.10918e-21  8.11963e-22
5.65487  3.14159  0  -4.16704e-22  -3.69432e-21
6.9115  3.14159  0  -2.28297e-21  1.0554e-21
8.16814  3.14159  0  -4.14794e-21  3.59148e-21
10.6814  3.14159  0  1.53205e-21  -1.43266e-21
15.708  3.14159  0  3.21338e-22  2.26407e-21
33.3009  3.14159  0  3.78945e-22  -9.61629e-22
-54.6637  3.14159  3.14159  -6.78282e-21  5.25907e-20
-27.0177  3.14159  3.14159  -5.0463e-20  4.19343e-20
-13.1947  3.14159  3.14159  5.66674e-20  -1.78062e-19
-10.6814  3.14159  3.14159  7.59766e-20  1.42318e-19
-8.16814  3.14159  3.14159  -1.59079e-19  -3.9118e-19
-6.9115  3.14159  3.14159  -1.36594e-19  -1.25929e-19
-5.65487  3.14159  3.14159  -1.0413e-19  2.61416e-19
-4.39823  3.14159  3.14159  5.06919e-19  1.00034e-19
-3.14159  3.14159  3.14159  2.24531e-19  1.11979e-20
-1.88496  3.14159  3.14159  2.12145e-19  -4.01148e-20
-0.628319  3.14159  3.14159  -9.8963e-19  2.08296e-19
0.628319  3.14159  3.14159  -6.53489e-19  -7.40816e-19
1.88496  3.14159  3.14159  1.07654e-19  6.85055e-20
3.14159  3.14159  3.14159  2.64595e-19  5.42419e-20
4.39823  3.14159  3.14159  4.42533e-19  8.17304e-20
5.65487  3.14159  3.14159  6.76038e-20  -2.73298e-19
6.9115  3.14159  3.14159  -1.35383e-19  5.90349e-20
8.16814  3.14159  3.14159  -2.87009e-19  2.96929e-19
10.6814  3.14159  3.14159  1.16892e-19  -9.49516e-20
15.708  3.14159  3.14159  -4.06052e-20  1.45371e-19
33.3009  3.14159  3.14159  2.16644e-20  -7.51832e-20
