-54.6637  0  0  0.000652638  0.201948
-27.0177  0  0  -0.0109083  0.402873
-13.1947  0  0  -0.0393013  0.803915
-10.6814  0  0  -0.0451001  0.986919
-8.16814  0  0  -0.0816589  1.24019
-6.9115  0  0  -0.113072  1.41983
-5.65487  0  0  -0.159729  1.66478
-4.39823  0  0  -0.27028  1.95175
-3.14159  0  0  -0.444281  2.28907
-1.88496  0  0  -0.654821  2.49818
-0.628319  0  0  -1.18393  1.62501
0.628319  0  0  -0.944686  -1.6879
1.88496  0  0  -0.681406  -2.54896
3.14159  0  0  -0.406685  -2.25802
4.39823  0  0  -0.278015  -1.92979
5.65487  0  0  -0.208095  -1.65584
6.9115  0  0  -0.14042  -1.42887
8.16814  0  0  -0.106648  -1.2478
10.6814  0  0  -0.0731925  -0.983839
15.708  0  0  -0.0249416  -0.68021
33.3009  0  0  -0.00295046  -0.326114
-54.6637  0  3.14159  0.040433  0.219383
-27.0177  0  3.14159  -0.0320567  0.377646
-13.1947  0  3.14159  -0.0521871  0.76303
-10.6814  0  3.14159  0.0975408  1.11353
-8.16814  0  3.14159  0.21789  1.3839
-6.9115  0  3.14159  0.220162  1.57322
-5.65487  0  3.14159  0.279213  2.14815
-4.39823  0  3.14159  -0.271691  2.41047
-3.14159  0  3.14159  -0.411077  3.06701
-1.88496  0  3.14159  0.444433  4.16156
-0.628319  0  3.14159  -1.06748  11.7394
0.628319  0  3.14159  2.48401  -12.9488
1.88496  0  3.14159  0.497537  -5.59645
3.14159  0  3.14159  0.327966  -2.86691
4.39823  0  3.14159  0.0903317  -2.09864
5.65487  0  3.14159  -0.356237  -1.99947
6.9115  0  3.14159  -0.100357  -1.74395
8.16814  0  3.14159  -0.13784  -1.51147
10.6814  0  3.14159  -0.125623  -1.06119
15.708  0  3.14159  0.0221733  -0.648532
33.3009  0  3.14159  0.100519  -0.254746
-54.6637  3.14159  0  0.040433  0.219383
-27.0177  3.14159  0  -0.0320567  0.377646
-13.1947  3.14159  0  -0.0521871  0.76303
-10.6814  3.14159  0  0.0975408  1.11353
-8.16814  3.14159  0  0.21789  1.3839
-6.9115  3.14159  0  0.220162  1.57322
-5.65487  3.14159  0  0.279213  2.14815
-4.39823  3.14159  0  -0.271691  2.41047
-3.14159  3.14159  0  -0.411077  3.06701
-1.88496  3.14159  0  0.444433  4.16156
-0.628319  3.14159  0  -1.06748  11.7394
0.628319  3.14159  0  2.48401  -12.9488
1.88496  3.14159  0  0.497537  -5.59645
3.14159  3.14159  0  0.327966  -2.86691
4.39823  3.14159  0  0.0903317  -2.09864
5.65487  3.14159  0  -0.356237  -1.99947
6.9115  3.14159  0  -0.100357  -1.74395
8.16814  3.14159  0  -0.13784  -1.51147
10.6814  3.14159  0  -0.125623  -1.06119
15.708  3.14159  0  0.0221733  -0.648532
33.3009  3.14159  0  0.100519  -0.254746
-54.6637  3.14159  3.14159  0.0054254  0.20193
-27.0177  3.14159  3.14159  0.00891343  0.402874
-13.1947  3.14159  3.14159  0.0411441  0.803674
-10.6814  3.14159  3.14159  0.0757864  0.986484
-8.16814  3.14159  3.14159  0.117132  1.23919
-6.9115  3.14159  3.14159  0.154308  1.41824
-5.65487  3.14159  3.14159  0.214488  1.66218
-4.39823  3.14159  3.14159  0.278606  1.94732
-3.14159  3.14159  3.14159  0.408219  2.28093
-1.88496  3.14159  3.14159  0.72885  2.48476
-0.628319  3.14159  3.14159  0.966934  1.61159
0.628319  3.14159  3.14159  1.20724  -1.67285
1.88496  3.14159  3.14159  0.700434  -2.53601
3.14159  3.14159  3.14159  0.44691  -2.24988
4.39823  3.14159  3.14159  0.272099  -1.92492
5.65487  3.14159  3.14159  0.165449  -1.65326
6.9115  3.14159  3.14159  0.126122  -1.42731
8.16814  3.14159  3.14159  0.0915376  -1.24675
10.6814  3.14159  3.14159  0.0472371  -0.983313
15.708  3.14159  3.14159  0.0323923  -0.68004
33.3009  3.14159  3.14159  0.01007  -0.326085
