-54.6637  0  0  -0.00097269  0.112467
-27.0177  0  0  -0.00416835  0.226892
-13.1947  0  0  -0.0188739  0.456744
-10.6814  0  0  -0.0289444  0.556503
-8.16814  0  0  -0.0479928  0.706584
-6.9115  0  0  -0.0638917  0.81208
-5.65487  0  0  -0.0870763  0.947673
-4.39823  0  0  -0.121512  1.12186
-3.14159  0  0  -0.173579  1.33183
-1.88496  0  0  -0.252484  1.49415
-0.628319  0  0  -0.363647  1.05835
0.628319  0  0  -0.363647  -1.05835
1.88496  0  0  -0.252484  -1.49415
3.14159  0  0  -0.173579  -1.33183
4.39823  0  0  -0.121512  -1.12186
5.65487  0  0  -0.0870762  -0.947672
6.9115  0  0  -0.0638924  -0.81208
8.16814  0  0  -0.0479933  -0.706584
10.6814  0  0  -0.028944  -0.556503
15.708  0  0  -0.0131136  -0.386436
33.3009  0  0  -0.00269379  -0.18434
-54.6637  0  3.14159  8.66606e-08  0.112594
-27.0177  0  3.14159  -6.81333e-09  0.227939
-13.1947  0  3.14159  5.78135e-08  0.465314
-10.6814  0  3.14159  8.09126e-08  0.571833
-8.16814  0  3.14159  -1.74856e-07  0.737233
-6.9115  0  3.14159  -4.21026e-07  0.858002
-5.65487  0  3.14159  -4.94778e-07  1.02069
-4.39823  0  3.14159  -1.38779e-06  1.25003
-3.14159  0  3.14159  -8.56158e-07  1.60126
-1.88496  0  3.14159  7.88057e-06  2.27595
-0.628319  0  3.14159  2.4089e-06  6.25046
0.628319  0  3.14159  2.54275e-06  -6.25046
1.88496  0  3.14159  7.93243e-06  -2.27595
3.14159  0  3.14159  -8.14772e-07  -1.60126
4.39823  0  3.14159  -1.35828e-06  -1.25003
5.65487  0  3.14159  -4.94424e-07  -1.02069
6.9115  0  3.14159  -2.4695e-07  -0.857999
8.16814  0  3.14159  -2.20426e-07  -0.73723
10.6814  0  3.14159  -4.47531e-07  -0.571833
15.708  0  3.14159  -8.46415e-07  -0.391646
33.3009  0  3.14159  -6.25494e-07  -0.184901
-54.6637  3.14159  0  8.66606e-08  0.112594
-27.0177  3.14159  0  -6.81333e-09  0.227939
-13.1947  3.14159  0  5.78135e-08  0.465314
-10.6814  3.14159  0  8.09126e-08  0.571833
-8.16814  3.14159  0  -1.74856e-07  0.737233
-6.9115  3.14159  0  -4.21026e-07  0.858002
-5.65487  3.14159  0  -4.94778e-07  1.02069
-4.39823  3.14159  0  -1.38779e-06  1.25003
-3.14159  3.14159  0  -8.56158e-07  1.60126
-1.88496  3.14159  0  7.88057e-06  2.27595
-0.628319  3.14159  0  2.4089e-06  6.25046
0.628319  3.14159  0  2.54275e-06  -6.25046
1.88496  3.14159  0  7.93243e-06  -2.27595
3.14159  3.14159  0  -8.14772e-07  -1.60126
4.39823  3.14159  0  -1.35828e-06  -1.25003
5.65487  3.14159  0  -4.94424e-07  -1.02069
6.9115  3.14159  0  -2.4695e-07  -0.857999
8.16814  3.14159  0  -2.20426e-07  -0.73723
10.6814  3.14159  0  -4.47531e-07  -0.571833
15.708  3.14159  0  -8.46415e-07  -0.391646
33.3009  3.14159  0  -6.25494e-07  -0.184901
-54.6637  3.14159  3.14159  0.00097283  0.112467
-27.0177  3.14159  3.14159  0.00416834  0.226892
-13.1947  3.14159  3.14159  0.0188739  0.456744
-10.6814  3.14159  3.14159  0.0289443  0.556503
-8.16814  3.14159  3.14159  0.0479922  0.706584
-6.9115  3.14159  3.14159  0.0638912  0.812079
-5.65487  3.14159  3.14159  0.0870769  0.947669
-4.39823  3.14159  3.14159  0.121508  1.12185
-3.14159  3.14159  3.14159  0.17348  1.33182
-1.88496  3.14159  3.14159  0.252676  1.49415
-0.628319  3.14159  3.14159  0.363603  1.05853
0.628319  3.14159  3.14159  0.363603  -1.05853
1.88496  3.14159  3.14159  0.252677  -1.49415
3.14159  3.14159  3.14159  0.17348  -1.33181
4.39823  3.14159  3.14159  0.121508  -1.12185
5.65487  3.14159  3.14159  0.0870771  -0.947669
6.9115  3.14159  3.14159  0.0638912  -0.812079
8.16814  3.14159  3.14159  0.0479921  -0.706583
10.6814  3.14159  3.14159  0.0289439  -0.556503
15.708  3.14159  3.14159  0.0131133  -0.386436
33.3009  3.14159  3.14159  0.00269316  -0.18434
