-54.6637  0  0  0.000485162  -0.00080935
-27.0177  0  0  -0.0033006  0.00368762
-13.1947  0  0  -0.00550721  -0.000892867
-10.6814  0  0  -0.0036796  -0.00323138
-8.16814  0  0  0.00682774  -0.00692616
-6.9115  0  0  -0.00547441  -0.0140025
-5.65487  0  0  0.0404746  0.0295801
-4.39823  0  0  -0.071772  0.0419638
-3.14159  0  0  -0.0369764  -0.0139067
-1.88496  0  0  0.127706  0.0701563
-0.628319  0  0  -0.0519107  -0.23214
0.628319  0  0  -0.233049  -0.307217
1.88496  0  0  0.0147633  0.126802
3.14159  0  0  -0.00379769  -0.0511006
4.39823  0  0  0.053146  -0.0740895
5.65487  0  0  0.0197857  0.0467502
6.9115  0  0  -0.0175845  -0.00445506
8.16814  0  0  -0.0174503  0.00687428
10.6814  0  0  0.00138673  -0.00229744
15.708  0  0  0.00164603  0.00205879
33.3009  0  0  -0.000244819  -0.00103338
-54.6637  0  3.14159  0.00118449  -7.5907e-05
-27.0177  0  3.14159  -0.00121809  -0.000783968
-13.1947  0  3.14159  0.00818146  0.00924802
-10.6814  0  3.14159  -0.00492241  0.00580943
-8.16814  0  3.14159  -0.0164768  0.010562
-6.9115  0  3.14159  0.0117628  0.0305749
-5.65487  0  3.14159  -0.0827791  -0.0682489
-4.39823  0  3.14159  0.154174  -0.0568149
-3.14159  0  3.14159  0.0525611  0.0327093
-1.88496  0  3.14159  -0.224786  -0.0685672
-0.628319  0  3.14159  0.351745  0.709335
0.628319  0  3.14159  0.516536  0.470284
1.88496  0  3.14159  -0.0511066  -0.294773
3.14159  0  3.14159  0.0386435  0.0634657
4.39823  0  3.14159  -0.102405  0.113609
5.65487  0  3.14159  -0.0376637  -0.0878706
6.9115  0  3.14159  0.0190645  0.0309641
8.16814  0  3.14159  -0.00038697  -0.0176685
10.6814  0  3.14159  0.00945097  -0.00188142
15.708  0  3.14159  -0.00177944  -0.00705162
33.3009  0  3.14159  0.00274765  0.0012683
-54.6637  3.14159  0  0.00118449  -7.5907e-05
-27.0177  3.14159  0  -0.00121809  -0.000783968
-13.1947  3.14159  0  0.00818146  0.00924802
-10.6814  3.14159  0  -0.00492241  0.00580943
-8.16814  3.14159  0  -0.0164768  0.010562
-6.9115  3.14159  0  0.0117628  0.0305749
-5.65487  3.14159  0  -0.0827791  -0.0682489
-4.39823  3.14159  0  0.154174  -0.0568149
-3.14159  3.14159  0  0.0525611  0.0327093
-1.88496  3.14159  0  -0.224786  -0.0685672
-0.628319  3.14159  0  0.351745  0.709335
0.628319  3.14159  0  0.516536  0.470284
1.88496  3.14159  0  -0.0511066  -0.294773
3.14159  3.14159  0  0.0386435  0.0634657
4.39823  3.14159  0  -0.102405  0.113609
5.65487  3.14159  0  -0.0376637  -0.0878706
6.9115  3.14159  0  0.0190645  0.0309641
8.16814  3.14159  0  -0.00038697  -0.0176685
10.6814  3.14159  0  0.00945097  -0.00188142
15.708  3.14159  0  -0.00177944  -0.00705162
33.3009  3.14159  0  0.00274765  0.0012683
-54.6637  3.14159  3.14159  0.0185455  0.00407617
-27.0177  3.14159  3.14159  -0.0195426  -0.00292593
-13.1947  3.14159  3.14159  -0.0242664  0.11722
-10.6814  3.14159  3.14159  -0.0911975  0.0177037
-8.16814  3.14159  3.14159  -0.157311  -0.0840668
-6.9115  3.14159  3.14159  -0.112051  0.235707
-5.65487  3.14159  3.14159  -0.285029  -1.00012
-4.39823  3.14159  3.14159  1.39031  0.409151
-3.14159  3.14159  3.14159  0.208807  0.564365
-1.88496  3.14159  3.14159  -1.56835  -1.52838
-0.628319  3.14159  3.14159  -1.42412  7.50794
0.628319  3.14159  3.14159  1.46413  6.77325
1.88496  3.14159  3.14159  1.47635  -2.48048
3.14159  3.14159  3.14159  -0.0565084  0.747012
4.39823  3.14159  3.14159  -1.3179  0.28363
5.65487  3.14159  3.14159  0.212227  -0.853979
6.9115  3.14159  3.14159  0.00311448  0.32125
8.16814  3.14159  3.14159  0.051406  -0.207031
10.6814  3.14159  3.14159  0.100787  0.0276633
15.708  3.14159  3.14159  0.028514  -0.068757
33.3009  3.14159  3.14159  0.0148239  0.0252414
