-54.6637  0  0  -1.66856e+11  -8.59287e+11
-27.0177  0  0  -2.21834e+12  -5.08987e+12
-13.1947  0  0  -6.64104e+12  -4.14833e+11
-10.6814  0  0  -4.04514e+12  -1.57188e+12
-8.16814  0  0  -1.43248e+13  5.33485e+13
-6.9115  0  0  -3.74195e+13  -1.68797e+13
-5.65487  0  0  7.83087e+13  1.03967e+13
-4.39823  0  0  -4.29013e+12  -1.00368e+14
-3.14159  0  0  3.80819e+13  1.98715e+14
-1.88496  0  0  4.1726e+14  3.18996e+14
-0.628319  0  0  -5.68695e+15  4.86112e+15
0.628319  0  0  7.34019e+15  2.94226e+15
1.88496  0  0  -2.88744e+14  3.79218e+14
3.14159  0  0  3.4013e+13  2.06485e+14
4.39823  0  0  -6.40416e+12  -1.01896e+14
5.65487  0  0  -8.03115e+13  2.51346e+13
6.9115  0  0  1.20302e+13  -1.91192e+13
8.16814  0  0  7.76774e+12  5.5972e+13
10.6814  0  0  8.09166e+12  -2.288e+12
15.708  0  0  -3.73499e+12  4.27646e+12
33.3009  0  0  1.21164e+12  -8.82017e+11
-54.6637  0  3.14159  -2.30935e+08  -8.99606e+07
-27.0177  0  3.14159  -1.61188e+09  6.45322e+07
-13.1947  0  3.14159  -7.42804e+08  2.09259e+09
-10.6814  0  3.14159  -4.67722e+08  9.95998e+08
-8.16814  0  3.14159  1.28969e+10  9.41827e+09
-6.9115  0  3.14159  -9.05964e+09  7.30584e+09
-5.65487  0  3.14159  8.3309e+09  -1.9717e+10
-4.39823  0  3.14159  -2.61451e+10  -1.15334e+10
-3.14159  0  3.14159  4.73543e+10  1.83601e+10
-1.88496  0  3.14159  1.22313e+11  -6.06427e+10
-0.628319  0  3.14159  5.10057e+11  2.062e+12
0.628319  0  3.14159  1.63231e+12  -1.51223e+12
1.88496  0  3.14159  5.29604e+10  1.24399e+11
3.14159  0  3.14159  6.49201e+10  1.4429e+10
4.39823  0  3.14159  -2.7664e+10  -1.14773e+10
5.65487  0  3.14159  -3.50729e+09  2.48228e+10
6.9115  0  3.14159  -2.93323e+09  -4.96904e+09
8.16814  0  3.14159  1.53685e+10  3.35118e+09
10.6814  0  3.14159  6.55506e+08  -2.82871e+09
15.708  0  3.14159  9.2756e+08  1.59522e+09
33.3009  0  3.14159  -1.45276e+08  -3.66715e+08
-54.6637  3.14159  0  -2.30935e+08  -8.99606e+07
-27.0177  3.14159  0  -1.61188e+09  6.45322e+07
-13.1947  3.14159  0  -7.42804e+08  2.09259e+09
-10.6814  3.14159  0  -4.67722e+08  9.95998e+08
-8.16814  3.14159  0  1.28969e+10  9.41827e+09
-6.9115  3.14159  0  -9.05964e+09  7.30584e+09
-5.65487  3.14159  0  8.3309e+09  -1.9717e+10
-4.39823  3.14159  0  -2.61451e+10  -1.15334e+10
-3.14159  3.14159  0  4.73543e+10  1.83601e+10
-1.88496  3.14159  0  1.22313e+11  -6.06427e+10
-0.628319  3.14159  0  5.10057e+11  2.062e+12
0.628319  3.14159  0  1.63231e+12  -1.51223e+12
1.88496  3.14159  0  5.29604e+10  1.24399e+11
3.14159  3.14159  0  6.49201e+10  1.4429e+10
4.39823  3.14159  0  -2.7664e+10  -1.14773e+10
5.65487  3.14159  0  -3.50729e+09  2.48228e+10
6.9115  3.14159  0  -2.93323e+09  -4.96904e+09
8.16814  3.14159  0  1.53685e+10  3.35118e+09
10.6814  3.14159  0  6.55506e+08  -2.82871e+09
15.708  3.14159  0  9.2756e+08  1.59522e+09
33.3009  3.14159  0  -1.45276e+08  -3.66715e+08
-54.6637  3.14159  3.14159  -7.06253e+10  -1.7907e+12
-27.0177  3.14159  3.14159  -5.88799e+12  -1.23988e+13
-13.1947  3.14159  3.14159  -1.89416e+13  -4.99884e+12
-10.6814  3.14159  3.14159  -1.18579e+13  4.50842e+12
-8.16814  3.14159  3.14159  -2.8589e+13  1.2884e+14
-6.9115  3.14159  3.14159  -8.53078e+13  -4.76532e+13
-5.65487  3.14159  3.14159  1.93674e+14  -1.01897e+13
-4.39823  3.14159  3.14159  -2.35569e+12  -2.31137e+14
-3.14159  3.14159  3.14159  9.95692e+13  4.95847e+14
-1.88496  3.14159  3.14159  9.89843e+14  7.04258e+14
-0.628319  3.14159  3.14159  -1.39575e+16  1.06529e+16
0.628319  3.14159  3.14159  1.65016e+16  7.95154e+15
1.88496  3.14159  3.14159  -7.0691e+14  8.61419e+14
3.14159  3.14159  3.14159  8.74718e+13  4.85422e+14
4.39823  3.14159  3.14159  -4.05295e+12  -2.41319e+14
5.65487  3.14159  3.14159  -1.9891e+14  5.79425e+13
6.9115  3.14159  3.14159  3.77794e+13  -5.37464e+13
8.16814  3.14159  3.14159  2.12917e+13  1.29105e+14
10.6814  3.14159  3.14159  2.19162e+13  -4.89213e+12
15.708  3.14159  3.14159  -1.19735e+13  9.44384e+12
33.3009  3.14159  3.14159  2.72253e+12  -2.49796e+12
