-54.6637  0  0  3.0928e-28  1.18458e-28
-27.0177  0  0  6.34794e-28  3.83944e-28
-13.1947  0  0  -1.37648e-28  -8.45521e-28
-10.6814  0  0  2.74642e-27  3.6913e-28
-8.16814  0  0  -6.31404e-27  -3.17588e-27
-6.9115  0  0  2.07468e-27  2.12536e-27
-5.65487  0  0  7.6539e-27  -3.40116e-28
-4.39823  0  0  5.61346e-27  -9.50363e-28
-3.14159  0  0  3.48613e-26  2.79713e-26
-1.88496  0  0  1.97129e-26  3.65319e-26
-0.628319  0  0  -5.93929e-26  3.45367e-26
0.628319  0  0  6.51395e-26  1.90802e-26
1.88496  0  0  -3.26848e-28  4.59793e-26
3.14159  0  0  -2.48356e-26  4.17384e-26
4.39823  0  0  -3.95546e-27  1.44249e-27
5.65487  0  0  -9.06003e-27  2.51179e-27
6.9115  0  0  -1.53519e-29  1.83552e-27
8.16814  0  0  5.19281e-27  -6.18888e-27
10.6814  0  0  -2.47897e-27  1.13268e-27
15.708  0  0  -1.55555e-27  -3.15343e-27
33.3009  0  0  7.45424e-28  -3.77603e-28
-54.6637  0  3.14159  6.53915e-31  6.90037e-31
-27.0177  0  3.14159  9.47307e-31  2.07509e-30
-13.1947  0  3.14159  8.78873e-31  -1.95592e-30
-10.6814  0  3.14159  4.82595e-30  3.89482e-30
-8.16814  0  3.14159  -1.17221e-29  -1.44195e-29
-6.9115  0  3.14159  6.59127e-30  9.11285e-30
-5.65487  0  3.14159  1.91566e-29  7.99304e-30
-4.39823  0  3.14159  1.32613e-29  6.06544e-30
-3.14159  0  3.14159  4.78572e-29  9.85255e-29
-1.88496  0  3.14159  1.13883e-29  1.04944e-28
-0.628319  0  3.14159  -1.63229e-28  2.56486e-29
0.628319  0  3.14159  1.34162e-28  1.02057e-28
1.88496  0  3.14159  -5.47317e-29  1.01555e-28
3.14159  0  3.14159  -1.0209e-28  6.30943e-29
4.39823  0  3.14159  -1.55199e-29  2.46979e-30
5.65487  0  3.14159  -2.20957e-29  -4.12177e-30
6.9115  0  3.14159  -4.33372e-30  6.14627e-30
8.16814  0  3.14159  1.80922e-29  -6.49754e-30
10.6814  0  3.14159  -6.25142e-30  2.09541e-31
15.708  0  3.14159  4.55314e-31  -1.00096e-29
33.3009  0  3.14159  2.86548e-30  -4.522e-32
-54.6637  3.14159  0  6.53915e-31  6.90037e-31
-27.0177  3.14159  0  9.47307e-31  2.07509e-30
-13.1947  3.14159  0  8.78873e-31  -1.95592e-30
-10.6814  3.14159  0  4.82595e-30  3.89482e-30
-8.16814  3.14159  0  -1.17221e-29  -1.44195e-29
-6.9115  3.14159  0  6.59127e-30  9.11285e-30
-5.65487  3.14159  0  1.91566e-29  7.99304e-30
-4.39823  3.14159  0  1.32613e-29  6.06544e-30
-3.14159  3.14159  0  4.78572e-29  9.85255e-29
-1.88496  3.14159  0  1.13883e-29  1.04944e-28
-0.628319  3.14159  0  -1.63229e-28  2.56486e-29
0.628319  3.14159  0  1.34162e-28  1.02057e-28
1.88496  3.14159  0  -5.47317e-29  1.01555e-28
3.14159  3.14159  0  -1.0209e-28  6.30943e-29
4.39823  3.14159  0  -1.55199e-29  2.46979e-30
5.65487  3.14159  0  -2.20957e-29  -4.12177e-30
6.9115  3.14159  0  -4.33372e-30  6.14627e-30
8.16814  3.14159  0  1.80922e-29  -6.49754e-30
10.6814  3.14159  0  -6.25142e-30  2.09541e-31
15.708  3.14159  0  4.55314e-31  -1.00096e-29
33.3009  3.14159  0  2.86548e-30  -4.522e-32
-54.6637  3.14159  3.14159  4.56383e-28  -5.1395e-29
-27.0177  3.14159  3.14159  7.9665e-28  3.34265e-28
-13.1947  3.14159  3.14159  -4.72099e-28  -8.08158e-28
-10.6814  3.14159  3.14159  2.98718e-27  -1.00222e-27
-8.16814  3.14159  3.14159  -9.63705e-27  7.39518e-28
-6.9115  3.14159  3.14159  5.84804e-27  2.31926e-28
-5.65487  3.14159  3.14159  8.70998e-27  -5.81647e-27
-4.39823  3.14159  3.14159  4.63888e-27  -3.51187e-27
-3.14159  3.14159  3.14159  5.54018e-26  7.69426e-27
-1.88496  3.14159  3.14159  5.0085e-26  2.6683e-26
-0.628319  3.14159  3.14159  -3.36667e-26  7.76706e-26
0.628319  3.14159  3.14159  8.01413e-26  -3.28303e-26
1.88496  3.14159  3.14159  2.7285e-26  5.29811e-26
3.14159  3.14159  3.14159  -3.14335e-27  6.08244e-26
4.39823  3.14159  3.14159  -3.67439e-27  7.75286e-27
5.65487  3.14159  3.14159  -7.41032e-27  8.15495e-27
6.9115  3.14159  3.14159  1.35873e-27  2.85522e-27
8.16814  3.14159  3.14159  1.94482e-27  -9.53763e-27
10.6814  3.14159  3.14159  -1.67504e-27  2.96695e-27
15.708  3.14159  3.14159  -3.80652e-27  -3.19823e-27
33.3009  3.14159  3.14159  7.29766e-28  -1.07006e-27
