-54.6637  0  0  1.04688e+08  7.0335e+07
-27.0177  0  0  2.57314e+07  3.79247e+07
-13.1947  0  0  -4.20202e+08  9.65971e+08
-10.6814  0  0  -1.06058e+09  -2.90528e+08
-8.16814  0  0  -1.31544e+09  -9.17027e+07
-6.9115  0  0  -3.60805e+09  2.19179e+09
-5.65487  0  0  2.72905e+09  -9.31594e+09
-4.39823  0  0  1.11956e+10  1.03523e+10
-3.14159  0  0  1.05455e+09  4.4368e+09
-1.88496  0  0  -5.61733e+09  -1.86647e+10
-0.628319  0  0  -4.01575e+10  6.60662e+10
0.628319  0  0  -3.63284e+10  4.36952e+10
1.88496  0  0  1.57671e+10  -1.34428e+10
3.14159  0  0  -2.57266e+09  3.6518e+09
4.39823  0  0  -1.36798e+10  -5.62154e+09
5.65487  0  0  7.28801e+09  -6.6751e+09
6.9115  0  0  -2.41515e+09  3.38414e+09
8.16814  0  0  -6.63881e+08  -9.00893e+08
10.6814  0  0  6.47311e+08  6.11537e+08
15.708  0  0  5.52722e+08  -6.27254e+08
33.3009  0  0  -7.84476e+07  2.79354e+08
-54.6637  0  3.14159  -2.18905e+10  9.47729e+09
-27.0177  0  3.14159  1.783e+10  1.77138e+10
-13.1947  0  3.14159  -1.33805e+11  -1.15548e+11
-10.6814  0  3.14159  1.1198e+11  -1.44388e+11
-8.16814  0  3.14159  4.82159e+10  -1.87979e+11
-6.9115  0  3.14159  -2.43324e+11  -7.24886e+11
-5.65487  0  3.14159  1.37311e+12  8.39909e+11
-4.39823  0  3.14159  -2.14577e+12  1.40162e+12
-3.14159  0  3.14159  -7.38447e+11  2.94183e+10
-1.88496  0  3.14159  3.49302e+12  -3.39277e+10
-0.628319  0  3.14159  -8.9128e+12  -9.69304e+12
0.628319  0  3.14159  -5.54394e+12  -8.08444e+12
1.88496  0  3.14159  1.38706e+12  3.08449e+12
3.14159  0  3.14159  -5.42206e+11  -6.15071e+11
4.39823  0  3.14159  1.48893e+12  -2.02675e+12
5.65487  0  3.14159  8.0672e+11  1.52835e+12
6.9115  0  3.14159  -4.00682e+11  -5.17983e+11
8.16814  0  3.14159  1.70082e+11  -3.19665e+10
10.6814  0  3.14159  -1.52209e+11  6.96946e+10
15.708  0  3.14159  7.51972e+10  1.18098e+11
33.3009  0  3.14159  -4.84432e+10  -3.20552e+10
-54.6637  3.14159  0  -2.18905e+10  9.47729e+09
-27.0177  3.14159  0  1.783e+10  1.77138e+10
-13.1947  3.14159  0  -1.33805e+11  -1.15548e+11
-10.6814  3.14159  0  1.1198e+11  -1.44388e+11
-8.16814  3.14159  0  4.82159e+10  -1.87979e+11
-6.9115  3.14159  0  -2.43324e+11  -7.24886e+11
-5.65487  3.14159  0  1.37311e+12  8.39909e+11
-4.39823  3.14159  0  -2.14577e+12  1.40162e+12
-3.14159  3.14159  0  -7.38447e+11  2.94183e+10
-1.88496  3.14159  0  3.49302e+12  -3.39277e+10
-0.628319  3.14159  0  -8.9128e+12  -9.69304e+12
0.628319  3.14159  0  -5.54394e+12  -8.08444e+12
1.88496  3.14159  0  1.38706e+12  3.08449e+12
3.14159  3.14159  0  -5.42206e+11  -6.15071e+11
4.39823  3.14159  0  1.48893e+12  -2.02675e+12
5.65487  3.14159  0  8.0672e+11  1.52835e+12
6.9115  3.14159  0  -4.00682e+11  -5.17983e+11
8.16814  3.14159  0  1.70082e+11  -3.19665e+10
10.6814  3.14159  0  -1.52209e+11  6.96946e+10
15.708  3.14159  0  7.51972e+10  1.18098e+11
33.3009  3.14159  0  -4.84432e+10  -3.20552e+10
-54.6637  3.14159  3.14159  1.04565e+08  7.03149e+07
-27.0177  3.14159  3.14159  2.56099e+07  3.79899e+07
-13.1947  3.14159  3.14159  -4.2041e+08  9.65869e+08
-10.6814  3.14159  3.14159  -1.0602e+09  -2.90412e+08
-8.16814  3.14159  3.14159  -1.31502e+09  -9.15513e+07
-6.9115  3.14159  3.14159  -3.60831e+09  2.19155e+09
-5.65487  3.14159  3.14159  2.72906e+09  -9.31614e+09
-4.39823  3.14159  3.14159  1.1196e+10  1.03516e+10
-3.14159  3.14159  3.14159  1.05477e+09  4.43699e+09
-1.88496  3.14159  3.14159  -5.61733e+09  -1.86643e+10
-0.628319  3.14159  3.14159  -4.01574e+10  6.60659e+10
0.628319  3.14159  3.14159  -3.6328e+10  4.36952e+10
1.88496  3.14159  3.14159  1.57671e+10  -1.34422e+10
3.14159  3.14159  3.14159  -2.57302e+09  3.65188e+09
4.39823  3.14159  3.14159  -1.36803e+10  -5.62164e+09
5.65487  3.14159  3.14159  7.28788e+09  -6.67524e+09
6.9115  3.14159  3.14159  -2.4149e+09  3.38394e+09
8.16814  3.14159  3.14159  -6.64231e+08  -9.00849e+08
10.6814  3.14159  3.14159  6.46872e+08  6.11674e+08
15.708  3.14159  3.14159  5.53246e+08  -6.27049e+08
33.3009  3.14159  3.14159  -7.85599e+07  2.79309e+08
