-54.6637  0  0  2.67586e-31  2.08312e-32
-27.0177  0  0  -3.84718e-31  -2.04354e-31
-13.1947  0  0  -3.25973e-31  1.58204e-31
-10.6814  0  0  5.67234e-31  -3.29766e-31
-8.16814  0  0  5.24751e-31  -1.96529e-30
-6.9115  0  0  7.42842e-32  -1.73188e-30
-5.65487  0  0  1.41677e-30  -9.75944e-31
-4.39823  0  0  3.01912e-32  1.85429e-30
-3.14159  0  0  -1.4536e-30  2.23196e-30
-1.88496  0  0  -1.77185e-30  -6.06614e-30
-0.628319  0  0  -1.07192e-29  2.51913e-30
0.628319  0  0  9.52171e-30  -9.98677e-30
1.88496  0  0  -9.19504e-31  -2.83985e-30
3.14159  0  0  2.87987e-30  -1.01313e-30
4.39823  0  0  1.97804e-30  -5.81733e-31
5.65487  0  0  -1.11968e-30  1.97432e-30
6.9115  0  0  -7.04378e-31  6.02857e-31
8.16814  0  0  -7.39815e-31  1.17082e-30
10.6814  0  0  -3.52729e-31  6.23146e-31
15.708  0  0  4.78767e-31  3.24358e-31
33.3009  0  0  6.649e-31  -2.55134e-31
-54.6637  0  3.14159  3.95706e-33  1.21073e-33
-27.0177  0  3.14159  -3.88327e-33  -2.62292e-33
-13.1947  0  3.14159  -9.16679e-33  -5.64452e-33
-10.6814  0  3.14159  1.13884e-32  7.03955e-33
-8.16814  0  3.14159  2.44606e-32  1.16385e-33
-6.9115  0  3.14159  1.77838e-32  -2.9197e-33
-5.65487  0  3.14159  3.00372e-32  1.85895e-32
-4.39823  0  3.14159  -2.4562e-32  9.42728e-33
-3.14159  0  3.14159  -4.6845e-32  -9.30825e-33
-1.88496  0  3.14159  3.81513e-32  -7.21251e-32
-0.628319  0  3.14159  -1.99903e-31  -1.41506e-31
0.628319  0  3.14159  2.50238e-31  1.67273e-32
1.88496  0  3.14159  1.98601e-32  -7.80278e-32
3.14159  0  3.14159  3.93019e-32  2.38088e-32
4.39823  0  3.14159  1.1834e-32  2.47335e-32
5.65487  0  3.14159  -3.57055e-32  -4.81433e-33
6.9115  0  3.14159  -1.09938e-32  -1.3038e-32
8.16814  0  3.14159  -1.93087e-32  -1.43926e-32
10.6814  0  3.14159  -1.35061e-32  -1.63767e-33
15.708  0  3.14159  4.49137e-33  5.02279e-33
33.3009  0  3.14159  1.10802e-32  5.48327e-33
-54.6637  3.14159  0  3.95706e-33  1.21073e-33
-27.0177  3.14159  0  -3.88327e-33  -2.62292e-33
-13.1947  3.14159  0  -9.16679e-33  -5.64452e-33
-10.6814  3.14159  0  1.13884e-32  7.03955e-33
-8.16814  3.14159  0  2.44606e-32  1.16385e-33
-6.9115  3.14159  0  1.77838e-32  -2.9197e-33
-5.65487  3.14159  0  3.00372e-32  1.85895e-32
-4.39823  3.14159  0  -2.4562e-32  9.42728e-33
-3.14159  3.14159  0  -4.6845e-32  -9.30825e-33
-1.88496  3.14159  0  3.81513e-32  -7.21251e-32
-0.628319  3.14159  0  -1.99903e-31  -1.41506e-31
0.628319  3.14159  0  2.50238e-31  1.67273e-32
1.88496  3.14159  0  1.98601e-32  -7.80278e-32
3.14159  3.14159  0  3.93019e-32  2.38088e-32
4.39823  3.14159  0  1.1834e-32  2.47335e-32
5.65487  3.14159  0  -3.57055e-32  -4.81433e-33
6.9115  3.14159  0  -1.09938e-32  -1.3038e-32
8.16814  3.14159  0  -1.93087e-32  -1.43926e-32
10.6814  3.14159  0  -1.35061e-32  -1.63767e-33
15.708  3.14159  0  4.49137e-33  5.02279e-33
33.3009  3.14159  0  1.10802e-32  5.48327e-33
-54.6637  3.14159  3.14159  2.00178e-31  -2.09704e-31
-27.0177  3.14159  3.14159  -3.79623e-31  1.59307e-31
-13.1947  3.14159  3.14159  -3.39695e-31  3.74055e-31
-10.6814  3.14159  3.14159  4.21494e-31  -6.0854e-31
-8.16814  3.14159  3.14159  -3.13011e-31  -1.90292e-30
-6.9115  3.14159  3.14159  -7.14074e-31  -1.49571e-30
-5.65487  3.14159  3.14159  1.09455e-30  -1.69889e-30
-4.39823  3.14159  3.14159  7.76794e-31  1.91983e-30
-3.14159  3.14159  3.14159  -1.6406e-31  3.25118e-30
-1.88496  3.14159  3.14159  -5.25658e-30  -3.91897e-30
-0.628319  3.14159  3.14159  -9.30634e-30  9.80435e-30
0.628319  3.14159  3.14159  2.69694e-30  -1.51734e-29
1.88496  3.14159  3.14159  -3.83445e-30  -2.21292e-30
3.14159  3.14159  3.14159  2.33794e-30  -2.59497e-30
4.39823  3.14159  3.14159  1.68483e-30  -1.43584e-30
5.65487  3.14159  3.14159  -6.79235e-32  2.3849e-30
6.9115  3.14159  3.14159  -7.01569e-31  7.69347e-31
8.16814  3.14159  3.14159  -4.83544e-31  1.3475e-30
10.6814  3.14159  3.14159  -2.4175e-32  7.83219e-31
15.708  3.14159  3.14159  5.49548e-31  -1.00234e-31
33.3009  3.14159  3.14159  4.8565e-31  -7.05487e-31
