-54.6637  0  0  -8.82936e+15  -1.08546e+16
-27.0177  0  0  6.69343e+15  1.82084e+16
-13.1947  0  0  1.10861e+16  1.76991e+16
-10.6814  0  0  -2.04578e+16  -2.15782e+16
-8.16814  0  0  -7.17836e+16  -1.8403e+15
-6.9115  0  0  -6.52348e+16  2.05449e+16
-5.65487  0  0  -5.50642e+16  -6.27511e+16
-4.39823  0  0  8.15821e+16  -9.6171e+15
-3.14159  0  0  1.34118e+17  4.34979e+16
-1.88496  0  0  -2.01363e+17  2.02153e+17
-0.628319  0  0  3.25797e+17  5.0055e+17
0.628319  0  0  -6.26012e+17  -2.31176e+17
1.88496  0  0  -1.46211e+17  1.48562e+17
3.14159  0  0  -8.39531e+16  -1.21839e+17
4.39823  0  0  -4.14335e+16  -7.87523e+16
5.65487  0  0  9.27853e+16  2.1364e+16
6.9115  0  0  1.73354e+16  3.16096e+16
8.16814  0  0  4.16062e+16  3.32523e+16
10.6814  0  0  3.18118e+16  6.93859e+15
15.708  0  0  -3.7671e+15  -2.39632e+16
33.3009  0  0  -2.57271e+16  -2.7474e+16
-54.6637  0  3.14159  1.6919e+18  -2.02934e+18
-27.0177  0  3.14159  -2.60558e+18  1.77548e+18
-13.1947  0  3.14159  -5.79306e+18  1.85583e+18
-10.6814  0  3.14159  6.3363e+18  -2.58703e+18
-8.16814  0  3.14159  8.22967e+18  -1.20958e+19
-6.9115  0  3.14159  1.70499e+18  -1.18738e+19
-5.65487  0  3.14159  1.87839e+19  -7.81257e+18
-4.39823  0  3.14159  -5.75263e+18  1.98989e+19
-3.14159  0  3.14159  -1.5569e+19  2.94835e+19
-1.88496  0  3.14159  -2.99365e+19  -4.03674e+19
-0.628319  0  3.14159  -1.23518e+20  5.58745e+19
0.628319  0  3.14159  7.12112e+19  -1.15651e+20
1.88496  0  3.14159  -3.91692e+19  -3.51227e+19
3.14159  0  3.14159  3.1832e+19  -1.12344e+19
4.39823  0  3.14159  2.04312e+19  -2.1358e+18
5.65487  0  3.14159  -1.06378e+19  1.64812e+19
6.9115  0  3.14159  -1.26934e+19  -4.94004e+17
8.16814  0  3.14159  -1.43911e+19  5.53964e+18
10.6814  0  3.14159  -3.51649e+18  5.79497e+18
15.708  0  3.14159  3.92231e+18  -7.33032e+17
33.3009  0  3.14159  6.75817e+18  -4.84824e+18
-54.6637  3.14159  0  1.6919e+18  -2.02934e+18
-27.0177  3.14159  0  -2.60558e+18  1.77548e+18
-13.1947  3.14159  0  -5.79306e+18  1.85583e+18
-10.6814  3.14159  0  6.3363e+18  -2.58703e+18
-8.16814  3.14159  0  8.22967e+18  -1.20958e+19
-6.9115  3.14159  0  1.70499e+18  -1.18738e+19
-5.65487  3.14159  0  1.87839e+19  -7.81257e+18
-4.39823  3.14159  0  -5.75263e+18  1.98989e+19
-3.14159  3.14159  0  -1.5569e+19  2.94835e+19
-1.88496  3.14159  0  -2.99365e+19  -4.03674e+19
-0.628319  3.14159  0  -1.23518e+20  5.58745e+19
0.628319  3.14159  0  7.12112e+19  -1.15651e+20
1.88496  3.14159  0  -3.91692e+19  -3.51227e+19
3.14159  3.14159  0  3.1832e+19  -1.12344e+19
4.39823  3.14159  0  2.04312e+19  -2.1358e+18
5.65487  3.14159  0  -1.06378e+19  1.64812e+19
6.9115  3.14159  0  -1.26934e+19  -4.94004e+17
8.16814  3.14159  0  -1.43911e+19  5.53964e+18
10.6814  3.14159  0  -3.51649e+18  5.79497e+18
15.708  3.14159  0  3.92231e+18  -7.33032e+17
33.3009  3.14159  0  6.75817e+18  -4.84824e+18
-54.6637  3.14159  3.14159  -8.79093e+15  -1.08658e+16
-27.0177  3.14159  3.14159  6.63637e+15  1.82061e+16
-13.1947  3.14159  3.14159  1.10335e+16  1.77107e+16
-10.6814  3.14159  3.14159  -2.0385e+16  -2.1613e+16
-8.16814  3.14159  3.14159  -7.17269e+16  -2.03094e+15
-6.9115  3.14159  3.14159  -6.52349e+16  2.03543e+16
-5.65487  3.14159  3.14159  -5.48616e+16  -6.2838e+16
-4.39823  3.14159  3.14159  8.15456e+16  -9.40532e+15
-3.14159  3.14159  3.14159  1.33889e+17  4.37926e+16
-1.88496  3.14159  3.14159  -2.01711e+17  2.01425e+17
-0.628319  3.14159  3.14159  3.24223e+17  5.00909e+17
0.628319  3.14159  3.14159  -6.24826e+17  -2.32581e+17
1.88496  3.14159  3.14159  -1.46425e+17  1.48044e+17
3.14159  3.14159  3.14159  -8.35723e+16  -1.21949e+17
4.39823  3.14159  3.14159  -4.12002e+16  -7.87953e+16
5.65487  3.14159  3.14159  9.26512e+16  2.15893e+16
6.9115  3.14159  3.14159  1.72494e+16  3.16331e+16
8.16814  3.14159  3.14159  4.14983e+16  3.33331e+16
10.6814  3.14159  3.14159  3.17659e+16  7.015e+15
15.708  3.14159  3.14159  -3.69774e+15  -2.39479e+16
33.3009  3.14159  3.14159  -2.56329e+16  -2.75137e+16
