-54.6637  0  0  -4.98996e-29  -2.43749e-29
-27.0177  0  0  8.15072e-30  -5.52342e-29
-13.1947  0  0  1.77048e-29  4.06224e-29
-10.6814  0  0  -4.47942e-28  -7.10034e-29
-8.16814  0  0  1.11539e-27  7.85753e-28
-6.9115  0  0  -7.03705e-28  -6.16216e-28
-5.65487  0  0  -1.60885e-27  -1.63086e-28
-4.39823  0  0  -8.88544e-28  7.73388e-28
-3.14159  0  0  -5.32791e-27  -5.46936e-27
-1.88496  0  0  -3.0642e-27  -7.31475e-27
-0.628319  0  0  1.19155e-26  -9.01114e-27
0.628319  0  0  -1.38231e-26  -3.20132e-27
1.88496  0  0  7.59469e-28  -8.26318e-27
3.14159  0  0  5.45879e-27  -6.25807e-27
4.39823  0  0  1.46258e-27  -1.71756e-28
5.65487  0  0  1.4086e-27  -4.88461e-28
6.9115  0  0  -1.33556e-28  -7.29977e-28
8.16814  0  0  -8.36229e-28  9.66684e-28
10.6814  0  0  4.55151e-28  -1.37117e-28
15.708  0  0  1.62625e-28  6.79347e-28
33.3009  0  0  -1.72706e-28  8.19528e-29
-54.6637  0  3.14159  2.81392e-30  2.13786e-31
-27.0177  0  3.14159  7.09023e-31  2.57891e-30
-13.1947  0  3.14159  -8.38455e-31  -6.85271e-30
-10.6814  0  3.14159  2.183e-29  -2.56259e-30
-8.16814  0  3.14159  -6.00808e-29  -1.26521e-29
-6.9115  0  3.14159  5.11001e-29  2.4146e-29
-5.65487  0  3.14159  6.83002e-29  -1.37691e-29
-4.39823  0  3.14159  3.11051e-29  -4.13832e-29
-3.14159  0  3.14159  3.10468e-28  2.0042e-28
-1.88496  0  3.14159  2.60055e-28  2.90934e-28
-0.628319  0  3.14159  -4.42285e-28  5.27927e-28
0.628319  0  3.14159  6.37207e-28  1.87827e-29
1.88496  0  3.14159  7.59467e-29  4.22968e-28
3.14159  0  3.14159  -2.14404e-28  3.97339e-28
4.39823  0  3.14159  -5.61931e-29  4.45301e-29
5.65487  0  3.14159  -7.41466e-29  3.90666e-29
6.9115  0  3.14159  1.56081e-29  1.59268e-29
8.16814  0  3.14159  3.357e-29  -6.2076e-29
10.6814  0  3.14159  -1.87199e-29  1.43218e-29
15.708  0  3.14159  -1.71947e-29  -2.87514e-29
33.3009  0  3.14159  7.83387e-30  -5.15865e-30
-54.6637  3.14159  0  2.81392e-30  2.13786e-31
-27.0177  3.14159  0  7.09023e-31  2.57891e-30
-13.1947  3.14159  0  -8.38455e-31  -6.85271e-30
-10.6814  3.14159  0  2.183e-29  -2.56259e-30
-8.16814  3.14159  0  -6.00808e-29  -1.26521e-29
-6.9115  3.14159  0  5.11001e-29  2.4146e-29
-5.65487  3.14159  0  6.83002e-29  -1.37691e-29
-4.39823  3.14159  0  3.11051e-29  -4.13832e-29
-3.14159  3.14159  0  3.10468e-28  2.0042e-28
-1.88496  3.14159  0  2.60055e-28  2.90934e-28
-0.628319  3.14159  0  -4.42285e-28  5.27927e-28
0.628319  3.14159  0  6.37207e-28  1.87827e-29
1.88496  3.14159  0  7.59467e-29  4.22968e-28
3.14159  3.14159  0  -2.14404e-28  3.97339e-28
4.39823  3.14159  0  -5.61931e-29  4.45301e-29
5.65487  3.14159  0  -7.41466e-29  3.90666e-29
6.9115  3.14159  0  1.56081e-29  1.59268e-29
8.16814  3.14159  0  3.357e-29  -6.2076e-29
10.6814  3.14159  0  -1.87199e-29  1.43218e-29
15.708  3.14159  0  -1.71947e-29  -2.87514e-29
33.3009  3.14159  0  7.83387e-30  -5.15865e-30
-54.6637  3.14159  3.14159  2.72512e-29  1.35474e-29
-27.0177  3.14159  3.14159  4.47236e-29  3.34858e-29
-13.1947  3.14159  3.14159  2.70745e-29  1.58374e-29
-10.6814  3.14159  3.14159  2.50887e-28  3.6683e-29
-8.16814  3.14159  3.14159  -6.21073e-28  -4.61652e-28
-6.9115  3.14159  3.14159  1.4364e-28  2.08246e-28
-5.65487  3.14159  3.14159  8.83153e-28  7.76318e-29
-4.39823  3.14159  3.14159  4.67925e-28  -3.88108e-28
-3.14159  3.14159  3.14159  2.72087e-27  2.50501e-27
-1.88496  3.14159  3.14159  1.2501e-27  3.47924e-27
-0.628319  3.14159  3.14159  -5.80959e-27  4.56951e-27
0.628319  3.14159  3.14159  7.16568e-27  1.00535e-27
1.88496  3.14159  3.14159  -1.33265e-28  3.63567e-27
3.14159  3.14159  3.14159  -2.08844e-27  2.89319e-27
4.39823  3.14159  3.14159  -7.69525e-28  -1.42819e-28
5.65487  3.14159  3.14159  -6.16967e-28  2.27804e-28
6.9115  3.14159  3.14159  8.84761e-29  4.33485e-28
8.16814  3.14159  3.14159  3.9772e-28  -4.37343e-28
10.6814  3.14159  3.14159  -2.4872e-28  5.67502e-29
15.708  3.14159  3.14159  -1.34247e-28  -2.99122e-28
33.3009  3.14159  3.14159  6.34545e-29  -4.22344e-29
