-54.6637  0  0  -1.51567e-06  4.05046e-07
-27.0177  0  0  -6.35287e-06  8.15706e-07
-13.1947  0  0  5.12433e-06  -2.14728e-07
-10.6814  0  0  -1.31057e-05  1.03597e-05
-8.16814  0  0  6.17247e-05  5.72654e-06
-6.9115  0  0  -1.93075e-05  3.54916e-06
-5.65487  0  0  7.61476e-05  -9.13375e-05
-4.39823  0  0  -0.000116619  -2.02739e-05
-3.14159  0  0  0.000230425  8.50634e-05
-1.88496  0  0  0.000425341  -0.00036668
-0.628319  0  0  0.00275661  0.00841413
0.628319  0  0  0.0048392  -0.00609623
1.88496  0  0  0.000352696  0.000470529
3.14159  0  0  0.000164262  5.78209e-05
4.39823  0  0  -9.88986e-05  -1.45363e-07
5.65487  0  0  -3.66699e-06  5.64574e-05
6.9115  0  0  -1.92468e-05  -4.47801e-05
8.16814  0  0  7.15895e-05  -1.85213e-05
10.6814  0  0  -2.24154e-06  5.56267e-06
15.708  0  0  5.07085e-06  1.57239e-06
33.3009  0  0  -9.70389e-07  1.91327e-09
-54.6637  0  3.14159  1.27075e-09  1.52742e-08
-27.0177  0  3.14159  1.90305e-08  9.40968e-08
-13.1947  0  3.14159  1.45853e-07  2.13193e-08
-10.6814  0  3.14159  1.28824e-07  1.52127e-07
-8.16814  0  3.14159  8.83902e-08  -1.03656e-06
-6.9115  0  3.14159  8.81038e-08  1.39277e-07
-5.65487  0  3.14159  -1.4531e-06  -7.68393e-07
-4.39823  0  3.14159  1.7973e-07  2.06512e-06
-3.14159  0  3.14159  -6.93623e-07  -1.98556e-06
-1.88496  0  3.14159  -5.13487e-06  -3.62177e-06
-0.628319  0  3.14159  0.000102644  -7.56921e-05
0.628319  0  3.14159  -0.000124571  -4.9798e-05
1.88496  0  3.14159  5.28927e-06  -5.1352e-06
3.14159  0  3.14159  1.38274e-06  -4.14422e-06
4.39823  0  3.14159  -9.02303e-08  1.78855e-06
5.65487  0  3.14159  1.29282e-06  -1.33896e-07
6.9115  0  3.14159  -3.7681e-07  -7.15212e-08
8.16814  0  3.14159  -5.6045e-07  -1.20689e-06
10.6814  0  3.14159  -7.17322e-08  2.01098e-08
15.708  0  3.14159  9.11756e-08  -1.0098e-07
33.3009  0  3.14159  -4.88818e-09  3.02623e-08
-54.6637  3.14159  0  1.27075e-09  1.52742e-08
-27.0177  3.14159  0  1.90305e-08  9.40968e-08
-13.1947  3.14159  0  1.45853e-07  2.13193e-08
-10.6814  3.14159  0  1.28824e-07  1.52127e-07
-8.16814  3.14159  0  8.83902e-08  -1.03656e-06
-6.9115  3.14159  0  8.81038e-08  1.39277e-07
-5.65487  3.14159  0  -1.4531e-06  -7.68393e-07
-4.39823  3.14159  0  1.7973e-07  2.06512e-06
-3.14159  3.14159  0  -6.93623e-07  -1.98556e-06
-1.88496  3.14159  0  -5.13487e-06  -3.62177e-06
-0.628319  3.14159  0  0.000102644  -7.56921e-05
0.628319  3.14159  0  -0.000124571  -4.9798e-05
1.88496  3.14159  0  5.28927e-06  -5.1352e-06
3.14159  3.14159  0  1.38274e-06  -4.14422e-06
4.39823  3.14159  0  -9.02303e-08  1.78855e-06
5.65487  3.14159  0  1.29282e-06  -1.33896e-07
6.9115  3.14159  0  -3.7681e-07  -7.15212e-08
8.16814  3.14159  0  -5.6045e-07  -1.20689e-06
10.6814  3.14159  0  -7.17322e-08  2.01098e-08
15.708  3.14159  0  9.11756e-08  -1.0098e-07
33.3009  3.14159  0  -4.88818e-09  3.02623e-08
-54.6637  3.14159  3.14159  -5.1278e-07  1.24821e-07
-27.0177  3.14159  3.14159  -4.52604e-06  4.33681e-06
-13.1947  3.14159  3.14159  -1.67677e-06  1.17046e-05
-10.6814  3.14159  3.14159  1.55442e-06  7.52537e-06
-8.16814  3.14159  3.14159  6.90439e-05  -1.47826e-05
-6.9115  3.14159  3.14159  1.01005e-05  2.25505e-05
-5.65487  3.14159  3.14159  -1.87883e-05  -7.8804e-05
-4.39823  3.14159  3.14159  -0.000120332  4.92244e-05
-3.14159  3.14159  3.14159  0.00015743  -0.000103678
-1.88496  3.14159  3.14159  3.24319e-05  -0.000365854
-0.628319  3.14159  3.14159  0.00519495  0.00485287
0.628319  3.14159  3.14159  0.0015464  -0.00700191
1.88496  3.14159  3.14159  0.000341959  0.000226828
3.14159  3.14159  3.14159  0.00014998  1.6779e-05
4.39823  3.14159  3.14159  -0.000118432  1.98413e-05
5.65487  3.14159  3.14159  2.72886e-05  8.91453e-05
6.9115  3.14159  3.14159  -1.33928e-05  -2.92052e-05
8.16814  3.14159  3.14159  6.46435e-05  -4.93048e-05
10.6814  3.14159  3.14159  -5.13778e-06  -7.62484e-06
15.708  3.14159  3.14159  6.61932e-06  5.02668e-06
33.3009  3.14159  3.14159  -2.94832e-06  5.53387e-07
