-54.6637  0  0  -1.02123e-06  5.51196e-07
-27.0177  0  0  1.00156e-06  1.83926e-07
-13.1947  0  0  -4.33718e-06  -6.09868e-06
-10.6814  0  0  3.27571e-06  -5.51448e-06
-8.16814  0  0  -2.90401e-06  -5.95696e-06
-6.9115  0  0  -2.07608e-05  -1.97263e-05
-5.65487  0  0  6.80866e-05  2.14076e-05
-4.39823  0  0  -7.92255e-05  7.01661e-05
-3.14159  0  0  -1.75508e-05  -3.71211e-06
-1.88496  0  0  0.000105467  -4.82556e-06
-0.628319  0  0  -0.000452882  -0.000214235
0.628319  0  0  -0.00033515  -0.000237033
1.88496  0  0  5.89776e-05  0.000128696
3.14159  0  0  -9.31961e-06  -1.54082e-05
4.39823  0  0  4.46558e-05  -8.516e-05
5.65487  0  0  4.3778e-05  4.75284e-05
6.9115  0  0  -2.6097e-05  -1.92465e-05
8.16814  0  0  3.31962e-06  -5.0315e-07
10.6814  0  0  -7.71798e-06  5.3614e-06
15.708  0  0  3.5897e-06  3.99814e-06
33.3009  0  0  -2.38531e-06  -3.21789e-07
-54.6637  0  3.14159  6.14443e-05  -4.20675e-07
-27.0177  0  3.14159  -1.92509e-05  -5.78899e-05
-13.1947  0  3.14159  0.000166307  0.000436445
-10.6814  0  3.14159  -0.000272414  0.00023652
-8.16814  0  3.14159  6.44016e-05  0.000573464
-6.9115  0  3.14159  0.000825173  0.00178803
-5.65487  0  3.14159  -0.00388193  -0.00295713
-4.39823  0  3.14159  0.00679694  -0.00270956
-3.14159  0  3.14159  0.00116856  0.000542674
-1.88496  0  3.14159  -0.00671984  -0.00246422
-0.628319  0  3.14159  0.0237676  0.023857
0.628319  0  3.14159  0.0155779  0.0226185
1.88496  0  3.14159  -0.00124658  -0.00958228
3.14159  0  3.14159  0.000118125  0.00133714
4.39823  0  3.14159  -0.00495598  0.00448059
5.65487  0  3.14159  -0.00166238  -0.0040447
6.9115  0  3.14159  0.00129366  0.00181627
8.16814  0  3.14159  -0.000108629  -1.16881e-05
10.6814  0  3.14159  0.000563125  -0.000111718
15.708  0  3.14159  -0.000144638  -0.000325519
33.3009  0  3.14159  0.000130048  8.18447e-05
-54.6637  3.14159  0  6.14443e-05  -4.20675e-07
-27.0177  3.14159  0  -1.92509e-05  -5.78899e-05
-13.1947  3.14159  0  0.000166307  0.000436445
-10.6814  3.14159  0  -0.000272414  0.00023652
-8.16814  3.14159  0  6.44016e-05  0.000573464
-6.9115  3.14159  0  0.000825173  0.00178803
-5.65487  3.14159  0  -0.00388193  -0.00295713
-4.39823  3.14159  0  0.00679694  -0.00270956
-3.14159  3.14159  0  0.00116856  0.000542674
-1.88496  3.14159  0  -0.00671984  -0.00246422
-0.628319  3.14159  0  0.0237676  0.023857
0.628319  3.14159  0  0.0155779  0.0226185
1.88496  3.14159  0  -0.00124658  -0.00958228
3.14159  3.14159  0  0.000118125  0.00133714
4.39823  3.14159  0  -0.00495598  0.00448059
5.65487  3.14159  0  -0.00166238  -0.0040447
6.9115  3.14159  0  0.00129366  0.00181627
8.16814  3.14159  0  -0.000108629  -1.16881e-05
10.6814  3.14159  0  0.000563125  -0.000111718
15.708  3.14159  0  -0.000144638  -0.000325519
33.3009  3.14159  0  0.000130048  8.18447e-05
-54.6637  3.14159  3.14159  -1.02127e-06  5.50824e-07
-27.0177  3.14159  3.14159  1.00238e-06  1.84102e-07
-13.1947  3.14159  3.14159  -4.33622e-06  -6.09877e-06
-10.6814  3.14159  3.14159  3.27469e-06  -5.51359e-06
-8.16814  3.14159  3.14159  -2.90204e-06  -5.95549e-06
-6.9115  3.14159  3.14159  -2.07606e-05  -1.97269e-05
-5.65487  3.14159  3.14159  6.80846e-05  2.14069e-05
-4.39823  3.14159  3.14159  -7.92218e-05  7.01673e-05
-3.14159  3.14159  3.14159  -1.75525e-05  -3.70757e-06
-1.88496  3.14159  3.14159  0.000105471  -4.82601e-06
-0.628319  3.14159  3.14159  -0.000452894  -0.000214228
0.628319  3.14159  3.14159  -0.000335158  -0.000237024
1.88496  3.14159  3.14159  5.89825e-05  0.000128697
3.14159  3.14159  3.14159  -9.32185e-06  -1.54063e-05
4.39823  3.14159  3.14159  4.46564e-05  -8.51645e-05
5.65487  3.14159  3.14159  4.37794e-05  4.75263e-05
6.9115  3.14159  3.14159  -2.60963e-05  -1.9246e-05
8.16814  3.14159  3.14159  3.32151e-06  -5.03467e-07
10.6814  3.14159  3.14159  -7.71767e-06  5.36083e-06
15.708  3.14159  3.14159  3.58917e-06  3.99822e-06
33.3009  3.14159  3.14159  -2.386e-06  -3.21986e-07
