-54.6637  0  0  -7.81219e-06  1.50139e-06
-27.0177  0  0  -6.25218e-06  -5.26024e-06
-13.1947  0  0  -5.79192e-06  -6.11563e-06
-10.6814  0  0  -6.32775e-06  -6.76997e-06
-8.16814  0  0  -5.12195e-06  -1.04593e-05
-6.9115  0  0  -7.19444e-06  -1.06235e-06
-5.65487  0  0  -8.31144e-06  1.48002e-06
-4.39823  0  0  -7.92425e-06  -8.46715e-06
-3.14159  0  0  3.24345e-06  -4.19102e-06
-1.88496  0  0  1.49186e-07  -2.64588e-05
-0.628319  0  0  -1.99043e-05  4.36788e-05
0.628319  0  0  7.55262e-06  -6.24807e-05
1.88496  0  0  -8.02177e-06  5.85234e-06
3.14159  0  0  4.4232e-06  -9.63491e-06
4.39823  0  0  -8.43132e-06  -1.07558e-05
5.65487  0  0  -2.50674e-06  -2.03842e-05
6.9115  0  0  -2.50713e-06  -1.8309e-05
8.16814  0  0  -6.14628e-06  -9.06357e-06
10.6814  0  0  -3.81705e-06  -1.25121e-05
15.708  0  0  -3.00238e-06  -1.54534e-05
33.3009  0  0  -1.12204e-06  -1.65993e-05
-54.6637  0  3.14159  3.37656e-07  -5.81558e-08
-27.0177  0  3.14159  1.38161e-07  1.31177e-07
-13.1947  0  3.14159  8.36571e-08  1.62582e-07
-10.6814  0  3.14159  8.06785e-08  2.00118e-07
-8.16814  0  3.14159  -1.67611e-08  2.73963e-07
-6.9115  0  3.14159  2.03476e-07  -1.09044e-08
-5.65487  0  3.14159  3.0017e-07  -7.05559e-08
-4.39823  0  3.14159  1.26698e-07  2.53323e-07
-3.14159  0  3.14159  -1.92485e-07  -9.12871e-08
-1.88496  0  3.14159  -5.40833e-07  7.34021e-07
-0.628319  0  3.14159  1.4616e-06  -1.34615e-06
0.628319  0  3.14159  -1.38214e-06  1.91318e-06
1.88496  0  3.14159  3.08755e-07  -2.55983e-07
3.14159  0  3.14159  -3.55933e-07  1.14551e-07
4.39823  0  3.14159  6.36669e-08  3.85702e-07
5.65487  0  3.14159  -3.14044e-07  5.90104e-07
6.9115  0  3.14159  -2.95372e-07  5.08253e-07
8.16814  0  3.14159  -3.67975e-09  2.63653e-07
10.6814  0  3.14159  -1.36681e-07  3.07828e-07
15.708  0  3.14159  -2.37543e-07  4.2645e-07
33.3009  0  3.14159  -3.31134e-07  4.40013e-07
-54.6637  3.14159  0  3.37656e-07  -5.81558e-08
-27.0177  3.14159  0  1.38161e-07  1.31177e-07
-13.1947  3.14159  0  8.36571e-08  1.62582e-07
-10.6814  3.14159  0  8.06785e-08  2.00118e-07
-8.16814  3.14159  0  -1.67611e-08  2.73963e-07
-6.9115  3.14159  0  2.03476e-07  -1.09044e-08
-5.65487  3.14159  0  3.0017e-07  -7.05559e-08
-4.39823  3.14159  0  1.26698e-07  2.53323e-07
-3.14159  3.14159  0  -1.92485e-07  -9.12871e-08
-1.88496  3.14159  0  -5.40833e-07  7.34021e-07
-0.628319  3.14159  0  1.4616e-06  -1.34615e-06
0.628319  3.14159  0  -1.38214e-06  1.91318e-06
1.88496  3.14159  0  3.08755e-07  -2.55983e-07
3.14159  3.14159  0  -3.55933e-07  1.14551e-07
4.39823  3.14159  0  6.36669e-08  3.85702e-07
5.65487  3.14159  0  -3.14044e-07  5.90104e-07
6.9115  3.14159  0  -2.95372e-07  5.08253e-07
8.16814  3.14159  0  -3.67975e-09  2.63653e-07
10.6814  3.14159  0  -1.36681e-07  3.07828e-07
15.708  3.14159  0  -2.37543e-07  4.2645e-07
33.3009  3.14159  0  -3.31134e-07  4.40013e-07
-54.6637  3.14159  3.14159  -5.1485e-06  -7.65726e-06
-27.0177  3.14159  3.14159  -2.94468e-06  -2.18253e-05
-13.1947  3.14159  3.14159  8.7345e-07  -1.96315e-05
-10.6814  3.14159  3.14159  -1.11575e-06  -1.99212e-05
-8.16814  3.14159  3.14159  -2.69455e-06  -3.03474e-05
-6.9115  3.14159  3.14159  7.28702e-06  -2.49414e-06
-5.65487  3.14159  3.14159  8.67737e-06  6.24172e-06
-4.39823  3.14159  3.14159  -4.98968e-06  -1.97076e-05
-3.14159  3.14159  3.14159  2.99931e-05  -2.46716e-05
-1.88496  3.14159  3.14159  -1.3676e-05  -7.93593e-05
-0.628319  3.14159  3.14159  4.73361e-05  0.000136315
0.628319  3.14159  3.14159  -5.38544e-05  -0.000182508
1.88496  3.14159  3.14159  1.80214e-05  1.76456e-05
3.14159  3.14159  3.14159  2.36799e-05  -4.10675e-05
4.39823  3.14159  3.14159  -9.03395e-06  -2.32393e-05
5.65487  3.14159  3.14159  -8.98924e-06  -5.69993e-05
6.9115  3.14159  3.14159  -5.23729e-06  -5.19689e-05
8.16814  3.14159  3.14159  2.61003e-07  -2.13369e-05
10.6814  3.14159  3.14159  2.72045e-06  -3.29808e-05
15.708  3.14159  3.14159  4.88508e-07  -4.01568e-05
33.3009  3.14159  3.14159  5.67133e-06  -3.85401e-05
