-54.6637  0  0  5.93636e+07  5.98445e+07
-27.0177  0  0  2.95916e+08  1.56647e+08
-13.1947  0  0  2.32263e+08  -1.66183e+08
-10.6814  0  0  3.58894e+08  1.43818e+08
-8.16814  0  0  -2.89867e+09  -4.77355e+09
-6.9115  0  0  5.85421e+08  -7.23291e+08
-5.65487  0  0  -3.25082e+09  1.74125e+09
-4.39823  0  0  6.77537e+09  6.9106e+09
-3.14159  0  0  -9.14772e+09  -4.50505e+09
-1.88496  0  0  -2.63205e+10  -1.1265e+10
-0.628319  0  0  2.26628e+11  -6.58347e+11
0.628319  0  0  -6.8761e+11  1.16207e+11
1.88496  0  0  -9.02239e+08  -2.87493e+10
3.14159  0  0  -3.67933e+09  -1.37264e+10
4.39823  0  0  5.54461e+09  7.83241e+09
5.65487  0  0  3.03045e+09  -2.23182e+09
6.9115  0  0  -1.47173e+09  1.90082e+08
8.16814  0  0  -4.25688e+09  -3.53692e+09
10.6814  0  0  -4.27029e+07  2.70237e+08
15.708  0  0  -1.33969e+08  -5.91512e+08
33.3009  0  0  7.50151e+07  1.30773e+08
-54.6637  0  3.14159  2.10349e+10  1.80345e+10
-27.0177  0  3.14159  1.02248e+11  4.34482e+10
-13.1947  0  3.14159  6.5253e+10  -6.45611e+10
-10.6814  0  3.14159  1.05497e+11  2.769e+10
-8.16814  0  3.14159  -1.02612e+12  -1.50527e+12
-6.9115  0  3.14159  2.13564e+11  -2.63733e+11
-5.65487  0  3.14159  -1.01649e+12  6.72777e+11
-4.39823  0  3.14159  2.30037e+12  2.08794e+12
-3.14159  0  3.14159  -3.1768e+12  -1.33049e+12
-1.88496  0  3.14159  -8.85103e+12  -3.00929e+12
-0.628319  0  3.14159  6.00206e+13  -2.16174e+14
0.628319  0  3.14159  -2.18192e+14  5.13762e+13
1.88496  0  3.14159  -1.01859e+12  -9.34764e+12
3.14159  0  3.14159  -1.53668e+12  -4.27692e+12
4.39823  0  3.14159  1.92814e+12  2.41174e+12
5.65487  0  3.14159  9.19438e+11  -8.14607e+11
6.9115  0  3.14159  -4.37184e+11  9.83517e+10
8.16814  0  3.14159  -1.44715e+12  -1.04928e+12
10.6814  0  3.14159  -1.69396e+10  8.29369e+10
15.708  0  3.14159  -5.70505e+10  -1.91304e+11
33.3009  0  3.14159  2.59507e+10  4.1124e+10
-54.6637  3.14159  0  2.10349e+10  1.80345e+10
-27.0177  3.14159  0  1.02248e+11  4.34482e+10
-13.1947  3.14159  0  6.5253e+10  -6.45611e+10
-10.6814  3.14159  0  1.05497e+11  2.769e+10
-8.16814  3.14159  0  -1.02612e+12  -1.50527e+12
-6.9115  3.14159  0  2.13564e+11  -2.63733e+11
-5.65487  3.14159  0  -1.01649e+12  6.72777e+11
-4.39823  3.14159  0  2.30037e+12  2.08794e+12
-3.14159  3.14159  0  -3.1768e+12  -1.33049e+12
-1.88496  3.14159  0  -8.85103e+12  -3.00929e+12
-0.628319  3.14159  0  6.00206e+13  -2.16174e+14
0.628319  3.14159  0  -2.18192e+14  5.13762e+13
1.88496  3.14159  0  -1.01859e+12  -9.34764e+12
3.14159  3.14159  0  -1.53668e+12  -4.27692e+12
4.39823  3.14159  0  1.92814e+12  2.41174e+12
5.65487  3.14159  0  9.19438e+11  -8.14607e+11
6.9115  3.14159  0  -4.37184e+11  9.83517e+10
8.16814  3.14159  0  -1.44715e+12  -1.04928e+12
10.6814  3.14159  0  -1.69396e+10  8.29369e+10
15.708  3.14159  0  -5.70505e+10  -1.91304e+11
33.3009  3.14159  0  2.59507e+10  4.1124e+10
-54.6637  3.14159  3.14159  5.92243e+07  5.99627e+07
-27.0177  3.14159  3.14159  2.95533e+08  1.56588e+08
-13.1947  3.14159  3.14159  2.32764e+08  -1.67784e+08
-10.6814  3.14159  3.14159  3.6178e+08  1.42207e+08
-8.16814  3.14159  3.14159  -2.91428e+09  -4.78446e+09
-6.9115  3.14159  3.14159  5.53498e+08  -7.16875e+08
-5.65487  3.14159  3.14159  -3.25918e+09  1.73807e+09
-4.39823  3.14159  3.14159  6.81307e+09  6.85973e+09
-3.14159  3.14159  3.14159  -9.07486e+09  -4.45808e+09
-1.88496  3.14159  3.14159  -2.63332e+10  -1.1336e+10
-0.628319  3.14159  3.14159  2.26854e+11  -6.5917e+11
0.628319  3.14159  3.14159  -6.88124e+11  1.16509e+11
1.88496  3.14159  3.14159  -8.44929e+08  -2.8755e+10
3.14159  3.14159  3.14159  -3.63938e+09  -1.38231e+10
4.39823  3.14159  3.14159  5.59916e+09  7.866e+09
5.65487  3.14159  3.14159  3.03476e+09  -2.23378e+09
6.9115  3.14159  3.14159  -1.50479e+09  2.00571e+08
8.16814  3.14159  3.14159  -4.26745e+09  -3.5222e+09
10.6814  3.14159  3.14159  -3.98333e+07  2.69331e+08
15.708  3.14159  3.14159  -1.34081e+08  -5.93582e+08
33.3009  3.14159  3.14159  7.69103e+07  1.30188e+08
