-54.6637  0  0  -1.0522e-26  -2.70556e-27
-27.0177  0  0  -1.07095e-26  -6.2325e-27
-13.1947  0  0  3.73568e-26  -1.18924e-27
-10.6814  0  0  -2.48015e-26  1.55145e-26
-8.16814  0  0  7.74426e-26  -2.93059e-26
-6.9115  0  0  1.68354e-26  -1.65709e-26
-5.65487  0  0  -6.17302e-26  5.80759e-27
-4.39823  0  0  -9.85955e-27  8.12241e-26
-3.14159  0  0  -9.72715e-27  6.78528e-26
-1.88496  0  0  6.93393e-27  7.58669e-27
-0.628319  0  0  -1.38785e-25  -1.60437e-25
0.628319  0  0  8.30301e-26  -1.91422e-25
1.88496  0  0  -2.17692e-26  4.85618e-26
3.14159  0  0  -2.3177e-26  3.48153e-26
4.39823  0  0  -1.37222e-26  1.09649e-25
5.65487  0  0  5.43573e-26  -9.19289e-27
6.9115  0  0  -1.57192e-26  -3.9685e-26
8.16814  0  0  -6.8695e-26  -6.13746e-26
10.6814  0  0  2.28229e-26  2.57424e-26
15.708  0  0  -3.04834e-26  1.47267e-26
33.3009  0  0  1.56748e-26  6.46433e-27
-54.6637  0  3.14159  6.9224e-28  -4.14388e-29
-27.0177  0  3.14159  7.09108e-28  3.24744e-28
-13.1947  0  3.14159  -2.23631e-27  2.89111e-28
-10.6814  0  3.14159  1.39569e-27  -1.33063e-27
-8.16814  0  3.14159  -4.16983e-27  3.13395e-27
-6.9115  0  3.14159  -9.9272e-28  1.61361e-27
-5.65487  0  3.14159  3.50716e-27  -5.46756e-28
-4.39823  0  3.14159  -4.02811e-28  -5.65327e-27
-3.14159  0  3.14159  -4.24707e-28  -3.66106e-27
-1.88496  0  3.14159  -5.73624e-28  -1.40854e-27
-0.628319  0  3.14159  8.24287e-27  8.98667e-27
0.628319  0  3.14159  -3.55804e-27  1.15121e-26
1.88496  0  3.14159  5.13096e-28  -2.59811e-27
3.14159  0  3.14159  3.5825e-28  -2.83663e-27
4.39823  0  3.14159  -7.14042e-28  -6.46735e-27
5.65487  0  3.14159  -3.28218e-27  9.25201e-28
6.9115  0  3.14159  1.49393e-27  1.80486e-27
8.16814  0  3.14159  4.81553e-27  2.56473e-27
10.6814  0  3.14159  -1.70878e-27  -1.1003e-27
15.708  0  3.14159  1.71073e-27  -8.39233e-28
33.3009  0  3.14159  -1.04323e-27  -8.81457e-29
-54.6637  3.14159  0  6.9224e-28  -4.14388e-29
-27.0177  3.14159  0  7.09108e-28  3.24744e-28
-13.1947  3.14159  0  -2.23631e-27  2.89111e-28
-10.6814  3.14159  0  1.39569e-27  -1.33063e-27
-8.16814  3.14159  0  -4.16983e-27  3.13395e-27
-6.9115  3.14159  0  -9.9272e-28  1.61361e-27
-5.65487  3.14159  0  3.50716e-27  -5.46756e-28
-4.39823  3.14159  0  -4.02811e-28  -5.65327e-27
-3.14159  3.14159  0  -4.24707e-28  -3.66106e-27
-1.88496  3.14159  0  -5.73624e-28  -1.40854e-27
-0.628319  3.14159  0  8.24287e-27  8.98667e-27
0.628319  3.14159  0  -3.55804e-27  1.15121e-26
1.88496  3.14159  0  5.13096e-28  -2.59811e-27
3.14159  3.14159  0  3.5825e-28  -2.83663e-27
4.39823  3.14159  0  -7.14042e-28  -6.46735e-27
5.65487  3.14159  0  -3.28218e-27  9.25201e-28
6.9115  3.14159  0  1.49393e-27  1.80486e-27
8.16814  3.14159  0  4.81553e-27  2.56473e-27
10.6814  3.14159  0  -1.70878e-27  -1.1003e-27
15.708  3.14159  0  1.71073e-27  -8.39233e-28
33.3009  3.14159  0  -1.04323e-27  -8.81457e-29
-54.6637  3.14159  3.14159  6.74061e-27  2.66521e-27
-27.0177  3.14159  3.14159  2.74637e-27  2.91505e-27
-13.1947  3.14159  3.14159  -1.20863e-26  -1.23773e-27
-10.6814  3.14159  3.14159  1.51767e-26  -3.2499e-27
-8.16814  3.14159  3.14159  -4.82429e-26  8.21385e-27
-6.9115  3.14159  3.14159  -1.88005e-26  1.04284e-27
-5.65487  3.14159  3.14159  1.65589e-26  -3.52756e-27
-4.39823  3.14159  3.14159  2.83733e-26  -3.82601e-26
-3.14159  3.14159  3.14159  -3.0718e-27  -4.29152e-26
-1.88496  3.14159  3.14159  2.11089e-26  -5.29908e-27
-0.628319  3.14159  3.14159  3.53347e-26  3.2037e-26
0.628319  3.14159  3.14159  -2.03306e-26  5.64574e-26
1.88496  3.14159  3.14159  -2.26742e-27  -3.28491e-26
3.14159  3.14159  3.14159  2.96857e-26  -2.67443e-26
4.39823  3.14159  3.14159  3.26551e-27  -5.95402e-26
5.65487  3.14159  3.14159  -1.55886e-26  -3.15005e-29
6.9115  3.14159  3.14159  1.4085e-26  2.17434e-26
8.16814  3.14159  3.14159  3.49182e-26  3.52838e-26
10.6814  3.14159  3.14159  -1.21904e-26  -1.42741e-26
15.708  3.14159  3.14159  2.45695e-27  -6.10221e-27
33.3009  3.14159  3.14159  -9.81541e-27  -5.01204e-27
