-54.6637  0  0  -5.54653e-32  -1.76233e-32
-27.0177  0  0  -7.03955e-32  5.99285e-32
-13.1947  0  0  7.72925e-32  -4.48655e-31
-10.6814  0  0  3.98806e-31  -1.14127e-31
-8.16814  0  0  -7.91268e-32  -5.97447e-31
-6.9115  0  0  2.91126e-33  -2.68189e-30
-5.65487  0  0  2.60035e-30  5.23965e-30
-4.39823  0  0  -8.35925e-30  -5.09999e-31
-3.14159  0  0  -7.13615e-31  -1.58726e-30
-1.88496  0  0  3.62962e-30  4.37018e-30
-0.628319  0  0  -2.20625e-29  -3.68822e-29
0.628319  0  0  -1.83664e-30  -3.12737e-29
1.88496  0  0  -2.44735e-30  8.65039e-30
3.14159  0  0  3.19062e-31  -1.23464e-30
4.39823  0  0  7.52121e-30  -1.9179e-30
5.65487  0  0  -2.18791e-31  5.30824e-30
6.9115  0  0  -5.9259e-31  -2.76165e-30
8.16814  0  0  4.91953e-31  -3.33586e-31
10.6814  0  0  -6.705e-31  -1.65487e-31
15.708  0  0  4.92409e-33  4.22779e-31
33.3009  0  0  -6.29721e-32  -1.78599e-31
-54.6637  0  3.14159  -4.96095e-34  -1.48105e-33
-27.0177  0  3.14159  -1.99254e-33  4.56052e-34
-13.1947  0  3.14159  1.00299e-32  -4.40664e-33
-10.6814  0  3.14159  7.10065e-33  8.52682e-33
-8.16814  0  3.14159  1.02685e-32  -1.20645e-32
-6.9115  0  3.14159  4.96976e-32  -3.5327e-32
-5.65487  0  3.14159  -5.6705e-32  1.09549e-31
-4.39823  0  3.14159  -1.00731e-31  -1.57849e-31
-3.14159  0  3.14159  3.10859e-32  -3.1752e-32
-1.88496  0  3.14159  -2.81777e-32  1.46454e-31
-0.628319  0  3.14159  3.61412e-31  -8.707e-31
0.628319  0  3.14159  5.2893e-31  -4.19689e-31
1.88496  0  3.14159  -1.98469e-31  6.23153e-32
3.14159  0  3.14159  2.9034e-32  -2.4574e-32
4.39823  0  3.14159  1.34507e-31  1.12085e-31
5.65487  0  3.14159  -9.57195e-32  5.81935e-32
6.9115  0  3.14159  3.94939e-32  -4.46654e-32
8.16814  0  3.14159  1.39995e-32  2.97036e-33
10.6814  0  3.14159  -7.66312e-33  -1.53827e-32
15.708  0  3.14159  -7.32278e-33  5.47199e-33
33.3009  0  3.14159  2.49347e-33  -4.07155e-33
-54.6637  3.14159  0  -4.96095e-34  -1.48105e-33
-27.0177  3.14159  0  -1.99254e-33  4.56052e-34
-13.1947  3.14159  0  1.00299e-32  -4.40664e-33
-10.6814  3.14159  0  7.10065e-33  8.52682e-33
-8.16814  3.14159  0  1.02685e-32  -1.20645e-32
-6.9115  3.14159  0  4.96976e-32  -3.5327e-32
-5.65487  3.14159  0  -5.6705e-32  1.09549e-31
-4.39823  3.14159  0  -1.00731e-31  -1.57849e-31
-3.14159  3.14159  0  3.10859e-32  -3.1752e-32
-1.88496  3.14159  0  -2.81777e-32  1.46454e-31
-0.628319  3.14159  0  3.61412e-31  -8.707e-31
0.628319  3.14159  0  5.2893e-31  -4.19689e-31
1.88496  3.14159  0  -1.98469e-31  6.23153e-32
3.14159  3.14159  0  2.9034e-32  -2.4574e-32
4.39823  3.14159  0  1.34507e-31  1.12085e-31
5.65487  3.14159  0  -9.57195e-32  5.81935e-32
6.9115  3.14159  0  3.94939e-32  -4.46654e-32
8.16814  3.14159  0  1.39995e-32  2.97036e-33
10.6814  3.14159  0  -7.66312e-33  -1.53827e-32
15.708  3.14159  0  -7.32278e-33  5.47199e-33
33.3009  3.14159  0  2.49347e-33  -4.07155e-33
-54.6637  3.14159  3.14159  -3.99685e-32  -2.3764e-32
-27.0177  3.14159  3.14159  -8.86967e-32  4.44742e-32
-13.1947  3.14159  3.14159  2.35503e-31  -4.43393e-31
-10.6814  3.14159  3.14159  4.78983e-31  1.38225e-31
-8.16814  3.14159  3.14159  1.39703e-31  -7.75051e-31
-6.9115  3.14159  3.14159  1.07475e-30  -2.36279e-30
-5.65487  3.14159  3.14159  4.66228e-31  4.81017e-30
-4.39823  3.14159  3.14159  -7.23695e-30  -3.35347e-30
-3.14159  3.14159  3.14159  5.76173e-31  -2.35517e-30
-1.88496  3.14159  3.14159  2.47696e-30  6.0681e-30
-0.628319  3.14159  3.14159  -7.52742e-30  -3.70653e-29
0.628319  3.14159  3.14159  9.31138e-30  -2.48767e-29
1.88496  3.14159  3.14159  -5.66411e-30  7.36632e-30
3.14159  3.14159  3.14159  1.87831e-31  -1.82534e-30
4.39823  3.14159  3.14159  7.45104e-30  1.01763e-30
5.65487  3.14159  3.14159  -2.3168e-30  3.84115e-30
6.9115  3.14159  3.14159  2.94468e-31  -2.35279e-30
8.16814  3.14159  3.14159  5.60565e-31  -4.76452e-31
10.6814  3.14159  3.14159  -6.30534e-31  -2.63113e-31
15.708  3.14159  3.14159  -1.18158e-31  3.46249e-31
33.3009  3.14159  3.14159  -5.30221e-33  -2.0028e-31
