-54.6637  0  0  3.21652e-13  2.60537e-13
-27.0177  0  0  -5.54272e-14  -4.7173e-13
-13.1947  0  0  -3.58191e-13  3.28048e-12
-10.6814  0  0  -3.17193e-12  -3.46346e-13
-8.16814  0  0  1.86837e-12  -2.46122e-12
-6.9115  0  0  -2.84689e-13  7.51091e-12
-5.65487  0  0  -9.90324e-12  -1.73616e-11
-4.39823  0  0  3.43629e-11  2.63646e-12
-3.14159  0  0  -2.59127e-12  1.363e-11
-1.88496  0  0  -1.15298e-11  -5.90287e-11
-0.628319  0  0  -1.1482e-11  7.24578e-11
0.628319  0  0  -7.75252e-12  1.43075e-10
1.88496  0  0  1.91145e-11  -3.73059e-11
3.14159  0  0  -6.53038e-12  1.61557e-11
4.39823  0  0  -3.63645e-11  8.61974e-12
5.65487  0  0  8.74183e-12  -1.76391e-11
6.9115  0  0  4.62096e-12  7.60603e-12
8.16814  0  0  1.66923e-12  6.06099e-13
10.6814  0  0  3.05593e-12  -9.59187e-13
15.708  0  0  1.15067e-13  -1.5243e-12
33.3009  0  0  4.57607e-13  7.64919e-13
-54.6637  0  3.14159  -1.82754e-14  -1.76234e-14
-27.0177  0  3.14159  -3.90572e-15  2.8599e-14
-13.1947  0  3.14159  7.14925e-14  -2.18492e-13
-10.6814  0  3.14159  1.99433e-13  5.34649e-14
-8.16814  0  3.14159  -8.43428e-14  1.45409e-13
-6.9115  0  3.14159  1.93081e-13  -4.76378e-13
-5.65487  0  3.14159  3.35205e-13  1.27794e-12
-4.39823  0  3.14159  -2.17843e-12  -7.68518e-13
-3.14159  0  3.14159  2.23861e-13  -9.81898e-13
-1.88496  0  3.14159  1.96226e-13  3.83532e-12
-0.628319  0  3.14159  2.32514e-12  -6.21777e-12
0.628319  0  3.14159  1.87923e-12  -8.58595e-12
1.88496  0  3.14159  -1.73807e-12  2.43061e-12
3.14159  0  3.14159  4.82173e-13  -9.55959e-13
4.39823  0  3.14159  2.42685e-12  7.55786e-15
5.65487  0  3.14159  -8.81518e-13  1.05757e-12
6.9115  0  3.14159  -1.21193e-13  -5.21309e-13
8.16814  0  3.14159  -7.66832e-14  1.57322e-14
10.6814  0  3.14159  -1.89141e-13  1.40464e-14
15.708  0  3.14159  -3.54699e-14  9.53546e-14
33.3009  0  3.14159  -1.75047e-14  -5.34686e-14
-54.6637  3.14159  0  -1.82754e-14  -1.76234e-14
-27.0177  3.14159  0  -3.90572e-15  2.8599e-14
-13.1947  3.14159  0  7.14925e-14  -2.18492e-13
-10.6814  3.14159  0  1.99433e-13  5.34649e-14
-8.16814  3.14159  0  -8.43428e-14  1.45409e-13
-6.9115  3.14159  0  1.93081e-13  -4.76378e-13
-5.65487  3.14159  0  3.35205e-13  1.27794e-12
-4.39823  3.14159  0  -2.17843e-12  -7.68518e-13
-3.14159  3.14159  0  2.23861e-13  -9.81898e-13
-1.88496  3.14159  0  1.96226e-13  3.83532e-12
-0.628319  3.14159  0  2.32514e-12  -6.21777e-12
0.628319  3.14159  0  1.87923e-12  -8.58595e-12
1.88496  3.14159  0  -1.73807e-12  2.43061e-12
3.14159  3.14159  0  4.82173e-13  -9.55959e-13
4.39823  3.14159  0  2.42685e-12  7.55786e-15
5.65487  3.14159  0  -8.81518e-13  1.05757e-12
6.9115  3.14159  0  -1.21193e-13  -5.21309e-13
8.16814  3.14159  0  -7.66832e-14  1.57322e-14
10.6814  3.14159  0  -1.89141e-13  1.40464e-14
15.708  3.14159  0  -3.54699e-14  9.53546e-14
33.3009  3.14159  0  -1.75047e-14  -5.34686e-14
-54.6637  3.14159  3.14159  2.71638e-13  3.40343e-13
-27.0177  3.14159  3.14159  5.8732e-13  -4.9018e-13
-13.1947  3.14159  3.14159  -1.18371e-12  5.73463e-12
-10.6814  3.14159  3.14159  -4.3028e-12  -6.92295e-13
-8.16814  3.14159  3.14159  3.12173e-13  -3.08319e-12
-6.9115  3.14159  3.14159  -5.84269e-12  1.20807e-11
-5.65487  3.14159  3.14159  -6.94021e-12  -3.31638e-11
-4.39823  3.14159  3.14159  5.71981e-11  2.15392e-11
-3.14159  3.14159  3.14159  -2.78992e-12  2.66328e-11
-1.88496  3.14159  3.14159  -3.60306e-12  -9.86815e-11
-0.628319  3.14159  3.14159  -6.47542e-11  1.74865e-10
0.628319  3.14159  3.14159  -4.46896e-11  2.14165e-10
1.88496  3.14159  3.14159  4.23681e-11  -6.72241e-11
3.14159  3.14159  3.14159  -1.24846e-11  2.26909e-11
4.39823  3.14159  3.14159  -6.33668e-11  -1.12331e-12
5.65487  3.14159  3.14159  2.30753e-11  -2.83213e-11
6.9115  3.14159  3.14159  2.62481e-12  1.3458e-11
8.16814  3.14159  3.14159  2.37377e-12  4.26923e-13
10.6814  3.14159  3.14159  3.55232e-12  -2.83516e-13
15.708  3.14159  3.14159  8.00298e-13  -2.30587e-12
33.3009  3.14159  3.14159  3.4649e-13  1.21093e-12
