-54.6637  0  0  0.00122426  -0.100371
-27.0177  0  0  0.00512881  -0.202487
-13.1947  0  0  0.022086  -0.407558
-10.6814  0  0  0.0332463  -0.496505
-8.16814  0  0  0.0537982  -0.63021
-6.9115  0  0  0.0705246  -0.724102
-5.65487  0  0  0.0943249  -0.844633
-4.39823  0  0  0.128462  -0.99892
-3.14159  0  0  0.177242  -1.18163
-1.88496  0  0  0.244705  -1.30208
-0.628319  0  0  0.326255  -0.87277
0.628319  0  0  0.326258  0.872769
1.88496  0  0  0.244712  1.30208
3.14159  0  0  0.177248  1.18163
4.39823  0  0  0.128467  0.998919
5.65487  0  0  0.0943282  0.844634
6.9115  0  0  0.0705241  0.724106
8.16814  0  0  0.0537985  0.630215
10.6814  0  0  0.0332532  0.496505
15.708  0  0  0.0155775  0.344836
33.3009  0  0  0.00334097  0.164508
-54.6637  0  3.14159  0.000283031  -0.100503
-27.0177  0  3.14159  0.00107776  -0.203513
-13.1947  0  3.14159  0.00368764  -0.415612
-10.6814  0  3.14159  0.00504571  -0.510662
-8.16814  0  3.14159  0.00716044  -0.657716
-6.9115  0  3.14159  0.00862779  -0.764459
-5.65487  0  3.14159  0.0104533  -0.907293
-4.39823  0  3.14159  0.0129129  -1.10719
-3.14159  0  3.14159  0.0165503  -1.40918
-1.88496  0  3.14159  0.023229  -1.97166
-0.628319  0  3.14159  0.0985602  -4.95088
0.628319  0  3.14159  0.0985731  4.95088
1.88496  0  3.14159  0.0232363  1.97166
3.14159  0  3.14159  0.0165568  1.40918
4.39823  0  3.14159  0.0129183  1.10719
5.65487  0  3.14159  0.0104577  0.907294
6.9115  0  3.14159  0.00860891  0.764479
8.16814  0  3.14159  0.00714867  0.657738
10.6814  0  3.14159  0.00505926  0.510664
15.708  0  3.14159  0.00280493  0.349779
33.3009  0  3.14159  0.000720174  0.165058
-54.6637  3.14159  0  0.000283031  -0.100503
-27.0177  3.14159  0  0.00107776  -0.203513
-13.1947  3.14159  0  0.00368764  -0.415612
-10.6814  3.14159  0  0.00504571  -0.510662
-8.16814  3.14159  0  0.00716044  -0.657716
-6.9115  3.14159  0  0.00862779  -0.764459
-5.65487  3.14159  0  0.0104533  -0.907293
-4.39823  3.14159  0  0.0129129  -1.10719
-3.14159  3.14159  0  0.0165503  -1.40918
-1.88496  3.14159  0  0.023229  -1.97166
-0.628319  3.14159  0  0.0985602  -4.95088
0.628319  3.14159  0  0.0985731  4.95088
1.88496  3.14159  0  0.0232363  1.97166
3.14159  3.14159  0  0.0165568  1.40918
4.39823  3.14159  0  0.0129183  1.10719
5.65487  3.14159  0  0.0104577  0.907294
6.9115  3.14159  0  0.00860891  0.764479
8.16814  3.14159  0  0.00714867  0.657738
10.6814  3.14159  0  0.00505926  0.510664
15.708  3.14159  0  0.00280493  0.349779
33.3009  3.14159  0  0.000720174  0.165058
-54.6637  3.14159  3.14159  -0.000668851  -0.100412
-27.0177  3.14159  3.14159  -0.00299921  -0.202806
-13.1947  3.14159  3.14159  -0.0148822  -0.409616
-10.6814  3.14159  3.14159  -0.0235267  -0.499807
-8.16814  3.14159  3.14159  -0.0404589  -0.635813
-6.9115  3.14159  3.14159  -0.0550028  -0.731543
-5.65487  3.14159  3.14159  -0.0767342  -0.854589
-4.39823  3.14159  3.14159  -0.110002  -1.01217
-3.14159  3.14159  3.14159  -0.162385  -1.19859
-1.88496  3.14159  3.14159  -0.245389  -1.32077
-0.628319  3.14159  3.14159  -0.35511  -0.883313
0.628319  3.14159  3.14159  -0.355107  0.883315
1.88496  3.14159  3.14159  -0.245382  1.32077
3.14159  3.14159  3.14159  -0.162378  1.19859
4.39823  3.14159  3.14159  -0.109996  1.01217
5.65487  3.14159  3.14159  -0.0767306  0.854592
6.9115  3.14159  3.14159  -0.0550027  0.731549
8.16814  3.14159  3.14159  -0.0404581  0.63582
10.6814  3.14159  3.14159  -0.0235196  0.499809
15.708  3.14159  3.14159  -0.0100763  0.346187
33.3009  3.14159  3.14159  -0.00190522  0.164684
