-54.6637  0  0  1.15285e+18  7.76406e+17
-27.0177  0  0  9.56311e+17  -3.36458e+18
-13.1947  0  0  -8.67589e+16  1.16059e+19
-10.6814  0  0  -8.90602e+18  7.34063e+18
-8.16814  0  0  2.02272e+18  -5.63751e+18
-6.9115  0  0  -9.15123e+18  3.1557e+19
-5.65487  0  0  1.77128e+19  -8.34556e+19
-4.39823  0  0  9.71751e+19  1.7729e+19
-3.14159  0  0  6.07829e+19  3.71436e+18
-1.88496  0  0  -1.36366e+20  -2.16683e+20
-0.628319  0  0  -2.53704e+20  2.04782e+20
0.628319  0  0  -5.26194e+20  5.74679e+20
1.88496  0  0  1.7498e+20  -7.27995e+19
3.14159  0  0  -6.74818e+19  -2.17425e+19
4.39823  0  0  -1.48084e+20  -1.87641e+18
5.65487  0  0  3.2095e+19  -1.01443e+20
6.9115  0  0  -5.11024e+18  2.41596e+19
8.16814  0  0  1.81962e+19  2.33631e+19
10.6814  0  0  -2.20056e+18  4.03291e+18
15.708  0  0  3.15035e+18  -4.60955e+18
33.3009  0  0  8.26999e+16  3.68179e+18
-54.6637  0  3.14159  -2.48184e+20  -1.83857e+20
-27.0177  0  3.14159  -3.39855e+20  7.06725e+20
-13.1947  0  3.14159  3.24887e+20  -2.57693e+21
-10.6814  0  3.14159  2.14987e+21  -1.56954e+21
-8.16814  0  3.14159  -5.3515e+20  1.20365e+21
-6.9115  0  3.14159  2.73037e+21  -6.93416e+21
-5.65487  0  3.14159  -5.15535e+21  1.84792e+22
-4.39823  0  3.14159  -2.20023e+22  -5.47485e+21
-3.14159  0  3.14159  -1.39707e+22  -2.6056e+21
-1.88496  0  3.14159  2.68648e+22  5.12252e+22
-0.628319  0  3.14159  5.66339e+22  -4.70366e+22
0.628319  0  3.14159  1.23475e+23  -1.19952e+23
1.88496  0  3.14159  -3.95613e+22  1.30873e+22
3.14159  0  3.14159  1.43405e+22  6.52276e+21
4.39823  0  3.14159  3.32383e+22  2.78833e+21
5.65487  0  3.14159  -9.21669e+21  2.24349e+22
6.9115  0  3.14159  1.15258e+21  -5.519e+21
8.16814  0  3.14159  -3.49067e+21  -5.57626e+21
10.6814  0  3.14159  5.54516e+20  -8.08614e+20
15.708  0  3.14159  -7.96037e+20  9.94985e+20
33.3009  0  3.14159  6.88627e+19  -8.12674e+20
-54.6637  3.14159  0  -2.48184e+20  -1.83857e+20
-27.0177  3.14159  0  -3.39855e+20  7.06725e+20
-13.1947  3.14159  0  3.24887e+20  -2.57693e+21
-10.6814  3.14159  0  2.14987e+21  -1.56954e+21
-8.16814  3.14159  0  -5.3515e+20  1.20365e+21
-6.9115  3.14159  0  2.73037e+21  -6.93416e+21
-5.65487  3.14159  0  -5.15535e+21  1.84792e+22
-4.39823  3.14159  0  -2.20023e+22  -5.47485e+21
-3.14159  3.14159  0  -1.39707e+22  -2.6056e+21
-1.88496  3.14159  0  2.68648e+22  5.12252e+22
-0.628319  3.14159  0  5.66339e+22  -4.70366e+22
0.628319  3.14159  0  1.23475e+23  -1.19952e+23
1.88496  3.14159  0  -3.95613e+22  1.30873e+22
3.14159  3.14159  0  1.43405e+22  6.52276e+21
4.39823  3.14159  0  3.32383e+22  2.78833e+21
5.65487  3.14159  0  -9.21669e+21  2.24349e+22
6.9115  3.14159  0  1.15258e+21  -5.519e+21
8.16814  3.14159  0  -3.49067e+21  -5.57626e+21
10.6814  3.14159  0  5.54516e+20  -8.08614e+20
15.708  3.14159  0  -7.96037e+20  9.94985e+20
33.3009  3.14159  0  6.88627e+19  -8.12674e+20
-54.6637  3.14159  3.14159  1.15301e+18  7.76416e+17
-27.0177  3.14159  3.14159  9.59404e+17  -3.36408e+18
-13.1947  3.14159  3.14159  -8.66706e+16  1.16072e+19
-10.6814  3.14159  3.14159  -8.90358e+18  7.34262e+18
-8.16814  3.14159  3.14159  2.02061e+18  -5.63838e+18
-6.9115  3.14159  3.14159  -9.14909e+18  3.15514e+19
-5.65487  3.14159  3.14159  1.77094e+19  -8.34484e+19
-4.39823  3.14159  3.14159  9.71679e+19  1.77208e+19
-3.14159  3.14159  3.14159  6.0786e+19  3.70402e+18
-1.88496  3.14159  3.14159  -1.36374e+20  -2.16666e+20
-0.628319  3.14159  3.14159  -2.53671e+20  2.04748e+20
0.628319  3.14159  3.14159  -5.2615e+20  5.74631e+20
1.88496  3.14159  3.14159  1.74971e+20  -7.27823e+19
3.14159  3.14159  3.14159  -6.74859e+19  -2.17487e+19
4.39823  3.14159  3.14159  -1.48072e+20  -1.87857e+18
5.65487  3.14159  3.14159  3.20893e+19  -1.01437e+20
6.9115  3.14159  3.14159  -5.10654e+18  2.41554e+19
8.16814  3.14159  3.14159  1.81925e+19  2.33635e+19
10.6814  3.14159  3.14159  -2.20265e+18  4.03688e+18
15.708  3.14159  3.14159  3.153e+18  -4.6073e+18
33.3009  3.14159  3.14159  7.98906e+16  3.68118e+18
