-54.6637  0  0  1.58945e-17  -4.79941e-18
-27.0177  0  0  1.42047e-17  -3.27625e-18
-13.1947  0  0  1.35177e-17  -1.6901e-18
-10.6814  0  0  1.29667e-17  -1.13042e-18
-8.16814  0  0  1.15279e-17  -7.98148e-19
-6.9115  0  0  1.51409e-17  -1.5838e-18
-5.65487  0  0  1.63855e-17  -1.17239e-18
-4.39823  0  0  1.27974e-17  2.7698e-19
-3.14159  0  0  1.1874e-17  -4.0165e-18
-1.88496  0  0  2.92075e-18  -4.65749e-19
-0.628319  0  0  3.4866e-17  -2.6964e-18
0.628319  0  0  -1.28512e-17  3.86737e-18
1.88496  0  0  1.68765e-17  -2.25009e-18
3.14159  0  0  7.90846e-18  -3.60362e-18
4.39823  0  0  1.02683e-17  1.82305e-18
5.65487  0  0  5.41354e-18  7.55011e-19
6.9115  0  0  5.95122e-18  2.5943e-19
8.16814  0  0  9.97105e-18  3.57991e-19
10.6814  0  0  8.75706e-18  -7.27257e-20
15.708  0  0  6.60334e-18  5.52643e-19
33.3009  0  0  4.56053e-18  1.80416e-18
-54.6637  0  3.14159  -1.6706e-18  -8.16338e-19
-27.0177  0  3.14159  -1.11022e-18  -2.19694e-19
-13.1947  0  3.14159  -7.79383e-19  1.76622e-19
-10.6814  0  3.14159  -6.94105e-19  2.30984e-19
-8.16814  0  3.14159  -5.40751e-19  2.80553e-19
-6.9115  0  3.14159  -8.17641e-19  3.81936e-19
-5.65487  0  3.14159  -8.6997e-19  3.87669e-19
-4.39823  0  3.14159  -5.38187e-19  2.94471e-19
-3.14159  0  3.14159  -4.87825e-19  7.50044e-19
-1.88496  0  3.14159  2.03371e-19  5.32635e-19
-0.628319  0  3.14159  -2.22585e-18  6.2229e-19
0.628319  0  3.14159  1.57386e-18  3.45929e-19
1.88496  0  3.14159  -8.40999e-19  7.45907e-19
3.14159  0  3.14159  -9.78381e-20  9.41246e-19
4.39823  0  3.14159  -1.74493e-19  5.40513e-19
5.65487  0  3.14159  1.93718e-19  6.68469e-19
6.9115  0  3.14159  1.48123e-19  7.53675e-19
8.16814  0  3.14159  -1.38964e-19  7.7598e-19
10.6814  0  3.14159  6.19476e-21  8.65406e-19
15.708  0  3.14159  2.712e-19  1.01874e-18
33.3009  0  3.14159  7.10395e-19  1.39704e-18
-54.6637  3.14159  0  -1.6706e-18  -8.16338e-19
-27.0177  3.14159  0  -1.11022e-18  -2.19694e-19
-13.1947  3.14159  0  -7.79383e-19  1.76622e-19
-10.6814  3.14159  0  -6.94105e-19  2.30984e-19
-8.16814  3.14159  0  -5.40751e-19  2.80553e-19
-6.9115  3.14159  0  -8.17641e-19  3.81936e-19
-5.65487  3.14159  0  -8.6997e-19  3.87669e-19
-4.39823  3.14159  0  -5.38187e-19  2.94471e-19
-3.14159  3.14159  0  -4.87825e-19  7.50044e-19
-1.88496  3.14159  0  2.03371e-19  5.32635e-19
-0.628319  3.14159  0  -2.22585e-18  6.2229e-19
0.628319  3.14159  0  1.57386e-18  3.45929e-19
1.88496  3.14159  0  -8.40999e-19  7.45907e-19
3.14159  3.14159  0  -9.78381e-20  9.41246e-19
4.39823  3.14159  0  -1.74493e-19  5.40513e-19
5.65487  3.14159  0  1.93718e-19  6.68469e-19
6.9115  3.14159  0  1.48123e-19  7.53675e-19
8.16814  3.14159  0  -1.38964e-19  7.7598e-19
10.6814  3.14159  0  6.19476e-21  8.65406e-19
15.708  3.14159  0  2.712e-19  1.01874e-18
33.3009  3.14159  0  7.10395e-19  1.39704e-18
-54.6637  3.14159  3.14159  1.35299e-17  -5.44789e-18
-27.0177  3.14159  3.14159  1.28358e-17  -2.3243e-18
-13.1947  3.14159  3.14159  1.13883e-17  -1.63234e-18
-10.6814  3.14159  3.14159  1.13698e-17  -1.20187e-18
-8.16814  3.14159  3.14159  1.16215e-17  5.30296e-19
-6.9115  3.14159  3.14159  9.66015e-18  -4.96385e-18
-5.65487  3.14159  3.14159  9.53686e-18  -6.52925e-18
-4.39823  3.14159  3.14159  1.21406e-17  -9.64003e-19
-3.14159  3.14159  3.14159  4.75495e-18  -7.88786e-19
-1.88496  3.14159  3.14159  1.11523e-17  1.05631e-17
-0.628319  3.14159  3.14159  3.78902e-18  -3.31006e-17
0.628319  3.14159  3.14159  1.7481e-17  3.32707e-17
1.88496  3.14159  3.14159  6.23943e-18  -9.60476e-18
3.14159  3.14159  3.14159  4.58854e-18  3.3091e-18
4.39823  3.14159  3.14159  1.10207e-17  6.18347e-19
5.65487  3.14159  3.14159  1.03495e-17  6.88034e-18
6.9115  3.14159  3.14159  9.40245e-18  5.46029e-18
8.16814  3.14159  3.14159  8.60211e-18  -3.06997e-19
10.6814  3.14159  3.14159  8.08418e-18  1.48449e-18
15.708  3.14159  3.14159  7.41156e-18  3.56555e-18
33.3009  3.14159  3.14159  4.65055e-18  4.47239e-18
