-54.6637  0  0  -1.91757e-09  6.39037e-07
-27.0177  0  0  2.06252e-06  3.58151e-06
-13.1947  0  0  7.20611e-06  -5.11435e-07
-10.6814  0  0  1.83719e-06  2.23342e-06
-8.16814  0  0  9.13662e-06  -4.17965e-05
-6.9115  0  0  2.44732e-05  -1.86945e-06
-5.65487  0  0  -4.72527e-05  -9.82048e-06
-4.39823  0  0  1.23943e-05  7.87681e-05
-3.14159  0  0  -3.87755e-05  -0.000145316
-1.88496  0  0  -0.000293367  -0.000137999
-0.628319  0  0  0.00350991  -0.00265113
0.628319  0  0  -0.00447024  -0.00169688
1.88496  0  0  0.00014219  -0.000243857
3.14159  0  0  -2.9637e-05  -7.63928e-05
4.39823  0  0  3.28228e-06  7.7944e-05
5.65487  0  0  4.91756e-05  -2.66052e-05
6.9115  0  0  -1.49652e-05  1.03358e-05
8.16814  0  0  -1.17126e-05  -4.19472e-05
10.6814  0  0  -4.51334e-06  6.46616e-06
15.708  0  0  3.66063e-06  -3.97773e-06
33.3009  0  0  -6.02255e-07  1.50005e-06
-54.6637  0  3.14159  -0.000211782  -0.000361238
-27.0177  0  3.14159  -0.00222812  -0.00135396
-13.1947  0  3.14159  -0.00315775  0.00285308
-10.6814  0  3.14159  -0.00139618  -0.00125812
-8.16814  0  3.14159  0.00767654  0.0262322
-6.9115  0  3.14159  -0.0162888  0.00742662
-5.65487  0  3.14159  0.026855  -0.0084133
-4.39823  0  3.14159  -0.0286659  -0.0402576
-3.14159  0  3.14159  0.0557263  0.0579429
-1.88496  0  3.14159  0.200415  0.0047609
-0.628319  0  3.14159  -1.10097  2.57118
0.628319  0  3.14159  2.94354  -0.463298
1.88496  0  3.14159  -0.0203757  0.18545
3.14159  0  3.14159  0.047942  0.0460254
4.39823  0  3.14159  -0.0237174  -0.0425586
5.65487  0  3.14159  -0.0181616  0.0317564
6.9115  0  3.14159  0.00439089  -0.00882608
8.16814  0  3.14159  0.0187156  0.0192273
10.6814  0  3.14159  0.000813962  -0.00489455
15.708  0  3.14159  -0.000718368  0.0035431
33.3009  0  3.14159  -3.54844e-05  -0.0010059
-54.6637  3.14159  0  -0.000211782  -0.000361238
-27.0177  3.14159  0  -0.00222812  -0.00135396
-13.1947  3.14159  0  -0.00315775  0.00285308
-10.6814  3.14159  0  -0.00139618  -0.00125812
-8.16814  3.14159  0  0.00767654  0.0262322
-6.9115  3.14159  0  -0.0162888  0.00742662
-5.65487  3.14159  0  0.026855  -0.0084133
-4.39823  3.14159  0  -0.0286659  -0.0402576
-3.14159  3.14159  0  0.0557263  0.0579429
-1.88496  3.14159  0  0.200415  0.0047609
-0.628319  3.14159  0  -1.10097  2.57118
0.628319  3.14159  0  2.94354  -0.463298
1.88496  3.14159  0  -0.0203757  0.18545
3.14159  3.14159  0  0.047942  0.0460254
4.39823  3.14159  0  -0.0237174  -0.0425586
5.65487  3.14159  0  -0.0181616  0.0317564
6.9115  3.14159  0  0.00439089  -0.00882608
8.16814  3.14159  0  0.0187156  0.0192273
10.6814  3.14159  0  0.000813962  -0.00489455
15.708  3.14159  0  -0.000718368  0.0035431
33.3009  3.14159  0  -3.54844e-05  -0.0010059
-54.6637  3.14159  3.14159  -1.68279e-09  6.3863e-07
-27.0177  3.14159  3.14159  2.06176e-06  3.57891e-06
-13.1947  3.14159  3.14159  7.19847e-06  -5.131e-07
-10.6814  3.14159  3.14159  1.83598e-06  2.22975e-06
-8.16814  3.14159  3.14159  9.09732e-06  -4.17739e-05
-6.9115  3.14159  3.14159  2.44604e-05  -1.86726e-06
-5.65487  3.14159  3.14159  -4.71956e-05  -9.81261e-06
-4.39823  3.14159  3.14159  1.2304e-05  7.87078e-05
-3.14159  3.14159  3.14159  -3.86746e-05  -0.000145305
-1.88496  3.14159  3.14159  -0.000293296  -0.000137538
-0.628319  3.14159  3.14159  0.00350748  -0.00264824
0.628319  3.14159  3.14159  -0.00446586  -0.00169546
1.88496  3.14159  3.14159  0.000142331  -0.00024376
3.14159  3.14159  3.14159  -2.964e-05  -7.62214e-05
4.39823  3.14159  3.14159  3.26473e-06  7.78229e-05
5.65487  3.14159  3.14159  4.91421e-05  -2.65521e-05
6.9115  3.14159  3.14159  -1.49466e-05  1.0332e-05
8.16814  3.14159  3.14159  -1.17138e-05  -4.19528e-05
10.6814  3.14159  3.14159  -4.51228e-06  6.46042e-06
15.708  3.14159  3.14159  3.65655e-06  -3.97063e-06
33.3009  3.14159  3.14159  -6.02252e-07  1.49921e-06
