-54.6637  0  0  1.18704e+10  -1.67278e+10
-27.0177  0  0  -1.41557e+10  1.36291e+10
-13.1947  0  0  -7.16303e+10  1.44526e+10
-10.6814  0  0  7.82277e+10  -1.1181e+10
-8.16814  0  0  1.58756e+11  -9.94992e+10
-6.9115  0  0  8.47448e+10  -1.11765e+11
-5.65487  0  0  2.32217e+11  -4.05459e+10
-4.39823  0  0  -1.28436e+11  2.12295e+11
-3.14159  0  0  -2.23632e+11  2.89319e+11
-1.88496  0  0  -1.22056e+11  -4.03253e+11
-0.628319  0  0  -1.32087e+12  4.02317e+11
0.628319  0  0  9.81118e+11  -9.27984e+11
1.88496  0  0  -4.0182e+11  -3.68138e+11
3.14159  0  0  3.57573e+11  -3.11862e+10
4.39823  0  0  2.36333e+11  4.3427e+10
5.65487  0  0  -1.67281e+11  1.36427e+11
6.9115  0  0  -1.73933e+11  -3.06647e+10
8.16814  0  0  -2.05483e+11  3.1622e+10
10.6814  0  0  -5.65208e+10  5.03173e+10
15.708  0  0  2.7449e+10  -2.13794e+08
33.3009  0  0  7.52314e+10  -3.56164e+10
-54.6637  0  3.14159  1.2619e+11  -1.23019e+10
-27.0177  0  3.14159  -1.72527e+11  -3.70647e+10
-13.1947  0  3.14159  -1.54097e+11  -4.61366e+10
-10.6814  0  3.14159  2.17246e+11  -1.54069e+10
-8.16814  0  3.14159  2.72913e+11  -4.15919e+11
-6.9115  0  3.14159  9.91359e+10  -4.49193e+11
-5.65487  0  3.14159  6.10027e+11  -3.14589e+10
-4.39823  0  3.14159  -2.87357e+11  4.71327e+11
-3.14159  0  3.14159  -9.11502e+11  6.11931e+11
-1.88496  0  3.14159  -5.39877e+11  -2.21911e+12
-0.628319  0  3.14159  -4.61097e+12  -3.58506e+11
0.628319  0  3.14159  4.31895e+12  -2.80817e+12
1.88496  0  3.14159  -1.24833e+11  -1.83394e+12
3.14159  0  3.14159  1.10829e+12  3.1604e+10
4.39823  0  3.14159  6.21026e+11  9.35419e+10
5.65487  0  3.14159  -5.45855e+11  4.79338e+11
6.9115  0  3.14159  -2.12907e+11  -1.04395e+11
8.16814  0  3.14159  -3.26644e+11  6.12482e+10
10.6814  0  3.14159  -1.7915e+11  1.52785e+11
15.708  0  3.14159  1.83909e+11  9.64853e+10
33.3009  0  3.14159  2.9976e+11  -3.05845e+10
-54.6637  3.14159  0  1.2619e+11  -1.23019e+10
-27.0177  3.14159  0  -1.72527e+11  -3.70647e+10
-13.1947  3.14159  0  -1.54097e+11  -4.61366e+10
-10.6814  3.14159  0  2.17246e+11  -1.54069e+10
-8.16814  3.14159  0  2.72913e+11  -4.15919e+11
-6.9115  3.14159  0  9.91359e+10  -4.49193e+11
-5.65487  3.14159  0  6.10027e+11  -3.14589e+10
-4.39823  3.14159  0  -2.87357e+11  4.71327e+11
-3.14159  3.14159  0  -9.11502e+11  6.11931e+11
-1.88496  3.14159  0  -5.39877e+11  -2.21911e+12
-0.628319  3.14159  0  -4.61097e+12  -3.58506e+11
0.628319  3.14159  0  4.31895e+12  -2.80817e+12
1.88496  3.14159  0  -1.24833e+11  -1.83394e+12
3.14159  3.14159  0  1.10829e+12  3.1604e+10
4.39823  3.14159  0  6.21026e+11  9.35419e+10
5.65487  3.14159  0  -5.45855e+11  4.79338e+11
6.9115  3.14159  0  -2.12907e+11  -1.04395e+11
8.16814  3.14159  0  -3.26644e+11  6.12482e+10
10.6814  3.14159  0  -1.7915e+11  1.52785e+11
15.708  3.14159  0  1.83909e+11  9.64853e+10
33.3009  3.14159  0  2.9976e+11  -3.05845e+10
-54.6637  3.14159  3.14159  -1.35489e+11  -2.82549e+11
-27.0177  3.14159  3.14159  1.02328e+11  5.7881e+11
-13.1947  3.14159  3.14159  3.80177e+11  -5.627e+11
-10.6814  3.14159  3.14159  -8.43819e+11  4.67189e+11
-8.16814  3.14159  3.14159  -1.88715e+12  3.04583e+12
-6.9115  3.14159  3.14159  -1.08561e+12  3.04081e+12
-5.65487  3.14159  3.14159  -2.20577e+12  1.26389e+12
-4.39823  3.14159  3.14159  2.24589e+11  -3.32787e+12
-3.14159  3.14159  3.14159  1.63632e+12  -3.15505e+12
-1.88496  3.14159  3.14159  -2.15985e+12  8.41111e+12
-0.628319  3.14159  3.14159  1.05534e+13  -3.62617e+12
0.628319  3.14159  3.14159  -1.39756e+13  9.19944e+12
1.88496  3.14159  3.14159  6.02125e+11  -2.42654e+11
3.14159  3.14159  3.14159  -4.35431e+12  6.95511e+11
4.39823  3.14159  3.14159  -3.44425e+12  6.98582e+11
5.65487  3.14159  3.14159  1.98664e+12  -2.27836e+12
6.9115  3.14159  3.14159  1.62679e+12  -1.6438e+12
8.16814  3.14159  3.14159  1.80954e+12  -2.32197e+12
10.6814  3.14159  3.14159  6.11532e+11  -8.63676e+11
15.708  3.14159  3.14159  -2.60984e+11  -5.42129e+11
33.3009  3.14159  3.14159  -7.3311e+11  1.60712e+11
